PdfType: replica
Format: lhagrid1
---
4.34963E-04 7.77181E-04 7.77181E-04 1.38865E-03 1.38865E-03 2.48120E-03 2.48120E-03 2.48120E-03 4.43334E-03 4.43334E-03 4.43334E-03 4.43334E-03 7.92137E-03 7.92137E-03 7.92137E-03 7.92137E-03 1.41537E-02 1.41537E-02 1.41537E-02 1.41537E-02 1.41537E-02 2.52895E-02 2.52895E-02 2.52895E-02 2.52895E-02 2.52895E-02 4.51866E-02 4.51866E-02 4.51866E-02 4.51866E-02 4.51866E-02 4.51866E-02 8.07383E-02 8.07383E-02 8.07383E-02 8.07383E-02 8.07383E-02 8.07383E-02 8.07383E-02 1.44261E-01 1.44261E-01 1.44261E-01 1.44261E-01 1.44261E-01 1.44261E-01 2.57762E-01 2.57762E-01 2.57762E-01 2.57762E-01 2.57762E-01 2.57762E-01 4.60562E-01 4.60562E-01 4.60562E-01 4.60562E-01 4.60562E-01 4.60562E-01 
1.58489E+00 1.58489E+00 2.51189E+00 1.58489E+00 2.51189E+00 1.58489E+00 2.51189E+00 3.98107E+00 1.58489E+00 2.51189E+00 3.98107E+00 6.30957E+00 1.58489E+00 2.51189E+00 3.98107E+00 6.30957E+00 1.58489E+00 2.51189E+00 3.98107E+00 6.30957E+00 9.99999E+00 1.58489E+00 2.51189E+00 3.98107E+00 6.30957E+00 9.99999E+00 1.58489E+00 2.51189E+00 3.98107E+00 6.30957E+00 9.99999E+00 1.58489E+01 1.58489E+00 2.51189E+00 3.98107E+00 6.30957E+00 9.99999E+00 1.58489E+01 2.51189E+01 2.51189E+00 3.98107E+00 6.30957E+00 9.99999E+00 1.58489E+01 2.51189E+01 3.98107E+00 6.30957E+00 9.99999E+00 1.58489E+01 2.51189E+01 3.98107E+01 6.30957E+00 9.99999E+00 1.58489E+01 2.51189E+01 3.98107E+01 6.30957E+01 
90000 
3.65358E-05 
3.74496E-05 
7.71272E-05 
3.81558E-05 
8.02355E-05 
3.86877E-05 
8.29722E-05 
1.77527E-04 
3.91211E-05 
8.54280E-05 
1.87359E-04 
4.16969E-04 
3.96000E-05 
8.78398E-05 
1.96208E-04 
4.48670E-04 
4.02882E-05 
9.04050E-05 
2.04715E-04 
4.66960E-04 
8.39010E-04 
4.09007E-05 
9.22939E-05 
2.10911E-04 
4.74581E-04 
9.13726E-04 
3.93430E-05 
8.88438E-05 
2.03772E-04 
4.52140E-04 
8.95935E-04 
4.80032E-04 
3.15103E-05 
7.07254E-05 
1.61144E-04 
3.50732E-04 
6.80931E-04 
3.64008E-04 
-8.63976E-03 
3.58703E-05 
7.86788E-05 
1.58849E-04 
2.51167E-04 
-3.19725E-04 
-7.29251E-03 
-4.60063E-06 
-3.36007E-05 
-1.78479E-04 
-1.05674E-03 
-6.72350E-03 
-4.54195E-02 
-2.09001E-04 
-5.80473E-04 
-1.80834E-03 
-6.86514E-03 
-3.30659E-02 
-1.95235E-01 
---
