PdfType: replica
Format: lhagrid1
---
4.34963E-04 7.77181E-04 7.77181E-04 1.38865E-03 1.38865E-03 2.48120E-03 2.48120E-03 2.48120E-03 4.43334E-03 4.43334E-03 4.43334E-03 4.43334E-03 7.92137E-03 7.92137E-03 7.92137E-03 7.92137E-03 1.41537E-02 1.41537E-02 1.41537E-02 1.41537E-02 1.41537E-02 2.52895E-02 2.52895E-02 2.52895E-02 2.52895E-02 2.52895E-02 4.51866E-02 4.51866E-02 4.51866E-02 4.51866E-02 4.51866E-02 4.51866E-02 8.07383E-02 8.07383E-02 8.07383E-02 8.07383E-02 8.07383E-02 8.07383E-02 8.07383E-02 1.44261E-01 1.44261E-01 1.44261E-01 1.44261E-01 1.44261E-01 1.44261E-01 2.57762E-01 2.57762E-01 2.57762E-01 2.57762E-01 2.57762E-01 2.57762E-01 4.60562E-01 4.60562E-01 4.60562E-01 4.60562E-01 4.60562E-01 4.60562E-01 
1.58489E+00 1.58489E+00 2.51189E+00 1.58489E+00 2.51189E+00 1.58489E+00 2.51189E+00 3.98107E+00 1.58489E+00 2.51189E+00 3.98107E+00 6.30957E+00 1.58489E+00 2.51189E+00 3.98107E+00 6.30957E+00 1.58489E+00 2.51189E+00 3.98107E+00 6.30957E+00 9.99999E+00 1.58489E+00 2.51189E+00 3.98107E+00 6.30957E+00 9.99999E+00 1.58489E+00 2.51189E+00 3.98107E+00 6.30957E+00 9.99999E+00 1.58489E+01 1.58489E+00 2.51189E+00 3.98107E+00 6.30957E+00 9.99999E+00 1.58489E+01 2.51189E+01 2.51189E+00 3.98107E+00 6.30957E+00 9.99999E+00 1.58489E+01 2.51189E+01 3.98107E+00 6.30957E+00 9.99999E+00 1.58489E+01 2.51189E+01 3.98107E+01 6.30957E+00 9.99999E+00 1.58489E+01 2.51189E+01 3.98107E+01 6.30957E+01 
90000 
1.78283E-05 
1.90562E-05 
3.27428E-05 
1.99712E-05 
3.65322E-05 
2.06732E-05 
3.96534E-05 
7.09108E-05 
2.13000E-05 
4.24452E-05 
8.17885E-05 
1.54989E-04 
2.20715E-05 
4.53360E-05 
9.16197E-05 
1.89433E-04 
2.32190E-05 
4.86539E-05 
1.01460E-04 
2.09841E-04 
1.89494E-04 
2.43808E-05 
5.14393E-05 
1.09195E-04 
2.19672E-04 
2.64582E-04 
2.31232E-05 
4.85131E-05 
1.02968E-04 
1.98701E-04 
2.46964E-04 
-1.25975E-03 
1.54138E-05 
3.07152E-05 
6.12068E-05 
9.92524E-05 
3.82914E-05 
-1.34951E-03 
-1.37189E-02 
-2.66318E-06 
-1.76245E-05 
-8.40942E-05 
-3.68191E-04 
-1.95682E-03 
-1.20144E-02 
-9.97193E-05 
-2.72520E-04 
-7.85660E-04 
-2.63773E-03 
-1.10985E-02 
-5.93294E-02 
-4.31722E-04 
-1.13900E-03 
-3.23153E-03 
-1.06330E-02 
-4.39769E-02 
-2.33200E-01 
---
