PdfType: replica
Format: lhagrid1
---
4.34963E-04 7.77181E-04 7.77181E-04 1.38865E-03 1.38865E-03 2.48120E-03 2.48120E-03 2.48120E-03 4.43334E-03 4.43334E-03 4.43334E-03 4.43334E-03 7.92137E-03 7.92137E-03 7.92137E-03 7.92137E-03 1.41537E-02 1.41537E-02 1.41537E-02 1.41537E-02 1.41537E-02 2.52895E-02 2.52895E-02 2.52895E-02 2.52895E-02 2.52895E-02 4.51866E-02 4.51866E-02 4.51866E-02 4.51866E-02 4.51866E-02 4.51866E-02 8.07383E-02 8.07383E-02 8.07383E-02 8.07383E-02 8.07383E-02 8.07383E-02 8.07383E-02 1.44261E-01 1.44261E-01 1.44261E-01 1.44261E-01 1.44261E-01 1.44261E-01 2.57762E-01 2.57762E-01 2.57762E-01 2.57762E-01 2.57762E-01 2.57762E-01 4.60562E-01 4.60562E-01 4.60562E-01 4.60562E-01 4.60562E-01 4.60562E-01 
1.58489E+00 1.58489E+00 2.51189E+00 1.58489E+00 2.51189E+00 1.58489E+00 2.51189E+00 3.98107E+00 1.58489E+00 2.51189E+00 3.98107E+00 6.30957E+00 1.58489E+00 2.51189E+00 3.98107E+00 6.30957E+00 1.58489E+00 2.51189E+00 3.98107E+00 6.30957E+00 9.99999E+00 1.58489E+00 2.51189E+00 3.98107E+00 6.30957E+00 9.99999E+00 1.58489E+00 2.51189E+00 3.98107E+00 6.30957E+00 9.99999E+00 1.58489E+01 1.58489E+00 2.51189E+00 3.98107E+00 6.30957E+00 9.99999E+00 1.58489E+01 2.51189E+01 2.51189E+00 3.98107E+00 6.30957E+00 9.99999E+00 1.58489E+01 2.51189E+01 3.98107E+00 6.30957E+00 9.99999E+00 1.58489E+01 2.51189E+01 3.98107E+01 6.30957E+00 9.99999E+00 1.58489E+01 2.51189E+01 3.98107E+01 6.30957E+01 
90000 
1.47751E-05 
1.62647E-05 
3.00686E-05 
1.74413E-05 
3.44396E-05 
1.84329E-05 
3.79264E-05 
7.12648E-05 
1.93544E-05 
4.09823E-05 
8.29680E-05 
1.64663E-04 
2.03227E-05 
4.39143E-05 
9.27099E-05 
2.01268E-04 
2.13657E-05 
4.66996E-05 
1.00968E-04 
2.18759E-04 
2.42673E-04 
2.19890E-05 
4.80969E-05 
1.05071E-04 
2.19740E-04 
2.96325E-04 
2.02090E-05 
4.37123E-05 
9.49517E-05 
1.88091E-04 
2.49642E-04 
-1.11638E-03 
1.30798E-05 
2.68661E-05 
5.48628E-05 
9.07363E-05 
3.92230E-05 
-1.25341E-03 
-1.29328E-02 
-2.65047E-06 
-1.61060E-05 
-7.65027E-05 
-3.37773E-04 
-1.83298E-03 
-1.14365E-02 
-9.36712E-05 
-2.54713E-04 
-7.31235E-04 
-2.47071E-03 
-1.05399E-02 
-5.70813E-02 
-3.92045E-04 
-1.03576E-03 
-2.96094E-03 
-9.90050E-03 
-4.18208E-02 
-2.25628E-01 
---
