PdfType: replica
Format: lhagrid1
---
4.34963E-04 7.77181E-04 7.77181E-04 1.38865E-03 1.38865E-03 2.48120E-03 2.48120E-03 2.48120E-03 4.43334E-03 4.43334E-03 4.43334E-03 4.43334E-03 7.92137E-03 7.92137E-03 7.92137E-03 7.92137E-03 1.41537E-02 1.41537E-02 1.41537E-02 1.41537E-02 1.41537E-02 2.52895E-02 2.52895E-02 2.52895E-02 2.52895E-02 2.52895E-02 4.51866E-02 4.51866E-02 4.51866E-02 4.51866E-02 4.51866E-02 4.51866E-02 8.07383E-02 8.07383E-02 8.07383E-02 8.07383E-02 8.07383E-02 8.07383E-02 8.07383E-02 1.44261E-01 1.44261E-01 1.44261E-01 1.44261E-01 1.44261E-01 1.44261E-01 2.57762E-01 2.57762E-01 2.57762E-01 2.57762E-01 2.57762E-01 2.57762E-01 4.60562E-01 4.60562E-01 4.60562E-01 4.60562E-01 4.60562E-01 4.60562E-01 
1.58489E+00 1.58489E+00 2.51189E+00 1.58489E+00 2.51189E+00 1.58489E+00 2.51189E+00 3.98107E+00 1.58489E+00 2.51189E+00 3.98107E+00 6.30957E+00 1.58489E+00 2.51189E+00 3.98107E+00 6.30957E+00 1.58489E+00 2.51189E+00 3.98107E+00 6.30957E+00 9.99999E+00 1.58489E+00 2.51189E+00 3.98107E+00 6.30957E+00 9.99999E+00 1.58489E+00 2.51189E+00 3.98107E+00 6.30957E+00 9.99999E+00 1.58489E+01 1.58489E+00 2.51189E+00 3.98107E+00 6.30957E+00 9.99999E+00 1.58489E+01 2.51189E+01 2.51189E+00 3.98107E+00 6.30957E+00 9.99999E+00 1.58489E+01 2.51189E+01 3.98107E+00 6.30957E+00 9.99999E+00 1.58489E+01 2.51189E+01 3.98107E+01 6.30957E+00 9.99999E+00 1.58489E+01 2.51189E+01 3.98107E+01 6.30957E+01 
90000 
2.10776E-04 
2.11426E-04 
5.20506E-04 
2.12057E-04 
5.21655E-04 
2.12588E-04 
5.23103E-04 
1.29960E-03 
2.12982E-04 
5.24523E-04 
1.30256E-03 
3.30645E-03 
2.13259E-04 
5.25798E-04 
1.30585E-03 
3.30450E-03 
2.13493E-04 
5.26887E-04 
1.30888E-03 
3.29667E-03 
8.36939E-03 
2.13453E-04 
5.26983E-04 
1.30911E-03 
3.28016E-03 
8.30420E-03 
2.11317E-04 
5.21748E-04 
1.29569E-03 
3.23228E-03 
8.15216E-03 
2.07123E-02 
2.03346E-04 
5.02727E-04 
1.24885E-03 
3.10900E-03 
7.81277E-03 
1.97567E-02 
5.09148E-02 
4.70424E-04 
1.17067E-03 
2.91574E-03 
7.31175E-03 
1.84279E-02 
4.71040E-02 
1.09099E-03 
2.72081E-03 
6.81257E-03 
1.71223E-02 
4.34557E-02 
1.13292E-01 
2.52881E-03 
6.32412E-03 
1.58603E-02 
4.00270E-02 
1.02676E-01 
2.75264E-01 
---
