PdfType: replica
Format: lhagrid1
---
4.34963E-04 7.77181E-04 7.77181E-04 1.38865E-03 1.38865E-03 2.48120E-03 2.48120E-03 2.48120E-03 4.43334E-03 4.43334E-03 4.43334E-03 4.43334E-03 7.92137E-03 7.92137E-03 7.92137E-03 7.92137E-03 1.41537E-02 1.41537E-02 1.41537E-02 1.41537E-02 1.41537E-02 2.52895E-02 2.52895E-02 2.52895E-02 2.52895E-02 2.52895E-02 4.51866E-02 4.51866E-02 4.51866E-02 4.51866E-02 4.51866E-02 4.51866E-02 8.07383E-02 8.07383E-02 8.07383E-02 8.07383E-02 8.07383E-02 8.07383E-02 8.07383E-02 1.44261E-01 1.44261E-01 1.44261E-01 1.44261E-01 1.44261E-01 1.44261E-01 2.57762E-01 2.57762E-01 2.57762E-01 2.57762E-01 2.57762E-01 2.57762E-01 4.60562E-01 4.60562E-01 4.60562E-01 4.60562E-01 4.60562E-01 4.60562E-01 
1.58489E+00 1.58489E+00 2.51189E+00 1.58489E+00 2.51189E+00 1.58489E+00 2.51189E+00 3.98107E+00 1.58489E+00 2.51189E+00 3.98107E+00 6.30957E+00 1.58489E+00 2.51189E+00 3.98107E+00 6.30957E+00 1.58489E+00 2.51189E+00 3.98107E+00 6.30957E+00 9.99999E+00 1.58489E+00 2.51189E+00 3.98107E+00 6.30957E+00 9.99999E+00 1.58489E+00 2.51189E+00 3.98107E+00 6.30957E+00 9.99999E+00 1.58489E+01 1.58489E+00 2.51189E+00 3.98107E+00 6.30957E+00 9.99999E+00 1.58489E+01 2.51189E+01 2.51189E+00 3.98107E+00 6.30957E+00 9.99999E+00 1.58489E+01 2.51189E+01 3.98107E+00 6.30957E+00 9.99999E+00 1.58489E+01 2.51189E+01 3.98107E+01 6.30957E+00 9.99999E+00 1.58489E+01 2.51189E+01 3.98107E+01 6.30957E+01 
90000 
3.16292E-05 
3.27043E-05 
7.39958E-05 
3.36403E-05 
7.73687E-05 
3.45829E-05 
8.03806E-05 
1.82137E-04 
3.57005E-05 
8.35588E-05 
1.92860E-04 
4.51656E-04 
3.72092E-05 
8.74057E-05 
2.03790E-04 
4.86212E-04 
3.92527E-05 
9.20816E-05 
2.15619E-04 
5.09096E-04 
9.92719E-04 
4.11860E-05 
9.59021E-05 
2.24491E-04 
5.19694E-04 
1.06369E-03 
4.00656E-05 
9.25046E-05 
2.15946E-04 
4.91141E-04 
1.02216E-03 
9.48939E-04 
3.18977E-05 
7.33037E-05 
1.70398E-04 
3.81076E-04 
7.80434E-04 
7.21361E-04 
-7.08756E-03 
4.16050E-05 
9.52395E-05 
2.04513E-04 
3.80813E-04 
6.59674E-05 
-5.98571E-03 
1.86867E-05 
2.60720E-05 
-2.22308E-05 
-6.36427E-04 
-5.50571E-03 
-4.12694E-02 
-1.31551E-04 
-3.80101E-04 
-1.28440E-03 
-5.44553E-03 
-2.88622E-02 
-1.80284E-01 
---
