PdfType: replica
Format: lhagrid1
---
4.34963E-04 7.77181E-04 7.77181E-04 1.38865E-03 1.38865E-03 2.48120E-03 2.48120E-03 2.48120E-03 4.43334E-03 4.43334E-03 4.43334E-03 4.43334E-03 7.92137E-03 7.92137E-03 7.92137E-03 7.92137E-03 1.41537E-02 1.41537E-02 1.41537E-02 1.41537E-02 1.41537E-02 2.52895E-02 2.52895E-02 2.52895E-02 2.52895E-02 2.52895E-02 4.51866E-02 4.51866E-02 4.51866E-02 4.51866E-02 4.51866E-02 4.51866E-02 8.07383E-02 8.07383E-02 8.07383E-02 8.07383E-02 8.07383E-02 8.07383E-02 8.07383E-02 1.44261E-01 1.44261E-01 1.44261E-01 1.44261E-01 1.44261E-01 1.44261E-01 2.57762E-01 2.57762E-01 2.57762E-01 2.57762E-01 2.57762E-01 2.57762E-01 4.60562E-01 4.60562E-01 4.60562E-01 4.60562E-01 4.60562E-01 4.60562E-01 
1.58489E+00 1.58489E+00 2.51189E+00 1.58489E+00 2.51189E+00 1.58489E+00 2.51189E+00 3.98107E+00 1.58489E+00 2.51189E+00 3.98107E+00 6.30957E+00 1.58489E+00 2.51189E+00 3.98107E+00 6.30957E+00 1.58489E+00 2.51189E+00 3.98107E+00 6.30957E+00 9.99999E+00 1.58489E+00 2.51189E+00 3.98107E+00 6.30957E+00 9.99999E+00 1.58489E+00 2.51189E+00 3.98107E+00 6.30957E+00 9.99999E+00 1.58489E+01 1.58489E+00 2.51189E+00 3.98107E+00 6.30957E+00 9.99999E+00 1.58489E+01 2.51189E+01 2.51189E+00 3.98107E+00 6.30957E+00 9.99999E+00 1.58489E+01 2.51189E+01 3.98107E+00 6.30957E+00 9.99999E+00 1.58489E+01 2.51189E+01 3.98107E+01 6.30957E+00 9.99999E+00 1.58489E+01 2.51189E+01 3.98107E+01 6.30957E+01 
90000 
2.85183E-05 
3.01255E-05 
6.22876E-05 
3.14559E-05 
6.64337E-05 
3.25401E-05 
6.99415E-05 
1.48782E-04 
3.34127E-05 
7.29338E-05 
1.59261E-04 
3.56327E-04 
3.41426E-05 
7.55175E-05 
1.67872E-04 
3.85708E-04 
3.47825E-05 
7.76583E-05 
1.74820E-04 
3.98344E-04 
6.91936E-04 
3.49562E-05 
7.83787E-05 
1.77888E-04 
3.96678E-04 
7.34904E-04 
3.27922E-05 
7.35684E-05 
1.67407E-04 
3.64886E-04 
6.86423E-04 
-2.32101E-05 
2.50263E-05 
5.56716E-05 
1.25308E-04 
2.64074E-04 
4.67822E-04 
-1.79990E-04 
-1.01591E-02 
2.40110E-05 
5.03142E-05 
8.94949E-05 
7.82077E-05 
-7.72332E-04 
-8.60862E-03 
-2.57191E-05 
-8.71843E-05 
-3.15808E-04 
-1.42080E-03 
-7.76673E-03 
-4.89404E-02 
-2.72044E-04 
-7.39804E-04 
-2.21724E-03 
-7.95688E-03 
-3.62675E-02 
-2.06590E-01 
---
