PdfType: replica
Format: lhagrid1
---
4.34963E-04 7.77181E-04 7.77181E-04 1.38865E-03 1.38865E-03 2.48120E-03 2.48120E-03 2.48120E-03 4.43334E-03 4.43334E-03 4.43334E-03 4.43334E-03 7.92137E-03 7.92137E-03 7.92137E-03 7.92137E-03 1.41537E-02 1.41537E-02 1.41537E-02 1.41537E-02 1.41537E-02 2.52895E-02 2.52895E-02 2.52895E-02 2.52895E-02 2.52895E-02 4.51866E-02 4.51866E-02 4.51866E-02 4.51866E-02 4.51866E-02 4.51866E-02 8.07383E-02 8.07383E-02 8.07383E-02 8.07383E-02 8.07383E-02 8.07383E-02 8.07383E-02 1.44261E-01 1.44261E-01 1.44261E-01 1.44261E-01 1.44261E-01 1.44261E-01 2.57762E-01 2.57762E-01 2.57762E-01 2.57762E-01 2.57762E-01 2.57762E-01 4.60562E-01 4.60562E-01 4.60562E-01 4.60562E-01 4.60562E-01 4.60562E-01 
1.58489E+00 1.58489E+00 2.51189E+00 1.58489E+00 2.51189E+00 1.58489E+00 2.51189E+00 3.98107E+00 1.58489E+00 2.51189E+00 3.98107E+00 6.30957E+00 1.58489E+00 2.51189E+00 3.98107E+00 6.30957E+00 1.58489E+00 2.51189E+00 3.98107E+00 6.30957E+00 9.99999E+00 1.58489E+00 2.51189E+00 3.98107E+00 6.30957E+00 9.99999E+00 1.58489E+00 2.51189E+00 3.98107E+00 6.30957E+00 9.99999E+00 1.58489E+01 1.58489E+00 2.51189E+00 3.98107E+00 6.30957E+00 9.99999E+00 1.58489E+01 2.51189E+01 2.51189E+00 3.98107E+00 6.30957E+00 9.99999E+00 1.58489E+01 2.51189E+01 3.98107E+00 6.30957E+00 9.99999E+00 1.58489E+01 2.51189E+01 3.98107E+01 6.30957E+00 9.99999E+00 1.58489E+01 2.51189E+01 3.98107E+01 6.30957E+01 
90000 
1.50115E-05 
1.64802E-05 
3.06326E-05 
1.77592E-05 
3.48296E-05 
1.89118E-05 
3.84579E-05 
7.12603E-05 
1.99976E-05 
4.17864E-05 
8.31526E-05 
1.58287E-04 
2.10878E-05 
4.49951E-05 
9.34655E-05 
1.96148E-04 
2.21972E-05 
4.80057E-05 
1.02455E-04 
2.16509E-04 
2.03820E-04 
2.28897E-05 
4.96719E-05 
1.07578E-04 
2.21472E-04 
2.78147E-04 
2.13356E-05 
4.58982E-05 
9.92756E-05 
1.95247E-04 
2.53169E-04 
-1.19489E-03 
1.44356E-05 
2.96671E-05 
6.08628E-05 
1.02654E-04 
5.86817E-05 
-1.26100E-03 
-1.33149E-02 
-3.74785E-07 
-1.09170E-05 
-6.50182E-05 
-3.15541E-04 
-1.80798E-03 
-1.15540E-02 
-8.98920E-05 
-2.48490E-04 
-7.23939E-04 
-2.47657E-03 
-1.06518E-02 
-5.78958E-02 
-4.31567E-04 
-1.14176E-03 
-3.24504E-03 
-1.06805E-02 
-4.41233E-02 
-2.33634E-01 
---
