PdfType: replica
Format: lhagrid1
---
4.34963E-04 7.77181E-04 7.77181E-04 1.38865E-03 1.38865E-03 2.48120E-03 2.48120E-03 2.48120E-03 4.43334E-03 4.43334E-03 4.43334E-03 4.43334E-03 7.92137E-03 7.92137E-03 7.92137E-03 7.92137E-03 1.41537E-02 1.41537E-02 1.41537E-02 1.41537E-02 1.41537E-02 2.52895E-02 2.52895E-02 2.52895E-02 2.52895E-02 2.52895E-02 4.51866E-02 4.51866E-02 4.51866E-02 4.51866E-02 4.51866E-02 4.51866E-02 8.07383E-02 8.07383E-02 8.07383E-02 8.07383E-02 8.07383E-02 8.07383E-02 8.07383E-02 1.44261E-01 1.44261E-01 1.44261E-01 1.44261E-01 1.44261E-01 1.44261E-01 2.57762E-01 2.57762E-01 2.57762E-01 2.57762E-01 2.57762E-01 2.57762E-01 4.60562E-01 4.60562E-01 4.60562E-01 4.60562E-01 4.60562E-01 4.60562E-01 
1.58489E+00 1.58489E+00 2.51189E+00 1.58489E+00 2.51189E+00 1.58489E+00 2.51189E+00 3.98107E+00 1.58489E+00 2.51189E+00 3.98107E+00 6.30957E+00 1.58489E+00 2.51189E+00 3.98107E+00 6.30957E+00 1.58489E+00 2.51189E+00 3.98107E+00 6.30957E+00 9.99999E+00 1.58489E+00 2.51189E+00 3.98107E+00 6.30957E+00 9.99999E+00 1.58489E+00 2.51189E+00 3.98107E+00 6.30957E+00 9.99999E+00 1.58489E+01 1.58489E+00 2.51189E+00 3.98107E+00 6.30957E+00 9.99999E+00 1.58489E+01 2.51189E+01 2.51189E+00 3.98107E+00 6.30957E+00 9.99999E+00 1.58489E+01 2.51189E+01 3.98107E+00 6.30957E+00 9.99999E+00 1.58489E+01 2.51189E+01 3.98107E+01 6.30957E+00 9.99999E+00 1.58489E+01 2.51189E+01 3.98107E+01 6.30957E+01 
90000 
2.20607E-04 
2.20545E-04 
5.37992E-04 
2.20519E-04 
5.38199E-04 
2.20502E-04 
5.39036E-04 
1.33456E-03 
2.20546E-04 
5.40220E-04 
1.33738E-03 
3.38814E-03 
2.20758E-04 
5.41735E-04 
1.34161E-03 
3.38812E-03 
2.21179E-04 
5.43432E-04 
1.34631E-03 
3.38439E-03 
8.58411E-03 
2.21236E-04 
5.43886E-04 
1.34773E-03 
3.37118E-03 
8.52577E-03 
2.18629E-04 
5.38121E-04 
1.33400E-03 
3.32391E-03 
8.37661E-03 
2.12844E-02 
2.10054E-04 
5.18518E-04 
1.28690E-03 
3.20172E-03 
8.04160E-03 
2.03356E-02 
5.24660E-02 
4.85664E-04 
1.20777E-03 
3.00693E-03 
7.53715E-03 
1.89948E-02 
4.85878E-02 
1.12486E-03 
2.80435E-03 
7.01932E-03 
1.76408E-02 
4.47941E-02 
1.17005E-01 
2.59247E-03 
6.48027E-03 
1.62483E-02 
4.10149E-02 
1.05341E-01 
2.83469E-01 
---
