PdfType: replica
Format: lhagrid1
---
4.34963E-04 7.77181E-04 7.77181E-04 1.38865E-03 1.38865E-03 2.48120E-03 2.48120E-03 2.48120E-03 4.43334E-03 4.43334E-03 4.43334E-03 4.43334E-03 7.92137E-03 7.92137E-03 7.92137E-03 7.92137E-03 1.41537E-02 1.41537E-02 1.41537E-02 1.41537E-02 1.41537E-02 2.52895E-02 2.52895E-02 2.52895E-02 2.52895E-02 2.52895E-02 4.51866E-02 4.51866E-02 4.51866E-02 4.51866E-02 4.51866E-02 4.51866E-02 8.07383E-02 8.07383E-02 8.07383E-02 8.07383E-02 8.07383E-02 8.07383E-02 8.07383E-02 1.44261E-01 1.44261E-01 1.44261E-01 1.44261E-01 1.44261E-01 1.44261E-01 2.57762E-01 2.57762E-01 2.57762E-01 2.57762E-01 2.57762E-01 2.57762E-01 4.60562E-01 4.60562E-01 4.60562E-01 4.60562E-01 4.60562E-01 4.60562E-01 
1.58489E+00 1.58489E+00 2.51189E+00 1.58489E+00 2.51189E+00 1.58489E+00 2.51189E+00 3.98107E+00 1.58489E+00 2.51189E+00 3.98107E+00 6.30957E+00 1.58489E+00 2.51189E+00 3.98107E+00 6.30957E+00 1.58489E+00 2.51189E+00 3.98107E+00 6.30957E+00 9.99999E+00 1.58489E+00 2.51189E+00 3.98107E+00 6.30957E+00 9.99999E+00 1.58489E+00 2.51189E+00 3.98107E+00 6.30957E+00 9.99999E+00 1.58489E+01 1.58489E+00 2.51189E+00 3.98107E+00 6.30957E+00 9.99999E+00 1.58489E+01 2.51189E+01 2.51189E+00 3.98107E+00 6.30957E+00 9.99999E+00 1.58489E+01 2.51189E+01 3.98107E+00 6.30957E+00 9.99999E+00 1.58489E+01 2.51189E+01 3.98107E+01 6.30957E+00 9.99999E+00 1.58489E+01 2.51189E+01 3.98107E+01 6.30957E+01 
90000 
2.06560E-05 
2.18317E-05 
4.28646E-05 
2.27951E-05 
4.65331E-05 
2.36551E-05 
4.96780E-05 
9.96006E-05 
2.45284E-05 
5.26551E-05 
1.10518E-04 
2.31697E-04 
2.55536E-05 
5.57680E-05 
1.20443E-04 
2.66324E-04 
2.67835E-05 
5.90021E-05 
1.29713E-04 
2.85442E-04 
3.94382E-04 
2.76246E-05 
6.08882E-05 
1.35056E-04 
2.89754E-04 
4.58757E-04 
2.56838E-05 
5.62574E-05 
1.24637E-04 
2.58590E-04 
4.17005E-04 
-7.30969E-04 
1.76519E-05 
3.77399E-05 
8.12757E-05 
1.55296E-04 
1.96527E-04 
-8.71989E-04 
-1.20297E-02 
7.60084E-06 
1.01610E-05 
-9.86793E-06 
-1.69603E-04 
-1.40532E-03 
-1.03209E-02 
-6.09864E-05 
-1.75090E-04 
-5.36701E-04 
-1.98682E-03 
-9.28857E-03 
-5.35300E-02 
-3.48795E-04 
-9.31639E-04 
-2.70406E-03 
-9.23690E-03 
-3.99271E-02 
-2.19062E-01 
---
