PdfType: replica
Format: lhagrid1
---
4.34963E-04 7.77181E-04 7.77181E-04 1.38865E-03 1.38865E-03 2.48120E-03 2.48120E-03 2.48120E-03 4.43334E-03 4.43334E-03 4.43334E-03 4.43334E-03 7.92137E-03 7.92137E-03 7.92137E-03 7.92137E-03 1.41537E-02 1.41537E-02 1.41537E-02 1.41537E-02 1.41537E-02 2.52895E-02 2.52895E-02 2.52895E-02 2.52895E-02 2.52895E-02 4.51866E-02 4.51866E-02 4.51866E-02 4.51866E-02 4.51866E-02 4.51866E-02 8.07383E-02 8.07383E-02 8.07383E-02 8.07383E-02 8.07383E-02 8.07383E-02 8.07383E-02 1.44261E-01 1.44261E-01 1.44261E-01 1.44261E-01 1.44261E-01 1.44261E-01 2.57762E-01 2.57762E-01 2.57762E-01 2.57762E-01 2.57762E-01 2.57762E-01 4.60562E-01 4.60562E-01 4.60562E-01 4.60562E-01 4.60562E-01 4.60562E-01 
1.58489E+00 1.58489E+00 2.51189E+00 1.58489E+00 2.51189E+00 1.58489E+00 2.51189E+00 3.98107E+00 1.58489E+00 2.51189E+00 3.98107E+00 6.30957E+00 1.58489E+00 2.51189E+00 3.98107E+00 6.30957E+00 1.58489E+00 2.51189E+00 3.98107E+00 6.30957E+00 9.99999E+00 1.58489E+00 2.51189E+00 3.98107E+00 6.30957E+00 9.99999E+00 1.58489E+00 2.51189E+00 3.98107E+00 6.30957E+00 9.99999E+00 1.58489E+01 1.58489E+00 2.51189E+00 3.98107E+00 6.30957E+00 9.99999E+00 1.58489E+01 2.51189E+01 2.51189E+00 3.98107E+00 6.30957E+00 9.99999E+00 1.58489E+01 2.51189E+01 3.98107E+00 6.30957E+00 9.99999E+00 1.58489E+01 2.51189E+01 3.98107E+01 6.30957E+00 9.99999E+00 1.58489E+01 2.51189E+01 3.98107E+01 6.30957E+01 
90000 
2.05190E-04 
2.06351E-04 
5.07699E-04 
2.07680E-04 
5.10187E-04 
2.09132E-04 
5.13432E-04 
1.27335E-03 
2.10671E-04 
5.17134E-04 
1.28113E-03 
3.24536E-03 
2.12236E-04 
5.20967E-04 
1.28982E-03 
3.25528E-03 
2.13583E-04 
5.24158E-04 
1.29721E-03 
3.25718E-03 
8.24237E-03 
2.13699E-04 
5.24348E-04 
1.29753E-03 
3.24120E-03 
8.18016E-03 
2.09863E-04 
5.15747E-04 
1.27717E-03 
3.17896E-03 
7.99874E-03 
2.02423E-02 
1.99348E-04 
4.92027E-04 
1.22099E-03 
3.03689E-03 
7.62164E-03 
1.92225E-02 
4.92094E-02 
4.58616E-04 
1.14113E-03 
2.84156E-03 
7.12111E-03 
1.79167E-02 
4.55850E-02 
1.06368E-03 
2.65229E-03 
6.63842E-03 
1.66654E-02 
4.21620E-02 
1.08979E-01 
2.46680E-03 
6.16855E-03 
1.54609E-02 
3.89450E-02 
9.93741E-02 
2.62706E-01 
---
