PdfType: replica
Format: lhagrid1
---
4.34963E-04 7.77181E-04 7.77181E-04 1.38865E-03 1.38865E-03 2.48120E-03 2.48120E-03 2.48120E-03 4.43334E-03 4.43334E-03 4.43334E-03 4.43334E-03 7.92137E-03 7.92137E-03 7.92137E-03 7.92137E-03 1.41537E-02 1.41537E-02 1.41537E-02 1.41537E-02 1.41537E-02 2.52895E-02 2.52895E-02 2.52895E-02 2.52895E-02 2.52895E-02 4.51866E-02 4.51866E-02 4.51866E-02 4.51866E-02 4.51866E-02 4.51866E-02 8.07383E-02 8.07383E-02 8.07383E-02 8.07383E-02 8.07383E-02 8.07383E-02 8.07383E-02 1.44261E-01 1.44261E-01 1.44261E-01 1.44261E-01 1.44261E-01 1.44261E-01 2.57762E-01 2.57762E-01 2.57762E-01 2.57762E-01 2.57762E-01 2.57762E-01 4.60562E-01 4.60562E-01 4.60562E-01 4.60562E-01 4.60562E-01 4.60562E-01 
1.58489E+00 1.58489E+00 2.51189E+00 1.58489E+00 2.51189E+00 1.58489E+00 2.51189E+00 3.98107E+00 1.58489E+00 2.51189E+00 3.98107E+00 6.30957E+00 1.58489E+00 2.51189E+00 3.98107E+00 6.30957E+00 1.58489E+00 2.51189E+00 3.98107E+00 6.30957E+00 9.99999E+00 1.58489E+00 2.51189E+00 3.98107E+00 6.30957E+00 9.99999E+00 1.58489E+00 2.51189E+00 3.98107E+00 6.30957E+00 9.99999E+00 1.58489E+01 1.58489E+00 2.51189E+00 3.98107E+00 6.30957E+00 9.99999E+00 1.58489E+01 2.51189E+01 2.51189E+00 3.98107E+00 6.30957E+00 9.99999E+00 1.58489E+01 2.51189E+01 3.98107E+00 6.30957E+00 9.99999E+00 1.58489E+01 2.51189E+01 3.98107E+01 6.30957E+00 9.99999E+00 1.58489E+01 2.51189E+01 3.98107E+01 6.30957E+01 
90000 
2.37389E-05 
2.55548E-05 
5.03324E-05 
2.71160E-05 
5.50902E-05 
2.84733E-05 
5.92222E-05 
1.20780E-04 
2.96465E-05 
6.28535E-05 
1.32813E-04 
2.86592E-04 
3.06383E-05 
6.59756E-05 
1.42650E-04 
3.19318E-04 
3.13741E-05 
6.83146E-05 
1.50053E-04 
3.33594E-04 
5.21387E-04 
3.13537E-05 
6.86680E-05 
1.52383E-04 
3.30892E-04 
5.62469E-04 
2.87881E-05 
6.30546E-05 
1.40210E-04 
2.95505E-04 
5.06760E-04 
-5.01684E-04 
2.06278E-05 
4.42501E-05 
9.60266E-05 
1.89408E-04 
2.76497E-04 
-6.83254E-04 
-1.15831E-02 
1.10352E-05 
1.73117E-05 
5.56520E-06 
-1.35631E-04 
-1.33044E-03 
-1.01603E-02 
-6.27322E-05 
-1.79652E-04 
-5.48242E-04 
-2.01702E-03 
-9.37356E-03 
-5.38088E-02 
-3.54033E-04 
-9.46392E-04 
-2.74592E-03 
-9.36090E-03 
-4.03375E-02 
-2.20736E-01 
---
