PdfType: replica
Format: lhagrid1
---
4.34963E-04 7.77181E-04 7.77181E-04 1.38865E-03 1.38865E-03 2.48120E-03 2.48120E-03 2.48120E-03 4.43334E-03 4.43334E-03 4.43334E-03 4.43334E-03 7.92137E-03 7.92137E-03 7.92137E-03 7.92137E-03 1.41537E-02 1.41537E-02 1.41537E-02 1.41537E-02 1.41537E-02 2.52895E-02 2.52895E-02 2.52895E-02 2.52895E-02 2.52895E-02 4.51866E-02 4.51866E-02 4.51866E-02 4.51866E-02 4.51866E-02 4.51866E-02 8.07383E-02 8.07383E-02 8.07383E-02 8.07383E-02 8.07383E-02 8.07383E-02 8.07383E-02 1.44261E-01 1.44261E-01 1.44261E-01 1.44261E-01 1.44261E-01 1.44261E-01 2.57762E-01 2.57762E-01 2.57762E-01 2.57762E-01 2.57762E-01 2.57762E-01 4.60562E-01 4.60562E-01 4.60562E-01 4.60562E-01 4.60562E-01 4.60562E-01 
1.58489E+00 1.58489E+00 2.51189E+00 1.58489E+00 2.51189E+00 1.58489E+00 2.51189E+00 3.98107E+00 1.58489E+00 2.51189E+00 3.98107E+00 6.30957E+00 1.58489E+00 2.51189E+00 3.98107E+00 6.30957E+00 1.58489E+00 2.51189E+00 3.98107E+00 6.30957E+00 9.99999E+00 1.58489E+00 2.51189E+00 3.98107E+00 6.30957E+00 9.99999E+00 1.58489E+00 2.51189E+00 3.98107E+00 6.30957E+00 9.99999E+00 1.58489E+01 1.58489E+00 2.51189E+00 3.98107E+00 6.30957E+00 9.99999E+00 1.58489E+01 2.51189E+01 2.51189E+00 3.98107E+00 6.30957E+00 9.99999E+00 1.58489E+01 2.51189E+01 3.98107E+00 6.30957E+00 9.99999E+00 1.58489E+01 2.51189E+01 3.98107E+01 6.30957E+00 9.99999E+00 1.58489E+01 2.51189E+01 3.98107E+01 6.30957E+01 
90000 
2.08874E-04 
2.09312E-04 
5.11939E-04 
2.09723E-04 
5.12886E-04 
2.10073E-04 
5.14274E-04 
1.27376E-03 
2.10388E-04 
5.15841E-04 
1.27739E-03 
3.23558E-03 
2.10735E-04 
5.17542E-04 
1.28199E-03 
3.23721E-03 
2.11150E-04 
5.19252E-04 
1.28676E-03 
3.23426E-03 
8.19049E-03 
2.11244E-04 
5.19842E-04 
1.28852E-03 
3.22226E-03 
8.13860E-03 
2.08991E-04 
5.14623E-04 
1.27577E-03 
3.17707E-03 
7.99730E-03 
2.02425E-02 
2.00740E-04 
4.95512E-04 
1.22965E-03 
3.05724E-03 
7.67081E-03 
1.93377E-02 
4.94560E-02 
4.63725E-04 
1.15273E-03 
2.86831E-03 
7.18173E-03 
1.80528E-02 
4.58724E-02 
1.07034E-03 
2.66919E-03 
6.67905E-03 
1.67626E-02 
4.23855E-02 
1.09415E-01 
2.48538E-03 
6.21213E-03 
1.55632E-02 
3.91807E-02 
9.98768E-02 
2.63461E-01 
---
