PdfType: replica
Format: lhagrid1
---
4.34963E-04 7.77181E-04 7.77181E-04 1.38865E-03 1.38865E-03 2.48120E-03 2.48120E-03 2.48120E-03 4.43334E-03 4.43334E-03 4.43334E-03 4.43334E-03 7.92137E-03 7.92137E-03 7.92137E-03 7.92137E-03 1.41537E-02 1.41537E-02 1.41537E-02 1.41537E-02 1.41537E-02 2.52895E-02 2.52895E-02 2.52895E-02 2.52895E-02 2.52895E-02 4.51866E-02 4.51866E-02 4.51866E-02 4.51866E-02 4.51866E-02 4.51866E-02 8.07383E-02 8.07383E-02 8.07383E-02 8.07383E-02 8.07383E-02 8.07383E-02 8.07383E-02 1.44261E-01 1.44261E-01 1.44261E-01 1.44261E-01 1.44261E-01 1.44261E-01 2.57762E-01 2.57762E-01 2.57762E-01 2.57762E-01 2.57762E-01 2.57762E-01 4.60562E-01 4.60562E-01 4.60562E-01 4.60562E-01 4.60562E-01 4.60562E-01 
1.58489E+00 1.58489E+00 2.51189E+00 1.58489E+00 2.51189E+00 1.58489E+00 2.51189E+00 3.98107E+00 1.58489E+00 2.51189E+00 3.98107E+00 6.30957E+00 1.58489E+00 2.51189E+00 3.98107E+00 6.30957E+00 1.58489E+00 2.51189E+00 3.98107E+00 6.30957E+00 9.99999E+00 1.58489E+00 2.51189E+00 3.98107E+00 6.30957E+00 9.99999E+00 1.58489E+00 2.51189E+00 3.98107E+00 6.30957E+00 9.99999E+00 1.58489E+01 1.58489E+00 2.51189E+00 3.98107E+00 6.30957E+00 9.99999E+00 1.58489E+01 2.51189E+01 2.51189E+00 3.98107E+00 6.30957E+00 9.99999E+00 1.58489E+01 2.51189E+01 3.98107E+00 6.30957E+00 9.99999E+00 1.58489E+01 2.51189E+01 3.98107E+01 6.30957E+00 9.99999E+00 1.58489E+01 2.51189E+01 3.98107E+01 6.30957E+01 
90000 
2.05600E-05 
2.16427E-05 
4.70640E-05 
2.24871E-05 
5.05276E-05 
2.31971E-05 
5.31821E-05 
1.14263E-04 
2.38587E-05 
5.54492E-05 
1.23863E-04 
2.76145E-04 
2.45932E-05 
5.76992E-05 
1.31839E-04 
3.08450E-04 
2.56227E-05 
6.03626E-05 
1.39665E-04 
3.24493E-04 
5.28850E-04 
2.70205E-05 
6.32258E-05 
1.46676E-04 
3.31098E-04 
5.95867E-04 
2.69606E-05 
6.18965E-05 
1.42456E-04 
3.11224E-04 
5.74366E-04 
-2.15737E-04 
2.07565E-05 
4.65512E-05 
1.05090E-04 
2.19067E-04 
3.73108E-04 
-3.44917E-04 
-1.01651E-02 
1.82018E-05 
3.72985E-05 
5.96676E-05 
1.30769E-05 
-9.01831E-04 
-8.76477E-03 
-3.50387E-05 
-1.08301E-04 
-3.62755E-04 
-1.52328E-03 
-7.97465E-03 
-4.92418E-02 
-2.49635E-04 
-6.72387E-04 
-2.02187E-03 
-7.38761E-03 
-3.44971E-02 
-2.00097E-01 
---
