PdfType: replica
Format: lhagrid1
---
4.34963E-04 7.77181E-04 7.77181E-04 1.38865E-03 1.38865E-03 2.48120E-03 2.48120E-03 2.48120E-03 4.43334E-03 4.43334E-03 4.43334E-03 4.43334E-03 7.92137E-03 7.92137E-03 7.92137E-03 7.92137E-03 1.41537E-02 1.41537E-02 1.41537E-02 1.41537E-02 1.41537E-02 2.52895E-02 2.52895E-02 2.52895E-02 2.52895E-02 2.52895E-02 4.51866E-02 4.51866E-02 4.51866E-02 4.51866E-02 4.51866E-02 4.51866E-02 8.07383E-02 8.07383E-02 8.07383E-02 8.07383E-02 8.07383E-02 8.07383E-02 8.07383E-02 1.44261E-01 1.44261E-01 1.44261E-01 1.44261E-01 1.44261E-01 1.44261E-01 2.57762E-01 2.57762E-01 2.57762E-01 2.57762E-01 2.57762E-01 2.57762E-01 4.60562E-01 4.60562E-01 4.60562E-01 4.60562E-01 4.60562E-01 4.60562E-01 
1.58489E+00 1.58489E+00 2.51189E+00 1.58489E+00 2.51189E+00 1.58489E+00 2.51189E+00 3.98107E+00 1.58489E+00 2.51189E+00 3.98107E+00 6.30957E+00 1.58489E+00 2.51189E+00 3.98107E+00 6.30957E+00 1.58489E+00 2.51189E+00 3.98107E+00 6.30957E+00 9.99999E+00 1.58489E+00 2.51189E+00 3.98107E+00 6.30957E+00 9.99999E+00 1.58489E+00 2.51189E+00 3.98107E+00 6.30957E+00 9.99999E+00 1.58489E+01 1.58489E+00 2.51189E+00 3.98107E+00 6.30957E+00 9.99999E+00 1.58489E+01 2.51189E+01 2.51189E+00 3.98107E+00 6.30957E+00 9.99999E+00 1.58489E+01 2.51189E+01 3.98107E+00 6.30957E+00 9.99999E+00 1.58489E+01 2.51189E+01 3.98107E+01 6.30957E+00 9.99999E+00 1.58489E+01 2.51189E+01 3.98107E+01 6.30957E+01 
90000 
2.87329E-05 
3.05170E-05 
6.24285E-05 
3.20607E-05 
6.71453E-05 
3.34055E-05 
7.13029E-05 
1.50159E-04 
3.45839E-05 
7.50391E-05 
1.62664E-04 
3.57931E-04 
3.56356E-05 
7.84192E-05 
1.73351E-04 
3.94057E-04 
3.65431E-05 
8.12521E-05 
1.82096E-04 
4.12891E-04 
7.14599E-04 
3.68316E-05 
8.22661E-05 
1.85993E-04 
4.14764E-04 
7.72372E-04 
3.45393E-05 
7.70678E-05 
1.74755E-04 
3.81622E-04 
7.26504E-04 
8.88669E-05 
2.63107E-05 
5.82419E-05 
1.30901E-04 
2.76633E-04 
5.00752E-04 
-7.95323E-05 
-9.75998E-03 
2.57849E-05 
5.40439E-05 
9.77867E-05 
9.79665E-05 
-7.16569E-04 
-8.39898E-03 
-2.76376E-05 
-9.27911E-05 
-3.30603E-04 
-1.45483E-03 
-7.81849E-03 
-4.88130E-02 
-2.89570E-04 
-7.84564E-04 
-2.33197E-03 
-8.25389E-03 
-3.70598E-02 
-2.08896E-01 
---
