PdfType: replica
Format: lhagrid1
---
4.34963E-04 7.77181E-04 7.77181E-04 1.38865E-03 1.38865E-03 2.48120E-03 2.48120E-03 2.48120E-03 4.43334E-03 4.43334E-03 4.43334E-03 4.43334E-03 7.92137E-03 7.92137E-03 7.92137E-03 7.92137E-03 1.41537E-02 1.41537E-02 1.41537E-02 1.41537E-02 1.41537E-02 2.52895E-02 2.52895E-02 2.52895E-02 2.52895E-02 2.52895E-02 4.51866E-02 4.51866E-02 4.51866E-02 4.51866E-02 4.51866E-02 4.51866E-02 8.07383E-02 8.07383E-02 8.07383E-02 8.07383E-02 8.07383E-02 8.07383E-02 8.07383E-02 1.44261E-01 1.44261E-01 1.44261E-01 1.44261E-01 1.44261E-01 1.44261E-01 2.57762E-01 2.57762E-01 2.57762E-01 2.57762E-01 2.57762E-01 2.57762E-01 4.60562E-01 4.60562E-01 4.60562E-01 4.60562E-01 4.60562E-01 4.60562E-01 
1.58489E+00 1.58489E+00 2.51189E+00 1.58489E+00 2.51189E+00 1.58489E+00 2.51189E+00 3.98107E+00 1.58489E+00 2.51189E+00 3.98107E+00 6.30957E+00 1.58489E+00 2.51189E+00 3.98107E+00 6.30957E+00 1.58489E+00 2.51189E+00 3.98107E+00 6.30957E+00 9.99999E+00 1.58489E+00 2.51189E+00 3.98107E+00 6.30957E+00 9.99999E+00 1.58489E+00 2.51189E+00 3.98107E+00 6.30957E+00 9.99999E+00 1.58489E+01 1.58489E+00 2.51189E+00 3.98107E+00 6.30957E+00 9.99999E+00 1.58489E+01 2.51189E+01 2.51189E+00 3.98107E+00 6.30957E+00 9.99999E+00 1.58489E+01 2.51189E+01 3.98107E+00 6.30957E+00 9.99999E+00 1.58489E+01 2.51189E+01 3.98107E+01 6.30957E+00 9.99999E+00 1.58489E+01 2.51189E+01 3.98107E+01 6.30957E+01 
90000 
1.63731E-05 
1.76017E-05 
3.91774E-05 
1.86606E-05 
4.29310E-05 
1.97226E-05 
4.60529E-05 
1.00364E-04 
2.09020E-05 
4.91043E-05 
1.10697E-04 
2.54955E-04 
2.22872E-05 
5.24203E-05 
1.20107E-04 
2.85581E-04 
2.39350E-05 
5.61023E-05 
1.29419E-04 
3.01437E-04 
4.94269E-04 
2.55546E-05 
5.92863E-05 
1.36722E-04 
3.06831E-04 
5.44743E-04 
2.52766E-05 
5.76761E-05 
1.31990E-04 
2.85422E-04 
5.11872E-04 
-3.57315E-04 
1.93793E-05 
4.31380E-05 
9.65126E-05 
1.97678E-04 
3.16759E-04 
-5.00523E-04 
-1.06536E-02 
1.54626E-05 
3.02104E-05 
4.20037E-05 
-3.32410E-05 
-1.02758E-03 
-9.13962E-03 
-4.00539E-05 
-1.21063E-04 
-3.94257E-04 
-1.60071E-03 
-8.15891E-03 
-4.96289E-02 
-2.79540E-04 
-7.56586E-04 
-2.25617E-03 
-8.04986E-03 
-3.64989E-02 
-2.07224E-01 
---
