PdfType: replica
Format: lhagrid1
---
4.34963E-04 7.77181E-04 7.77181E-04 1.38865E-03 1.38865E-03 2.48120E-03 2.48120E-03 2.48120E-03 4.43334E-03 4.43334E-03 4.43334E-03 4.43334E-03 7.92137E-03 7.92137E-03 7.92137E-03 7.92137E-03 1.41537E-02 1.41537E-02 1.41537E-02 1.41537E-02 1.41537E-02 2.52895E-02 2.52895E-02 2.52895E-02 2.52895E-02 2.52895E-02 4.51866E-02 4.51866E-02 4.51866E-02 4.51866E-02 4.51866E-02 4.51866E-02 8.07383E-02 8.07383E-02 8.07383E-02 8.07383E-02 8.07383E-02 8.07383E-02 8.07383E-02 1.44261E-01 1.44261E-01 1.44261E-01 1.44261E-01 1.44261E-01 1.44261E-01 2.57762E-01 2.57762E-01 2.57762E-01 2.57762E-01 2.57762E-01 2.57762E-01 4.60562E-01 4.60562E-01 4.60562E-01 4.60562E-01 4.60562E-01 4.60562E-01 
1.58489E+00 1.58489E+00 2.51189E+00 1.58489E+00 2.51189E+00 1.58489E+00 2.51189E+00 3.98107E+00 1.58489E+00 2.51189E+00 3.98107E+00 6.30957E+00 1.58489E+00 2.51189E+00 3.98107E+00 6.30957E+00 1.58489E+00 2.51189E+00 3.98107E+00 6.30957E+00 9.99999E+00 1.58489E+00 2.51189E+00 3.98107E+00 6.30957E+00 9.99999E+00 1.58489E+00 2.51189E+00 3.98107E+00 6.30957E+00 9.99999E+00 1.58489E+01 1.58489E+00 2.51189E+00 3.98107E+00 6.30957E+00 9.99999E+00 1.58489E+01 2.51189E+01 2.51189E+00 3.98107E+00 6.30957E+00 9.99999E+00 1.58489E+01 2.51189E+01 3.98107E+00 6.30957E+00 9.99999E+00 1.58489E+01 2.51189E+01 3.98107E+01 6.30957E+00 9.99999E+00 1.58489E+01 2.51189E+01 3.98107E+01 6.30957E+01 
90000 
2.07491E-04 
2.07918E-04 
5.09351E-04 
2.08405E-04 
5.10440E-04 
2.08917E-04 
5.12073E-04 
1.26906E-03 
2.09442E-04 
5.13935E-04 
1.27319E-03 
3.22621E-03 
2.09950E-04 
5.15774E-04 
1.27783E-03 
3.22773E-03 
2.10275E-04 
5.17059E-04 
1.28137E-03 
3.22154E-03 
8.15998E-03 
2.09767E-04 
5.16276E-04 
1.28000E-03 
3.20224E-03 
8.09119E-03 
2.06738E-04 
5.09682E-04 
1.26454E-03 
3.15150E-03 
7.93763E-03 
2.00994E-02 
1.98937E-04 
4.91608E-04 
1.22066E-03 
3.03696E-03 
7.62269E-03 
1.92219E-02 
4.91706E-02 
4.60605E-04 
1.14483E-03 
2.84882E-03 
7.13408E-03 
1.79352E-02 
4.55766E-02 
1.05902E-03 
2.63901E-03 
6.60282E-03 
1.65686E-02 
4.18860E-02 
1.08097E-01 
2.42666E-03 
6.06384E-03 
1.51892E-02 
3.82384E-02 
9.75088E-02 
2.57551E-01 
---
