PdfType: replica
Format: lhagrid1
---
4.34963E-04 7.77181E-04 7.77181E-04 1.38865E-03 1.38865E-03 2.48120E-03 2.48120E-03 2.48120E-03 4.43334E-03 4.43334E-03 4.43334E-03 4.43334E-03 7.92137E-03 7.92137E-03 7.92137E-03 7.92137E-03 1.41537E-02 1.41537E-02 1.41537E-02 1.41537E-02 1.41537E-02 2.52895E-02 2.52895E-02 2.52895E-02 2.52895E-02 2.52895E-02 4.51866E-02 4.51866E-02 4.51866E-02 4.51866E-02 4.51866E-02 4.51866E-02 8.07383E-02 8.07383E-02 8.07383E-02 8.07383E-02 8.07383E-02 8.07383E-02 8.07383E-02 1.44261E-01 1.44261E-01 1.44261E-01 1.44261E-01 1.44261E-01 1.44261E-01 2.57762E-01 2.57762E-01 2.57762E-01 2.57762E-01 2.57762E-01 2.57762E-01 4.60562E-01 4.60562E-01 4.60562E-01 4.60562E-01 4.60562E-01 4.60562E-01 
1.58489E+00 1.58489E+00 2.51189E+00 1.58489E+00 2.51189E+00 1.58489E+00 2.51189E+00 3.98107E+00 1.58489E+00 2.51189E+00 3.98107E+00 6.30957E+00 1.58489E+00 2.51189E+00 3.98107E+00 6.30957E+00 1.58489E+00 2.51189E+00 3.98107E+00 6.30957E+00 9.99999E+00 1.58489E+00 2.51189E+00 3.98107E+00 6.30957E+00 9.99999E+00 1.58489E+00 2.51189E+00 3.98107E+00 6.30957E+00 9.99999E+00 1.58489E+01 1.58489E+00 2.51189E+00 3.98107E+00 6.30957E+00 9.99999E+00 1.58489E+01 2.51189E+01 2.51189E+00 3.98107E+00 6.30957E+00 9.99999E+00 1.58489E+01 2.51189E+01 3.98107E+00 6.30957E+00 9.99999E+00 1.58489E+01 2.51189E+01 3.98107E+01 6.30957E+00 9.99999E+00 1.58489E+01 2.51189E+01 3.98107E+01 6.30957E+01 
90000 
3.39366E-05 
3.58310E-05 
7.57733E-05 
3.75089E-05 
8.06415E-05 
3.89951E-05 
8.49767E-05 
1.84716E-04 
4.02755E-05 
8.88190E-05 
1.97120E-04 
4.47182E-04 
4.12932E-05 
9.20338E-05 
2.07195E-04 
4.80432E-04 
4.18732E-05 
9.41339E-05 
2.14199E-04 
4.94349E-04 
9.33422E-04 
4.14160E-05 
9.36819E-05 
2.14926E-04 
4.88782E-04 
9.69818E-04 
3.82498E-05 
8.68915E-05 
2.00332E-04 
4.48335E-04 
9.03593E-04 
5.92029E-04 
2.98575E-05 
6.77514E-05 
1.55686E-04 
3.41550E-04 
6.70913E-04 
3.89175E-04 
-8.30287E-03 
3.61693E-05 
8.07227E-05 
1.66643E-04 
2.77205E-04 
-2.33355E-04 
-6.97439E-03 
2.91978E-06 
-1.44153E-05 
-1.27311E-04 
-9.16526E-04 
-6.30685E-03 
-4.39405E-02 
-1.88968E-04 
-5.26570E-04 
-1.66245E-03 
-6.45326E-03 
-3.17707E-02 
-1.90237E-01 
---
