PdfType: replica
Format: lhagrid1
---
4.34963E-04 7.77181E-04 7.77181E-04 1.38865E-03 1.38865E-03 2.48120E-03 2.48120E-03 2.48120E-03 4.43334E-03 4.43334E-03 4.43334E-03 4.43334E-03 7.92137E-03 7.92137E-03 7.92137E-03 7.92137E-03 1.41537E-02 1.41537E-02 1.41537E-02 1.41537E-02 1.41537E-02 2.52895E-02 2.52895E-02 2.52895E-02 2.52895E-02 2.52895E-02 4.51866E-02 4.51866E-02 4.51866E-02 4.51866E-02 4.51866E-02 4.51866E-02 8.07383E-02 8.07383E-02 8.07383E-02 8.07383E-02 8.07383E-02 8.07383E-02 8.07383E-02 1.44261E-01 1.44261E-01 1.44261E-01 1.44261E-01 1.44261E-01 1.44261E-01 2.57762E-01 2.57762E-01 2.57762E-01 2.57762E-01 2.57762E-01 2.57762E-01 4.60562E-01 4.60562E-01 4.60562E-01 4.60562E-01 4.60562E-01 4.60562E-01 
1.58489E+00 1.58489E+00 2.51189E+00 1.58489E+00 2.51189E+00 1.58489E+00 2.51189E+00 3.98107E+00 1.58489E+00 2.51189E+00 3.98107E+00 6.30957E+00 1.58489E+00 2.51189E+00 3.98107E+00 6.30957E+00 1.58489E+00 2.51189E+00 3.98107E+00 6.30957E+00 9.99999E+00 1.58489E+00 2.51189E+00 3.98107E+00 6.30957E+00 9.99999E+00 1.58489E+00 2.51189E+00 3.98107E+00 6.30957E+00 9.99999E+00 1.58489E+01 1.58489E+00 2.51189E+00 3.98107E+00 6.30957E+00 9.99999E+00 1.58489E+01 2.51189E+01 2.51189E+00 3.98107E+00 6.30957E+00 9.99999E+00 1.58489E+01 2.51189E+01 3.98107E+00 6.30957E+00 9.99999E+00 1.58489E+01 2.51189E+01 3.98107E+01 6.30957E+00 9.99999E+00 1.58489E+01 2.51189E+01 3.98107E+01 6.30957E+01 
90000 
2.83714E-05 
2.95112E-05 
6.48404E-05 
3.04966E-05 
6.84176E-05 
3.14391E-05 
7.15274E-05 
1.58164E-04 
3.24468E-05 
7.45681E-05 
1.68838E-04 
3.87802E-04 
3.36580E-05 
7.78848E-05 
1.78837E-04 
4.21543E-04 
3.51873E-05 
8.15964E-05 
1.88803E-04 
4.41172E-04 
8.15255E-04 
3.65944E-05 
8.44562E-05 
1.95871E-04 
4.47979E-04 
8.80741E-04 
3.54525E-05 
8.11612E-05 
1.87915E-04 
4.20592E-04 
8.43761E-04 
4.73655E-04 
2.79580E-05 
6.36082E-05 
1.46350E-04 
3.19878E-04 
6.23383E-04 
2.94657E-04 
-8.40985E-03 
3.35137E-05 
7.45366E-05 
1.51407E-04 
2.40938E-04 
-3.19205E-04 
-7.16954E-03 
-3.13316E-06 
-2.97936E-05 
-1.67217E-04 
-1.02082E-03 
-6.58853E-03 
-4.47774E-02 
-2.02129E-04 
-5.60290E-04 
-1.74920E-03 
-6.68229E-03 
-3.24210E-02 
-1.92412E-01 
---
