PdfType: replica
Format: lhagrid1
---
4.34963E-04 7.77181E-04 7.77181E-04 1.38865E-03 1.38865E-03 2.48120E-03 2.48120E-03 2.48120E-03 4.43334E-03 4.43334E-03 4.43334E-03 4.43334E-03 7.92137E-03 7.92137E-03 7.92137E-03 7.92137E-03 1.41537E-02 1.41537E-02 1.41537E-02 1.41537E-02 1.41537E-02 2.52895E-02 2.52895E-02 2.52895E-02 2.52895E-02 2.52895E-02 4.51866E-02 4.51866E-02 4.51866E-02 4.51866E-02 4.51866E-02 4.51866E-02 8.07383E-02 8.07383E-02 8.07383E-02 8.07383E-02 8.07383E-02 8.07383E-02 8.07383E-02 1.44261E-01 1.44261E-01 1.44261E-01 1.44261E-01 1.44261E-01 1.44261E-01 2.57762E-01 2.57762E-01 2.57762E-01 2.57762E-01 2.57762E-01 2.57762E-01 4.60562E-01 4.60562E-01 4.60562E-01 4.60562E-01 4.60562E-01 4.60562E-01 
1.58489E+00 1.58489E+00 2.51189E+00 1.58489E+00 2.51189E+00 1.58489E+00 2.51189E+00 3.98107E+00 1.58489E+00 2.51189E+00 3.98107E+00 6.30957E+00 1.58489E+00 2.51189E+00 3.98107E+00 6.30957E+00 1.58489E+00 2.51189E+00 3.98107E+00 6.30957E+00 9.99999E+00 1.58489E+00 2.51189E+00 3.98107E+00 6.30957E+00 9.99999E+00 1.58489E+00 2.51189E+00 3.98107E+00 6.30957E+00 9.99999E+00 1.58489E+01 1.58489E+00 2.51189E+00 3.98107E+00 6.30957E+00 9.99999E+00 1.58489E+01 2.51189E+01 2.51189E+00 3.98107E+00 6.30957E+00 9.99999E+00 1.58489E+01 2.51189E+01 3.98107E+00 6.30957E+00 9.99999E+00 1.58489E+01 2.51189E+01 3.98107E+01 6.30957E+00 9.99999E+00 1.58489E+01 2.51189E+01 3.98107E+01 6.30957E+01 
90000 
2.07087E-04 
2.08067E-04 
5.12618E-04 
2.09117E-04 
5.14520E-04 
2.10168E-04 
5.16930E-04 
1.28363E-03 
2.11170E-04 
5.19507E-04 
1.28890E-03 
3.26980E-03 
2.12064E-04 
5.21944E-04 
1.29451E-03 
3.27273E-03 
2.12694E-04 
5.23703E-04 
1.29883E-03 
3.26760E-03 
8.28300E-03 
2.12490E-04 
5.23407E-04 
1.29837E-03 
3.24962E-03 
8.21626E-03 
2.09857E-04 
5.17560E-04 
1.28453E-03 
3.20198E-03 
8.06935E-03 
2.04602E-02 
2.02441E-04 
5.00345E-04 
1.24262E-03 
3.09194E-03 
7.76382E-03 
1.95988E-02 
5.02836E-02 
4.69535E-04 
1.16743E-03 
2.90614E-03 
7.28038E-03 
1.83199E-02 
4.66651E-02 
1.08559E-03 
2.70764E-03 
6.77890E-03 
1.70268E-02 
4.31251E-02 
1.11786E-01 
2.52564E-03 
6.31505E-03 
1.58293E-02 
3.98939E-02 
1.01967E-01 
2.70828E-01 
---
