PdfType: replica
Format: lhagrid1
---
4.34963E-04 7.77181E-04 7.77181E-04 1.38865E-03 1.38865E-03 2.48120E-03 2.48120E-03 2.48120E-03 4.43334E-03 4.43334E-03 4.43334E-03 4.43334E-03 7.92137E-03 7.92137E-03 7.92137E-03 7.92137E-03 1.41537E-02 1.41537E-02 1.41537E-02 1.41537E-02 1.41537E-02 2.52895E-02 2.52895E-02 2.52895E-02 2.52895E-02 2.52895E-02 4.51866E-02 4.51866E-02 4.51866E-02 4.51866E-02 4.51866E-02 4.51866E-02 8.07383E-02 8.07383E-02 8.07383E-02 8.07383E-02 8.07383E-02 8.07383E-02 8.07383E-02 1.44261E-01 1.44261E-01 1.44261E-01 1.44261E-01 1.44261E-01 1.44261E-01 2.57762E-01 2.57762E-01 2.57762E-01 2.57762E-01 2.57762E-01 2.57762E-01 4.60562E-01 4.60562E-01 4.60562E-01 4.60562E-01 4.60562E-01 4.60562E-01 
1.58489E+00 1.58489E+00 2.51189E+00 1.58489E+00 2.51189E+00 1.58489E+00 2.51189E+00 3.98107E+00 1.58489E+00 2.51189E+00 3.98107E+00 6.30957E+00 1.58489E+00 2.51189E+00 3.98107E+00 6.30957E+00 1.58489E+00 2.51189E+00 3.98107E+00 6.30957E+00 9.99999E+00 1.58489E+00 2.51189E+00 3.98107E+00 6.30957E+00 9.99999E+00 1.58489E+00 2.51189E+00 3.98107E+00 6.30957E+00 9.99999E+00 1.58489E+01 1.58489E+00 2.51189E+00 3.98107E+00 6.30957E+00 9.99999E+00 1.58489E+01 2.51189E+01 2.51189E+00 3.98107E+00 6.30957E+00 9.99999E+00 1.58489E+01 2.51189E+01 3.98107E+00 6.30957E+00 9.99999E+00 1.58489E+01 2.51189E+01 3.98107E+01 6.30957E+00 9.99999E+00 1.58489E+01 2.51189E+01 3.98107E+01 6.30957E+01 
90000 
2.10780E-04 
2.11160E-04 
5.15011E-04 
2.11534E-04 
5.15956E-04 
2.11857E-04 
5.17404E-04 
1.27971E-03 
2.12146E-04 
5.19017E-04 
1.28351E-03 
3.24879E-03 
2.12457E-04 
5.20670E-04 
1.28806E-03 
3.25008E-03 
2.12775E-04 
5.22107E-04 
1.29224E-03 
3.24559E-03 
8.21537E-03 
2.12524E-04 
5.21994E-04 
1.29263E-03 
3.23069E-03 
8.15725E-03 
2.09658E-04 
5.15905E-04 
1.27850E-03 
3.18353E-03 
8.01197E-03 
2.02741E-02 
2.01322E-04 
4.96819E-04 
1.23257E-03 
3.06439E-03 
7.68741E-03 
1.93754E-02 
4.95308E-02 
4.64302E-04 
1.15400E-03 
2.87068E-03 
7.18795E-03 
1.80673E-02 
4.58991E-02 
1.07007E-03 
2.66676E-03 
6.66959E-03 
1.67310E-02 
4.22856E-02 
1.09101E-01 
2.45629E-03 
6.13541E-03 
1.53636E-02 
3.86667E-02 
9.85714E-02 
2.60249E-01 
---
