PdfType: replica
Format: lhagrid1
---
4.34963E-04 7.77181E-04 7.77181E-04 1.38865E-03 1.38865E-03 2.48120E-03 2.48120E-03 2.48120E-03 4.43334E-03 4.43334E-03 4.43334E-03 4.43334E-03 7.92137E-03 7.92137E-03 7.92137E-03 7.92137E-03 1.41537E-02 1.41537E-02 1.41537E-02 1.41537E-02 1.41537E-02 2.52895E-02 2.52895E-02 2.52895E-02 2.52895E-02 2.52895E-02 4.51866E-02 4.51866E-02 4.51866E-02 4.51866E-02 4.51866E-02 4.51866E-02 8.07383E-02 8.07383E-02 8.07383E-02 8.07383E-02 8.07383E-02 8.07383E-02 8.07383E-02 1.44261E-01 1.44261E-01 1.44261E-01 1.44261E-01 1.44261E-01 1.44261E-01 2.57762E-01 2.57762E-01 2.57762E-01 2.57762E-01 2.57762E-01 2.57762E-01 4.60562E-01 4.60562E-01 4.60562E-01 4.60562E-01 4.60562E-01 4.60562E-01 
1.58489E+00 1.58489E+00 2.51189E+00 1.58489E+00 2.51189E+00 1.58489E+00 2.51189E+00 3.98107E+00 1.58489E+00 2.51189E+00 3.98107E+00 6.30957E+00 1.58489E+00 2.51189E+00 3.98107E+00 6.30957E+00 1.58489E+00 2.51189E+00 3.98107E+00 6.30957E+00 9.99999E+00 1.58489E+00 2.51189E+00 3.98107E+00 6.30957E+00 9.99999E+00 1.58489E+00 2.51189E+00 3.98107E+00 6.30957E+00 9.99999E+00 1.58489E+01 1.58489E+00 2.51189E+00 3.98107E+00 6.30957E+00 9.99999E+00 1.58489E+01 2.51189E+01 2.51189E+00 3.98107E+00 6.30957E+00 9.99999E+00 1.58489E+01 2.51189E+01 3.98107E+00 6.30957E+00 9.99999E+00 1.58489E+01 2.51189E+01 3.98107E+01 6.30957E+00 9.99999E+00 1.58489E+01 2.51189E+01 3.98107E+01 6.30957E+01 
90000 
2.58863E-05 
2.82929E-05 
4.93772E-05 
3.03401E-05 
5.54002E-05 
3.20001E-05 
6.06634E-05 
1.12908E-04 
3.32036E-05 
6.49801E-05 
1.27556E-04 
2.49427E-04 
3.38203E-05 
6.79888E-05 
1.38422E-04 
2.88483E-04 
3.35758E-05 
6.89782E-05 
1.44283E-04 
3.03714E-04 
4.05319E-04 
3.18692E-05 
6.66433E-05 
1.42356E-04 
2.95814E-04 
4.49115E-04 
2.76282E-05 
5.85392E-05 
1.26473E-04 
2.55691E-04 
3.91983E-04 
-8.53753E-04 
1.93132E-05 
4.00967E-05 
8.40904E-05 
1.55580E-04 
1.78765E-04 
-9.85884E-04 
-1.26883E-02 
6.60393E-06 
4.02598E-06 
-3.14476E-05 
-2.40377E-04 
-1.63212E-03 
-1.11042E-02 
-8.67486E-05 
-2.40503E-04 
-7.02750E-04 
-2.41004E-03 
-1.03887E-02 
-5.65593E-02 
-4.20324E-04 
-1.11298E-03 
-3.16846E-03 
-1.04581E-02 
-4.33603E-02 
-2.30291E-01 
---
