PdfType: replica
Format: lhagrid1
---
4.34963E-04 7.77181E-04 7.77181E-04 1.38865E-03 1.38865E-03 2.48120E-03 2.48120E-03 2.48120E-03 4.43334E-03 4.43334E-03 4.43334E-03 4.43334E-03 7.92137E-03 7.92137E-03 7.92137E-03 7.92137E-03 1.41537E-02 1.41537E-02 1.41537E-02 1.41537E-02 1.41537E-02 2.52895E-02 2.52895E-02 2.52895E-02 2.52895E-02 2.52895E-02 4.51866E-02 4.51866E-02 4.51866E-02 4.51866E-02 4.51866E-02 4.51866E-02 8.07383E-02 8.07383E-02 8.07383E-02 8.07383E-02 8.07383E-02 8.07383E-02 8.07383E-02 1.44261E-01 1.44261E-01 1.44261E-01 1.44261E-01 1.44261E-01 1.44261E-01 2.57762E-01 2.57762E-01 2.57762E-01 2.57762E-01 2.57762E-01 2.57762E-01 4.60562E-01 4.60562E-01 4.60562E-01 4.60562E-01 4.60562E-01 4.60562E-01 
1.58489E+00 1.58489E+00 2.51189E+00 1.58489E+00 2.51189E+00 1.58489E+00 2.51189E+00 3.98107E+00 1.58489E+00 2.51189E+00 3.98107E+00 6.30957E+00 1.58489E+00 2.51189E+00 3.98107E+00 6.30957E+00 1.58489E+00 2.51189E+00 3.98107E+00 6.30957E+00 9.99999E+00 1.58489E+00 2.51189E+00 3.98107E+00 6.30957E+00 9.99999E+00 1.58489E+00 2.51189E+00 3.98107E+00 6.30957E+00 9.99999E+00 1.58489E+01 1.58489E+00 2.51189E+00 3.98107E+00 6.30957E+00 9.99999E+00 1.58489E+01 2.51189E+01 2.51189E+00 3.98107E+00 6.30957E+00 9.99999E+00 1.58489E+01 2.51189E+01 3.98107E+00 6.30957E+00 9.99999E+00 1.58489E+01 2.51189E+01 3.98107E+01 6.30957E+00 9.99999E+00 1.58489E+01 2.51189E+01 3.98107E+01 6.30957E+01 
90000 
1.69320E-05 
1.82735E-05 
3.78674E-05 
1.94707E-05 
4.20207E-05 
2.06793E-05 
4.56813E-05 
9.35896E-05 
2.20437E-05 
4.93975E-05 
1.06176E-04 
2.25567E-04 
2.37125E-05 
5.35644E-05 
1.18184E-04 
2.66207E-04 
2.57256E-05 
5.81464E-05 
1.30030E-04 
2.91277E-04 
4.18251E-04 
2.73885E-05 
6.13796E-05 
1.37816E-04 
3.00460E-04 
4.96617E-04 
2.59471E-05 
5.73845E-05 
1.28325E-04 
2.70402E-04 
4.58792E-04 
-5.56534E-04 
1.79255E-05 
3.88307E-05 
8.48055E-05 
1.66323E-04 
2.34562E-04 
-7.20877E-04 
-1.12856E-02 
9.49597E-06 
1.50376E-05 
3.50460E-06 
-1.31743E-04 
-1.28285E-03 
-9.82987E-03 
-5.80900E-05 
-1.67166E-04 
-5.12818E-04 
-1.91032E-03 
-9.00614E-03 
-5.22336E-02 
-3.37939E-04 
-9.03619E-04 
-2.63088E-03 
-9.03600E-03 
-3.93063E-02 
-2.16680E-01 
---
