PdfType: replica
Format: lhagrid1
---
4.34963E-04 7.77181E-04 7.77181E-04 1.38865E-03 1.38865E-03 2.48120E-03 2.48120E-03 2.48120E-03 4.43334E-03 4.43334E-03 4.43334E-03 4.43334E-03 7.92137E-03 7.92137E-03 7.92137E-03 7.92137E-03 1.41537E-02 1.41537E-02 1.41537E-02 1.41537E-02 1.41537E-02 2.52895E-02 2.52895E-02 2.52895E-02 2.52895E-02 2.52895E-02 4.51866E-02 4.51866E-02 4.51866E-02 4.51866E-02 4.51866E-02 4.51866E-02 8.07383E-02 8.07383E-02 8.07383E-02 8.07383E-02 8.07383E-02 8.07383E-02 8.07383E-02 1.44261E-01 1.44261E-01 1.44261E-01 1.44261E-01 1.44261E-01 1.44261E-01 2.57762E-01 2.57762E-01 2.57762E-01 2.57762E-01 2.57762E-01 2.57762E-01 4.60562E-01 4.60562E-01 4.60562E-01 4.60562E-01 4.60562E-01 4.60562E-01 
1.58489E+00 1.58489E+00 2.51189E+00 1.58489E+00 2.51189E+00 1.58489E+00 2.51189E+00 3.98107E+00 1.58489E+00 2.51189E+00 3.98107E+00 6.30957E+00 1.58489E+00 2.51189E+00 3.98107E+00 6.30957E+00 1.58489E+00 2.51189E+00 3.98107E+00 6.30957E+00 9.99999E+00 1.58489E+00 2.51189E+00 3.98107E+00 6.30957E+00 9.99999E+00 1.58489E+00 2.51189E+00 3.98107E+00 6.30957E+00 9.99999E+00 1.58489E+01 1.58489E+00 2.51189E+00 3.98107E+00 6.30957E+00 9.99999E+00 1.58489E+01 2.51189E+01 2.51189E+00 3.98107E+00 6.30957E+00 9.99999E+00 1.58489E+01 2.51189E+01 3.98107E+00 6.30957E+00 9.99999E+00 1.58489E+01 2.51189E+01 3.98107E+01 6.30957E+00 9.99999E+00 1.58489E+01 2.51189E+01 3.98107E+01 6.30957E+01 
90000 
2.05999E-04 
2.07155E-04 
5.07979E-04 
2.08390E-04 
5.10364E-04 
2.09648E-04 
5.13351E-04 
1.27115E-03 
2.10899E-04 
5.16607E-04 
1.27817E-03 
3.23474E-03 
2.12095E-04 
5.19833E-04 
1.28578E-03 
3.24294E-03 
2.13038E-04 
5.22357E-04 
1.29198E-03 
3.24290E-03 
8.20249E-03 
2.12878E-04 
5.22122E-04 
1.29162E-03 
3.22578E-03 
8.13908E-03 
2.09189E-04 
5.13859E-04 
1.27215E-03 
3.16546E-03 
7.96309E-03 
2.01417E-02 
1.99003E-04 
4.90771E-04 
1.21720E-03 
3.02607E-03 
7.59101E-03 
1.91325E-02 
4.89121E-02 
4.56037E-04 
1.13386E-03 
2.82283E-03 
7.07056E-03 
1.77791E-02 
4.51851E-02 
1.05231E-03 
2.62397E-03 
6.56891E-03 
1.64910E-02 
4.17017E-02 
1.07616E-01 
2.43522E-03 
6.08990E-03 
1.52626E-02 
3.84335E-02 
9.79833E-02 
2.58432E-01 
---
