PdfType: replica
Format: lhagrid1
---
4.34963E-04 7.77181E-04 7.77181E-04 1.38865E-03 1.38865E-03 2.48120E-03 2.48120E-03 2.48120E-03 4.43334E-03 4.43334E-03 4.43334E-03 4.43334E-03 7.92137E-03 7.92137E-03 7.92137E-03 7.92137E-03 1.41537E-02 1.41537E-02 1.41537E-02 1.41537E-02 1.41537E-02 2.52895E-02 2.52895E-02 2.52895E-02 2.52895E-02 2.52895E-02 4.51866E-02 4.51866E-02 4.51866E-02 4.51866E-02 4.51866E-02 4.51866E-02 8.07383E-02 8.07383E-02 8.07383E-02 8.07383E-02 8.07383E-02 8.07383E-02 8.07383E-02 1.44261E-01 1.44261E-01 1.44261E-01 1.44261E-01 1.44261E-01 1.44261E-01 2.57762E-01 2.57762E-01 2.57762E-01 2.57762E-01 2.57762E-01 2.57762E-01 4.60562E-01 4.60562E-01 4.60562E-01 4.60562E-01 4.60562E-01 4.60562E-01 
1.58489E+00 1.58489E+00 2.51189E+00 1.58489E+00 2.51189E+00 1.58489E+00 2.51189E+00 3.98107E+00 1.58489E+00 2.51189E+00 3.98107E+00 6.30957E+00 1.58489E+00 2.51189E+00 3.98107E+00 6.30957E+00 1.58489E+00 2.51189E+00 3.98107E+00 6.30957E+00 9.99999E+00 1.58489E+00 2.51189E+00 3.98107E+00 6.30957E+00 9.99999E+00 1.58489E+00 2.51189E+00 3.98107E+00 6.30957E+00 9.99999E+00 1.58489E+01 1.58489E+00 2.51189E+00 3.98107E+00 6.30957E+00 9.99999E+00 1.58489E+01 2.51189E+01 2.51189E+00 3.98107E+00 6.30957E+00 9.99999E+00 1.58489E+01 2.51189E+01 3.98107E+00 6.30957E+00 9.99999E+00 1.58489E+01 2.51189E+01 3.98107E+01 6.30957E+00 9.99999E+00 1.58489E+01 2.51189E+01 3.98107E+01 6.30957E+01 
90000 
3.22285E-05 
3.35018E-05 
6.41432E-05 
3.44724E-05 
6.80686E-05 
3.51862E-05 
7.14158E-05 
1.44688E-04 
3.56891E-05 
7.42171E-05 
1.55668E-04 
3.32395E-04 
3.60213E-05 
7.64833E-05 
1.64484E-04 
3.64783E-04 
3.61259E-05 
7.79682E-05 
1.70879E-04 
3.79101E-04 
6.19940E-04 
3.54866E-05 
7.74817E-05 
1.72238E-04 
3.76539E-04 
6.69911E-04 
3.24333E-05 
7.13097E-05 
1.59643E-04 
3.42014E-04 
6.21720E-04 
-1.99510E-04 
2.42473E-05 
5.26900E-05 
1.16179E-04 
2.37994E-04 
3.96766E-04 
-3.70517E-04 
-1.06724E-02 
1.85198E-05 
3.47779E-05 
4.72639E-05 
-3.42382E-05 
-1.07148E-03 
-9.42554E-03 
-5.22609E-05 
-1.53533E-04 
-4.82662E-04 
-1.84297E-03 
-8.85794E-03 
-5.19380E-02 
-3.28872E-04 
-8.83732E-04 
-2.58623E-03 
-8.93258E-03 
-3.90527E-02 
-2.15988E-01 
---
