PdfType: replica
Format: lhagrid1
---
4.34963E-04 7.77181E-04 7.77181E-04 1.38865E-03 1.38865E-03 2.48120E-03 2.48120E-03 2.48120E-03 4.43334E-03 4.43334E-03 4.43334E-03 4.43334E-03 7.92137E-03 7.92137E-03 7.92137E-03 7.92137E-03 1.41537E-02 1.41537E-02 1.41537E-02 1.41537E-02 1.41537E-02 2.52895E-02 2.52895E-02 2.52895E-02 2.52895E-02 2.52895E-02 4.51866E-02 4.51866E-02 4.51866E-02 4.51866E-02 4.51866E-02 4.51866E-02 8.07383E-02 8.07383E-02 8.07383E-02 8.07383E-02 8.07383E-02 8.07383E-02 8.07383E-02 1.44261E-01 1.44261E-01 1.44261E-01 1.44261E-01 1.44261E-01 1.44261E-01 2.57762E-01 2.57762E-01 2.57762E-01 2.57762E-01 2.57762E-01 2.57762E-01 4.60562E-01 4.60562E-01 4.60562E-01 4.60562E-01 4.60562E-01 4.60562E-01 
1.58489E+00 1.58489E+00 2.51189E+00 1.58489E+00 2.51189E+00 1.58489E+00 2.51189E+00 3.98107E+00 1.58489E+00 2.51189E+00 3.98107E+00 6.30957E+00 1.58489E+00 2.51189E+00 3.98107E+00 6.30957E+00 1.58489E+00 2.51189E+00 3.98107E+00 6.30957E+00 9.99999E+00 1.58489E+00 2.51189E+00 3.98107E+00 6.30957E+00 9.99999E+00 1.58489E+00 2.51189E+00 3.98107E+00 6.30957E+00 9.99999E+00 1.58489E+01 1.58489E+00 2.51189E+00 3.98107E+00 6.30957E+00 9.99999E+00 1.58489E+01 2.51189E+01 2.51189E+00 3.98107E+00 6.30957E+00 9.99999E+00 1.58489E+01 2.51189E+01 3.98107E+00 6.30957E+00 9.99999E+00 1.58489E+01 2.51189E+01 3.98107E+01 6.30957E+00 9.99999E+00 1.58489E+01 2.51189E+01 3.98107E+01 6.30957E+01 
90000 
1.74484E-05 
1.90408E-05 
3.92143E-05 
2.04724E-05 
4.38020E-05 
2.18856E-05 
4.78399E-05 
9.86513E-05 
2.33836E-05 
5.18087E-05 
1.11513E-04 
2.41487E-04 
2.50570E-05 
5.59910E-05 
1.23369E-04 
2.79957E-04 
2.69083E-05 
6.02853E-05 
1.34500E-04 
3.02289E-04 
4.55214E-04 
2.82954E-05 
6.30376E-05 
1.41213E-04 
3.08468E-04 
5.19250E-04 
2.65619E-05 
5.84963E-05 
1.30488E-04 
2.75223E-04 
4.69823E-04 
-5.27714E-04 
1.81546E-05 
3.91860E-05 
8.54073E-05 
1.67389E-04 
2.36857E-04 
-7.15934E-04 
-1.12736E-02 
9.54330E-06 
1.52595E-05 
3.76621E-06 
-1.30214E-04 
-1.27638E-03 
-9.79841E-03 
-5.79361E-05 
-1.66670E-04 
-5.11399E-04 
-1.90352E-03 
-8.96323E-03 
-5.19329E-02 
-3.28204E-04 
-8.76006E-04 
-2.54971E-03 
-8.77335E-03 
-3.82919E-02 
-2.11722E-01 
---
