PdfType: replica
Format: lhagrid1
---
4.34963E-04 7.77181E-04 7.77181E-04 1.38865E-03 1.38865E-03 2.48120E-03 2.48120E-03 2.48120E-03 4.43334E-03 4.43334E-03 4.43334E-03 4.43334E-03 7.92137E-03 7.92137E-03 7.92137E-03 7.92137E-03 1.41537E-02 1.41537E-02 1.41537E-02 1.41537E-02 1.41537E-02 2.52895E-02 2.52895E-02 2.52895E-02 2.52895E-02 2.52895E-02 4.51866E-02 4.51866E-02 4.51866E-02 4.51866E-02 4.51866E-02 4.51866E-02 8.07383E-02 8.07383E-02 8.07383E-02 8.07383E-02 8.07383E-02 8.07383E-02 8.07383E-02 1.44261E-01 1.44261E-01 1.44261E-01 1.44261E-01 1.44261E-01 1.44261E-01 2.57762E-01 2.57762E-01 2.57762E-01 2.57762E-01 2.57762E-01 2.57762E-01 4.60562E-01 4.60562E-01 4.60562E-01 4.60562E-01 4.60562E-01 4.60562E-01 
1.58489E+00 1.58489E+00 2.51189E+00 1.58489E+00 2.51189E+00 1.58489E+00 2.51189E+00 3.98107E+00 1.58489E+00 2.51189E+00 3.98107E+00 6.30957E+00 1.58489E+00 2.51189E+00 3.98107E+00 6.30957E+00 1.58489E+00 2.51189E+00 3.98107E+00 6.30957E+00 9.99999E+00 1.58489E+00 2.51189E+00 3.98107E+00 6.30957E+00 9.99999E+00 1.58489E+00 2.51189E+00 3.98107E+00 6.30957E+00 9.99999E+00 1.58489E+01 1.58489E+00 2.51189E+00 3.98107E+00 6.30957E+00 9.99999E+00 1.58489E+01 2.51189E+01 2.51189E+00 3.98107E+00 6.30957E+00 9.99999E+00 1.58489E+01 2.51189E+01 3.98107E+00 6.30957E+00 9.99999E+00 1.58489E+01 2.51189E+01 3.98107E+01 6.30957E+00 9.99999E+00 1.58489E+01 2.51189E+01 3.98107E+01 6.30957E+01 
90000 
2.05401E-04 
2.06344E-04 
5.07560E-04 
2.07270E-04 
5.09266E-04 
2.08077E-04 
5.11226E-04 
1.26860E-03 
2.08669E-04 
5.13003E-04 
1.27228E-03 
3.22658E-03 
2.08965E-04 
5.14271E-04 
1.27554E-03 
3.22497E-03 
2.08925E-04 
5.14804E-04 
1.27743E-03 
3.21519E-03 
8.15038E-03 
2.08443E-04 
5.14081E-04 
1.27608E-03 
3.19561E-03 
8.08063E-03 
2.06110E-04 
5.08452E-04 
1.26186E-03 
3.14598E-03 
7.92640E-03 
2.00823E-02 
1.97837E-04 
4.88672E-04 
1.21318E-03 
3.01855E-03 
7.57874E-03 
1.91212E-02 
4.89702E-02 
4.55046E-04 
1.13220E-03 
2.81945E-03 
7.06713E-03 
1.77843E-02 
4.52581E-02 
1.05291E-03 
2.62562E-03 
6.57386E-03 
1.65080E-02 
4.17771E-02 
1.08046E-01 
2.43766E-03 
6.09534E-03 
1.52772E-02 
3.84869E-02 
9.82525E-02 
2.60120E-01 
---
