PdfType: replica
Format: lhagrid1
---
4.34963E-04 7.77181E-04 7.77181E-04 1.38865E-03 1.38865E-03 2.48120E-03 2.48120E-03 2.48120E-03 4.43334E-03 4.43334E-03 4.43334E-03 4.43334E-03 7.92137E-03 7.92137E-03 7.92137E-03 7.92137E-03 1.41537E-02 1.41537E-02 1.41537E-02 1.41537E-02 1.41537E-02 2.52895E-02 2.52895E-02 2.52895E-02 2.52895E-02 2.52895E-02 4.51866E-02 4.51866E-02 4.51866E-02 4.51866E-02 4.51866E-02 4.51866E-02 8.07383E-02 8.07383E-02 8.07383E-02 8.07383E-02 8.07383E-02 8.07383E-02 8.07383E-02 1.44261E-01 1.44261E-01 1.44261E-01 1.44261E-01 1.44261E-01 1.44261E-01 2.57762E-01 2.57762E-01 2.57762E-01 2.57762E-01 2.57762E-01 2.57762E-01 4.60562E-01 4.60562E-01 4.60562E-01 4.60562E-01 4.60562E-01 4.60562E-01 
1.58489E+00 1.58489E+00 2.51189E+00 1.58489E+00 2.51189E+00 1.58489E+00 2.51189E+00 3.98107E+00 1.58489E+00 2.51189E+00 3.98107E+00 6.30957E+00 1.58489E+00 2.51189E+00 3.98107E+00 6.30957E+00 1.58489E+00 2.51189E+00 3.98107E+00 6.30957E+00 9.99999E+00 1.58489E+00 2.51189E+00 3.98107E+00 6.30957E+00 9.99999E+00 1.58489E+00 2.51189E+00 3.98107E+00 6.30957E+00 9.99999E+00 1.58489E+01 1.58489E+00 2.51189E+00 3.98107E+00 6.30957E+00 9.99999E+00 1.58489E+01 2.51189E+01 2.51189E+00 3.98107E+00 6.30957E+00 9.99999E+00 1.58489E+01 2.51189E+01 3.98107E+00 6.30957E+00 9.99999E+00 1.58489E+01 2.51189E+01 3.98107E+01 6.30957E+00 9.99999E+00 1.58489E+01 2.51189E+01 3.98107E+01 6.30957E+01 
90000 
1.97518E-04 
1.97917E-04 
4.90190E-04 
1.98453E-04 
4.91222E-04 
1.99136E-04 
4.92847E-04 
1.22765E-03 
2.00010E-04 
4.95014E-04 
1.23220E-03 
3.13250E-03 
2.01137E-04 
4.97739E-04 
1.23832E-03 
3.13761E-03 
2.02498E-04 
5.00783E-04 
1.24508E-03 
3.13764E-03 
7.95547E-03 
2.03471E-04 
5.02546E-04 
1.24840E-03 
3.12715E-03 
7.90626E-03 
2.01721E-04 
4.97947E-04 
1.23630E-03 
3.08222E-03 
7.76401E-03 
1.96396E-02 
1.94053E-04 
4.79803E-04 
1.19178E-03 
2.96561E-03 
7.44377E-03 
1.87561E-02 
4.78425E-02 
4.49034E-04 
1.11666E-03 
2.77956E-03 
6.96178E-03 
1.74945E-02 
4.43730E-02 
1.03429E-03 
2.57806E-03 
6.45163E-03 
1.61856E-02 
4.08679E-02 
1.05066E-01 
2.38303E-03 
5.95678E-03 
1.49211E-02 
3.75380E-02 
9.54935E-02 
2.50503E-01 
---
