PdfType: replica
Format: lhagrid1
---
4.34963E-04 7.77181E-04 7.77181E-04 1.38865E-03 1.38865E-03 2.48120E-03 2.48120E-03 2.48120E-03 4.43334E-03 4.43334E-03 4.43334E-03 4.43334E-03 7.92137E-03 7.92137E-03 7.92137E-03 7.92137E-03 1.41537E-02 1.41537E-02 1.41537E-02 1.41537E-02 1.41537E-02 2.52895E-02 2.52895E-02 2.52895E-02 2.52895E-02 2.52895E-02 4.51866E-02 4.51866E-02 4.51866E-02 4.51866E-02 4.51866E-02 4.51866E-02 8.07383E-02 8.07383E-02 8.07383E-02 8.07383E-02 8.07383E-02 8.07383E-02 8.07383E-02 1.44261E-01 1.44261E-01 1.44261E-01 1.44261E-01 1.44261E-01 1.44261E-01 2.57762E-01 2.57762E-01 2.57762E-01 2.57762E-01 2.57762E-01 2.57762E-01 4.60562E-01 4.60562E-01 4.60562E-01 4.60562E-01 4.60562E-01 4.60562E-01 
1.58489E+00 1.58489E+00 2.51189E+00 1.58489E+00 2.51189E+00 1.58489E+00 2.51189E+00 3.98107E+00 1.58489E+00 2.51189E+00 3.98107E+00 6.30957E+00 1.58489E+00 2.51189E+00 3.98107E+00 6.30957E+00 1.58489E+00 2.51189E+00 3.98107E+00 6.30957E+00 9.99999E+00 1.58489E+00 2.51189E+00 3.98107E+00 6.30957E+00 9.99999E+00 1.58489E+00 2.51189E+00 3.98107E+00 6.30957E+00 9.99999E+00 1.58489E+01 1.58489E+00 2.51189E+00 3.98107E+00 6.30957E+00 9.99999E+00 1.58489E+01 2.51189E+01 2.51189E+00 3.98107E+00 6.30957E+00 9.99999E+00 1.58489E+01 2.51189E+01 3.98107E+00 6.30957E+00 9.99999E+00 1.58489E+01 2.51189E+01 3.98107E+01 6.30957E+00 9.99999E+00 1.58489E+01 2.51189E+01 3.98107E+01 6.30957E+01 
90000 
2.12389E-05 
2.27117E-05 
4.48036E-05 
2.39228E-05 
4.90477E-05 
2.49380E-05 
5.25763E-05 
1.05554E-04 
2.58286E-05 
5.56451E-05 
1.17209E-04 
2.45697E-04 
2.66889E-05 
5.84499E-05 
1.26836E-04 
2.82078E-04 
2.75578E-05 
6.09810E-05 
1.34843E-04 
2.99633E-04 
4.35157E-04 
2.79999E-05 
6.22119E-05 
1.39046E-04 
3.01959E-04 
4.96282E-04 
2.61532E-05 
5.80095E-05 
1.29876E-04 
2.73718E-04 
4.62223E-04 
-5.77389E-04 
1.90818E-05 
4.15234E-05 
9.11282E-05 
1.79904E-04 
2.65174E-04 
-6.59837E-04 
-1.12222E-02 
1.26271E-05 
2.19555E-05 
1.74990E-05 
-1.01879E-04 
-1.22404E-03 
-9.75135E-03 
-5.56798E-05 
-1.60997E-04 
-5.02559E-04 
-1.89858E-03 
-9.03628E-03 
-5.26719E-02 
-3.26275E-04 
-8.77191E-04 
-2.56900E-03 
-8.88634E-03 
-3.89238E-02 
-2.15571E-01 
---
