PdfType: replica
Format: lhagrid1
---
4.34963E-04 7.77181E-04 7.77181E-04 1.38865E-03 1.38865E-03 2.48120E-03 2.48120E-03 2.48120E-03 4.43334E-03 4.43334E-03 4.43334E-03 4.43334E-03 7.92137E-03 7.92137E-03 7.92137E-03 7.92137E-03 1.41537E-02 1.41537E-02 1.41537E-02 1.41537E-02 1.41537E-02 2.52895E-02 2.52895E-02 2.52895E-02 2.52895E-02 2.52895E-02 4.51866E-02 4.51866E-02 4.51866E-02 4.51866E-02 4.51866E-02 4.51866E-02 8.07383E-02 8.07383E-02 8.07383E-02 8.07383E-02 8.07383E-02 8.07383E-02 8.07383E-02 1.44261E-01 1.44261E-01 1.44261E-01 1.44261E-01 1.44261E-01 1.44261E-01 2.57762E-01 2.57762E-01 2.57762E-01 2.57762E-01 2.57762E-01 2.57762E-01 4.60562E-01 4.60562E-01 4.60562E-01 4.60562E-01 4.60562E-01 4.60562E-01 
1.58489E+00 1.58489E+00 2.51189E+00 1.58489E+00 2.51189E+00 1.58489E+00 2.51189E+00 3.98107E+00 1.58489E+00 2.51189E+00 3.98107E+00 6.30957E+00 1.58489E+00 2.51189E+00 3.98107E+00 6.30957E+00 1.58489E+00 2.51189E+00 3.98107E+00 6.30957E+00 9.99999E+00 1.58489E+00 2.51189E+00 3.98107E+00 6.30957E+00 9.99999E+00 1.58489E+00 2.51189E+00 3.98107E+00 6.30957E+00 9.99999E+00 1.58489E+01 1.58489E+00 2.51189E+00 3.98107E+00 6.30957E+00 9.99999E+00 1.58489E+01 2.51189E+01 2.51189E+00 3.98107E+00 6.30957E+00 9.99999E+00 1.58489E+01 2.51189E+01 3.98107E+00 6.30957E+00 9.99999E+00 1.58489E+01 2.51189E+01 3.98107E+01 6.30957E+00 9.99999E+00 1.58489E+01 2.51189E+01 3.98107E+01 6.30957E+01 
90000 
1.41062E-05 
1.55250E-05 
3.03831E-05 
1.67819E-05 
3.46453E-05 
1.80029E-05 
3.83631E-05 
7.40300E-05 
1.93144E-05 
4.20428E-05 
8.67333E-05 
1.72830E-04 
2.08907E-05 
4.61425E-05 
9.88668E-05 
2.14617E-04 
2.29148E-05 
5.09445E-05 
1.11551E-04 
2.42492E-04 
2.81910E-04 
2.50298E-05 
5.53449E-05 
1.22234E-04 
2.59131E-04 
3.80377E-04 
2.46724E-05 
5.36203E-05 
1.17701E-04 
2.40715E-04 
3.71127E-04 
-8.47403E-04 
1.71741E-05 
3.57464E-05 
7.50302E-05 
1.37828E-04 
1.51120E-04 
-9.79606E-04 
-1.22166E-02 
2.33406E-06 
-4.15064E-06 
-4.71270E-05 
-2.64293E-04 
-1.63893E-03 
-1.08585E-02 
-8.44437E-05 
-2.33634E-04 
-6.81218E-04 
-2.34462E-03 
-1.01775E-02 
-5.57552E-02 
-4.05069E-04 
-1.07314E-03 
-3.06340E-03 
-1.01704E-02 
-4.24928E-02 
-2.27116E-01 
---
