PdfType: replica
Format: lhagrid1
---
4.34963E-04 7.77181E-04 7.77181E-04 1.38865E-03 1.38865E-03 2.48120E-03 2.48120E-03 2.48120E-03 4.43334E-03 4.43334E-03 4.43334E-03 4.43334E-03 7.92137E-03 7.92137E-03 7.92137E-03 7.92137E-03 1.41537E-02 1.41537E-02 1.41537E-02 1.41537E-02 1.41537E-02 2.52895E-02 2.52895E-02 2.52895E-02 2.52895E-02 2.52895E-02 4.51866E-02 4.51866E-02 4.51866E-02 4.51866E-02 4.51866E-02 4.51866E-02 8.07383E-02 8.07383E-02 8.07383E-02 8.07383E-02 8.07383E-02 8.07383E-02 8.07383E-02 1.44261E-01 1.44261E-01 1.44261E-01 1.44261E-01 1.44261E-01 1.44261E-01 2.57762E-01 2.57762E-01 2.57762E-01 2.57762E-01 2.57762E-01 2.57762E-01 4.60562E-01 4.60562E-01 4.60562E-01 4.60562E-01 4.60562E-01 4.60562E-01 
1.58489E+00 1.58489E+00 2.51189E+00 1.58489E+00 2.51189E+00 1.58489E+00 2.51189E+00 3.98107E+00 1.58489E+00 2.51189E+00 3.98107E+00 6.30957E+00 1.58489E+00 2.51189E+00 3.98107E+00 6.30957E+00 1.58489E+00 2.51189E+00 3.98107E+00 6.30957E+00 9.99999E+00 1.58489E+00 2.51189E+00 3.98107E+00 6.30957E+00 9.99999E+00 1.58489E+00 2.51189E+00 3.98107E+00 6.30957E+00 9.99999E+00 1.58489E+01 1.58489E+00 2.51189E+00 3.98107E+00 6.30957E+00 9.99999E+00 1.58489E+01 2.51189E+01 2.51189E+00 3.98107E+00 6.30957E+00 9.99999E+00 1.58489E+01 2.51189E+01 3.98107E+00 6.30957E+00 9.99999E+00 1.58489E+01 2.51189E+01 3.98107E+01 6.30957E+00 9.99999E+00 1.58489E+01 2.51189E+01 3.98107E+01 6.30957E+01 
90000 
2.54738E-05 
2.69767E-05 
5.59085E-05 
2.82539E-05 
6.01570E-05 
2.93748E-05 
6.37874E-05 
1.34719E-04 
3.03914E-05 
6.70323E-05 
1.46250E-04 
3.22867E-04 
3.13535E-05 
7.00099E-05 
1.55928E-04 
3.57225E-04 
3.22498E-05 
7.26027E-05 
1.63928E-04 
3.73707E-04 
6.32688E-04 
3.26640E-05 
7.37852E-05 
1.68030E-04 
3.75310E-04 
6.89331E-04 
3.09137E-05 
6.97959E-05 
1.59351E-04 
3.47906E-04 
6.53990E-04 
-5.16125E-05 
2.40193E-05 
5.35961E-05 
1.20862E-04 
2.54573E-04 
4.52024E-04 
-1.77134E-04 
-9.87681E-03 
2.31559E-05 
4.81336E-05 
8.39298E-05 
6.68208E-05 
-7.83357E-04 
-8.51672E-03 
-2.94964E-05 
-9.59934E-05 
-3.36699E-04 
-1.46679E-03 
-7.84614E-03 
-4.89169E-02 
-2.71252E-04 
-7.38564E-04 
-2.21621E-03 
-7.96178E-03 
-3.63174E-02 
-2.06960E-01 
---
