PdfType: replica
Format: lhagrid1
---
4.34963E-04 7.77181E-04 7.77181E-04 1.38865E-03 1.38865E-03 2.48120E-03 2.48120E-03 2.48120E-03 4.43334E-03 4.43334E-03 4.43334E-03 4.43334E-03 7.92137E-03 7.92137E-03 7.92137E-03 7.92137E-03 1.41537E-02 1.41537E-02 1.41537E-02 1.41537E-02 1.41537E-02 2.52895E-02 2.52895E-02 2.52895E-02 2.52895E-02 2.52895E-02 4.51866E-02 4.51866E-02 4.51866E-02 4.51866E-02 4.51866E-02 4.51866E-02 8.07383E-02 8.07383E-02 8.07383E-02 8.07383E-02 8.07383E-02 8.07383E-02 8.07383E-02 1.44261E-01 1.44261E-01 1.44261E-01 1.44261E-01 1.44261E-01 1.44261E-01 2.57762E-01 2.57762E-01 2.57762E-01 2.57762E-01 2.57762E-01 2.57762E-01 4.60562E-01 4.60562E-01 4.60562E-01 4.60562E-01 4.60562E-01 4.60562E-01 
1.58489E+00 1.58489E+00 2.51189E+00 1.58489E+00 2.51189E+00 1.58489E+00 2.51189E+00 3.98107E+00 1.58489E+00 2.51189E+00 3.98107E+00 6.30957E+00 1.58489E+00 2.51189E+00 3.98107E+00 6.30957E+00 1.58489E+00 2.51189E+00 3.98107E+00 6.30957E+00 9.99999E+00 1.58489E+00 2.51189E+00 3.98107E+00 6.30957E+00 9.99999E+00 1.58489E+00 2.51189E+00 3.98107E+00 6.30957E+00 9.99999E+00 1.58489E+01 1.58489E+00 2.51189E+00 3.98107E+00 6.30957E+00 9.99999E+00 1.58489E+01 2.51189E+01 2.51189E+00 3.98107E+00 6.30957E+00 9.99999E+00 1.58489E+01 2.51189E+01 3.98107E+00 6.30957E+00 9.99999E+00 1.58489E+01 2.51189E+01 3.98107E+01 6.30957E+00 9.99999E+00 1.58489E+01 2.51189E+01 3.98107E+01 6.30957E+01 
90000 
1.98697E-04 
1.99555E-04 
4.92339E-04 
2.00419E-04 
4.93924E-04 
2.01185E-04 
4.95703E-04 
1.23179E-03 
2.01731E-04 
4.97242E-04 
1.23496E-03 
3.13467E-03 
2.01915E-04 
4.98151E-04 
1.23733E-03 
3.13165E-03 
2.01668E-04 
4.98183E-04 
1.23802E-03 
3.11917E-03 
7.90708E-03 
2.01024E-04 
4.97084E-04 
1.23572E-03 
3.09719E-03 
7.83322E-03 
1.98960E-04 
4.91875E-04 
1.22221E-03 
3.04867E-03 
7.68245E-03 
1.94364E-02 
1.91523E-04 
4.73678E-04 
1.17680E-03 
2.92853E-03 
7.35218E-03 
1.85264E-02 
4.72455E-02 
4.41994E-04 
1.09982E-03 
2.73885E-03 
6.86232E-03 
1.72485E-02 
4.37478E-02 
1.02201E-03 
2.54890E-03 
6.38138E-03 
1.60142E-02 
4.04385E-02 
1.03915E-01 
2.37666E-03 
5.94690E-03 
1.49072E-02 
3.75173E-02 
9.54130E-02 
2.49811E-01 
---
