PdfType: replica
Format: lhagrid1
---
4.34963E-04 7.77181E-04 7.77181E-04 1.38865E-03 1.38865E-03 2.48120E-03 2.48120E-03 2.48120E-03 4.43334E-03 4.43334E-03 4.43334E-03 4.43334E-03 7.92137E-03 7.92137E-03 7.92137E-03 7.92137E-03 1.41537E-02 1.41537E-02 1.41537E-02 1.41537E-02 1.41537E-02 2.52895E-02 2.52895E-02 2.52895E-02 2.52895E-02 2.52895E-02 4.51866E-02 4.51866E-02 4.51866E-02 4.51866E-02 4.51866E-02 4.51866E-02 8.07383E-02 8.07383E-02 8.07383E-02 8.07383E-02 8.07383E-02 8.07383E-02 8.07383E-02 1.44261E-01 1.44261E-01 1.44261E-01 1.44261E-01 1.44261E-01 1.44261E-01 2.57762E-01 2.57762E-01 2.57762E-01 2.57762E-01 2.57762E-01 2.57762E-01 4.60562E-01 4.60562E-01 4.60562E-01 4.60562E-01 4.60562E-01 4.60562E-01 
1.58489E+00 1.58489E+00 2.51189E+00 1.58489E+00 2.51189E+00 1.58489E+00 2.51189E+00 3.98107E+00 1.58489E+00 2.51189E+00 3.98107E+00 6.30957E+00 1.58489E+00 2.51189E+00 3.98107E+00 6.30957E+00 1.58489E+00 2.51189E+00 3.98107E+00 6.30957E+00 9.99999E+00 1.58489E+00 2.51189E+00 3.98107E+00 6.30957E+00 9.99999E+00 1.58489E+00 2.51189E+00 3.98107E+00 6.30957E+00 9.99999E+00 1.58489E+01 1.58489E+00 2.51189E+00 3.98107E+00 6.30957E+00 9.99999E+00 1.58489E+01 2.51189E+01 2.51189E+00 3.98107E+00 6.30957E+00 9.99999E+00 1.58489E+01 2.51189E+01 3.98107E+00 6.30957E+00 9.99999E+00 1.58489E+01 2.51189E+01 3.98107E+01 6.30957E+00 9.99999E+00 1.58489E+01 2.51189E+01 3.98107E+01 6.30957E+01 
90000 
2.07507E-04 
2.08091E-04 
5.17507E-04 
2.08866E-04 
5.18733E-04 
2.09807E-04 
5.20623E-04 
1.29930E-03 
2.10895E-04 
5.23019E-04 
1.30390E-03 
3.31760E-03 
2.12119E-04 
5.25838E-04 
1.30999E-03 
3.32167E-03 
2.13511E-04 
5.28990E-04 
1.31696E-03 
3.32200E-03 
8.44091E-03 
2.14823E-04 
5.31508E-04 
1.32186E-03 
3.31483E-03 
8.39647E-03 
2.13815E-04 
5.28072E-04 
1.31167E-03 
3.27274E-03 
8.25670E-03 
2.09907E-02 
2.05717E-04 
5.08666E-04 
1.26385E-03 
3.14747E-03 
7.91240E-03 
2.00239E-02 
5.17004E-02 
4.76435E-04 
1.18592E-03 
2.95590E-03 
7.41550E-03 
1.87050E-02 
4.79004E-02 
1.10648E-03 
2.76128E-03 
6.92124E-03 
1.74157E-02 
4.42736E-02 
1.15790E-01 
2.59372E-03 
6.49664E-03 
1.63147E-02 
4.12329E-02 
1.05998E-01 
2.85362E-01 
---
