PdfType: replica
Format: lhagrid1
---
4.34963E-04 7.77181E-04 7.77181E-04 1.38865E-03 1.38865E-03 2.48120E-03 2.48120E-03 2.48120E-03 4.43334E-03 4.43334E-03 4.43334E-03 4.43334E-03 7.92137E-03 7.92137E-03 7.92137E-03 7.92137E-03 1.41537E-02 1.41537E-02 1.41537E-02 1.41537E-02 1.41537E-02 2.52895E-02 2.52895E-02 2.52895E-02 2.52895E-02 2.52895E-02 4.51866E-02 4.51866E-02 4.51866E-02 4.51866E-02 4.51866E-02 4.51866E-02 8.07383E-02 8.07383E-02 8.07383E-02 8.07383E-02 8.07383E-02 8.07383E-02 8.07383E-02 1.44261E-01 1.44261E-01 1.44261E-01 1.44261E-01 1.44261E-01 1.44261E-01 2.57762E-01 2.57762E-01 2.57762E-01 2.57762E-01 2.57762E-01 2.57762E-01 4.60562E-01 4.60562E-01 4.60562E-01 4.60562E-01 4.60562E-01 4.60562E-01 
1.58489E+00 1.58489E+00 2.51189E+00 1.58489E+00 2.51189E+00 1.58489E+00 2.51189E+00 3.98107E+00 1.58489E+00 2.51189E+00 3.98107E+00 6.30957E+00 1.58489E+00 2.51189E+00 3.98107E+00 6.30957E+00 1.58489E+00 2.51189E+00 3.98107E+00 6.30957E+00 9.99999E+00 1.58489E+00 2.51189E+00 3.98107E+00 6.30957E+00 9.99999E+00 1.58489E+00 2.51189E+00 3.98107E+00 6.30957E+00 9.99999E+00 1.58489E+01 1.58489E+00 2.51189E+00 3.98107E+00 6.30957E+00 9.99999E+00 1.58489E+01 2.51189E+01 2.51189E+00 3.98107E+00 6.30957E+00 9.99999E+00 1.58489E+01 2.51189E+01 3.98107E+00 6.30957E+00 9.99999E+00 1.58489E+01 2.51189E+01 3.98107E+01 6.30957E+00 9.99999E+00 1.58489E+01 2.51189E+01 3.98107E+01 6.30957E+01 
90000 
1.54055E-04 
1.53281E-04 
3.67407E-04 
1.52530E-04 
3.66646E-04 
1.51804E-04 
3.66472E-04 
9.00556E-04 
1.51235E-04 
3.66726E-04 
9.02256E-04 
2.27546E-03 
1.51067E-04 
3.67752E-04 
9.06155E-04 
2.27974E-03 
1.51666E-04 
3.70114E-04 
9.13102E-04 
2.28813E-03 
5.77914E-03 
1.52907E-04 
3.73539E-04 
9.22403E-04 
2.30094E-03 
5.79934E-03 
1.52773E-04 
3.74139E-04 
9.25139E-04 
2.30109E-03 
5.78485E-03 
1.46112E-02 
1.48096E-04 
3.65143E-04 
9.06126E-04 
2.25546E-03 
5.66220E-03 
1.42706E-02 
3.63814E-02 
3.50008E-04 
8.74025E-04 
2.18338E-03 
5.48436E-03 
1.38154E-02 
3.50928E-02 
8.58924E-04 
2.15203E-03 
5.40367E-03 
1.35954E-02 
3.43997E-02 
8.84908E-02 
2.14105E-03 
5.37176E-03 
1.34954E-02 
3.40249E-02 
8.66234E-02 
2.26720E-01 
---
