PdfType: replica
Format: lhagrid1
---
4.34963E-04 7.77181E-04 7.77181E-04 1.38865E-03 1.38865E-03 2.48120E-03 2.48120E-03 2.48120E-03 4.43334E-03 4.43334E-03 4.43334E-03 4.43334E-03 7.92137E-03 7.92137E-03 7.92137E-03 7.92137E-03 1.41537E-02 1.41537E-02 1.41537E-02 1.41537E-02 1.41537E-02 2.52895E-02 2.52895E-02 2.52895E-02 2.52895E-02 2.52895E-02 4.51866E-02 4.51866E-02 4.51866E-02 4.51866E-02 4.51866E-02 4.51866E-02 8.07383E-02 8.07383E-02 8.07383E-02 8.07383E-02 8.07383E-02 8.07383E-02 8.07383E-02 1.44261E-01 1.44261E-01 1.44261E-01 1.44261E-01 1.44261E-01 1.44261E-01 2.57762E-01 2.57762E-01 2.57762E-01 2.57762E-01 2.57762E-01 2.57762E-01 4.60562E-01 4.60562E-01 4.60562E-01 4.60562E-01 4.60562E-01 4.60562E-01 
1.58489E+00 1.58489E+00 2.51189E+00 1.58489E+00 2.51189E+00 1.58489E+00 2.51189E+00 3.98107E+00 1.58489E+00 2.51189E+00 3.98107E+00 6.30957E+00 1.58489E+00 2.51189E+00 3.98107E+00 6.30957E+00 1.58489E+00 2.51189E+00 3.98107E+00 6.30957E+00 9.99999E+00 1.58489E+00 2.51189E+00 3.98107E+00 6.30957E+00 9.99999E+00 1.58489E+00 2.51189E+00 3.98107E+00 6.30957E+00 9.99999E+00 1.58489E+01 1.58489E+00 2.51189E+00 3.98107E+00 6.30957E+00 9.99999E+00 1.58489E+01 2.51189E+01 2.51189E+00 3.98107E+00 6.30957E+00 9.99999E+00 1.58489E+01 2.51189E+01 3.98107E+00 6.30957E+00 9.99999E+00 1.58489E+01 2.51189E+01 3.98107E+01 6.30957E+00 9.99999E+00 1.58489E+01 2.51189E+01 3.98107E+01 6.30957E+01 
90000 
1.53714E-04 
1.52856E-04 
3.66568E-04 
1.52008E-04 
3.65570E-04 
1.51145E-04 
3.65062E-04 
8.97652E-04 
1.50337E-04 
3.64767E-04 
8.98049E-04 
2.26665E-03 
1.49707E-04 
3.64808E-04 
8.99722E-04 
2.26580E-03 
1.49478E-04 
3.65523E-04 
9.03108E-04 
2.26613E-03 
5.72933E-03 
1.49701E-04 
3.67055E-04 
9.08551E-04 
2.27037E-03 
5.73056E-03 
1.49558E-04 
3.67899E-04 
9.12327E-04 
2.27338E-03 
5.72463E-03 
1.44757E-02 
1.47064E-04 
3.63629E-04 
9.03950E-04 
2.25269E-03 
5.65951E-03 
1.42717E-02 
3.64006E-02 
3.52361E-04 
8.79427E-04 
2.19664E-03 
5.51534E-03 
1.38889E-02 
3.52693E-02 
8.60805E-04 
2.15603E-03 
5.41410E-03 
1.36223E-02 
3.44649E-02 
8.86237E-02 
2.14828E-03 
5.39182E-03 
1.35489E-02 
3.41604E-02 
8.69542E-02 
2.27428E-01 
---
