PdfType: replica
Format: lhagrid1
---
4.34963E-04 7.77181E-04 7.77181E-04 1.38865E-03 1.38865E-03 2.48120E-03 2.48120E-03 2.48120E-03 4.43334E-03 4.43334E-03 4.43334E-03 4.43334E-03 7.92137E-03 7.92137E-03 7.92137E-03 7.92137E-03 1.41537E-02 1.41537E-02 1.41537E-02 1.41537E-02 1.41537E-02 2.52895E-02 2.52895E-02 2.52895E-02 2.52895E-02 2.52895E-02 4.51866E-02 4.51866E-02 4.51866E-02 4.51866E-02 4.51866E-02 4.51866E-02 8.07383E-02 8.07383E-02 8.07383E-02 8.07383E-02 8.07383E-02 8.07383E-02 8.07383E-02 1.44261E-01 1.44261E-01 1.44261E-01 1.44261E-01 1.44261E-01 1.44261E-01 2.57762E-01 2.57762E-01 2.57762E-01 2.57762E-01 2.57762E-01 2.57762E-01 4.60562E-01 4.60562E-01 4.60562E-01 4.60562E-01 4.60562E-01 4.60562E-01 
1.58489E+00 1.58489E+00 2.51189E+00 1.58489E+00 2.51189E+00 1.58489E+00 2.51189E+00 3.98107E+00 1.58489E+00 2.51189E+00 3.98107E+00 6.30957E+00 1.58489E+00 2.51189E+00 3.98107E+00 6.30957E+00 1.58489E+00 2.51189E+00 3.98107E+00 6.30957E+00 9.99999E+00 1.58489E+00 2.51189E+00 3.98107E+00 6.30957E+00 9.99999E+00 1.58489E+00 2.51189E+00 3.98107E+00 6.30957E+00 9.99999E+00 1.58489E+01 1.58489E+00 2.51189E+00 3.98107E+00 6.30957E+00 9.99999E+00 1.58489E+01 2.51189E+01 2.51189E+00 3.98107E+00 6.30957E+00 9.99999E+00 1.58489E+01 2.51189E+01 3.98107E+00 6.30957E+00 9.99999E+00 1.58489E+01 2.51189E+01 3.98107E+01 6.30957E+00 9.99999E+00 1.58489E+01 2.51189E+01 3.98107E+01 6.30957E+01 
90000 
1.53836E-04 
1.53057E-04 
3.66777E-04 
1.52334E-04 
3.66064E-04 
1.51675E-04 
3.66021E-04 
8.99609E-04 
1.51200E-04 
3.66482E-04 
9.01722E-04 
2.27476E-03 
1.51106E-04 
3.67721E-04 
9.06082E-04 
2.27989E-03 
1.51680E-04 
3.70148E-04 
9.13238E-04 
2.28868E-03 
5.78161E-03 
1.52806E-04 
3.73467E-04 
9.22438E-04 
2.30126E-03 
5.80101E-03 
1.52858E-04 
3.74480E-04 
9.26244E-04 
2.30389E-03 
5.79295E-03 
1.46341E-02 
1.48883E-04 
3.66982E-04 
9.10582E-04 
2.26621E-03 
5.68817E-03 
1.43343E-02 
3.65449E-02 
3.51917E-04 
8.78106E-04 
2.19282E-03 
5.50507E-03 
1.38621E-02 
3.52017E-02 
8.58629E-04 
2.15057E-03 
5.39954E-03 
1.35845E-02 
3.43702E-02 
8.84080E-02 
2.13751E-03 
5.36267E-03 
1.34730E-02 
3.39679E-02 
8.64816E-02 
2.26371E-01 
---
