PdfType: replica
Format: lhagrid1
---
4.34963E-04 7.77181E-04 7.77181E-04 1.38865E-03 1.38865E-03 2.48120E-03 2.48120E-03 2.48120E-03 4.43334E-03 4.43334E-03 4.43334E-03 4.43334E-03 7.92137E-03 7.92137E-03 7.92137E-03 7.92137E-03 1.41537E-02 1.41537E-02 1.41537E-02 1.41537E-02 1.41537E-02 2.52895E-02 2.52895E-02 2.52895E-02 2.52895E-02 2.52895E-02 4.51866E-02 4.51866E-02 4.51866E-02 4.51866E-02 4.51866E-02 4.51866E-02 8.07383E-02 8.07383E-02 8.07383E-02 8.07383E-02 8.07383E-02 8.07383E-02 8.07383E-02 1.44261E-01 1.44261E-01 1.44261E-01 1.44261E-01 1.44261E-01 1.44261E-01 2.57762E-01 2.57762E-01 2.57762E-01 2.57762E-01 2.57762E-01 2.57762E-01 4.60562E-01 4.60562E-01 4.60562E-01 4.60562E-01 4.60562E-01 4.60562E-01 
1.58489E+00 1.58489E+00 2.51189E+00 1.58489E+00 2.51189E+00 1.58489E+00 2.51189E+00 3.98107E+00 1.58489E+00 2.51189E+00 3.98107E+00 6.30957E+00 1.58489E+00 2.51189E+00 3.98107E+00 6.30957E+00 1.58489E+00 2.51189E+00 3.98107E+00 6.30957E+00 9.99999E+00 1.58489E+00 2.51189E+00 3.98107E+00 6.30957E+00 9.99999E+00 1.58489E+00 2.51189E+00 3.98107E+00 6.30957E+00 9.99999E+00 1.58489E+01 1.58489E+00 2.51189E+00 3.98107E+00 6.30957E+00 9.99999E+00 1.58489E+01 2.51189E+01 2.51189E+00 3.98107E+00 6.30957E+00 9.99999E+00 1.58489E+01 2.51189E+01 3.98107E+00 6.30957E+00 9.99999E+00 1.58489E+01 2.51189E+01 3.98107E+01 6.30957E+00 9.99999E+00 1.58489E+01 2.51189E+01 3.98107E+01 6.30957E+01 
90000 
1.53594E-04 
1.52736E-04 
3.66198E-04 
1.51910E-04 
3.65254E-04 
1.51102E-04 
3.64870E-04 
8.97226E-04 
1.50394E-04 
3.64801E-04 
8.98138E-04 
2.26680E-03 
1.49911E-04 
3.65183E-04 
9.00566E-04 
2.26755E-03 
1.49837E-04 
3.66256E-04 
9.04711E-04 
2.26960E-03 
5.73760E-03 
1.50061E-04 
3.67777E-04 
9.09962E-04 
2.27348E-03 
5.73668E-03 
1.49470E-04 
3.67521E-04 
9.10967E-04 
2.26983E-03 
5.71421E-03 
1.44476E-02 
1.46015E-04 
3.61034E-04 
8.97474E-04 
2.23678E-03 
5.62072E-03 
1.41766E-02 
3.61648E-02 
3.48950E-04 
8.71644E-04 
2.17812E-03 
5.47211E-03 
1.37865E-02 
3.50234E-02 
8.56578E-04 
2.14603E-03 
5.39013E-03 
1.35644E-02 
3.43265E-02 
8.83121E-02 
2.13994E-03 
5.36958E-03 
1.34920E-02 
3.40194E-02 
8.66197E-02 
2.26740E-01 
---
