PdfType: replica
Format: lhagrid1
---
4.34963E-04 7.77181E-04 7.77181E-04 1.38865E-03 1.38865E-03 2.48120E-03 2.48120E-03 2.48120E-03 4.43334E-03 4.43334E-03 4.43334E-03 4.43334E-03 7.92137E-03 7.92137E-03 7.92137E-03 7.92137E-03 1.41537E-02 1.41537E-02 1.41537E-02 1.41537E-02 1.41537E-02 2.52895E-02 2.52895E-02 2.52895E-02 2.52895E-02 2.52895E-02 4.51866E-02 4.51866E-02 4.51866E-02 4.51866E-02 4.51866E-02 4.51866E-02 8.07383E-02 8.07383E-02 8.07383E-02 8.07383E-02 8.07383E-02 8.07383E-02 8.07383E-02 1.44261E-01 1.44261E-01 1.44261E-01 1.44261E-01 1.44261E-01 1.44261E-01 2.57762E-01 2.57762E-01 2.57762E-01 2.57762E-01 2.57762E-01 2.57762E-01 4.60562E-01 4.60562E-01 4.60562E-01 4.60562E-01 4.60562E-01 4.60562E-01 
1.58489E+00 1.58489E+00 2.51189E+00 1.58489E+00 2.51189E+00 1.58489E+00 2.51189E+00 3.98107E+00 1.58489E+00 2.51189E+00 3.98107E+00 6.30957E+00 1.58489E+00 2.51189E+00 3.98107E+00 6.30957E+00 1.58489E+00 2.51189E+00 3.98107E+00 6.30957E+00 9.99999E+00 1.58489E+00 2.51189E+00 3.98107E+00 6.30957E+00 9.99999E+00 1.58489E+00 2.51189E+00 3.98107E+00 6.30957E+00 9.99999E+00 1.58489E+01 1.58489E+00 2.51189E+00 3.98107E+00 6.30957E+00 9.99999E+00 1.58489E+01 2.51189E+01 2.51189E+00 3.98107E+00 6.30957E+00 9.99999E+00 1.58489E+01 2.51189E+01 3.98107E+00 6.30957E+00 9.99999E+00 1.58489E+01 2.51189E+01 3.98107E+01 6.30957E+00 9.99999E+00 1.58489E+01 2.51189E+01 3.98107E+01 6.30957E+01 
90000 
1.53940E-04 
1.53197E-04 
3.67058E-04 
1.52520E-04 
3.66406E-04 
1.51914E-04 
3.66434E-04 
9.00381E-04 
1.51484E-04 
3.66956E-04 
9.02598E-04 
2.27605E-03 
1.51398E-04 
3.68188E-04 
9.06923E-04 
2.28110E-03 
1.51875E-04 
3.70413E-04 
9.13634E-04 
2.28897E-03 
5.78115E-03 
1.52709E-04 
3.73166E-04 
9.21629E-04 
2.29905E-03 
5.79491E-03 
1.52337E-04 
3.73374E-04 
9.23755E-04 
2.29819E-03 
5.77915E-03 
1.45998E-02 
1.48184E-04 
3.65566E-04 
9.07501E-04 
2.25949E-03 
5.67236E-03 
1.42967E-02 
3.64538E-02 
3.50856E-04 
8.75813E-04 
2.18791E-03 
5.49381E-03 
1.38361E-02 
3.51418E-02 
8.57547E-04 
2.14864E-03 
5.39694E-03 
1.35824E-02 
3.43740E-02 
8.84381E-02 
2.14984E-03 
5.39652E-03 
1.35634E-02 
3.42055E-02 
8.71027E-02 
2.28102E-01 
---
