PdfType: replica
Format: lhagrid1
---
4.34963E-04 7.77181E-04 7.77181E-04 1.38865E-03 1.38865E-03 2.48120E-03 2.48120E-03 2.48120E-03 4.43334E-03 4.43334E-03 4.43334E-03 4.43334E-03 7.92137E-03 7.92137E-03 7.92137E-03 7.92137E-03 1.41537E-02 1.41537E-02 1.41537E-02 1.41537E-02 1.41537E-02 2.52895E-02 2.52895E-02 2.52895E-02 2.52895E-02 2.52895E-02 4.51866E-02 4.51866E-02 4.51866E-02 4.51866E-02 4.51866E-02 4.51866E-02 8.07383E-02 8.07383E-02 8.07383E-02 8.07383E-02 8.07383E-02 8.07383E-02 8.07383E-02 1.44261E-01 1.44261E-01 1.44261E-01 1.44261E-01 1.44261E-01 1.44261E-01 2.57762E-01 2.57762E-01 2.57762E-01 2.57762E-01 2.57762E-01 2.57762E-01 4.60562E-01 4.60562E-01 4.60562E-01 4.60562E-01 4.60562E-01 4.60562E-01 
1.58489E+00 1.58489E+00 2.51189E+00 1.58489E+00 2.51189E+00 1.58489E+00 2.51189E+00 3.98107E+00 1.58489E+00 2.51189E+00 3.98107E+00 6.30957E+00 1.58489E+00 2.51189E+00 3.98107E+00 6.30957E+00 1.58489E+00 2.51189E+00 3.98107E+00 6.30957E+00 9.99999E+00 1.58489E+00 2.51189E+00 3.98107E+00 6.30957E+00 9.99999E+00 1.58489E+00 2.51189E+00 3.98107E+00 6.30957E+00 9.99999E+00 1.58489E+01 1.58489E+00 2.51189E+00 3.98107E+00 6.30957E+00 9.99999E+00 1.58489E+01 2.51189E+01 2.51189E+00 3.98107E+00 6.30957E+00 9.99999E+00 1.58489E+01 2.51189E+01 3.98107E+00 6.30957E+00 9.99999E+00 1.58489E+01 2.51189E+01 3.98107E+01 6.30957E+00 9.99999E+00 1.58489E+01 2.51189E+01 3.98107E+01 6.30957E+01 
90000 
1.53697E-04 
1.52820E-04 
3.66294E-04 
1.51959E-04 
3.65322E-04 
1.51115E-04 
3.64914E-04 
8.97248E-04 
1.50410E-04 
3.64890E-04 
8.98315E-04 
2.26726E-03 
1.50064E-04 
3.65556E-04 
9.01409E-04 
2.26955E-03 
1.50430E-04 
3.67486E-04 
9.07445E-04 
2.27568E-03 
5.75171E-03 
1.51500E-04 
3.70677E-04 
9.16345E-04 
2.28752E-03 
5.76965E-03 
1.51642E-04 
3.71933E-04 
9.20578E-04 
2.29109E-03 
5.76283E-03 
1.45614E-02 
1.47712E-04 
3.64386E-04 
9.04510E-04 
2.25184E-03 
5.65380E-03 
1.42512E-02 
3.63409E-02 
3.49421E-04 
8.72385E-04 
2.17914E-03 
5.47344E-03 
1.37882E-02 
3.50289E-02 
8.56506E-04 
2.14612E-03 
5.38960E-03 
1.35624E-02 
3.43225E-02 
8.83190E-02 
2.14129E-03 
5.37407E-03 
1.35045E-02 
3.40515E-02 
8.66940E-02 
2.26860E-01 
---
