PdfType: replica
Format: lhagrid1
---
4.34963E-04 7.77181E-04 7.77181E-04 1.38865E-03 1.38865E-03 2.48120E-03 2.48120E-03 2.48120E-03 4.43334E-03 4.43334E-03 4.43334E-03 4.43334E-03 7.92137E-03 7.92137E-03 7.92137E-03 7.92137E-03 1.41537E-02 1.41537E-02 1.41537E-02 1.41537E-02 1.41537E-02 2.52895E-02 2.52895E-02 2.52895E-02 2.52895E-02 2.52895E-02 4.51866E-02 4.51866E-02 4.51866E-02 4.51866E-02 4.51866E-02 4.51866E-02 8.07383E-02 8.07383E-02 8.07383E-02 8.07383E-02 8.07383E-02 8.07383E-02 8.07383E-02 1.44261E-01 1.44261E-01 1.44261E-01 1.44261E-01 1.44261E-01 1.44261E-01 2.57762E-01 2.57762E-01 2.57762E-01 2.57762E-01 2.57762E-01 2.57762E-01 4.60562E-01 4.60562E-01 4.60562E-01 4.60562E-01 4.60562E-01 4.60562E-01 
1.58489E+00 1.58489E+00 2.51189E+00 1.58489E+00 2.51189E+00 1.58489E+00 2.51189E+00 3.98107E+00 1.58489E+00 2.51189E+00 3.98107E+00 6.30957E+00 1.58489E+00 2.51189E+00 3.98107E+00 6.30957E+00 1.58489E+00 2.51189E+00 3.98107E+00 6.30957E+00 9.99999E+00 1.58489E+00 2.51189E+00 3.98107E+00 6.30957E+00 9.99999E+00 1.58489E+00 2.51189E+00 3.98107E+00 6.30957E+00 9.99999E+00 1.58489E+01 1.58489E+00 2.51189E+00 3.98107E+00 6.30957E+00 9.99999E+00 1.58489E+01 2.51189E+01 2.51189E+00 3.98107E+00 6.30957E+00 9.99999E+00 1.58489E+01 2.51189E+01 3.98107E+00 6.30957E+00 9.99999E+00 1.58489E+01 2.51189E+01 3.98107E+01 6.30957E+00 9.99999E+00 1.58489E+01 2.51189E+01 3.98107E+01 6.30957E+01 
90000 
1.54251E-04 
1.53526E-04 
3.67725E-04 
1.52850E-04 
3.67095E-04 
1.52231E-04 
3.67125E-04 
9.01932E-04 
1.51783E-04 
3.67638E-04 
9.04132E-04 
2.28035E-03 
1.51693E-04 
3.68864E-04 
9.08421E-04 
2.28519E-03 
1.52190E-04 
3.71077E-04 
9.15016E-04 
2.29251E-03 
5.79112E-03 
1.53033E-04 
3.73697E-04 
9.22557E-04 
2.30101E-03 
5.80016E-03 
1.52469E-04 
3.73388E-04 
9.23467E-04 
2.29695E-03 
5.77635E-03 
1.45954E-02 
1.47932E-04 
3.64920E-04 
9.06000E-04 
2.25581E-03 
5.66421E-03 
1.42785E-02 
3.64145E-02 
3.50727E-04 
8.75759E-04 
2.18823E-03 
5.49544E-03 
1.38420E-02 
3.51608E-02 
8.59738E-04 
2.15393E-03 
5.40956E-03 
1.36130E-02 
3.44495E-02 
8.86265E-02 
2.15161E-03 
5.40042E-03 
1.35716E-02 
3.42210E-02 
8.71143E-02 
2.27845E-01 
---
