PdfType: replica
Format: lhagrid1
---
4.34963E-04 7.77181E-04 7.77181E-04 1.38865E-03 1.38865E-03 2.48120E-03 2.48120E-03 2.48120E-03 4.43334E-03 4.43334E-03 4.43334E-03 4.43334E-03 7.92137E-03 7.92137E-03 7.92137E-03 7.92137E-03 1.41537E-02 1.41537E-02 1.41537E-02 1.41537E-02 1.41537E-02 2.52895E-02 2.52895E-02 2.52895E-02 2.52895E-02 2.52895E-02 4.51866E-02 4.51866E-02 4.51866E-02 4.51866E-02 4.51866E-02 4.51866E-02 8.07383E-02 8.07383E-02 8.07383E-02 8.07383E-02 8.07383E-02 8.07383E-02 8.07383E-02 1.44261E-01 1.44261E-01 1.44261E-01 1.44261E-01 1.44261E-01 1.44261E-01 2.57762E-01 2.57762E-01 2.57762E-01 2.57762E-01 2.57762E-01 2.57762E-01 4.60562E-01 4.60562E-01 4.60562E-01 4.60562E-01 4.60562E-01 4.60562E-01 
1.58489E+00 1.58489E+00 2.51189E+00 1.58489E+00 2.51189E+00 1.58489E+00 2.51189E+00 3.98107E+00 1.58489E+00 2.51189E+00 3.98107E+00 6.30957E+00 1.58489E+00 2.51189E+00 3.98107E+00 6.30957E+00 1.58489E+00 2.51189E+00 3.98107E+00 6.30957E+00 9.99999E+00 1.58489E+00 2.51189E+00 3.98107E+00 6.30957E+00 9.99999E+00 1.58489E+00 2.51189E+00 3.98107E+00 6.30957E+00 9.99999E+00 1.58489E+01 1.58489E+00 2.51189E+00 3.98107E+00 6.30957E+00 9.99999E+00 1.58489E+01 2.51189E+01 2.51189E+00 3.98107E+00 6.30957E+00 9.99999E+00 1.58489E+01 2.51189E+01 3.98107E+00 6.30957E+00 9.99999E+00 1.58489E+01 2.51189E+01 3.98107E+01 6.30957E+00 9.99999E+00 1.58489E+01 2.51189E+01 3.98107E+01 6.30957E+01 
90000 
1.53906E-04 
1.53089E-04 
3.66837E-04 
1.52298E-04 
3.65989E-04 
1.51537E-04 
3.65736E-04 
8.98954E-04 
1.50920E-04 
3.65889E-04 
9.00385E-04 
2.27185E-03 
1.50648E-04 
3.66706E-04 
9.03791E-04 
2.27472E-03 
1.51019E-04 
3.68629E-04 
9.09798E-04 
2.28065E-03 
5.76327E-03 
1.51950E-04 
3.71517E-04 
9.18105E-04 
2.29114E-03 
5.77833E-03 
1.51922E-04 
3.72568E-04 
9.22241E-04 
2.29511E-03 
5.77360E-03 
1.45907E-02 
1.48269E-04 
3.65971E-04 
9.08758E-04 
2.26300E-03 
5.68159E-03 
1.43211E-02 
3.65218E-02 
3.52015E-04 
8.78605E-04 
2.19451E-03 
5.51002E-03 
1.38762E-02 
3.52426E-02 
8.60175E-04 
2.15478E-03 
5.41104E-03 
1.36153E-02 
3.44527E-02 
8.86350E-02 
2.14777E-03 
5.38954E-03 
1.35423E-02 
3.41450E-02 
8.69280E-02 
2.27461E-01 
---
