PdfType: replica
Format: lhagrid1
---
4.34963E-04 7.77181E-04 7.77181E-04 1.38865E-03 1.38865E-03 2.48120E-03 2.48120E-03 2.48120E-03 4.43334E-03 4.43334E-03 4.43334E-03 4.43334E-03 7.92137E-03 7.92137E-03 7.92137E-03 7.92137E-03 1.41537E-02 1.41537E-02 1.41537E-02 1.41537E-02 1.41537E-02 2.52895E-02 2.52895E-02 2.52895E-02 2.52895E-02 2.52895E-02 4.51866E-02 4.51866E-02 4.51866E-02 4.51866E-02 4.51866E-02 4.51866E-02 8.07383E-02 8.07383E-02 8.07383E-02 8.07383E-02 8.07383E-02 8.07383E-02 8.07383E-02 1.44261E-01 1.44261E-01 1.44261E-01 1.44261E-01 1.44261E-01 1.44261E-01 2.57762E-01 2.57762E-01 2.57762E-01 2.57762E-01 2.57762E-01 2.57762E-01 4.60562E-01 4.60562E-01 4.60562E-01 4.60562E-01 4.60562E-01 4.60562E-01 
1.58489E+00 1.58489E+00 2.51189E+00 1.58489E+00 2.51189E+00 1.58489E+00 2.51189E+00 3.98107E+00 1.58489E+00 2.51189E+00 3.98107E+00 6.30957E+00 1.58489E+00 2.51189E+00 3.98107E+00 6.30957E+00 1.58489E+00 2.51189E+00 3.98107E+00 6.30957E+00 9.99999E+00 1.58489E+00 2.51189E+00 3.98107E+00 6.30957E+00 9.99999E+00 1.58489E+00 2.51189E+00 3.98107E+00 6.30957E+00 9.99999E+00 1.58489E+01 1.58489E+00 2.51189E+00 3.98107E+00 6.30957E+00 9.99999E+00 1.58489E+01 2.51189E+01 2.51189E+00 3.98107E+00 6.30957E+00 9.99999E+00 1.58489E+01 2.51189E+01 3.98107E+00 6.30957E+00 9.99999E+00 1.58489E+01 2.51189E+01 3.98107E+01 6.30957E+00 9.99999E+00 1.58489E+01 2.51189E+01 3.98107E+01 6.30957E+01 
90000 
2.13674E-04 
2.13514E-04 
5.15700E-04 
2.13332E-04 
5.15943E-04 
2.13081E-04 
5.16754E-04 
1.27354E-03 
2.12797E-04 
5.17718E-04 
1.27656E-03 
3.22553E-03 
2.12577E-04 
5.18745E-04 
1.28043E-03 
3.22625E-03 
2.12462E-04 
5.19675E-04 
1.28415E-03 
3.22198E-03 
8.14927E-03 
2.11917E-04 
5.19249E-04 
1.28442E-03 
3.20801E-03 
8.09623E-03 
2.08810E-04 
5.12868E-04 
1.27005E-03 
3.16129E-03 
7.95431E-03 
2.01142E-02 
1.99850E-04 
4.92516E-04 
1.22130E-03 
3.03629E-03 
7.61645E-03 
1.91895E-02 
4.89750E-02 
4.56597E-04 
1.13494E-03 
2.82512E-03 
7.07759E-03 
1.77953E-02 
4.51761E-02 
1.04713E-03 
2.61345E-03 
6.54619E-03 
1.64414E-02 
4.15693E-02 
1.07060E-01 
2.41741E-03 
6.04936E-03 
1.51723E-02 
3.82223E-02 
9.73809E-02 
2.55948E-01 
---
