PdfType: replica
Format: lhagrid1
---
4.34963E-04 7.77181E-04 7.77181E-04 1.38865E-03 1.38865E-03 2.48120E-03 2.48120E-03 2.48120E-03 4.43334E-03 4.43334E-03 4.43334E-03 4.43334E-03 7.92137E-03 7.92137E-03 7.92137E-03 7.92137E-03 1.41537E-02 1.41537E-02 1.41537E-02 1.41537E-02 1.41537E-02 2.52895E-02 2.52895E-02 2.52895E-02 2.52895E-02 2.52895E-02 4.51866E-02 4.51866E-02 4.51866E-02 4.51866E-02 4.51866E-02 4.51866E-02 8.07383E-02 8.07383E-02 8.07383E-02 8.07383E-02 8.07383E-02 8.07383E-02 8.07383E-02 1.44261E-01 1.44261E-01 1.44261E-01 1.44261E-01 1.44261E-01 1.44261E-01 2.57762E-01 2.57762E-01 2.57762E-01 2.57762E-01 2.57762E-01 2.57762E-01 4.60562E-01 4.60562E-01 4.60562E-01 4.60562E-01 4.60562E-01 4.60562E-01 
1.58489E+00 1.58489E+00 2.51189E+00 1.58489E+00 2.51189E+00 1.58489E+00 2.51189E+00 3.98107E+00 1.58489E+00 2.51189E+00 3.98107E+00 6.30957E+00 1.58489E+00 2.51189E+00 3.98107E+00 6.30957E+00 1.58489E+00 2.51189E+00 3.98107E+00 6.30957E+00 9.99999E+00 1.58489E+00 2.51189E+00 3.98107E+00 6.30957E+00 9.99999E+00 1.58489E+00 2.51189E+00 3.98107E+00 6.30957E+00 9.99999E+00 1.58489E+01 1.58489E+00 2.51189E+00 3.98107E+00 6.30957E+00 9.99999E+00 1.58489E+01 2.51189E+01 2.51189E+00 3.98107E+00 6.30957E+00 9.99999E+00 1.58489E+01 2.51189E+01 3.98107E+00 6.30957E+00 9.99999E+00 1.58489E+01 2.51189E+01 3.98107E+01 6.30957E+00 9.99999E+00 1.58489E+01 2.51189E+01 3.98107E+01 6.30957E+01 
90000 
1.97765E-04 
1.98487E-04 
4.90776E-04 
1.99307E-04 
4.92371E-04 
2.00241E-04 
4.94584E-04 
1.23118E-03 
2.01371E-04 
4.97415E-04 
1.23730E-03 
3.14518E-03 
2.02840E-04 
5.00997E-04 
1.24547E-03 
3.15478E-03 
2.04696E-04 
5.05142E-04 
1.25477E-03 
3.16056E-03 
8.01543E-03 
2.06127E-04 
5.07801E-04 
1.26006E-03 
3.15469E-03 
7.97642E-03 
2.04036E-04 
5.02458E-04 
1.24630E-03 
3.10640E-03 
7.82589E-03 
1.98110E-02 
1.94715E-04 
4.80934E-04 
1.19443E-03 
2.97355E-03 
7.46859E-03 
1.88387E-02 
4.81413E-02 
4.47070E-04 
1.11323E-03 
2.77473E-03 
6.96037E-03 
1.75204E-02 
4.45308E-02 
1.03442E-03 
2.58265E-03 
6.47333E-03 
1.62675E-02 
4.11536E-02 
1.06083E-01 
2.39718E-03 
6.00229E-03 
1.50619E-02 
3.79630E-02 
9.67766E-02 
2.54585E-01 
---
