PdfType: replica
Format: lhagrid1
---
4.34963E-04 7.77181E-04 7.77181E-04 1.38865E-03 1.38865E-03 2.48120E-03 2.48120E-03 2.48120E-03 4.43334E-03 4.43334E-03 4.43334E-03 4.43334E-03 7.92137E-03 7.92137E-03 7.92137E-03 7.92137E-03 1.41537E-02 1.41537E-02 1.41537E-02 1.41537E-02 1.41537E-02 2.52895E-02 2.52895E-02 2.52895E-02 2.52895E-02 2.52895E-02 4.51866E-02 4.51866E-02 4.51866E-02 4.51866E-02 4.51866E-02 4.51866E-02 8.07383E-02 8.07383E-02 8.07383E-02 8.07383E-02 8.07383E-02 8.07383E-02 8.07383E-02 1.44261E-01 1.44261E-01 1.44261E-01 1.44261E-01 1.44261E-01 1.44261E-01 2.57762E-01 2.57762E-01 2.57762E-01 2.57762E-01 2.57762E-01 2.57762E-01 4.60562E-01 4.60562E-01 4.60562E-01 4.60562E-01 4.60562E-01 4.60562E-01 
1.58489E+00 1.58489E+00 2.51189E+00 1.58489E+00 2.51189E+00 1.58489E+00 2.51189E+00 3.98107E+00 1.58489E+00 2.51189E+00 3.98107E+00 6.30957E+00 1.58489E+00 2.51189E+00 3.98107E+00 6.30957E+00 1.58489E+00 2.51189E+00 3.98107E+00 6.30957E+00 9.99999E+00 1.58489E+00 2.51189E+00 3.98107E+00 6.30957E+00 9.99999E+00 1.58489E+00 2.51189E+00 3.98107E+00 6.30957E+00 9.99999E+00 1.58489E+01 1.58489E+00 2.51189E+00 3.98107E+00 6.30957E+00 9.99999E+00 1.58489E+01 2.51189E+01 2.51189E+00 3.98107E+00 6.30957E+00 9.99999E+00 1.58489E+01 2.51189E+01 3.98107E+00 6.30957E+00 9.99999E+00 1.58489E+01 2.51189E+01 3.98107E+01 6.30957E+00 9.99999E+00 1.58489E+01 2.51189E+01 3.98107E+01 6.30957E+01 
90000 
2.02097E-04 
2.02952E-04 
4.98343E-04 
2.03827E-04 
5.00105E-04 
2.04677E-04 
5.02325E-04 
1.24606E-03 
2.05503E-04 
5.04744E-04 
1.25142E-03 
3.17417E-03 
2.06341E-04 
5.07239E-04 
1.25752E-03 
3.17939E-03 
2.07165E-04 
5.09525E-04 
1.26326E-03 
3.17823E-03 
8.05316E-03 
2.07403E-04 
5.10195E-04 
1.26504E-03 
3.16580E-03 
8.00186E-03 
2.04936E-04 
5.04690E-04 
1.25193E-03 
3.12017E-03 
7.86073E-03 
1.98976E-02 
1.96728E-04 
4.85819E-04 
1.20636E-03 
3.00189E-03 
7.53780E-03 
1.90073E-02 
4.85507E-02 
4.53004E-04 
1.12681E-03 
2.80603E-03 
7.03289E-03 
1.76898E-02 
4.49298E-02 
1.04108E-03 
2.59827E-03 
6.50864E-03 
1.63489E-02 
4.13438E-02 
1.06529E-01 
2.40670E-03 
6.02522E-03 
1.51173E-02 
3.80972E-02 
9.71001E-02 
2.55355E-01 
---
