PdfType: replica
Format: lhagrid1
---
4.34963E-04 7.77181E-04 7.77181E-04 1.38865E-03 1.38865E-03 2.48120E-03 2.48120E-03 2.48120E-03 4.43334E-03 4.43334E-03 4.43334E-03 4.43334E-03 7.92137E-03 7.92137E-03 7.92137E-03 7.92137E-03 1.41537E-02 1.41537E-02 1.41537E-02 1.41537E-02 1.41537E-02 2.52895E-02 2.52895E-02 2.52895E-02 2.52895E-02 2.52895E-02 4.51866E-02 4.51866E-02 4.51866E-02 4.51866E-02 4.51866E-02 4.51866E-02 8.07383E-02 8.07383E-02 8.07383E-02 8.07383E-02 8.07383E-02 8.07383E-02 8.07383E-02 1.44261E-01 1.44261E-01 1.44261E-01 1.44261E-01 1.44261E-01 1.44261E-01 2.57762E-01 2.57762E-01 2.57762E-01 2.57762E-01 2.57762E-01 2.57762E-01 4.60562E-01 4.60562E-01 4.60562E-01 4.60562E-01 4.60562E-01 4.60562E-01 
1.58489E+00 1.58489E+00 2.51189E+00 1.58489E+00 2.51189E+00 1.58489E+00 2.51189E+00 3.98107E+00 1.58489E+00 2.51189E+00 3.98107E+00 6.30957E+00 1.58489E+00 2.51189E+00 3.98107E+00 6.30957E+00 1.58489E+00 2.51189E+00 3.98107E+00 6.30957E+00 9.99999E+00 1.58489E+00 2.51189E+00 3.98107E+00 6.30957E+00 9.99999E+00 1.58489E+00 2.51189E+00 3.98107E+00 6.30957E+00 9.99999E+00 1.58489E+01 1.58489E+00 2.51189E+00 3.98107E+00 6.30957E+00 9.99999E+00 1.58489E+01 2.51189E+01 2.51189E+00 3.98107E+00 6.30957E+00 9.99999E+00 1.58489E+01 2.51189E+01 3.98107E+00 6.30957E+00 9.99999E+00 1.58489E+01 2.51189E+01 3.98107E+01 6.30957E+00 9.99999E+00 1.58489E+01 2.51189E+01 3.98107E+01 6.30957E+01 
90000 
2.00528E-04 
2.01597E-04 
4.96099E-04 
2.02708E-04 
4.98210E-04 
2.03783E-04 
5.00744E-04 
1.24300E-03 
2.04765E-04 
5.03359E-04 
1.24863E-03 
3.16723E-03 
2.05617E-04 
5.05812E-04 
1.25455E-03 
3.17186E-03 
2.06269E-04 
5.07747E-04 
1.25948E-03 
3.16914E-03 
8.02995E-03 
2.06200E-04 
5.07792E-04 
1.25974E-03 
3.15375E-03 
7.97125E-03 
2.03316E-04 
5.01141E-04 
1.24357E-03 
3.10093E-03 
7.81261E-03 
1.97741E-02 
1.94297E-04 
4.80244E-04 
1.19329E-03 
2.97141E-03 
7.46539E-03 
1.88323E-02 
4.81102E-02 
4.48153E-04 
1.11639E-03 
2.78261E-03 
6.98082E-03 
1.75712E-02 
4.46496E-02 
1.03957E-03 
2.59469E-03 
6.50041E-03 
1.63292E-02 
4.12956E-02 
1.06409E-01 
2.40111E-03 
6.01114E-03 
1.50819E-02 
3.80079E-02 
9.68754E-02 
2.54793E-01 
---
