PdfType: replica
Format: lhagrid1
---
4.34963E-04 7.77181E-04 7.77181E-04 1.38865E-03 1.38865E-03 2.48120E-03 2.48120E-03 2.48120E-03 4.43334E-03 4.43334E-03 4.43334E-03 4.43334E-03 7.92137E-03 7.92137E-03 7.92137E-03 7.92137E-03 1.41537E-02 1.41537E-02 1.41537E-02 1.41537E-02 1.41537E-02 2.52895E-02 2.52895E-02 2.52895E-02 2.52895E-02 2.52895E-02 4.51866E-02 4.51866E-02 4.51866E-02 4.51866E-02 4.51866E-02 4.51866E-02 8.07383E-02 8.07383E-02 8.07383E-02 8.07383E-02 8.07383E-02 8.07383E-02 8.07383E-02 1.44261E-01 1.44261E-01 1.44261E-01 1.44261E-01 1.44261E-01 1.44261E-01 2.57762E-01 2.57762E-01 2.57762E-01 2.57762E-01 2.57762E-01 2.57762E-01 4.60562E-01 4.60562E-01 4.60562E-01 4.60562E-01 4.60562E-01 4.60562E-01 
1.58489E+00 1.58489E+00 2.51189E+00 1.58489E+00 2.51189E+00 1.58489E+00 2.51189E+00 3.98107E+00 1.58489E+00 2.51189E+00 3.98107E+00 6.30957E+00 1.58489E+00 2.51189E+00 3.98107E+00 6.30957E+00 1.58489E+00 2.51189E+00 3.98107E+00 6.30957E+00 9.99999E+00 1.58489E+00 2.51189E+00 3.98107E+00 6.30957E+00 9.99999E+00 1.58489E+00 2.51189E+00 3.98107E+00 6.30957E+00 9.99999E+00 1.58489E+01 1.58489E+00 2.51189E+00 3.98107E+00 6.30957E+00 9.99999E+00 1.58489E+01 2.51189E+01 2.51189E+00 3.98107E+00 6.30957E+00 9.99999E+00 1.58489E+01 2.51189E+01 3.98107E+00 6.30957E+00 9.99999E+00 1.58489E+01 2.51189E+01 3.98107E+01 6.30957E+00 9.99999E+00 1.58489E+01 2.51189E+01 3.98107E+01 6.30957E+01 
90000 
2.07005E-04 
2.08376E-04 
5.07624E-04 
2.09683E-04 
5.10217E-04 
2.10814E-04 
5.13194E-04 
1.26729E-03 
2.11722E-04 
5.16078E-04 
1.27377E-03 
3.22076E-03 
2.12402E-04 
5.18572E-04 
1.28024E-03 
3.22648E-03 
2.12758E-04 
5.20191E-04 
1.28505E-03 
3.22406E-03 
8.15284E-03 
2.12097E-04 
5.19384E-04 
1.28434E-03 
3.20764E-03 
8.09441E-03 
2.08481E-04 
5.12099E-04 
1.26833E-03 
3.15737E-03 
7.94620E-03 
2.00948E-02 
1.99767E-04 
4.92627E-04 
1.22213E-03 
3.03859E-03 
7.62447E-03 
1.92118E-02 
4.90238E-02 
4.58911E-04 
1.14022E-03 
2.83691E-03 
7.10443E-03 
1.78559E-02 
4.53084E-02 
1.04797E-03 
2.61593E-03 
6.55188E-03 
1.64550E-02 
4.16017E-02 
1.07130E-01 
2.42932E-03 
6.07846E-03 
1.52437E-02 
3.83984E-02 
9.78150E-02 
2.57015E-01 
---
