PdfType: replica
Format: lhagrid1
---
4.34963E-04 7.77181E-04 7.77181E-04 1.38865E-03 1.38865E-03 2.48120E-03 2.48120E-03 2.48120E-03 4.43334E-03 4.43334E-03 4.43334E-03 4.43334E-03 7.92137E-03 7.92137E-03 7.92137E-03 7.92137E-03 1.41537E-02 1.41537E-02 1.41537E-02 1.41537E-02 1.41537E-02 2.52895E-02 2.52895E-02 2.52895E-02 2.52895E-02 2.52895E-02 4.51866E-02 4.51866E-02 4.51866E-02 4.51866E-02 4.51866E-02 4.51866E-02 8.07383E-02 8.07383E-02 8.07383E-02 8.07383E-02 8.07383E-02 8.07383E-02 8.07383E-02 1.44261E-01 1.44261E-01 1.44261E-01 1.44261E-01 1.44261E-01 1.44261E-01 2.57762E-01 2.57762E-01 2.57762E-01 2.57762E-01 2.57762E-01 2.57762E-01 4.60562E-01 4.60562E-01 4.60562E-01 4.60562E-01 4.60562E-01 4.60562E-01 
1.58489E+00 1.58489E+00 2.51189E+00 1.58489E+00 2.51189E+00 1.58489E+00 2.51189E+00 3.98107E+00 1.58489E+00 2.51189E+00 3.98107E+00 6.30957E+00 1.58489E+00 2.51189E+00 3.98107E+00 6.30957E+00 1.58489E+00 2.51189E+00 3.98107E+00 6.30957E+00 9.99999E+00 1.58489E+00 2.51189E+00 3.98107E+00 6.30957E+00 9.99999E+00 1.58489E+00 2.51189E+00 3.98107E+00 6.30957E+00 9.99999E+00 1.58489E+01 1.58489E+00 2.51189E+00 3.98107E+00 6.30957E+00 9.99999E+00 1.58489E+01 2.51189E+01 2.51189E+00 3.98107E+00 6.30957E+00 9.99999E+00 1.58489E+01 2.51189E+01 3.98107E+00 6.30957E+00 9.99999E+00 1.58489E+01 2.51189E+01 3.98107E+01 6.30957E+00 9.99999E+00 1.58489E+01 2.51189E+01 3.98107E+01 6.30957E+01 
90000 
2.06000E-04 
2.07156E-04 
5.05372E-04 
2.08304E-04 
5.07675E-04 
2.09343E-04 
5.10420E-04 
1.26166E-03 
2.10194E-04 
5.13098E-04 
1.26765E-03 
3.20707E-03 
2.10757E-04 
5.15265E-04 
1.27330E-03 
3.21112E-03 
2.10805E-04 
5.16227E-04 
1.27657E-03 
3.20534E-03 
8.10980E-03 
2.09682E-04 
5.14476E-04 
1.27366E-03 
3.18399E-03 
8.03960E-03 
2.05867E-04 
5.06582E-04 
1.25593E-03 
3.12927E-03 
7.88034E-03 
1.99384E-02 
1.97263E-04 
4.86975E-04 
1.20897E-03 
3.00802E-03 
7.55245E-03 
1.90419E-02 
4.86279E-02 
4.53724E-04 
1.12859E-03 
2.81045E-03 
7.04428E-03 
1.77187E-02 
4.50007E-02 
1.04415E-03 
2.60659E-03 
6.53056E-03 
1.64057E-02 
4.14892E-02 
1.06893E-01 
2.42031E-03 
6.05920E-03 
1.52021E-02 
3.83082E-02 
9.76203E-02 
2.56602E-01 
---
