PdfType: replica
Format: lhagrid1
---
4.34963E-04 7.77181E-04 7.77181E-04 1.38865E-03 1.38865E-03 2.48120E-03 2.48120E-03 2.48120E-03 4.43334E-03 4.43334E-03 4.43334E-03 4.43334E-03 7.92137E-03 7.92137E-03 7.92137E-03 7.92137E-03 1.41537E-02 1.41537E-02 1.41537E-02 1.41537E-02 1.41537E-02 2.52895E-02 2.52895E-02 2.52895E-02 2.52895E-02 2.52895E-02 4.51866E-02 4.51866E-02 4.51866E-02 4.51866E-02 4.51866E-02 4.51866E-02 8.07383E-02 8.07383E-02 8.07383E-02 8.07383E-02 8.07383E-02 8.07383E-02 8.07383E-02 1.44261E-01 1.44261E-01 1.44261E-01 1.44261E-01 1.44261E-01 1.44261E-01 2.57762E-01 2.57762E-01 2.57762E-01 2.57762E-01 2.57762E-01 2.57762E-01 4.60562E-01 4.60562E-01 4.60562E-01 4.60562E-01 4.60562E-01 4.60562E-01 
1.58489E+00 1.58489E+00 2.51189E+00 1.58489E+00 2.51189E+00 1.58489E+00 2.51189E+00 3.98107E+00 1.58489E+00 2.51189E+00 3.98107E+00 6.30957E+00 1.58489E+00 2.51189E+00 3.98107E+00 6.30957E+00 1.58489E+00 2.51189E+00 3.98107E+00 6.30957E+00 9.99999E+00 1.58489E+00 2.51189E+00 3.98107E+00 6.30957E+00 9.99999E+00 1.58489E+00 2.51189E+00 3.98107E+00 6.30957E+00 9.99999E+00 1.58489E+01 1.58489E+00 2.51189E+00 3.98107E+00 6.30957E+00 9.99999E+00 1.58489E+01 2.51189E+01 2.51189E+00 3.98107E+00 6.30957E+00 9.99999E+00 1.58489E+01 2.51189E+01 3.98107E+00 6.30957E+00 9.99999E+00 1.58489E+01 2.51189E+01 3.98107E+01 6.30957E+00 9.99999E+00 1.58489E+01 2.51189E+01 3.98107E+01 6.30957E+01 
90000 
2.02824E-04 
2.03928E-04 
5.00071E-04 
2.05069E-04 
5.02301E-04 
2.06204E-04 
5.05079E-04 
1.25162E-03 
2.07331E-04 
5.08127E-04 
1.25824E-03 
3.18837E-03 
2.08441E-04 
5.11196E-04 
1.26554E-03 
3.19576E-03 
2.09304E-04 
5.13547E-04 
1.27134E-03 
3.19468E-03 
8.08799E-03 
2.08907E-04 
5.12895E-04 
1.27021E-03 
3.17604E-03 
8.02159E-03 
2.05002E-04 
5.04547E-04 
1.25111E-03 
3.11764E-03 
7.85230E-03 
1.98706E-02 
1.95902E-04 
4.84077E-04 
1.20245E-03 
2.99320E-03 
7.51705E-03 
1.89560E-02 
4.84127E-02 
4.52349E-04 
1.12491E-03 
2.80122E-03 
7.01996E-03 
1.76550E-02 
4.48304E-02 
1.03519E-03 
2.58348E-03 
6.47301E-03 
1.62619E-02 
4.11268E-02 
1.05963E-01 
2.39207E-03 
5.98828E-03 
1.50240E-02 
3.78616E-02 
9.65081E-02 
2.53887E-01 
---
