PdfType: replica
Format: lhagrid1
---
4.34963E-04 7.77181E-04 7.77181E-04 1.38865E-03 1.38865E-03 2.48120E-03 2.48120E-03 2.48120E-03 4.43334E-03 4.43334E-03 4.43334E-03 4.43334E-03 7.92137E-03 7.92137E-03 7.92137E-03 7.92137E-03 1.41537E-02 1.41537E-02 1.41537E-02 1.41537E-02 1.41537E-02 2.52895E-02 2.52895E-02 2.52895E-02 2.52895E-02 2.52895E-02 4.51866E-02 4.51866E-02 4.51866E-02 4.51866E-02 4.51866E-02 4.51866E-02 8.07383E-02 8.07383E-02 8.07383E-02 8.07383E-02 8.07383E-02 8.07383E-02 8.07383E-02 1.44261E-01 1.44261E-01 1.44261E-01 1.44261E-01 1.44261E-01 1.44261E-01 2.57762E-01 2.57762E-01 2.57762E-01 2.57762E-01 2.57762E-01 2.57762E-01 4.60562E-01 4.60562E-01 4.60562E-01 4.60562E-01 4.60562E-01 4.60562E-01 
1.58489E+00 1.58489E+00 2.51189E+00 1.58489E+00 2.51189E+00 1.58489E+00 2.51189E+00 3.98107E+00 1.58489E+00 2.51189E+00 3.98107E+00 6.30957E+00 1.58489E+00 2.51189E+00 3.98107E+00 6.30957E+00 1.58489E+00 2.51189E+00 3.98107E+00 6.30957E+00 9.99999E+00 1.58489E+00 2.51189E+00 3.98107E+00 6.30957E+00 9.99999E+00 1.58489E+00 2.51189E+00 3.98107E+00 6.30957E+00 9.99999E+00 1.58489E+01 1.58489E+00 2.51189E+00 3.98107E+00 6.30957E+00 9.99999E+00 1.58489E+01 2.51189E+01 2.51189E+00 3.98107E+00 6.30957E+00 9.99999E+00 1.58489E+01 2.51189E+01 3.98107E+00 6.30957E+00 9.99999E+00 1.58489E+01 2.51189E+01 3.98107E+01 6.30957E+00 9.99999E+00 1.58489E+01 2.51189E+01 3.98107E+01 6.30957E+01 
90000 
1.99547E-04 
2.00164E-04 
4.93486E-04 
2.00800E-04 
4.94696E-04 
2.01388E-04 
4.96214E-04 
1.23403E-03 
2.01848E-04 
4.97674E-04 
1.23708E-03 
3.14348E-03 
2.02082E-04 
4.98760E-04 
1.23988E-03 
3.14100E-03 
2.01993E-04 
4.99159E-04 
1.24138E-03 
3.13023E-03 
7.94526E-03 
2.01410E-04 
4.98253E-04 
1.23959E-03 
3.10985E-03 
7.87405E-03 
1.99233E-04 
4.93082E-04 
1.22659E-03 
3.06362E-03 
7.72957E-03 
1.95846E-02 
1.92342E-04 
4.76321E-04 
1.18481E-03 
2.95256E-03 
7.42201E-03 
1.87298E-02 
4.78580E-02 
4.46225E-04 
1.11117E-03 
2.76983E-03 
6.94799E-03 
1.74877E-02 
4.44348E-02 
1.03020E-03 
2.57220E-03 
6.44850E-03 
1.62082E-02 
4.10095E-02 
1.05712E-01 
2.39750E-03 
6.00984E-03 
1.50939E-02 
3.80694E-02 
9.70912E-02 
2.55424E-01 
---
