PdfType: replica
Format: lhagrid1
---
4.34963E-04 7.77181E-04 7.77181E-04 1.38865E-03 1.38865E-03 2.48120E-03 2.48120E-03 2.48120E-03 4.43334E-03 4.43334E-03 4.43334E-03 4.43334E-03 7.92137E-03 7.92137E-03 7.92137E-03 7.92137E-03 1.41537E-02 1.41537E-02 1.41537E-02 1.41537E-02 1.41537E-02 2.52895E-02 2.52895E-02 2.52895E-02 2.52895E-02 2.52895E-02 4.51866E-02 4.51866E-02 4.51866E-02 4.51866E-02 4.51866E-02 4.51866E-02 8.07383E-02 8.07383E-02 8.07383E-02 8.07383E-02 8.07383E-02 8.07383E-02 8.07383E-02 1.44261E-01 1.44261E-01 1.44261E-01 1.44261E-01 1.44261E-01 1.44261E-01 2.57762E-01 2.57762E-01 2.57762E-01 2.57762E-01 2.57762E-01 2.57762E-01 4.60562E-01 4.60562E-01 4.60562E-01 4.60562E-01 4.60562E-01 4.60562E-01 
1.58489E+00 1.58489E+00 2.51189E+00 1.58489E+00 2.51189E+00 1.58489E+00 2.51189E+00 3.98107E+00 1.58489E+00 2.51189E+00 3.98107E+00 6.30957E+00 1.58489E+00 2.51189E+00 3.98107E+00 6.30957E+00 1.58489E+00 2.51189E+00 3.98107E+00 6.30957E+00 9.99999E+00 1.58489E+00 2.51189E+00 3.98107E+00 6.30957E+00 9.99999E+00 1.58489E+00 2.51189E+00 3.98107E+00 6.30957E+00 9.99999E+00 1.58489E+01 1.58489E+00 2.51189E+00 3.98107E+00 6.30957E+00 9.99999E+00 1.58489E+01 2.51189E+01 2.51189E+00 3.98107E+00 6.30957E+00 9.99999E+00 1.58489E+01 2.51189E+01 3.98107E+00 6.30957E+00 9.99999E+00 1.58489E+01 2.51189E+01 3.98107E+01 6.30957E+00 9.99999E+00 1.58489E+01 2.51189E+01 3.98107E+01 6.30957E+01 
90000 
2.04788E-04 
2.06101E-04 
5.03792E-04 
2.07410E-04 
5.06360E-04 
2.08626E-04 
5.09382E-04 
1.25984E-03 
2.09683E-04 
5.12412E-04 
1.26653E-03 
3.20524E-03 
2.10515E-04 
5.15059E-04 
1.27313E-03 
3.21142E-03 
2.10928E-04 
5.16652E-04 
1.27763E-03 
3.20802E-03 
8.11609E-03 
2.10232E-04 
5.15584E-04 
1.27605E-03 
3.18891E-03 
8.05121E-03 
2.06696E-04 
5.08151E-04 
1.25926E-03 
3.13594E-03 
7.89576E-03 
1.99756E-02 
1.97982E-04 
4.88340E-04 
1.21166E-03 
3.01356E-03 
7.56297E-03 
1.90630E-02 
4.86816E-02 
4.53178E-04 
1.12622E-03 
2.80392E-03 
7.02446E-03 
1.76641E-02 
4.48602E-02 
1.03560E-03 
2.58512E-03 
6.47858E-03 
1.62791E-02 
4.11786E-02 
1.06127E-01 
2.39194E-03 
5.98783E-03 
1.50225E-02 
3.78574E-02 
9.64994E-02 
2.53894E-01 
---
