PdfType: replica
Format: lhagrid1
---
4.34963E-04 7.77181E-04 7.77181E-04 1.38865E-03 1.38865E-03 2.48120E-03 2.48120E-03 2.48120E-03 4.43334E-03 4.43334E-03 4.43334E-03 4.43334E-03 7.92137E-03 7.92137E-03 7.92137E-03 7.92137E-03 1.41537E-02 1.41537E-02 1.41537E-02 1.41537E-02 1.41537E-02 2.52895E-02 2.52895E-02 2.52895E-02 2.52895E-02 2.52895E-02 4.51866E-02 4.51866E-02 4.51866E-02 4.51866E-02 4.51866E-02 4.51866E-02 8.07383E-02 8.07383E-02 8.07383E-02 8.07383E-02 8.07383E-02 8.07383E-02 8.07383E-02 1.44261E-01 1.44261E-01 1.44261E-01 1.44261E-01 1.44261E-01 1.44261E-01 2.57762E-01 2.57762E-01 2.57762E-01 2.57762E-01 2.57762E-01 2.57762E-01 4.60562E-01 4.60562E-01 4.60562E-01 4.60562E-01 4.60562E-01 4.60562E-01 
1.58489E+00 1.58489E+00 2.51189E+00 1.58489E+00 2.51189E+00 1.58489E+00 2.51189E+00 3.98107E+00 1.58489E+00 2.51189E+00 3.98107E+00 6.30957E+00 1.58489E+00 2.51189E+00 3.98107E+00 6.30957E+00 1.58489E+00 2.51189E+00 3.98107E+00 6.30957E+00 9.99999E+00 1.58489E+00 2.51189E+00 3.98107E+00 6.30957E+00 9.99999E+00 1.58489E+00 2.51189E+00 3.98107E+00 6.30957E+00 9.99999E+00 1.58489E+01 1.58489E+00 2.51189E+00 3.98107E+00 6.30957E+00 9.99999E+00 1.58489E+01 2.51189E+01 2.51189E+00 3.98107E+00 6.30957E+00 9.99999E+00 1.58489E+01 2.51189E+01 3.98107E+00 6.30957E+00 9.99999E+00 1.58489E+01 2.51189E+01 3.98107E+01 6.30957E+00 9.99999E+00 1.58489E+01 2.51189E+01 3.98107E+01 6.30957E+01 
90000 
1.95994E-04 
1.96711E-04 
4.87766E-04 
1.97503E-04 
4.89182E-04 
1.98314E-04 
4.90948E-04 
1.22388E-03 
1.99074E-04 
4.92785E-04 
1.22755E-03 
3.12412E-03 
1.99689E-04 
4.94409E-04 
1.23122E-03 
3.12356E-03 
2.00073E-04 
4.95527E-04 
1.23392E-03 
3.11470E-03 
7.91089E-03 
2.00046E-04 
4.95442E-04 
1.23343E-03 
3.09589E-03 
7.84280E-03 
1.98168E-04 
4.90475E-04 
1.22022E-03 
3.04775E-03 
7.69176E-03 
1.94959E-02 
1.90632E-04 
4.72102E-04 
1.17444E-03 
2.92705E-03 
7.35984E-03 
1.85804E-02 
4.75163E-02 
4.40666E-04 
1.09796E-03 
2.73839E-03 
6.87272E-03 
1.73085E-02 
4.40182E-02 
1.02074E-03 
2.55069E-03 
6.39952E-03 
1.60963E-02 
4.07560E-02 
1.05162E-01 
2.40667E-03 
6.03841E-03 
1.51770E-02 
3.83023E-02 
9.77272E-02 
2.57111E-01 
---
