PdfType: replica
Format: lhagrid1
---
4.34963E-04 7.77181E-04 7.77181E-04 1.38865E-03 1.38865E-03 2.48120E-03 2.48120E-03 2.48120E-03 4.43334E-03 4.43334E-03 4.43334E-03 4.43334E-03 7.92137E-03 7.92137E-03 7.92137E-03 7.92137E-03 1.41537E-02 1.41537E-02 1.41537E-02 1.41537E-02 1.41537E-02 2.52895E-02 2.52895E-02 2.52895E-02 2.52895E-02 2.52895E-02 4.51866E-02 4.51866E-02 4.51866E-02 4.51866E-02 4.51866E-02 4.51866E-02 8.07383E-02 8.07383E-02 8.07383E-02 8.07383E-02 8.07383E-02 8.07383E-02 8.07383E-02 1.44261E-01 1.44261E-01 1.44261E-01 1.44261E-01 1.44261E-01 1.44261E-01 2.57762E-01 2.57762E-01 2.57762E-01 2.57762E-01 2.57762E-01 2.57762E-01 4.60562E-01 4.60562E-01 4.60562E-01 4.60562E-01 4.60562E-01 4.60562E-01 
1.58489E+00 1.58489E+00 2.51189E+00 1.58489E+00 2.51189E+00 1.58489E+00 2.51189E+00 3.98107E+00 1.58489E+00 2.51189E+00 3.98107E+00 6.30957E+00 1.58489E+00 2.51189E+00 3.98107E+00 6.30957E+00 1.58489E+00 2.51189E+00 3.98107E+00 6.30957E+00 9.99999E+00 1.58489E+00 2.51189E+00 3.98107E+00 6.30957E+00 9.99999E+00 1.58489E+00 2.51189E+00 3.98107E+00 6.30957E+00 9.99999E+00 1.58489E+01 1.58489E+00 2.51189E+00 3.98107E+00 6.30957E+00 9.99999E+00 1.58489E+01 2.51189E+01 2.51189E+00 3.98107E+00 6.30957E+00 9.99999E+00 1.58489E+01 2.51189E+01 3.98107E+00 6.30957E+00 9.99999E+00 1.58489E+01 2.51189E+01 3.98107E+01 6.30957E+00 9.99999E+00 1.58489E+01 2.51189E+01 3.98107E+01 6.30957E+01 
90000 
2.06111E-04 
2.06503E-04 
5.04061E-04 
2.06896E-04 
5.05078E-04 
2.07247E-04 
5.06582E-04 
1.25399E-03 
2.07572E-04 
5.08276E-04 
1.25809E-03 
3.18768E-03 
2.07952E-04 
5.10119E-04 
1.26316E-03 
3.19094E-03 
2.08472E-04 
5.12049E-04 
1.26849E-03 
3.18948E-03 
8.07777E-03 
2.08726E-04 
5.12900E-04 
1.27083E-03 
3.17869E-03 
8.03056E-03 
2.06382E-04 
5.07512E-04 
1.25776E-03 
3.13284E-03 
7.88860E-03 
1.99589E-02 
1.97436E-04 
4.86988E-04 
1.20843E-03 
3.00581E-03 
7.54543E-03 
1.90216E-02 
4.85716E-02 
4.52552E-04 
1.12567E-03 
2.80327E-03 
7.02593E-03 
1.76719E-02 
4.48811E-02 
1.03943E-03 
2.59298E-03 
6.49362E-03 
1.63073E-02 
4.12316E-02 
1.06237E-01 
2.37937E-03 
5.95424E-03 
1.49349E-02 
3.76332E-02 
9.59416E-02 
2.52603E-01 
---
