PdfType: replica
Format: lhagrid1
---
4.34963E-04 7.77181E-04 7.77181E-04 1.38865E-03 1.38865E-03 2.48120E-03 2.48120E-03 2.48120E-03 4.43334E-03 4.43334E-03 4.43334E-03 4.43334E-03 7.92137E-03 7.92137E-03 7.92137E-03 7.92137E-03 1.41537E-02 1.41537E-02 1.41537E-02 1.41537E-02 1.41537E-02 2.52895E-02 2.52895E-02 2.52895E-02 2.52895E-02 2.52895E-02 4.51866E-02 4.51866E-02 4.51866E-02 4.51866E-02 4.51866E-02 4.51866E-02 8.07383E-02 8.07383E-02 8.07383E-02 8.07383E-02 8.07383E-02 8.07383E-02 8.07383E-02 1.44261E-01 1.44261E-01 1.44261E-01 1.44261E-01 1.44261E-01 1.44261E-01 2.57762E-01 2.57762E-01 2.57762E-01 2.57762E-01 2.57762E-01 2.57762E-01 4.60562E-01 4.60562E-01 4.60562E-01 4.60562E-01 4.60562E-01 4.60562E-01 
1.58489E+00 1.58489E+00 2.51189E+00 1.58489E+00 2.51189E+00 1.58489E+00 2.51189E+00 3.98107E+00 1.58489E+00 2.51189E+00 3.98107E+00 6.30957E+00 1.58489E+00 2.51189E+00 3.98107E+00 6.30957E+00 1.58489E+00 2.51189E+00 3.98107E+00 6.30957E+00 9.99999E+00 1.58489E+00 2.51189E+00 3.98107E+00 6.30957E+00 9.99999E+00 1.58489E+00 2.51189E+00 3.98107E+00 6.30957E+00 9.99999E+00 1.58489E+01 1.58489E+00 2.51189E+00 3.98107E+00 6.30957E+00 9.99999E+00 1.58489E+01 2.51189E+01 2.51189E+00 3.98107E+00 6.30957E+00 9.99999E+00 1.58489E+01 2.51189E+01 3.98107E+00 6.30957E+00 9.99999E+00 1.58489E+01 2.51189E+01 3.98107E+01 6.30957E+00 9.99999E+00 1.58489E+01 2.51189E+01 3.98107E+01 6.30957E+01 
90000 
1.99797E-04 
2.00873E-04 
4.94886E-04 
2.02097E-04 
4.97217E-04 
2.03456E-04 
5.00283E-04 
1.24225E-03 
2.04958E-04 
5.03883E-04 
1.24990E-03 
3.17096E-03 
2.06564E-04 
5.07753E-04 
1.25866E-03 
3.18163E-03 
2.07998E-04 
5.11071E-04 
1.26629E-03 
3.18413E-03 
8.06374E-03 
2.08207E-04 
5.11502E-04 
1.26731E-03 
3.16971E-03 
8.00759E-03 
2.04886E-04 
5.04270E-04 
1.25052E-03 
3.11611E-03 
7.84906E-03 
1.98614E-02 
1.95972E-04 
4.84112E-04 
1.20238E-03 
2.99284E-03 
7.51575E-03 
1.89517E-02 
4.83978E-02 
4.51552E-04 
1.12343E-03 
2.79870E-03 
7.01570E-03 
1.76489E-02 
4.48260E-02 
1.03930E-03 
2.59414E-03 
6.50052E-03 
1.63320E-02 
4.13046E-02 
1.06413E-01 
2.39804E-03 
6.00239E-03 
1.50576E-02 
3.79425E-02 
9.67057E-02 
2.54390E-01 
---
