PdfType: replica
Format: lhagrid1
---
4.34963E-04 7.77181E-04 7.77181E-04 1.38865E-03 1.38865E-03 2.48120E-03 2.48120E-03 2.48120E-03 4.43334E-03 4.43334E-03 4.43334E-03 4.43334E-03 7.92137E-03 7.92137E-03 7.92137E-03 7.92137E-03 1.41537E-02 1.41537E-02 1.41537E-02 1.41537E-02 1.41537E-02 2.52895E-02 2.52895E-02 2.52895E-02 2.52895E-02 2.52895E-02 4.51866E-02 4.51866E-02 4.51866E-02 4.51866E-02 4.51866E-02 4.51866E-02 8.07383E-02 8.07383E-02 8.07383E-02 8.07383E-02 8.07383E-02 8.07383E-02 8.07383E-02 1.44261E-01 1.44261E-01 1.44261E-01 1.44261E-01 1.44261E-01 1.44261E-01 2.57762E-01 2.57762E-01 2.57762E-01 2.57762E-01 2.57762E-01 2.57762E-01 4.60562E-01 4.60562E-01 4.60562E-01 4.60562E-01 4.60562E-01 4.60562E-01 
1.58489E+00 1.58489E+00 2.51189E+00 1.58489E+00 2.51189E+00 1.58489E+00 2.51189E+00 3.98107E+00 1.58489E+00 2.51189E+00 3.98107E+00 6.30957E+00 1.58489E+00 2.51189E+00 3.98107E+00 6.30957E+00 1.58489E+00 2.51189E+00 3.98107E+00 6.30957E+00 9.99999E+00 1.58489E+00 2.51189E+00 3.98107E+00 6.30957E+00 9.99999E+00 1.58489E+00 2.51189E+00 3.98107E+00 6.30957E+00 9.99999E+00 1.58489E+01 1.58489E+00 2.51189E+00 3.98107E+00 6.30957E+00 9.99999E+00 1.58489E+01 2.51189E+01 2.51189E+00 3.98107E+00 6.30957E+00 9.99999E+00 1.58489E+01 2.51189E+01 3.98107E+00 6.30957E+00 9.99999E+00 1.58489E+01 2.51189E+01 3.98107E+01 6.30957E+00 9.99999E+00 1.58489E+01 2.51189E+01 3.98107E+01 6.30957E+01 
90000 
2.03479E-04 
2.04892E-04 
5.01636E-04 
2.06375E-04 
5.04479E-04 
2.07852E-04 
5.07925E-04 
1.25707E-03 
2.09258E-04 
5.11558E-04 
1.26493E-03 
3.20183E-03 
2.10496E-04 
5.14946E-04 
1.27298E-03 
3.21076E-03 
2.11264E-04 
5.17210E-04 
1.27879E-03 
3.20999E-03 
8.12158E-03 
2.10596E-04 
5.16180E-04 
1.27713E-03 
3.19084E-03 
8.05476E-03 
2.06392E-04 
5.07362E-04 
1.25717E-03 
3.13112E-03 
7.88250E-03 
1.99414E-02 
1.96685E-04 
4.85570E-04 
1.20549E-03 
3.00005E-03 
7.53180E-03 
1.89898E-02 
4.84996E-02 
4.51971E-04 
1.12437E-03 
2.80094E-03 
7.02118E-03 
1.76626E-02 
4.48615E-02 
1.03930E-03 
2.59400E-03 
6.50022E-03 
1.63312E-02 
4.13004E-02 
1.06380E-01 
2.40354E-03 
6.01876E-03 
1.51033E-02 
3.80632E-02 
9.69975E-02 
2.54924E-01 
---
