PdfType: replica
Format: lhagrid1
---
4.34963E-04 7.77181E-04 7.77181E-04 1.38865E-03 1.38865E-03 2.48120E-03 2.48120E-03 2.48120E-03 4.43334E-03 4.43334E-03 4.43334E-03 4.43334E-03 7.92137E-03 7.92137E-03 7.92137E-03 7.92137E-03 1.41537E-02 1.41537E-02 1.41537E-02 1.41537E-02 1.41537E-02 2.52895E-02 2.52895E-02 2.52895E-02 2.52895E-02 2.52895E-02 4.51866E-02 4.51866E-02 4.51866E-02 4.51866E-02 4.51866E-02 4.51866E-02 8.07383E-02 8.07383E-02 8.07383E-02 8.07383E-02 8.07383E-02 8.07383E-02 8.07383E-02 1.44261E-01 1.44261E-01 1.44261E-01 1.44261E-01 1.44261E-01 1.44261E-01 2.57762E-01 2.57762E-01 2.57762E-01 2.57762E-01 2.57762E-01 2.57762E-01 4.60562E-01 4.60562E-01 4.60562E-01 4.60562E-01 4.60562E-01 4.60562E-01 
1.58489E+00 1.58489E+00 2.51189E+00 1.58489E+00 2.51189E+00 1.58489E+00 2.51189E+00 3.98107E+00 1.58489E+00 2.51189E+00 3.98107E+00 6.30957E+00 1.58489E+00 2.51189E+00 3.98107E+00 6.30957E+00 1.58489E+00 2.51189E+00 3.98107E+00 6.30957E+00 9.99999E+00 1.58489E+00 2.51189E+00 3.98107E+00 6.30957E+00 9.99999E+00 1.58489E+00 2.51189E+00 3.98107E+00 6.30957E+00 9.99999E+00 1.58489E+01 1.58489E+00 2.51189E+00 3.98107E+00 6.30957E+00 9.99999E+00 1.58489E+01 2.51189E+01 2.51189E+00 3.98107E+00 6.30957E+00 9.99999E+00 1.58489E+01 2.51189E+01 3.98107E+00 6.30957E+00 9.99999E+00 1.58489E+01 2.51189E+01 3.98107E+01 6.30957E+00 9.99999E+00 1.58489E+01 2.51189E+01 3.98107E+01 6.30957E+01 
90000 
2.13007E-04 
2.13900E-04 
5.16502E-04 
2.14661E-04 
5.18284E-04 
2.15170E-04 
5.20390E-04 
1.28061E-03 
2.15354E-04 
5.22183E-04 
1.28513E-03 
3.24337E-03 
2.15160E-04 
5.23236E-04 
1.28893E-03 
3.24372E-03 
2.14452E-04 
5.23010E-04 
1.29020E-03 
3.23435E-03 
8.17431E-03 
2.12698E-04 
5.20271E-04 
1.28569E-03 
3.21008E-03 
8.09860E-03 
2.08413E-04 
5.11634E-04 
1.26671E-03 
3.15282E-03 
7.93418E-03 
2.00646E-02 
1.99103E-04 
4.90627E-04 
1.21672E-03 
3.02453E-03 
7.58928E-03 
1.91254E-02 
4.88215E-02 
4.54583E-04 
1.13009E-03 
2.81302E-03 
7.04802E-03 
1.77228E-02 
4.50004E-02 
1.04304E-03 
2.60404E-03 
6.52356E-03 
1.63873E-02 
4.14418E-02 
1.06774E-01 
2.41858E-03 
6.05386E-03 
1.51868E-02 
3.82660E-02 
9.75078E-02 
2.56316E-01 
---
