PdfType: replica
Format: lhagrid1
---
4.34963E-04 7.77181E-04 7.77181E-04 1.38865E-03 1.38865E-03 2.48120E-03 2.48120E-03 2.48120E-03 4.43334E-03 4.43334E-03 4.43334E-03 4.43334E-03 7.92137E-03 7.92137E-03 7.92137E-03 7.92137E-03 1.41537E-02 1.41537E-02 1.41537E-02 1.41537E-02 1.41537E-02 2.52895E-02 2.52895E-02 2.52895E-02 2.52895E-02 2.52895E-02 4.51866E-02 4.51866E-02 4.51866E-02 4.51866E-02 4.51866E-02 4.51866E-02 8.07383E-02 8.07383E-02 8.07383E-02 8.07383E-02 8.07383E-02 8.07383E-02 8.07383E-02 1.44261E-01 1.44261E-01 1.44261E-01 1.44261E-01 1.44261E-01 1.44261E-01 2.57762E-01 2.57762E-01 2.57762E-01 2.57762E-01 2.57762E-01 2.57762E-01 4.60562E-01 4.60562E-01 4.60562E-01 4.60562E-01 4.60562E-01 4.60562E-01 
1.58489E+00 1.58489E+00 2.51189E+00 1.58489E+00 2.51189E+00 1.58489E+00 2.51189E+00 3.98107E+00 1.58489E+00 2.51189E+00 3.98107E+00 6.30957E+00 1.58489E+00 2.51189E+00 3.98107E+00 6.30957E+00 1.58489E+00 2.51189E+00 3.98107E+00 6.30957E+00 9.99999E+00 1.58489E+00 2.51189E+00 3.98107E+00 6.30957E+00 9.99999E+00 1.58489E+00 2.51189E+00 3.98107E+00 6.30957E+00 9.99999E+00 1.58489E+01 1.58489E+00 2.51189E+00 3.98107E+00 6.30957E+00 9.99999E+00 1.58489E+01 2.51189E+01 2.51189E+00 3.98107E+00 6.30957E+00 9.99999E+00 1.58489E+01 2.51189E+01 3.98107E+00 6.30957E+00 9.99999E+00 1.58489E+01 2.51189E+01 3.98107E+01 6.30957E+00 9.99999E+00 1.58489E+01 2.51189E+01 3.98107E+01 6.30957E+01 
90000 
2.00173E-04 
2.01008E-04 
4.95072E-04 
2.01829E-04 
4.96617E-04 
2.02549E-04 
4.98423E-04 
1.23832E-03 
2.03098E-04 
5.00117E-04 
1.24194E-03 
3.15341E-03 
2.03430E-04 
5.01458E-04 
1.24541E-03 
3.15268E-03 
2.03557E-04 
5.02311E-04 
1.24799E-03 
3.14449E-03 
7.97536E-03 
2.03357E-04 
5.02091E-04 
1.24766E-03 
3.12718E-03 
7.91253E-03 
2.01151E-04 
4.96692E-04 
1.23398E-03 
3.07926E-03 
7.76412E-03 
1.96626E-02 
1.92901E-04 
4.77298E-04 
1.18676E-03 
2.95685E-03 
7.43166E-03 
1.87531E-02 
4.79208E-02 
4.46692E-04 
1.11295E-03 
2.77515E-03 
6.96319E-03 
1.75297E-02 
4.45517E-02 
1.03608E-03 
2.58611E-03 
6.48132E-03 
1.62861E-02 
4.11964E-02 
1.06175E-01 
2.39447E-03 
5.99770E-03 
1.50549E-02 
3.79549E-02 
9.67753E-02 
2.54615E-01 
---
