PdfType: replica
Format: lhagrid1
---
4.34963E-04 7.77181E-04 7.77181E-04 1.38865E-03 1.38865E-03 2.48120E-03 2.48120E-03 2.48120E-03 4.43334E-03 4.43334E-03 4.43334E-03 4.43334E-03 7.92137E-03 7.92137E-03 7.92137E-03 7.92137E-03 1.41537E-02 1.41537E-02 1.41537E-02 1.41537E-02 1.41537E-02 2.52895E-02 2.52895E-02 2.52895E-02 2.52895E-02 2.52895E-02 4.51866E-02 4.51866E-02 4.51866E-02 4.51866E-02 4.51866E-02 4.51866E-02 8.07383E-02 8.07383E-02 8.07383E-02 8.07383E-02 8.07383E-02 8.07383E-02 8.07383E-02 1.44261E-01 1.44261E-01 1.44261E-01 1.44261E-01 1.44261E-01 1.44261E-01 2.57762E-01 2.57762E-01 2.57762E-01 2.57762E-01 2.57762E-01 2.57762E-01 4.60562E-01 4.60562E-01 4.60562E-01 4.60562E-01 4.60562E-01 4.60562E-01 
1.58489E+00 1.58489E+00 2.51189E+00 1.58489E+00 2.51189E+00 1.58489E+00 2.51189E+00 3.98107E+00 1.58489E+00 2.51189E+00 3.98107E+00 6.30957E+00 1.58489E+00 2.51189E+00 3.98107E+00 6.30957E+00 1.58489E+00 2.51189E+00 3.98107E+00 6.30957E+00 9.99999E+00 1.58489E+00 2.51189E+00 3.98107E+00 6.30957E+00 9.99999E+00 1.58489E+00 2.51189E+00 3.98107E+00 6.30957E+00 9.99999E+00 1.58489E+01 1.58489E+00 2.51189E+00 3.98107E+00 6.30957E+00 9.99999E+00 1.58489E+01 2.51189E+01 2.51189E+00 3.98107E+00 6.30957E+00 9.99999E+00 1.58489E+01 2.51189E+01 3.98107E+00 6.30957E+00 9.99999E+00 1.58489E+01 2.51189E+01 3.98107E+01 6.30957E+00 9.99999E+00 1.58489E+01 2.51189E+01 3.98107E+01 6.30957E+01 
90000 
2.07844E-04 
2.08780E-04 
5.08274E-04 
2.09628E-04 
5.10123E-04 
2.10289E-04 
5.12281E-04 
1.26518E-03 
2.10735E-04 
5.14300E-04 
1.27002E-03 
3.21179E-03 
2.11032E-04 
5.16030E-04 
1.27498E-03 
3.21502E-03 
2.11295E-04 
5.17428E-04 
1.27936E-03 
3.21190E-03 
8.12426E-03 
2.11174E-04 
5.17572E-04 
1.28053E-03 
3.19916E-03 
8.07521E-03 
2.08375E-04 
5.11550E-04 
1.26656E-03 
3.15227E-03 
7.93237E-03 
2.00576E-02 
1.98881E-04 
4.90055E-04 
1.21530E-03 
3.02123E-03 
7.58067E-03 
1.91027E-02 
4.87558E-02 
4.54004E-04 
1.12945E-03 
2.81261E-03 
7.04943E-03 
1.77307E-02 
4.50266E-02 
1.04757E-03 
2.61523E-03 
6.55065E-03 
1.64533E-02 
4.16036E-02 
1.07173E-01 
2.42877E-03 
6.07973E-03 
1.52523E-02 
3.84315E-02 
9.79228E-02 
2.57337E-01 
---
