PdfType: replica
Format: lhagrid1
---
4.34963E-04 7.77181E-04 7.77181E-04 1.38865E-03 1.38865E-03 2.48120E-03 2.48120E-03 2.48120E-03 4.43334E-03 4.43334E-03 4.43334E-03 4.43334E-03 7.92137E-03 7.92137E-03 7.92137E-03 7.92137E-03 1.41537E-02 1.41537E-02 1.41537E-02 1.41537E-02 1.41537E-02 2.52895E-02 2.52895E-02 2.52895E-02 2.52895E-02 2.52895E-02 4.51866E-02 4.51866E-02 4.51866E-02 4.51866E-02 4.51866E-02 4.51866E-02 8.07383E-02 8.07383E-02 8.07383E-02 8.07383E-02 8.07383E-02 8.07383E-02 8.07383E-02 1.44261E-01 1.44261E-01 1.44261E-01 1.44261E-01 1.44261E-01 1.44261E-01 2.57762E-01 2.57762E-01 2.57762E-01 2.57762E-01 2.57762E-01 2.57762E-01 4.60562E-01 4.60562E-01 4.60562E-01 4.60562E-01 4.60562E-01 4.60562E-01 
1.58489E+00 1.58489E+00 2.51189E+00 1.58489E+00 2.51189E+00 1.58489E+00 2.51189E+00 3.98107E+00 1.58489E+00 2.51189E+00 3.98107E+00 6.30957E+00 1.58489E+00 2.51189E+00 3.98107E+00 6.30957E+00 1.58489E+00 2.51189E+00 3.98107E+00 6.30957E+00 9.99999E+00 1.58489E+00 2.51189E+00 3.98107E+00 6.30957E+00 9.99999E+00 1.58489E+00 2.51189E+00 3.98107E+00 6.30957E+00 9.99999E+00 1.58489E+01 1.58489E+00 2.51189E+00 3.98107E+00 6.30957E+00 9.99999E+00 1.58489E+01 2.51189E+01 2.51189E+00 3.98107E+00 6.30957E+00 9.99999E+00 1.58489E+01 2.51189E+01 3.98107E+00 6.30957E+00 9.99999E+00 1.58489E+01 2.51189E+01 3.98107E+01 6.30957E+00 9.99999E+00 1.58489E+01 2.51189E+01 3.98107E+01 6.30957E+01 
90000 
2.02511E-04 
2.03535E-04 
4.99284E-04 
2.04578E-04 
5.01292E-04 
2.05558E-04 
5.03715E-04 
1.24865E-03 
2.06402E-04 
5.06137E-04 
1.25389E-03 
3.17898E-03 
2.07022E-04 
5.08181E-04 
1.25897E-03 
3.18162E-03 
2.07230E-04 
5.09278E-04 
1.26223E-03 
3.17503E-03 
8.04384E-03 
2.06498E-04 
5.08190E-04 
1.26049E-03 
3.15524E-03 
7.97620E-03 
2.03467E-04 
5.01783E-04 
1.24577E-03 
3.10646E-03 
7.82917E-03 
1.98199E-02 
1.95910E-04 
4.84285E-04 
1.20329E-03 
2.99517E-03 
7.52303E-03 
1.89720E-02 
4.84507E-02 
4.53051E-04 
1.12715E-03 
2.80721E-03 
7.03592E-03 
1.76966E-02 
4.49387E-02 
1.04371E-03 
2.60491E-03 
6.52461E-03 
1.63871E-02 
4.14338E-02 
1.06731E-01 
2.40399E-03 
6.01493E-03 
1.50847E-02 
3.80022E-02 
9.68407E-02 
2.54715E-01 
---
