PdfType: replica
Format: lhagrid1
---
4.34963E-04 7.77181E-04 7.77181E-04 1.38865E-03 1.38865E-03 2.48120E-03 2.48120E-03 2.48120E-03 4.43334E-03 4.43334E-03 4.43334E-03 4.43334E-03 7.92137E-03 7.92137E-03 7.92137E-03 7.92137E-03 1.41537E-02 1.41537E-02 1.41537E-02 1.41537E-02 1.41537E-02 2.52895E-02 2.52895E-02 2.52895E-02 2.52895E-02 2.52895E-02 4.51866E-02 4.51866E-02 4.51866E-02 4.51866E-02 4.51866E-02 4.51866E-02 8.07383E-02 8.07383E-02 8.07383E-02 8.07383E-02 8.07383E-02 8.07383E-02 8.07383E-02 1.44261E-01 1.44261E-01 1.44261E-01 1.44261E-01 1.44261E-01 1.44261E-01 2.57762E-01 2.57762E-01 2.57762E-01 2.57762E-01 2.57762E-01 2.57762E-01 4.60562E-01 4.60562E-01 4.60562E-01 4.60562E-01 4.60562E-01 4.60562E-01 
1.58489E+00 1.58489E+00 2.51189E+00 1.58489E+00 2.51189E+00 1.58489E+00 2.51189E+00 3.98107E+00 1.58489E+00 2.51189E+00 3.98107E+00 6.30957E+00 1.58489E+00 2.51189E+00 3.98107E+00 6.30957E+00 1.58489E+00 2.51189E+00 3.98107E+00 6.30957E+00 9.99999E+00 1.58489E+00 2.51189E+00 3.98107E+00 6.30957E+00 9.99999E+00 1.58489E+00 2.51189E+00 3.98107E+00 6.30957E+00 9.99999E+00 1.58489E+01 1.58489E+00 2.51189E+00 3.98107E+00 6.30957E+00 9.99999E+00 1.58489E+01 2.51189E+01 2.51189E+00 3.98107E+00 6.30957E+00 9.99999E+00 1.58489E+01 2.51189E+01 3.98107E+00 6.30957E+00 9.99999E+00 1.58489E+01 2.51189E+01 3.98107E+01 6.30957E+00 9.99999E+00 1.58489E+01 2.51189E+01 3.98107E+01 6.30957E+01 
90000 
2.08265E-04 
2.08789E-04 
5.07948E-04 
2.09185E-04 
5.08973E-04 
2.09369E-04 
5.10233E-04 
1.26102E-03 
2.09324E-04 
5.11303E-04 
1.26386E-03 
3.19914E-03 
2.09086E-04 
5.12016E-04 
1.26666E-03 
3.19731E-03 
2.08668E-04 
5.12186E-04 
1.26844E-03 
3.18839E-03 
8.07424E-03 
2.07715E-04 
5.10885E-04 
1.26662E-03 
3.16934E-03 
8.00910E-03 
2.04787E-04 
5.04834E-04 
1.25297E-03 
3.12375E-03 
7.87066E-03 
1.99232E-02 
1.97508E-04 
4.88125E-04 
1.21258E-03 
3.01787E-03 
7.57816E-03 
1.91078E-02 
4.87951E-02 
4.57857E-04 
1.13817E-03 
2.83301E-03 
7.09637E-03 
1.78397E-02 
4.52818E-02 
1.04697E-03 
2.61150E-03 
6.53842E-03 
1.64165E-02 
4.14971E-02 
1.06867E-01 
2.39948E-03 
6.00366E-03 
1.50565E-02 
3.79309E-02 
9.66539E-02 
2.54177E-01 
---
