PdfType: replica
Format: lhagrid1
---
4.34963E-04 7.77181E-04 7.77181E-04 1.38865E-03 1.38865E-03 2.48120E-03 2.48120E-03 2.48120E-03 4.43334E-03 4.43334E-03 4.43334E-03 4.43334E-03 7.92137E-03 7.92137E-03 7.92137E-03 7.92137E-03 1.41537E-02 1.41537E-02 1.41537E-02 1.41537E-02 1.41537E-02 2.52895E-02 2.52895E-02 2.52895E-02 2.52895E-02 2.52895E-02 4.51866E-02 4.51866E-02 4.51866E-02 4.51866E-02 4.51866E-02 4.51866E-02 8.07383E-02 8.07383E-02 8.07383E-02 8.07383E-02 8.07383E-02 8.07383E-02 8.07383E-02 1.44261E-01 1.44261E-01 1.44261E-01 1.44261E-01 1.44261E-01 1.44261E-01 2.57762E-01 2.57762E-01 2.57762E-01 2.57762E-01 2.57762E-01 2.57762E-01 4.60562E-01 4.60562E-01 4.60562E-01 4.60562E-01 4.60562E-01 4.60562E-01 
1.58489E+00 1.58489E+00 2.51189E+00 1.58489E+00 2.51189E+00 1.58489E+00 2.51189E+00 3.98107E+00 1.58489E+00 2.51189E+00 3.98107E+00 6.30957E+00 1.58489E+00 2.51189E+00 3.98107E+00 6.30957E+00 1.58489E+00 2.51189E+00 3.98107E+00 6.30957E+00 9.99999E+00 1.58489E+00 2.51189E+00 3.98107E+00 6.30957E+00 9.99999E+00 1.58489E+00 2.51189E+00 3.98107E+00 6.30957E+00 9.99999E+00 1.58489E+01 1.58489E+00 2.51189E+00 3.98107E+00 6.30957E+00 9.99999E+00 1.58489E+01 2.51189E+01 2.51189E+00 3.98107E+00 6.30957E+00 9.99999E+00 1.58489E+01 2.51189E+01 3.98107E+00 6.30957E+00 9.99999E+00 1.58489E+01 2.51189E+01 3.98107E+01 6.30957E+00 9.99999E+00 1.58489E+01 2.51189E+01 3.98107E+01 6.30957E+01 
90000 
2.05011E-04 
2.06369E-04 
5.04284E-04 
2.07721E-04 
5.06896E-04 
2.08939E-04 
5.09891E-04 
1.26085E-03 
2.09906E-04 
5.12726E-04 
1.26708E-03 
3.20635E-03 
2.10519E-04 
5.14977E-04 
1.27289E-03 
3.21095E-03 
2.10703E-04 
5.16260E-04 
1.27688E-03 
3.20694E-03 
8.11404E-03 
2.10165E-04 
5.15599E-04 
1.27614E-03 
3.18974E-03 
8.05279E-03 
2.07015E-04 
5.08484E-04 
1.25927E-03 
3.13504E-03 
7.89106E-03 
1.99573E-02 
1.97041E-04 
4.85699E-04 
1.20489E-03 
2.99625E-03 
7.52113E-03 
1.89586E-02 
4.83988E-02 
4.49855E-04 
1.11948E-03 
2.78894E-03 
6.99193E-03 
1.75902E-02 
4.46800E-02 
1.03704E-03 
2.58847E-03 
6.48524E-03 
1.62925E-02 
4.12058E-02 
1.06182E-01 
2.39821E-03 
6.00548E-03 
1.50705E-02 
3.79851E-02 
9.68301E-02 
2.54712E-01 
---
