PdfType: replica
Format: lhagrid1
---
4.34963E-04 7.77181E-04 7.77181E-04 1.38865E-03 1.38865E-03 2.48120E-03 2.48120E-03 2.48120E-03 4.43334E-03 4.43334E-03 4.43334E-03 4.43334E-03 7.92137E-03 7.92137E-03 7.92137E-03 7.92137E-03 1.41537E-02 1.41537E-02 1.41537E-02 1.41537E-02 1.41537E-02 2.52895E-02 2.52895E-02 2.52895E-02 2.52895E-02 2.52895E-02 4.51866E-02 4.51866E-02 4.51866E-02 4.51866E-02 4.51866E-02 4.51866E-02 8.07383E-02 8.07383E-02 8.07383E-02 8.07383E-02 8.07383E-02 8.07383E-02 8.07383E-02 1.44261E-01 1.44261E-01 1.44261E-01 1.44261E-01 1.44261E-01 1.44261E-01 2.57762E-01 2.57762E-01 2.57762E-01 2.57762E-01 2.57762E-01 2.57762E-01 4.60562E-01 4.60562E-01 4.60562E-01 4.60562E-01 4.60562E-01 4.60562E-01 
1.58489E+00 1.58489E+00 2.51189E+00 1.58489E+00 2.51189E+00 1.58489E+00 2.51189E+00 3.98107E+00 1.58489E+00 2.51189E+00 3.98107E+00 6.30957E+00 1.58489E+00 2.51189E+00 3.98107E+00 6.30957E+00 1.58489E+00 2.51189E+00 3.98107E+00 6.30957E+00 9.99999E+00 1.58489E+00 2.51189E+00 3.98107E+00 6.30957E+00 9.99999E+00 1.58489E+00 2.51189E+00 3.98107E+00 6.30957E+00 9.99999E+00 1.58489E+01 1.58489E+00 2.51189E+00 3.98107E+00 6.30957E+00 9.99999E+00 1.58489E+01 2.51189E+01 2.51189E+00 3.98107E+00 6.30957E+00 9.99999E+00 1.58489E+01 2.51189E+01 3.98107E+00 6.30957E+00 9.99999E+00 1.58489E+01 2.51189E+01 3.98107E+01 6.30957E+00 9.99999E+00 1.58489E+01 2.51189E+01 3.98107E+01 6.30957E+01 
90000 
2.03798E-04 
2.04233E-04 
5.00305E-04 
2.04525E-04 
5.01005E-04 
2.04549E-04 
5.01681E-04 
1.24407E-03 
2.04221E-04 
5.01875E-04 
1.24489E-03 
3.15850E-03 
2.03557E-04 
5.01493E-04 
1.24513E-03 
3.15192E-03 
2.02864E-04 
5.01035E-04 
1.24543E-03 
3.13993E-03 
7.96558E-03 
2.02707E-04 
5.01184E-04 
1.24623E-03 
3.12553E-03 
7.91114E-03 
2.01794E-04 
4.98140E-04 
1.23717E-03 
3.08632E-03 
7.78138E-03 
1.97093E-02 
1.93974E-04 
4.78829E-04 
1.18885E-03 
2.95850E-03 
7.43167E-03 
1.87481E-02 
4.79256E-02 
4.42908E-04 
1.10275E-03 
2.74847E-03 
6.89475E-03 
1.73577E-02 
4.41363E-02 
1.02186E-03 
2.55172E-03 
6.39722E-03 
1.60809E-02 
4.07010E-02 
1.05018E-01 
2.37295E-03 
5.94572E-03 
1.49284E-02 
3.76470E-02 
9.60347E-02 
2.52918E-01 
---
