PdfType: replica
Format: lhagrid1
---
4.34963E-04 7.77181E-04 7.77181E-04 1.38865E-03 1.38865E-03 2.48120E-03 2.48120E-03 2.48120E-03 4.43334E-03 4.43334E-03 4.43334E-03 4.43334E-03 7.92137E-03 7.92137E-03 7.92137E-03 7.92137E-03 1.41537E-02 1.41537E-02 1.41537E-02 1.41537E-02 1.41537E-02 2.52895E-02 2.52895E-02 2.52895E-02 2.52895E-02 2.52895E-02 4.51866E-02 4.51866E-02 4.51866E-02 4.51866E-02 4.51866E-02 4.51866E-02 8.07383E-02 8.07383E-02 8.07383E-02 8.07383E-02 8.07383E-02 8.07383E-02 8.07383E-02 1.44261E-01 1.44261E-01 1.44261E-01 1.44261E-01 1.44261E-01 1.44261E-01 2.57762E-01 2.57762E-01 2.57762E-01 2.57762E-01 2.57762E-01 2.57762E-01 4.60562E-01 4.60562E-01 4.60562E-01 4.60562E-01 4.60562E-01 4.60562E-01 
1.58489E+00 1.58489E+00 2.51189E+00 1.58489E+00 2.51189E+00 1.58489E+00 2.51189E+00 3.98107E+00 1.58489E+00 2.51189E+00 3.98107E+00 6.30957E+00 1.58489E+00 2.51189E+00 3.98107E+00 6.30957E+00 1.58489E+00 2.51189E+00 3.98107E+00 6.30957E+00 9.99999E+00 1.58489E+00 2.51189E+00 3.98107E+00 6.30957E+00 9.99999E+00 1.58489E+00 2.51189E+00 3.98107E+00 6.30957E+00 9.99999E+00 1.58489E+01 1.58489E+00 2.51189E+00 3.98107E+00 6.30957E+00 9.99999E+00 1.58489E+01 2.51189E+01 2.51189E+00 3.98107E+00 6.30957E+00 9.99999E+00 1.58489E+01 2.51189E+01 3.98107E+00 6.30957E+00 9.99999E+00 1.58489E+01 2.51189E+01 3.98107E+01 6.30957E+00 9.99999E+00 1.58489E+01 2.51189E+01 3.98107E+01 6.30957E+01 
90000 
2.01875E-04 
2.03028E-04 
4.98535E-04 
2.04227E-04 
5.00856E-04 
2.05402E-04 
5.03664E-04 
1.24858E-03 
2.06515E-04 
5.06642E-04 
1.25512E-03 
3.18058E-03 
2.07570E-04 
5.09618E-04 
1.26232E-03 
3.18857E-03 
2.08552E-04 
5.12293E-04 
1.26897E-03 
3.18995E-03 
8.07549E-03 
2.08900E-04 
5.13098E-04 
1.27083E-03 
3.17783E-03 
8.02529E-03 
2.06010E-04 
5.06252E-04 
1.25408E-03 
3.12313E-03 
7.86238E-03 
1.98881E-02 
1.95818E-04 
4.82908E-04 
1.19821E-03 
2.98101E-03 
7.48401E-03 
1.88697E-02 
4.81964E-02 
4.46752E-04 
1.11165E-03 
2.76992E-03 
6.94578E-03 
1.74793E-02 
4.44197E-02 
1.02606E-03 
2.56126E-03 
6.42044E-03 
1.61368E-02 
4.08309E-02 
1.05285E-01 
2.37582E-03 
5.95276E-03 
1.49451E-02 
3.76843E-02 
9.61046E-02 
2.52947E-01 
---
