PdfType: replica
Format: lhagrid1
---
4.34963E-04 7.77181E-04 7.77181E-04 1.38865E-03 1.38865E-03 2.48120E-03 2.48120E-03 2.48120E-03 4.43334E-03 4.43334E-03 4.43334E-03 4.43334E-03 7.92137E-03 7.92137E-03 7.92137E-03 7.92137E-03 1.41537E-02 1.41537E-02 1.41537E-02 1.41537E-02 1.41537E-02 2.52895E-02 2.52895E-02 2.52895E-02 2.52895E-02 2.52895E-02 4.51866E-02 4.51866E-02 4.51866E-02 4.51866E-02 4.51866E-02 4.51866E-02 8.07383E-02 8.07383E-02 8.07383E-02 8.07383E-02 8.07383E-02 8.07383E-02 8.07383E-02 1.44261E-01 1.44261E-01 1.44261E-01 1.44261E-01 1.44261E-01 1.44261E-01 2.57762E-01 2.57762E-01 2.57762E-01 2.57762E-01 2.57762E-01 2.57762E-01 4.60562E-01 4.60562E-01 4.60562E-01 4.60562E-01 4.60562E-01 4.60562E-01 
1.58489E+00 1.58489E+00 2.51189E+00 1.58489E+00 2.51189E+00 1.58489E+00 2.51189E+00 3.98107E+00 1.58489E+00 2.51189E+00 3.98107E+00 6.30957E+00 1.58489E+00 2.51189E+00 3.98107E+00 6.30957E+00 1.58489E+00 2.51189E+00 3.98107E+00 6.30957E+00 9.99999E+00 1.58489E+00 2.51189E+00 3.98107E+00 6.30957E+00 9.99999E+00 1.58489E+00 2.51189E+00 3.98107E+00 6.30957E+00 9.99999E+00 1.58489E+01 1.58489E+00 2.51189E+00 3.98107E+00 6.30957E+00 9.99999E+00 1.58489E+01 2.51189E+01 2.51189E+00 3.98107E+00 6.30957E+00 9.99999E+00 1.58489E+01 2.51189E+01 3.98107E+00 6.30957E+00 9.99999E+00 1.58489E+01 2.51189E+01 3.98107E+01 6.30957E+00 9.99999E+00 1.58489E+01 2.51189E+01 3.98107E+01 6.30957E+01 
90000 
1.99347E-04 
2.00132E-04 
4.93652E-04 
2.00977E-04 
4.95287E-04 
2.01853E-04 
4.97418E-04 
1.23663E-03 
2.02777E-04 
4.99871E-04 
1.24193E-03 
3.15422E-03 
2.03805E-04 
5.02603E-04 
1.24834E-03 
3.16010E-03 
2.04945E-04 
5.05392E-04 
1.25490E-03 
3.16043E-03 
8.01262E-03 
2.05605E-04 
5.06685E-04 
1.25756E-03 
3.14937E-03 
7.96327E-03 
2.03310E-04 
5.01116E-04 
1.24364E-03 
3.10104E-03 
7.81451E-03 
1.97817E-02 
1.94621E-04 
4.81046E-04 
1.19528E-03 
2.97626E-03 
7.47747E-03 
1.88623E-02 
4.81848E-02 
4.49223E-04 
1.11870E-03 
2.78810E-03 
6.99341E-03 
1.76009E-02 
4.47221E-02 
1.04032E-03 
2.59666E-03 
6.50610E-03 
1.63450E-02 
4.13385E-02 
1.06528E-01 
2.40049E-03 
6.00875E-03 
1.50746E-02 
3.79887E-02 
9.68337E-02 
2.54758E-01 
---
