PdfType: replica
Format: lhagrid1
---
4.34963E-04 7.77181E-04 7.77181E-04 1.38865E-03 1.38865E-03 2.48120E-03 2.48120E-03 2.48120E-03 4.43334E-03 4.43334E-03 4.43334E-03 4.43334E-03 7.92137E-03 7.92137E-03 7.92137E-03 7.92137E-03 1.41537E-02 1.41537E-02 1.41537E-02 1.41537E-02 1.41537E-02 2.52895E-02 2.52895E-02 2.52895E-02 2.52895E-02 2.52895E-02 4.51866E-02 4.51866E-02 4.51866E-02 4.51866E-02 4.51866E-02 4.51866E-02 8.07383E-02 8.07383E-02 8.07383E-02 8.07383E-02 8.07383E-02 8.07383E-02 8.07383E-02 1.44261E-01 1.44261E-01 1.44261E-01 1.44261E-01 1.44261E-01 1.44261E-01 2.57762E-01 2.57762E-01 2.57762E-01 2.57762E-01 2.57762E-01 2.57762E-01 4.60562E-01 4.60562E-01 4.60562E-01 4.60562E-01 4.60562E-01 4.60562E-01 
1.58489E+00 1.58489E+00 2.51189E+00 1.58489E+00 2.51189E+00 1.58489E+00 2.51189E+00 3.98107E+00 1.58489E+00 2.51189E+00 3.98107E+00 6.30957E+00 1.58489E+00 2.51189E+00 3.98107E+00 6.30957E+00 1.58489E+00 2.51189E+00 3.98107E+00 6.30957E+00 9.99999E+00 1.58489E+00 2.51189E+00 3.98107E+00 6.30957E+00 9.99999E+00 1.58489E+00 2.51189E+00 3.98107E+00 6.30957E+00 9.99999E+00 1.58489E+01 1.58489E+00 2.51189E+00 3.98107E+00 6.30957E+00 9.99999E+00 1.58489E+01 2.51189E+01 2.51189E+00 3.98107E+00 6.30957E+00 9.99999E+00 1.58489E+01 2.51189E+01 3.98107E+00 6.30957E+00 9.99999E+00 1.58489E+01 2.51189E+01 3.98107E+01 6.30957E+00 9.99999E+00 1.58489E+01 2.51189E+01 3.98107E+01 6.30957E+01 
90000 
2.04123E-04 
2.04769E-04 
5.01292E-04 
2.05368E-04 
5.02597E-04 
2.05889E-04 
5.04317E-04 
1.24970E-03 
2.06399E-04 
5.06271E-04 
1.25426E-03 
3.17949E-03 
2.07065E-04 
5.08562E-04 
1.26013E-03 
3.18427E-03 
2.07996E-04 
5.11118E-04 
1.26653E-03 
3.18464E-03 
8.06572E-03 
2.08441E-04 
5.12114E-04 
1.26882E-03 
3.17336E-03 
8.01646E-03 
2.05420E-04 
5.05272E-04 
1.25241E-03 
3.12013E-03 
7.85698E-03 
1.98796E-02 
1.95622E-04 
4.83121E-04 
1.19989E-03 
2.98624E-03 
7.50057E-03 
1.89170E-02 
4.83199E-02 
4.50711E-04 
1.12238E-03 
2.79656E-03 
7.01340E-03 
1.76480E-02 
4.48330E-02 
1.04438E-03 
2.60784E-03 
6.53351E-03 
1.64133E-02 
4.15088E-02 
1.06940E-01 
2.43467E-03 
6.09618E-03 
1.52967E-02 
3.85475E-02 
9.82122E-02 
2.57966E-01 
---
