PdfType: replica
Format: lhagrid1
---
4.34963E-04 7.77181E-04 7.77181E-04 1.38865E-03 1.38865E-03 2.48120E-03 2.48120E-03 2.48120E-03 4.43334E-03 4.43334E-03 4.43334E-03 4.43334E-03 7.92137E-03 7.92137E-03 7.92137E-03 7.92137E-03 1.41537E-02 1.41537E-02 1.41537E-02 1.41537E-02 1.41537E-02 2.52895E-02 2.52895E-02 2.52895E-02 2.52895E-02 2.52895E-02 4.51866E-02 4.51866E-02 4.51866E-02 4.51866E-02 4.51866E-02 4.51866E-02 8.07383E-02 8.07383E-02 8.07383E-02 8.07383E-02 8.07383E-02 8.07383E-02 8.07383E-02 1.44261E-01 1.44261E-01 1.44261E-01 1.44261E-01 1.44261E-01 1.44261E-01 2.57762E-01 2.57762E-01 2.57762E-01 2.57762E-01 2.57762E-01 2.57762E-01 4.60562E-01 4.60562E-01 4.60562E-01 4.60562E-01 4.60562E-01 4.60562E-01 
1.58489E+00 1.58489E+00 2.51189E+00 1.58489E+00 2.51189E+00 1.58489E+00 2.51189E+00 3.98107E+00 1.58489E+00 2.51189E+00 3.98107E+00 6.30957E+00 1.58489E+00 2.51189E+00 3.98107E+00 6.30957E+00 1.58489E+00 2.51189E+00 3.98107E+00 6.30957E+00 9.99999E+00 1.58489E+00 2.51189E+00 3.98107E+00 6.30957E+00 9.99999E+00 1.58489E+00 2.51189E+00 3.98107E+00 6.30957E+00 9.99999E+00 1.58489E+01 1.58489E+00 2.51189E+00 3.98107E+00 6.30957E+00 9.99999E+00 1.58489E+01 2.51189E+01 2.51189E+00 3.98107E+00 6.30957E+00 9.99999E+00 1.58489E+01 2.51189E+01 3.98107E+00 6.30957E+00 9.99999E+00 1.58489E+01 2.51189E+01 3.98107E+01 6.30957E+00 9.99999E+00 1.58489E+01 2.51189E+01 3.98107E+01 6.30957E+01 
90000 
2.03124E-04 
2.04475E-04 
5.01048E-04 
2.05949E-04 
5.03890E-04 
2.07506E-04 
5.07483E-04 
1.25639E-03 
2.09123E-04 
5.11506E-04 
1.26504E-03 
3.20274E-03 
2.10718E-04 
5.15566E-04 
1.27444E-03 
3.21473E-03 
2.11930E-04 
5.18629E-04 
1.28178E-03 
3.21715E-03 
8.13732E-03 
2.11569E-04 
5.18016E-04 
1.28072E-03 
3.19864E-03 
8.07139E-03 
2.07167E-04 
5.08545E-04 
1.25908E-03 
3.13407E-03 
7.88783E-03 
1.99496E-02 
1.96659E-04 
4.85042E-04 
1.20358E-03 
2.99374E-03 
7.51521E-03 
1.89464E-02 
4.83874E-02 
4.49603E-04 
1.11825E-03 
2.78531E-03 
6.98145E-03 
1.75629E-02 
4.46174E-02 
1.03162E-03 
2.57591E-03 
6.45682E-03 
1.62277E-02 
4.10568E-02 
1.05834E-01 
2.40266E-03 
6.02017E-03 
1.51144E-02 
3.81089E-02 
9.71629E-02 
2.55532E-01 
---
