PdfType: replica
Format: lhagrid1
---
4.34963E-04 7.77181E-04 7.77181E-04 1.38865E-03 1.38865E-03 2.48120E-03 2.48120E-03 2.48120E-03 4.43334E-03 4.43334E-03 4.43334E-03 4.43334E-03 7.92137E-03 7.92137E-03 7.92137E-03 7.92137E-03 1.41537E-02 1.41537E-02 1.41537E-02 1.41537E-02 1.41537E-02 2.52895E-02 2.52895E-02 2.52895E-02 2.52895E-02 2.52895E-02 4.51866E-02 4.51866E-02 4.51866E-02 4.51866E-02 4.51866E-02 4.51866E-02 8.07383E-02 8.07383E-02 8.07383E-02 8.07383E-02 8.07383E-02 8.07383E-02 8.07383E-02 1.44261E-01 1.44261E-01 1.44261E-01 1.44261E-01 1.44261E-01 1.44261E-01 2.57762E-01 2.57762E-01 2.57762E-01 2.57762E-01 2.57762E-01 2.57762E-01 4.60562E-01 4.60562E-01 4.60562E-01 4.60562E-01 4.60562E-01 4.60562E-01 
1.58489E+00 1.58489E+00 2.51189E+00 1.58489E+00 2.51189E+00 1.58489E+00 2.51189E+00 3.98107E+00 1.58489E+00 2.51189E+00 3.98107E+00 6.30957E+00 1.58489E+00 2.51189E+00 3.98107E+00 6.30957E+00 1.58489E+00 2.51189E+00 3.98107E+00 6.30957E+00 9.99999E+00 1.58489E+00 2.51189E+00 3.98107E+00 6.30957E+00 9.99999E+00 1.58489E+00 2.51189E+00 3.98107E+00 6.30957E+00 9.99999E+00 1.58489E+01 1.58489E+00 2.51189E+00 3.98107E+00 6.30957E+00 9.99999E+00 1.58489E+01 2.51189E+01 2.51189E+00 3.98107E+00 6.30957E+00 9.99999E+00 1.58489E+01 2.51189E+01 3.98107E+00 6.30957E+00 9.99999E+00 1.58489E+01 2.51189E+01 3.98107E+01 6.30957E+00 9.99999E+00 1.58489E+01 2.51189E+01 3.98107E+01 6.30957E+01 
90000 
2.04547E-04 
2.05826E-04 
5.03226E-04 
2.07115E-04 
5.05746E-04 
2.08348E-04 
5.08812E-04 
1.25871E-03 
2.09519E-04 
5.12106E-04 
1.26600E-03 
3.20468E-03 
2.10670E-04 
5.15467E-04 
1.27421E-03 
3.21446E-03 
2.11768E-04 
5.18526E-04 
1.28197E-03 
3.21819E-03 
8.14009E-03 
2.12162E-04 
5.19691E-04 
1.28527E-03 
3.20979E-03 
8.09989E-03 
2.09572E-04 
5.14176E-04 
1.27271E-03 
3.16626E-03 
7.96617E-03 
2.01384E-02 
2.00644E-04 
4.94093E-04 
1.22478E-03 
3.04364E-03 
7.63339E-03 
1.92276E-02 
4.90555E-02 
4.57470E-04 
1.13666E-03 
2.82923E-03 
7.08533E-03 
1.78102E-02 
4.52054E-02 
1.04714E-03 
2.61321E-03 
6.54550E-03 
1.64394E-02 
4.15628E-02 
1.07038E-01 
2.40614E-03 
6.02021E-03 
1.50975E-02 
3.80332E-02 
9.69177E-02 
2.54922E-01 
---
