PdfType: replica
Format: lhagrid1
---
4.34963E-04 7.77181E-04 7.77181E-04 1.38865E-03 1.38865E-03 2.48120E-03 2.48120E-03 2.48120E-03 4.43334E-03 4.43334E-03 4.43334E-03 4.43334E-03 7.92137E-03 7.92137E-03 7.92137E-03 7.92137E-03 1.41537E-02 1.41537E-02 1.41537E-02 1.41537E-02 1.41537E-02 2.52895E-02 2.52895E-02 2.52895E-02 2.52895E-02 2.52895E-02 4.51866E-02 4.51866E-02 4.51866E-02 4.51866E-02 4.51866E-02 4.51866E-02 8.07383E-02 8.07383E-02 8.07383E-02 8.07383E-02 8.07383E-02 8.07383E-02 8.07383E-02 1.44261E-01 1.44261E-01 1.44261E-01 1.44261E-01 1.44261E-01 1.44261E-01 2.57762E-01 2.57762E-01 2.57762E-01 2.57762E-01 2.57762E-01 2.57762E-01 4.60562E-01 4.60562E-01 4.60562E-01 4.60562E-01 4.60562E-01 4.60562E-01 
1.58489E+00 1.58489E+00 2.51189E+00 1.58489E+00 2.51189E+00 1.58489E+00 2.51189E+00 3.98107E+00 1.58489E+00 2.51189E+00 3.98107E+00 6.30957E+00 1.58489E+00 2.51189E+00 3.98107E+00 6.30957E+00 1.58489E+00 2.51189E+00 3.98107E+00 6.30957E+00 9.99999E+00 1.58489E+00 2.51189E+00 3.98107E+00 6.30957E+00 9.99999E+00 1.58489E+00 2.51189E+00 3.98107E+00 6.30957E+00 9.99999E+00 1.58489E+01 1.58489E+00 2.51189E+00 3.98107E+00 6.30957E+00 9.99999E+00 1.58489E+01 2.51189E+01 2.51189E+00 3.98107E+00 6.30957E+00 9.99999E+00 1.58489E+01 2.51189E+01 3.98107E+00 6.30957E+00 9.99999E+00 1.58489E+01 2.51189E+01 3.98107E+01 6.30957E+00 9.99999E+00 1.58489E+01 2.51189E+01 3.98107E+01 6.30957E+01 
90000 
1.99062E-04 
2.00112E-04 
4.93723E-04 
2.01432E-04 
4.96222E-04 
2.02996E-04 
4.99628E-04 
1.24127E-03 
2.04756E-04 
5.03666E-04 
1.24973E-03 
3.17084E-03 
2.06582E-04 
5.07911E-04 
1.25917E-03 
3.18278E-03 
2.08087E-04 
5.11351E-04 
1.26699E-03 
3.18583E-03 
8.06750E-03 
2.08181E-04 
5.11558E-04 
1.26747E-03 
3.17055E-03 
8.00874E-03 
2.04652E-04 
5.03828E-04 
1.24946E-03 
3.11414E-03 
7.84384E-03 
1.98470E-02 
1.95571E-04 
4.83236E-04 
1.20042E-03 
2.98820E-03 
7.50587E-03 
1.89294E-02 
4.83394E-02 
4.51423E-04 
1.12346E-03 
2.79839E-03 
7.01603E-03 
1.76506E-02 
4.48292E-02 
1.04007E-03 
2.59499E-03 
6.49912E-03 
1.63216E-02 
4.12658E-02 
1.06300E-01 
2.38616E-03 
5.97068E-03 
1.49747E-02 
3.77283E-02 
9.61588E-02 
2.53022E-01 
---
