PdfType: replica
Format: lhagrid1
---
4.34963E-04 7.77181E-04 7.77181E-04 1.38865E-03 1.38865E-03 2.48120E-03 2.48120E-03 2.48120E-03 4.43334E-03 4.43334E-03 4.43334E-03 4.43334E-03 7.92137E-03 7.92137E-03 7.92137E-03 7.92137E-03 1.41537E-02 1.41537E-02 1.41537E-02 1.41537E-02 1.41537E-02 2.52895E-02 2.52895E-02 2.52895E-02 2.52895E-02 2.52895E-02 4.51866E-02 4.51866E-02 4.51866E-02 4.51866E-02 4.51866E-02 4.51866E-02 8.07383E-02 8.07383E-02 8.07383E-02 8.07383E-02 8.07383E-02 8.07383E-02 8.07383E-02 1.44261E-01 1.44261E-01 1.44261E-01 1.44261E-01 1.44261E-01 1.44261E-01 2.57762E-01 2.57762E-01 2.57762E-01 2.57762E-01 2.57762E-01 2.57762E-01 4.60562E-01 4.60562E-01 4.60562E-01 4.60562E-01 4.60562E-01 4.60562E-01 
1.58489E+00 1.58489E+00 2.51189E+00 1.58489E+00 2.51189E+00 1.58489E+00 2.51189E+00 3.98107E+00 1.58489E+00 2.51189E+00 3.98107E+00 6.30957E+00 1.58489E+00 2.51189E+00 3.98107E+00 6.30957E+00 1.58489E+00 2.51189E+00 3.98107E+00 6.30957E+00 9.99999E+00 1.58489E+00 2.51189E+00 3.98107E+00 6.30957E+00 9.99999E+00 1.58489E+00 2.51189E+00 3.98107E+00 6.30957E+00 9.99999E+00 1.58489E+01 1.58489E+00 2.51189E+00 3.98107E+00 6.30957E+00 9.99999E+00 1.58489E+01 2.51189E+01 2.51189E+00 3.98107E+00 6.30957E+00 9.99999E+00 1.58489E+01 2.51189E+01 3.98107E+00 6.30957E+00 9.99999E+00 1.58489E+01 2.51189E+01 3.98107E+01 6.30957E+00 9.99999E+00 1.58489E+01 2.51189E+01 3.98107E+01 6.30957E+01 
90000 
2.15986E-04 
2.14957E-04 
5.17777E-04 
2.14202E-04 
5.17168E-04 
2.13734E-04 
5.17739E-04 
1.27537E-03 
2.13589E-04 
5.19086E-04 
1.27930E-03 
3.23104E-03 
2.13729E-04 
5.20905E-04 
1.28486E-03 
3.23562E-03 
2.13861E-04 
5.22404E-04 
1.28977E-03 
3.23426E-03 
8.17561E-03 
2.13060E-04 
5.21521E-04 
1.28908E-03 
3.21843E-03 
8.11844E-03 
2.09336E-04 
5.13939E-04 
1.27239E-03 
3.16656E-03 
7.96708E-03 
2.01443E-02 
2.00332E-04 
4.93814E-04 
1.22482E-03 
3.04497E-03 
7.63969E-03 
1.92499E-02 
4.91295E-02 
4.59941E-04 
1.14298E-03 
2.84464E-03 
7.12373E-03 
1.79052E-02 
4.54406E-02 
1.05212E-03 
2.62414E-03 
6.56912E-03 
1.64912E-02 
4.16776E-02 
1.07289E-01 
2.40505E-03 
6.01895E-03 
1.50973E-02 
3.80367E-02 
9.69177E-02 
2.54772E-01 
---
