PdfType: replica
Format: lhagrid1
---
4.34963E-04 7.77181E-04 7.77181E-04 1.38865E-03 1.38865E-03 2.48120E-03 2.48120E-03 2.48120E-03 4.43334E-03 4.43334E-03 4.43334E-03 4.43334E-03 7.92137E-03 7.92137E-03 7.92137E-03 7.92137E-03 1.41537E-02 1.41537E-02 1.41537E-02 1.41537E-02 1.41537E-02 2.52895E-02 2.52895E-02 2.52895E-02 2.52895E-02 2.52895E-02 4.51866E-02 4.51866E-02 4.51866E-02 4.51866E-02 4.51866E-02 4.51866E-02 8.07383E-02 8.07383E-02 8.07383E-02 8.07383E-02 8.07383E-02 8.07383E-02 8.07383E-02 1.44261E-01 1.44261E-01 1.44261E-01 1.44261E-01 1.44261E-01 1.44261E-01 2.57762E-01 2.57762E-01 2.57762E-01 2.57762E-01 2.57762E-01 2.57762E-01 4.60562E-01 4.60562E-01 4.60562E-01 4.60562E-01 4.60562E-01 4.60562E-01 
1.58489E+00 1.58489E+00 2.51189E+00 1.58489E+00 2.51189E+00 1.58489E+00 2.51189E+00 3.98107E+00 1.58489E+00 2.51189E+00 3.98107E+00 6.30957E+00 1.58489E+00 2.51189E+00 3.98107E+00 6.30957E+00 1.58489E+00 2.51189E+00 3.98107E+00 6.30957E+00 9.99999E+00 1.58489E+00 2.51189E+00 3.98107E+00 6.30957E+00 9.99999E+00 1.58489E+00 2.51189E+00 3.98107E+00 6.30957E+00 9.99999E+00 1.58489E+01 1.58489E+00 2.51189E+00 3.98107E+00 6.30957E+00 9.99999E+00 1.58489E+01 2.51189E+01 2.51189E+00 3.98107E+00 6.30957E+00 9.99999E+00 1.58489E+01 2.51189E+01 3.98107E+00 6.30957E+00 9.99999E+00 1.58489E+01 2.51189E+01 3.98107E+01 6.30957E+00 9.99999E+00 1.58489E+01 2.51189E+01 3.98107E+01 6.30957E+01 
90000 
2.19762E-04 
2.18417E-04 
5.23386E-04 
2.16984E-04 
5.21593E-04 
2.15420E-04 
5.20250E-04 
1.27956E-03 
2.13818E-04 
5.18945E-04 
1.27820E-03 
3.22798E-03 
2.12384E-04 
5.17809E-04 
1.27784E-03 
3.21998E-03 
2.11318E-04 
5.17046E-04 
1.27821E-03 
3.20870E-03 
8.11958E-03 
2.10221E-04 
5.15625E-04 
1.27636E-03 
3.18999E-03 
8.05496E-03 
2.06838E-04 
5.08587E-04 
1.26030E-03 
3.13896E-03 
7.90201E-03 
1.99898E-02 
1.97708E-04 
4.87807E-04 
1.21059E-03 
3.01153E-03 
7.55904E-03 
1.90543E-02 
4.86493E-02 
4.53617E-04 
1.12835E-03 
2.80985E-03 
7.04256E-03 
1.77133E-02 
4.49800E-02 
1.04313E-03 
2.60316E-03 
6.52035E-03 
1.63766E-02 
4.14075E-02 
1.06663E-01 
2.40498E-03 
6.01879E-03 
1.50971E-02 
3.80387E-02 
9.69389E-02 
2.54938E-01 
---
