PdfType: replica
Format: lhagrid1
---
4.34963E-04 7.77181E-04 7.77181E-04 1.38865E-03 1.38865E-03 2.48120E-03 2.48120E-03 2.48120E-03 4.43334E-03 4.43334E-03 4.43334E-03 4.43334E-03 7.92137E-03 7.92137E-03 7.92137E-03 7.92137E-03 1.41537E-02 1.41537E-02 1.41537E-02 1.41537E-02 1.41537E-02 2.52895E-02 2.52895E-02 2.52895E-02 2.52895E-02 2.52895E-02 4.51866E-02 4.51866E-02 4.51866E-02 4.51866E-02 4.51866E-02 4.51866E-02 8.07383E-02 8.07383E-02 8.07383E-02 8.07383E-02 8.07383E-02 8.07383E-02 8.07383E-02 1.44261E-01 1.44261E-01 1.44261E-01 1.44261E-01 1.44261E-01 1.44261E-01 2.57762E-01 2.57762E-01 2.57762E-01 2.57762E-01 2.57762E-01 2.57762E-01 4.60562E-01 4.60562E-01 4.60562E-01 4.60562E-01 4.60562E-01 4.60562E-01 
1.58489E+00 1.58489E+00 2.51189E+00 1.58489E+00 2.51189E+00 1.58489E+00 2.51189E+00 3.98107E+00 1.58489E+00 2.51189E+00 3.98107E+00 6.30957E+00 1.58489E+00 2.51189E+00 3.98107E+00 6.30957E+00 1.58489E+00 2.51189E+00 3.98107E+00 6.30957E+00 9.99999E+00 1.58489E+00 2.51189E+00 3.98107E+00 6.30957E+00 9.99999E+00 1.58489E+00 2.51189E+00 3.98107E+00 6.30957E+00 9.99999E+00 1.58489E+01 1.58489E+00 2.51189E+00 3.98107E+00 6.30957E+00 9.99999E+00 1.58489E+01 2.51189E+01 2.51189E+00 3.98107E+00 6.30957E+00 9.99999E+00 1.58489E+01 2.51189E+01 3.98107E+00 6.30957E+00 9.99999E+00 1.58489E+01 2.51189E+01 3.98107E+01 6.30957E+00 9.99999E+00 1.58489E+01 2.51189E+01 3.98107E+01 6.30957E+01 
90000 
2.20119E-04 
2.19005E-04 
5.24563E-04 
2.17928E-04 
5.23426E-04 
2.16854E-04 
5.23055E-04 
1.28539E-03 
2.15847E-04 
5.22984E-04 
1.28661E-03 
3.24622E-03 
2.15018E-04 
5.23141E-04 
1.28905E-03 
3.24424E-03 
2.14408E-04 
5.23376E-04 
1.29166E-03 
3.23828E-03 
8.18475E-03 
2.13530E-04 
5.22469E-04 
1.29118E-03 
3.22306E-03 
8.12956E-03 
2.10302E-04 
5.15849E-04 
1.27642E-03 
3.17527E-03 
7.98637E-03 
2.01860E-02 
2.01124E-04 
4.95112E-04 
1.22699E-03 
3.04870E-03 
7.64516E-03 
1.92546E-02 
4.91116E-02 
4.58285E-04 
1.13848E-03 
2.83284E-03 
7.09359E-03 
1.78277E-02 
4.52356E-02 
1.04600E-03 
2.60904E-03 
6.53201E-03 
1.63992E-02 
4.14474E-02 
1.06708E-01 
2.38637E-03 
5.96896E-03 
1.49659E-02 
3.76972E-02 
9.60628E-02 
2.52754E-01 
---
