PdfType: replica
Format: lhagrid1
---
4.34963E-04 7.77181E-04 7.77181E-04 1.38865E-03 1.38865E-03 2.48120E-03 2.48120E-03 2.48120E-03 4.43334E-03 4.43334E-03 4.43334E-03 4.43334E-03 7.92137E-03 7.92137E-03 7.92137E-03 7.92137E-03 1.41537E-02 1.41537E-02 1.41537E-02 1.41537E-02 1.41537E-02 2.52895E-02 2.52895E-02 2.52895E-02 2.52895E-02 2.52895E-02 4.51866E-02 4.51866E-02 4.51866E-02 4.51866E-02 4.51866E-02 4.51866E-02 8.07383E-02 8.07383E-02 8.07383E-02 8.07383E-02 8.07383E-02 8.07383E-02 8.07383E-02 1.44261E-01 1.44261E-01 1.44261E-01 1.44261E-01 1.44261E-01 1.44261E-01 2.57762E-01 2.57762E-01 2.57762E-01 2.57762E-01 2.57762E-01 2.57762E-01 4.60562E-01 4.60562E-01 4.60562E-01 4.60562E-01 4.60562E-01 4.60562E-01 
1.58489E+00 1.58489E+00 2.51189E+00 1.58489E+00 2.51189E+00 1.58489E+00 2.51189E+00 3.98107E+00 1.58489E+00 2.51189E+00 3.98107E+00 6.30957E+00 1.58489E+00 2.51189E+00 3.98107E+00 6.30957E+00 1.58489E+00 2.51189E+00 3.98107E+00 6.30957E+00 9.99999E+00 1.58489E+00 2.51189E+00 3.98107E+00 6.30957E+00 9.99999E+00 1.58489E+00 2.51189E+00 3.98107E+00 6.30957E+00 9.99999E+00 1.58489E+01 1.58489E+00 2.51189E+00 3.98107E+00 6.30957E+00 9.99999E+00 1.58489E+01 2.51189E+01 2.51189E+00 3.98107E+00 6.30957E+00 9.99999E+00 1.58489E+01 2.51189E+01 3.98107E+00 6.30957E+00 9.99999E+00 1.58489E+01 2.51189E+01 3.98107E+01 6.30957E+00 9.99999E+00 1.58489E+01 2.51189E+01 3.98107E+01 6.30957E+01 
90000 
2.19854E-04 
2.18668E-04 
5.23673E-04 
2.17519E-04 
5.22444E-04 
2.16400E-04 
5.22026E-04 
1.28290E-03 
2.15425E-04 
5.22052E-04 
1.28446E-03 
3.24045E-03 
2.14790E-04 
5.22605E-04 
1.28779E-03 
3.24074E-03 
2.14606E-04 
5.23624E-04 
1.29202E-03 
3.23800E-03 
8.18180E-03 
2.14158E-04 
5.23355E-04 
1.29257E-03 
3.22441E-03 
8.13018E-03 
2.10356E-04 
5.15331E-04 
1.27436E-03 
3.16856E-03 
7.96711E-03 
2.01336E-02 
1.99311E-04 
4.90938E-04 
1.21719E-03 
3.02577E-03 
7.58974E-03 
1.91221E-02 
4.88056E-02 
4.54801E-04 
1.13101E-03 
2.81662E-03 
7.05725E-03 
1.77473E-02 
4.50686E-02 
1.04461E-03 
2.60656E-03 
6.52843E-03 
1.63967E-02 
4.14597E-02 
1.06805E-01 
2.41068E-03 
6.03846E-03 
1.51573E-02 
3.82106E-02 
9.74017E-02 
2.56057E-01 
---
