PdfType: replica
Format: lhagrid1
---
4.34963E-04 7.77181E-04 7.77181E-04 1.38865E-03 1.38865E-03 2.48120E-03 2.48120E-03 2.48120E-03 4.43334E-03 4.43334E-03 4.43334E-03 4.43334E-03 7.92137E-03 7.92137E-03 7.92137E-03 7.92137E-03 1.41537E-02 1.41537E-02 1.41537E-02 1.41537E-02 1.41537E-02 2.52895E-02 2.52895E-02 2.52895E-02 2.52895E-02 2.52895E-02 4.51866E-02 4.51866E-02 4.51866E-02 4.51866E-02 4.51866E-02 4.51866E-02 8.07383E-02 8.07383E-02 8.07383E-02 8.07383E-02 8.07383E-02 8.07383E-02 8.07383E-02 1.44261E-01 1.44261E-01 1.44261E-01 1.44261E-01 1.44261E-01 1.44261E-01 2.57762E-01 2.57762E-01 2.57762E-01 2.57762E-01 2.57762E-01 2.57762E-01 4.60562E-01 4.60562E-01 4.60562E-01 4.60562E-01 4.60562E-01 4.60562E-01 
1.58489E+00 1.58489E+00 2.51189E+00 1.58489E+00 2.51189E+00 1.58489E+00 2.51189E+00 3.98107E+00 1.58489E+00 2.51189E+00 3.98107E+00 6.30957E+00 1.58489E+00 2.51189E+00 3.98107E+00 6.30957E+00 1.58489E+00 2.51189E+00 3.98107E+00 6.30957E+00 9.99999E+00 1.58489E+00 2.51189E+00 3.98107E+00 6.30957E+00 9.99999E+00 1.58489E+00 2.51189E+00 3.98107E+00 6.30957E+00 9.99999E+00 1.58489E+01 1.58489E+00 2.51189E+00 3.98107E+00 6.30957E+00 9.99999E+00 1.58489E+01 2.51189E+01 2.51189E+00 3.98107E+00 6.30957E+00 9.99999E+00 1.58489E+01 2.51189E+01 3.98107E+00 6.30957E+00 9.99999E+00 1.58489E+01 2.51189E+01 3.98107E+01 6.30957E+00 9.99999E+00 1.58489E+01 2.51189E+01 3.98107E+01 6.30957E+01 
90000 
2.19668E-04 
2.18303E-04 
5.23360E-04 
2.16853E-04 
5.21512E-04 
2.15275E-04 
5.20118E-04 
1.27935E-03 
2.13656E-04 
5.18752E-04 
1.27785E-03 
3.22701E-03 
2.12191E-04 
5.17534E-04 
1.27732E-03 
3.21876E-03 
2.11104E-04 
5.16734E-04 
1.27766E-03 
3.20766E-03 
8.11609E-03 
2.10114E-04 
5.15576E-04 
1.27647E-03 
3.19072E-03 
8.05656E-03 
2.07071E-04 
5.09233E-04 
1.26191E-03 
3.14309E-03 
7.91191E-03 
2.00129E-02 
1.98233E-04 
4.88977E-04 
1.21325E-03 
3.01760E-03 
7.57349E-03 
1.90885E-02 
4.87286E-02 
4.54653E-04 
1.13044E-03 
2.81388E-03 
7.05106E-03 
1.77312E-02 
4.50187E-02 
1.04138E-03 
2.59911E-03 
6.51038E-03 
1.63527E-02 
4.13532E-02 
1.06562E-01 
2.40716E-03 
6.02392E-03 
1.51095E-02 
3.80699E-02 
9.70251E-02 
2.55224E-01 
---
