PdfType: replica
Format: lhagrid1
---
4.34963E-04 7.77181E-04 7.77181E-04 1.38865E-03 1.38865E-03 2.48120E-03 2.48120E-03 2.48120E-03 4.43334E-03 4.43334E-03 4.43334E-03 4.43334E-03 7.92137E-03 7.92137E-03 7.92137E-03 7.92137E-03 1.41537E-02 1.41537E-02 1.41537E-02 1.41537E-02 1.41537E-02 2.52895E-02 2.52895E-02 2.52895E-02 2.52895E-02 2.52895E-02 4.51866E-02 4.51866E-02 4.51866E-02 4.51866E-02 4.51866E-02 4.51866E-02 8.07383E-02 8.07383E-02 8.07383E-02 8.07383E-02 8.07383E-02 8.07383E-02 8.07383E-02 1.44261E-01 1.44261E-01 1.44261E-01 1.44261E-01 1.44261E-01 1.44261E-01 2.57762E-01 2.57762E-01 2.57762E-01 2.57762E-01 2.57762E-01 2.57762E-01 4.60562E-01 4.60562E-01 4.60562E-01 4.60562E-01 4.60562E-01 4.60562E-01 
1.58489E+00 1.58489E+00 2.51189E+00 1.58489E+00 2.51189E+00 1.58489E+00 2.51189E+00 3.98107E+00 1.58489E+00 2.51189E+00 3.98107E+00 6.30957E+00 1.58489E+00 2.51189E+00 3.98107E+00 6.30957E+00 1.58489E+00 2.51189E+00 3.98107E+00 6.30957E+00 9.99999E+00 1.58489E+00 2.51189E+00 3.98107E+00 6.30957E+00 9.99999E+00 1.58489E+00 2.51189E+00 3.98107E+00 6.30957E+00 9.99999E+00 1.58489E+01 1.58489E+00 2.51189E+00 3.98107E+00 6.30957E+00 9.99999E+00 1.58489E+01 2.51189E+01 2.51189E+00 3.98107E+00 6.30957E+00 9.99999E+00 1.58489E+01 2.51189E+01 3.98107E+00 6.30957E+00 9.99999E+00 1.58489E+01 2.51189E+01 3.98107E+01 6.30957E+00 9.99999E+00 1.58489E+01 2.51189E+01 3.98107E+01 6.30957E+01 
90000 
2.21039E-04 
2.20126E-04 
5.26501E-04 
2.19217E-04 
5.25736E-04 
2.18253E-04 
5.25639E-04 
1.29038E-03 
2.17281E-04 
5.25691E-04 
1.29195E-03 
3.25671E-03 
2.16411E-04 
5.25804E-04 
1.29439E-03 
3.25499E-03 
2.15701E-04 
5.25834E-04 
1.29664E-03 
3.24850E-03 
8.20688E-03 
2.14608E-04 
5.24462E-04 
1.29515E-03 
3.23129E-03 
8.14752E-03 
2.10844E-04 
5.16718E-04 
1.27789E-03 
3.17798E-03 
7.99128E-03 
2.01987E-02 
2.00763E-04 
4.94061E-04 
1.22415E-03 
3.04168E-03 
7.62759E-03 
1.92138E-02 
4.90363E-02 
4.55977E-04 
1.13325E-03 
2.82086E-03 
7.06666E-03 
1.77685E-02 
4.51171E-02 
1.04501E-03 
2.60829E-03 
6.53394E-03 
1.64126E-02 
4.15052E-02 
1.06947E-01 
2.41087E-03 
6.03301E-03 
1.51316E-02 
3.81226E-02 
9.71479E-02 
2.55489E-01 
---
