PdfType: replica
Format: lhagrid1
---
4.34963E-04 7.77181E-04 7.77181E-04 1.38865E-03 1.38865E-03 2.48120E-03 2.48120E-03 2.48120E-03 4.43334E-03 4.43334E-03 4.43334E-03 4.43334E-03 7.92137E-03 7.92137E-03 7.92137E-03 7.92137E-03 1.41537E-02 1.41537E-02 1.41537E-02 1.41537E-02 1.41537E-02 2.52895E-02 2.52895E-02 2.52895E-02 2.52895E-02 2.52895E-02 4.51866E-02 4.51866E-02 4.51866E-02 4.51866E-02 4.51866E-02 4.51866E-02 8.07383E-02 8.07383E-02 8.07383E-02 8.07383E-02 8.07383E-02 8.07383E-02 8.07383E-02 1.44261E-01 1.44261E-01 1.44261E-01 1.44261E-01 1.44261E-01 1.44261E-01 2.57762E-01 2.57762E-01 2.57762E-01 2.57762E-01 2.57762E-01 2.57762E-01 4.60562E-01 4.60562E-01 4.60562E-01 4.60562E-01 4.60562E-01 4.60562E-01 
1.58489E+00 1.58489E+00 2.51189E+00 1.58489E+00 2.51189E+00 1.58489E+00 2.51189E+00 3.98107E+00 1.58489E+00 2.51189E+00 3.98107E+00 6.30957E+00 1.58489E+00 2.51189E+00 3.98107E+00 6.30957E+00 1.58489E+00 2.51189E+00 3.98107E+00 6.30957E+00 9.99999E+00 1.58489E+00 2.51189E+00 3.98107E+00 6.30957E+00 9.99999E+00 1.58489E+00 2.51189E+00 3.98107E+00 6.30957E+00 9.99999E+00 1.58489E+01 1.58489E+00 2.51189E+00 3.98107E+00 6.30957E+00 9.99999E+00 1.58489E+01 2.51189E+01 2.51189E+00 3.98107E+00 6.30957E+00 9.99999E+00 1.58489E+01 2.51189E+01 3.98107E+00 6.30957E+00 9.99999E+00 1.58489E+01 2.51189E+01 3.98107E+01 6.30957E+00 9.99999E+00 1.58489E+01 2.51189E+01 3.98107E+01 6.30957E+01 
90000 
2.20323E-04 
2.19224E-04 
5.24969E-04 
2.18106E-04 
5.23730E-04 
2.16900E-04 
5.23063E-04 
1.28509E-03 
2.15625E-04 
5.22412E-04 
1.28508E-03 
3.24192E-03 
2.14356E-04 
5.21640E-04 
1.28553E-03 
3.23601E-03 
2.13159E-04 
5.20666E-04 
1.28557E-03 
3.22463E-03 
8.15180E-03 
2.11732E-04 
5.18665E-04 
1.28275E-03 
3.20425E-03 
8.08622E-03 
2.08360E-04 
5.11739E-04 
1.26730E-03 
3.15462E-03 
7.93934E-03 
2.00778E-02 
1.99527E-04 
4.91658E-04 
1.21924E-03 
3.03092E-03 
7.60483E-03 
1.91639E-02 
4.89202E-02 
4.56006E-04 
1.13346E-03 
2.82150E-03 
7.06846E-03 
1.77733E-02 
4.51295E-02 
1.04464E-03 
2.60695E-03 
6.52986E-03 
1.64011E-02 
4.14729E-02 
1.06851E-01 
2.40979E-03 
6.03233E-03 
1.51337E-02 
3.81353E-02 
9.71892E-02 
2.55571E-01 
---
