PdfType: replica
Format: lhagrid1
---
4.34963E-04 7.77181E-04 7.77181E-04 1.38865E-03 1.38865E-03 2.48120E-03 2.48120E-03 2.48120E-03 4.43334E-03 4.43334E-03 4.43334E-03 4.43334E-03 7.92137E-03 7.92137E-03 7.92137E-03 7.92137E-03 1.41537E-02 1.41537E-02 1.41537E-02 1.41537E-02 1.41537E-02 2.52895E-02 2.52895E-02 2.52895E-02 2.52895E-02 2.52895E-02 4.51866E-02 4.51866E-02 4.51866E-02 4.51866E-02 4.51866E-02 4.51866E-02 8.07383E-02 8.07383E-02 8.07383E-02 8.07383E-02 8.07383E-02 8.07383E-02 8.07383E-02 1.44261E-01 1.44261E-01 1.44261E-01 1.44261E-01 1.44261E-01 1.44261E-01 2.57762E-01 2.57762E-01 2.57762E-01 2.57762E-01 2.57762E-01 2.57762E-01 4.60562E-01 4.60562E-01 4.60562E-01 4.60562E-01 4.60562E-01 4.60562E-01 
1.58489E+00 1.58489E+00 2.51189E+00 1.58489E+00 2.51189E+00 1.58489E+00 2.51189E+00 3.98107E+00 1.58489E+00 2.51189E+00 3.98107E+00 6.30957E+00 1.58489E+00 2.51189E+00 3.98107E+00 6.30957E+00 1.58489E+00 2.51189E+00 3.98107E+00 6.30957E+00 9.99999E+00 1.58489E+00 2.51189E+00 3.98107E+00 6.30957E+00 9.99999E+00 1.58489E+00 2.51189E+00 3.98107E+00 6.30957E+00 9.99999E+00 1.58489E+01 1.58489E+00 2.51189E+00 3.98107E+00 6.30957E+00 9.99999E+00 1.58489E+01 2.51189E+01 2.51189E+00 3.98107E+00 6.30957E+00 9.99999E+00 1.58489E+01 2.51189E+01 3.98107E+00 6.30957E+00 9.99999E+00 1.58489E+01 2.51189E+01 3.98107E+01 6.30957E+00 9.99999E+00 1.58489E+01 2.51189E+01 3.98107E+01 6.30957E+01 
90000 
2.20170E-04 
2.19066E-04 
5.24621E-04 
2.17980E-04 
5.23453E-04 
2.16864E-04 
5.22977E-04 
1.28501E-03 
2.15762E-04 
5.22690E-04 
1.28578E-03 
3.24386E-03 
2.14785E-04 
5.22523E-04 
1.28752E-03 
3.24057E-03 
2.14025E-04 
5.22434E-04 
1.28942E-03 
3.23307E-03 
8.17228E-03 
2.13045E-04 
5.21241E-04 
1.28813E-03 
3.21579E-03 
8.11199E-03 
2.09407E-04 
5.13526E-04 
1.27051E-03 
3.16084E-03 
7.95069E-03 
2.00993E-02 
1.98953E-04 
4.90053E-04 
1.21507E-03 
3.02060E-03 
7.57890E-03 
1.90981E-02 
4.87439E-02 
4.53786E-04 
1.12901E-03 
2.81195E-03 
7.04819E-03 
1.77282E-02 
4.50193E-02 
1.04620E-03 
2.61098E-03 
6.53982E-03 
1.64256E-02 
4.15308E-02 
1.06969E-01 
2.42144E-03 
6.06593E-03 
1.52269E-02 
3.83859E-02 
9.78378E-02 
2.57112E-01 
---
