PdfType: replica
Format: lhagrid1
---
4.34963E-04 7.77181E-04 7.77181E-04 1.38865E-03 1.38865E-03 2.48120E-03 2.48120E-03 2.48120E-03 4.43334E-03 4.43334E-03 4.43334E-03 4.43334E-03 7.92137E-03 7.92137E-03 7.92137E-03 7.92137E-03 1.41537E-02 1.41537E-02 1.41537E-02 1.41537E-02 1.41537E-02 2.52895E-02 2.52895E-02 2.52895E-02 2.52895E-02 2.52895E-02 4.51866E-02 4.51866E-02 4.51866E-02 4.51866E-02 4.51866E-02 4.51866E-02 8.07383E-02 8.07383E-02 8.07383E-02 8.07383E-02 8.07383E-02 8.07383E-02 8.07383E-02 1.44261E-01 1.44261E-01 1.44261E-01 1.44261E-01 1.44261E-01 1.44261E-01 2.57762E-01 2.57762E-01 2.57762E-01 2.57762E-01 2.57762E-01 2.57762E-01 4.60562E-01 4.60562E-01 4.60562E-01 4.60562E-01 4.60562E-01 4.60562E-01 
1.58489E+00 1.58489E+00 2.51189E+00 1.58489E+00 2.51189E+00 1.58489E+00 2.51189E+00 3.98107E+00 1.58489E+00 2.51189E+00 3.98107E+00 6.30957E+00 1.58489E+00 2.51189E+00 3.98107E+00 6.30957E+00 1.58489E+00 2.51189E+00 3.98107E+00 6.30957E+00 9.99999E+00 1.58489E+00 2.51189E+00 3.98107E+00 6.30957E+00 9.99999E+00 1.58489E+00 2.51189E+00 3.98107E+00 6.30957E+00 9.99999E+00 1.58489E+01 1.58489E+00 2.51189E+00 3.98107E+00 6.30957E+00 9.99999E+00 1.58489E+01 2.51189E+01 2.51189E+00 3.98107E+00 6.30957E+00 9.99999E+00 1.58489E+01 2.51189E+01 3.98107E+00 6.30957E+00 9.99999E+00 1.58489E+01 2.51189E+01 3.98107E+01 6.30957E+00 9.99999E+00 1.58489E+01 2.51189E+01 3.98107E+01 6.30957E+01 
90000 
2.19737E-04 
2.18500E-04 
5.23899E-04 
2.17258E-04 
5.22426E-04 
2.15980E-04 
5.21599E-04 
1.28255E-03 
2.14721E-04 
5.20931E-04 
1.28241E-03 
3.23732E-03 
2.13552E-04 
5.20251E-04 
1.28288E-03 
3.23093E-03 
2.12400E-04 
5.19194E-04 
1.28251E-03 
3.21800E-03 
8.13748E-03 
2.10684E-04 
5.16551E-04 
1.27836E-03 
3.19450E-03 
8.06468E-03 
2.07038E-04 
5.09559E-04 
1.26365E-03 
3.14801E-03 
7.92767E-03 
2.00549E-02 
1.99951E-04 
4.93830E-04 
1.22616E-03 
3.05025E-03 
7.65525E-03 
1.92912E-02 
4.92240E-02 
4.63605E-04 
1.15114E-03 
2.86327E-03 
7.16617E-03 
1.80022E-02 
4.56589E-02 
1.05202E-03 
2.62352E-03 
6.56720E-03 
1.64853E-02 
4.16580E-02 
1.07212E-01 
2.40531E-03 
6.01633E-03 
1.50838E-02 
3.79888E-02 
9.67717E-02 
2.54389E-01 
---
