PdfType: replica
Format: lhagrid1
---
4.34963E-04 7.77181E-04 7.77181E-04 1.38865E-03 1.38865E-03 2.48120E-03 2.48120E-03 2.48120E-03 4.43334E-03 4.43334E-03 4.43334E-03 4.43334E-03 7.92137E-03 7.92137E-03 7.92137E-03 7.92137E-03 1.41537E-02 1.41537E-02 1.41537E-02 1.41537E-02 1.41537E-02 2.52895E-02 2.52895E-02 2.52895E-02 2.52895E-02 2.52895E-02 4.51866E-02 4.51866E-02 4.51866E-02 4.51866E-02 4.51866E-02 4.51866E-02 8.07383E-02 8.07383E-02 8.07383E-02 8.07383E-02 8.07383E-02 8.07383E-02 8.07383E-02 1.44261E-01 1.44261E-01 1.44261E-01 1.44261E-01 1.44261E-01 1.44261E-01 2.57762E-01 2.57762E-01 2.57762E-01 2.57762E-01 2.57762E-01 2.57762E-01 4.60562E-01 4.60562E-01 4.60562E-01 4.60562E-01 4.60562E-01 4.60562E-01 
1.58489E+00 1.58489E+00 2.51189E+00 1.58489E+00 2.51189E+00 1.58489E+00 2.51189E+00 3.98107E+00 1.58489E+00 2.51189E+00 3.98107E+00 6.30957E+00 1.58489E+00 2.51189E+00 3.98107E+00 6.30957E+00 1.58489E+00 2.51189E+00 3.98107E+00 6.30957E+00 9.99999E+00 1.58489E+00 2.51189E+00 3.98107E+00 6.30957E+00 9.99999E+00 1.58489E+00 2.51189E+00 3.98107E+00 6.30957E+00 9.99999E+00 1.58489E+01 1.58489E+00 2.51189E+00 3.98107E+00 6.30957E+00 9.99999E+00 1.58489E+01 2.51189E+01 2.51189E+00 3.98107E+00 6.30957E+00 9.99999E+00 1.58489E+01 2.51189E+01 3.98107E+00 6.30957E+00 9.99999E+00 1.58489E+01 2.51189E+01 3.98107E+01 6.30957E+00 9.99999E+00 1.58489E+01 2.51189E+01 3.98107E+01 6.30957E+01 
90000 
2.21129E-04 
2.20176E-04 
5.26728E-04 
2.19236E-04 
5.25885E-04 
2.18267E-04 
5.25785E-04 
1.29084E-03 
2.17342E-04 
5.25953E-04 
1.29266E-03 
3.25895E-03 
2.16622E-04 
5.26375E-04 
1.29579E-03 
3.25858E-03 
2.16218E-04 
5.27031E-04 
1.29946E-03 
3.25512E-03 
8.22286E-03 
2.15638E-04 
5.26787E-04 
1.30066E-03 
3.24410E-03 
8.17841E-03 
2.12614E-04 
5.20830E-04 
1.28771E-03 
3.20121E-03 
8.04704E-03 
2.03322E-02 
2.03325E-04 
4.99926E-04 
1.23790E-03 
3.07387E-03 
7.70384E-03 
1.93945E-02 
4.94582E-02 
4.60891E-04 
1.14456E-03 
2.84711E-03 
7.12807E-03 
1.79124E-02 
4.54490E-02 
1.05263E-03 
2.62749E-03 
6.58036E-03 
1.65253E-02 
4.17758E-02 
1.07566E-01 
2.43482E-03 
6.09212E-03 
1.52776E-02 
3.84825E-02 
9.80245E-02 
2.57545E-01 
---
