PdfType: replica
Format: lhagrid1
---
4.34963E-04 7.77181E-04 7.77181E-04 1.38865E-03 1.38865E-03 2.48120E-03 2.48120E-03 2.48120E-03 4.43334E-03 4.43334E-03 4.43334E-03 4.43334E-03 7.92137E-03 7.92137E-03 7.92137E-03 7.92137E-03 1.41537E-02 1.41537E-02 1.41537E-02 1.41537E-02 1.41537E-02 2.52895E-02 2.52895E-02 2.52895E-02 2.52895E-02 2.52895E-02 4.51866E-02 4.51866E-02 4.51866E-02 4.51866E-02 4.51866E-02 4.51866E-02 8.07383E-02 8.07383E-02 8.07383E-02 8.07383E-02 8.07383E-02 8.07383E-02 8.07383E-02 1.44261E-01 1.44261E-01 1.44261E-01 1.44261E-01 1.44261E-01 1.44261E-01 2.57762E-01 2.57762E-01 2.57762E-01 2.57762E-01 2.57762E-01 2.57762E-01 4.60562E-01 4.60562E-01 4.60562E-01 4.60562E-01 4.60562E-01 4.60562E-01 
1.58489E+00 1.58489E+00 2.51189E+00 1.58489E+00 2.51189E+00 1.58489E+00 2.51189E+00 3.98107E+00 1.58489E+00 2.51189E+00 3.98107E+00 6.30957E+00 1.58489E+00 2.51189E+00 3.98107E+00 6.30957E+00 1.58489E+00 2.51189E+00 3.98107E+00 6.30957E+00 9.99999E+00 1.58489E+00 2.51189E+00 3.98107E+00 6.30957E+00 9.99999E+00 1.58489E+00 2.51189E+00 3.98107E+00 6.30957E+00 9.99999E+00 1.58489E+01 1.58489E+00 2.51189E+00 3.98107E+00 6.30957E+00 9.99999E+00 1.58489E+01 2.51189E+01 2.51189E+00 3.98107E+00 6.30957E+00 9.99999E+00 1.58489E+01 2.51189E+01 3.98107E+00 6.30957E+00 9.99999E+00 1.58489E+01 2.51189E+01 3.98107E+01 6.30957E+00 9.99999E+00 1.58489E+01 2.51189E+01 3.98107E+01 6.30957E+01 
90000 
2.20206E-04 
2.19012E-04 
5.24624E-04 
2.17813E-04 
5.23279E-04 
2.16593E-04 
5.22665E-04 
1.28464E-03 
2.15470E-04 
5.22413E-04 
1.28557E-03 
3.24459E-03 
2.14692E-04 
5.22705E-04 
1.28840E-03 
3.24361E-03 
2.14533E-04 
5.23861E-04 
1.29312E-03 
3.24225E-03 
8.19549E-03 
2.14664E-04 
5.25029E-04 
1.29725E-03 
3.23735E-03 
8.16450E-03 
2.12545E-04 
5.20786E-04 
1.28778E-03 
3.20170E-03 
8.04884E-03 
2.03350E-02 
2.03550E-04 
5.00464E-04 
1.23929E-03 
3.07722E-03 
7.71276E-03 
1.94157E-02 
4.94932E-02 
4.62314E-04 
1.14841E-03 
2.85682E-03 
7.15266E-03 
1.79729E-02 
4.55917E-02 
1.05817E-03 
2.63979E-03 
6.60716E-03 
1.65840E-02 
4.19049E-02 
1.07851E-01 
2.41925E-03 
6.04920E-03 
1.51627E-02 
3.81809E-02 
9.72499E-02 
2.55639E-01 
---
