PdfType: replica
Format: lhagrid1
---
4.34963E-04 7.77181E-04 7.77181E-04 1.38865E-03 1.38865E-03 2.48120E-03 2.48120E-03 2.48120E-03 4.43334E-03 4.43334E-03 4.43334E-03 4.43334E-03 7.92137E-03 7.92137E-03 7.92137E-03 7.92137E-03 1.41537E-02 1.41537E-02 1.41537E-02 1.41537E-02 1.41537E-02 2.52895E-02 2.52895E-02 2.52895E-02 2.52895E-02 2.52895E-02 4.51866E-02 4.51866E-02 4.51866E-02 4.51866E-02 4.51866E-02 4.51866E-02 8.07383E-02 8.07383E-02 8.07383E-02 8.07383E-02 8.07383E-02 8.07383E-02 8.07383E-02 1.44261E-01 1.44261E-01 1.44261E-01 1.44261E-01 1.44261E-01 1.44261E-01 2.57762E-01 2.57762E-01 2.57762E-01 2.57762E-01 2.57762E-01 2.57762E-01 4.60562E-01 4.60562E-01 4.60562E-01 4.60562E-01 4.60562E-01 4.60562E-01 
1.58489E+00 1.58489E+00 2.51189E+00 1.58489E+00 2.51189E+00 1.58489E+00 2.51189E+00 3.98107E+00 1.58489E+00 2.51189E+00 3.98107E+00 6.30957E+00 1.58489E+00 2.51189E+00 3.98107E+00 6.30957E+00 1.58489E+00 2.51189E+00 3.98107E+00 6.30957E+00 9.99999E+00 1.58489E+00 2.51189E+00 3.98107E+00 6.30957E+00 9.99999E+00 1.58489E+00 2.51189E+00 3.98107E+00 6.30957E+00 9.99999E+00 1.58489E+01 1.58489E+00 2.51189E+00 3.98107E+00 6.30957E+00 9.99999E+00 1.58489E+01 2.51189E+01 2.51189E+00 3.98107E+00 6.30957E+00 9.99999E+00 1.58489E+01 2.51189E+01 3.98107E+00 6.30957E+00 9.99999E+00 1.58489E+01 2.51189E+01 3.98107E+01 6.30957E+00 9.99999E+00 1.58489E+01 2.51189E+01 3.98107E+01 6.30957E+01 
90000 
2.19791E-04 
2.18500E-04 
5.23738E-04 
2.17132E-04 
5.22076E-04 
2.15644E-04 
5.20877E-04 
1.28101E-03 
2.14108E-04 
5.19686E-04 
1.27986E-03 
3.23172E-03 
2.12675E-04 
5.18515E-04 
1.27938E-03 
3.22341E-03 
2.11452E-04 
5.17386E-04 
1.27892E-03 
3.21049E-03 
8.12308E-03 
2.10009E-04 
5.15292E-04 
1.27573E-03 
3.18915E-03 
8.05337E-03 
2.06513E-04 
5.08199E-04 
1.25993E-03 
3.13907E-03 
7.90446E-03 
2.00005E-02 
1.98291E-04 
4.89479E-04 
1.21508E-03 
3.02256E-03 
7.58763E-03 
1.91271E-02 
4.88334E-02 
4.56964E-04 
1.13597E-03 
2.82713E-03 
7.08249E-03 
1.78062E-02 
4.51984E-02 
1.04627E-03 
2.61144E-03 
6.54035E-03 
1.64258E-02 
4.15305E-02 
1.06975E-01 
2.41961E-03 
6.05451E-03 
1.51847E-02 
3.82529E-02 
9.74542E-02 
2.56101E-01 
---
