PdfType: replica
Format: lhagrid1
---
4.34963E-04 7.77181E-04 7.77181E-04 1.38865E-03 1.38865E-03 2.48120E-03 2.48120E-03 2.48120E-03 4.43334E-03 4.43334E-03 4.43334E-03 4.43334E-03 7.92137E-03 7.92137E-03 7.92137E-03 7.92137E-03 1.41537E-02 1.41537E-02 1.41537E-02 1.41537E-02 1.41537E-02 2.52895E-02 2.52895E-02 2.52895E-02 2.52895E-02 2.52895E-02 4.51866E-02 4.51866E-02 4.51866E-02 4.51866E-02 4.51866E-02 4.51866E-02 8.07383E-02 8.07383E-02 8.07383E-02 8.07383E-02 8.07383E-02 8.07383E-02 8.07383E-02 1.44261E-01 1.44261E-01 1.44261E-01 1.44261E-01 1.44261E-01 1.44261E-01 2.57762E-01 2.57762E-01 2.57762E-01 2.57762E-01 2.57762E-01 2.57762E-01 4.60562E-01 4.60562E-01 4.60562E-01 4.60562E-01 4.60562E-01 4.60562E-01 
1.58489E+00 1.58489E+00 2.51189E+00 1.58489E+00 2.51189E+00 1.58489E+00 2.51189E+00 3.98107E+00 1.58489E+00 2.51189E+00 3.98107E+00 6.30957E+00 1.58489E+00 2.51189E+00 3.98107E+00 6.30957E+00 1.58489E+00 2.51189E+00 3.98107E+00 6.30957E+00 9.99999E+00 1.58489E+00 2.51189E+00 3.98107E+00 6.30957E+00 9.99999E+00 1.58489E+00 2.51189E+00 3.98107E+00 6.30957E+00 9.99999E+00 1.58489E+01 1.58489E+00 2.51189E+00 3.98107E+00 6.30957E+00 9.99999E+00 1.58489E+01 2.51189E+01 2.51189E+00 3.98107E+00 6.30957E+00 9.99999E+00 1.58489E+01 2.51189E+01 3.98107E+00 6.30957E+00 9.99999E+00 1.58489E+01 2.51189E+01 3.98107E+01 6.30957E+00 9.99999E+00 1.58489E+01 2.51189E+01 3.98107E+01 6.30957E+01 
90000 
2.20081E-04 
2.18930E-04 
5.24543E-04 
2.17768E-04 
5.23252E-04 
2.16559E-04 
5.22609E-04 
1.28459E-03 
2.15376E-04 
5.22173E-04 
1.28506E-03 
3.24271E-03 
2.14357E-04 
5.21944E-04 
1.28670E-03 
3.23909E-03 
2.13581E-04 
5.21849E-04 
1.28861E-03 
3.23169E-03 
8.17041E-03 
2.12560E-04 
5.20660E-04 
1.28749E-03 
3.21517E-03 
8.11190E-03 
2.09254E-04 
5.13878E-04 
1.27238E-03 
3.16677E-03 
7.96743E-03 
2.01451E-02 
2.00423E-04 
4.93873E-04 
1.22462E-03 
3.04425E-03 
7.63621E-03 
1.92377E-02 
4.90874E-02 
4.58576E-04 
1.13934E-03 
2.83544E-03 
7.10084E-03 
1.78480E-02 
4.52927E-02 
1.04705E-03 
2.61282E-03 
6.54447E-03 
1.64367E-02 
4.15547E-02 
1.07004E-01 
2.41194E-03 
6.03519E-03 
1.51356E-02 
3.81283E-02 
9.71426E-02 
2.55366E-01 
---
