PdfType: replica
Format: lhagrid1
---
4.34963E-04 7.77181E-04 7.77181E-04 1.38865E-03 1.38865E-03 2.48120E-03 2.48120E-03 2.48120E-03 4.43334E-03 4.43334E-03 4.43334E-03 4.43334E-03 7.92137E-03 7.92137E-03 7.92137E-03 7.92137E-03 1.41537E-02 1.41537E-02 1.41537E-02 1.41537E-02 1.41537E-02 2.52895E-02 2.52895E-02 2.52895E-02 2.52895E-02 2.52895E-02 4.51866E-02 4.51866E-02 4.51866E-02 4.51866E-02 4.51866E-02 4.51866E-02 8.07383E-02 8.07383E-02 8.07383E-02 8.07383E-02 8.07383E-02 8.07383E-02 8.07383E-02 1.44261E-01 1.44261E-01 1.44261E-01 1.44261E-01 1.44261E-01 1.44261E-01 2.57762E-01 2.57762E-01 2.57762E-01 2.57762E-01 2.57762E-01 2.57762E-01 4.60562E-01 4.60562E-01 4.60562E-01 4.60562E-01 4.60562E-01 4.60562E-01 
1.58489E+00 1.58489E+00 2.51189E+00 1.58489E+00 2.51189E+00 1.58489E+00 2.51189E+00 3.98107E+00 1.58489E+00 2.51189E+00 3.98107E+00 6.30957E+00 1.58489E+00 2.51189E+00 3.98107E+00 6.30957E+00 1.58489E+00 2.51189E+00 3.98107E+00 6.30957E+00 9.99999E+00 1.58489E+00 2.51189E+00 3.98107E+00 6.30957E+00 9.99999E+00 1.58489E+00 2.51189E+00 3.98107E+00 6.30957E+00 9.99999E+00 1.58489E+01 1.58489E+00 2.51189E+00 3.98107E+00 6.30957E+00 9.99999E+00 1.58489E+01 2.51189E+01 2.51189E+00 3.98107E+00 6.30957E+00 9.99999E+00 1.58489E+01 2.51189E+01 3.98107E+00 6.30957E+00 9.99999E+00 1.58489E+01 2.51189E+01 3.98107E+01 6.30957E+00 9.99999E+00 1.58489E+01 2.51189E+01 3.98107E+01 6.30957E+01 
90000 
2.20489E-04 
2.19428E-04 
5.25326E-04 
2.18365E-04 
5.24222E-04 
2.17244E-04 
5.23746E-04 
1.28666E-03 
2.16093E-04 
5.23353E-04 
1.28718E-03 
3.24677E-03 
2.14975E-04 
5.22869E-04 
1.28821E-03 
3.24172E-03 
2.13861E-04 
5.22034E-04 
1.28850E-03 
3.23073E-03 
8.16739E-03 
2.12236E-04 
5.19662E-04 
1.28487E-03 
3.20887E-03 
8.09690E-03 
2.08344E-04 
5.11795E-04 
1.26743E-03 
3.15537E-03 
7.94035E-03 
2.00814E-02 
1.99280E-04 
4.91154E-04 
1.21802E-03 
3.02831E-03 
7.59820E-03 
1.91476E-02 
4.88820E-02 
4.55221E-04 
1.13151E-03 
2.81635E-03 
7.05638E-03 
1.77441E-02 
4.50563E-02 
1.04257E-03 
2.60196E-03 
6.51761E-03 
1.63706E-02 
4.13967E-02 
1.06661E-01 
2.40354E-03 
6.01471E-03 
1.50859E-02 
3.80085E-02 
9.68605E-02 
2.54749E-01 
---
