PdfType: replica
Format: lhagrid1
---
4.34963E-04 7.77181E-04 7.77181E-04 1.38865E-03 1.38865E-03 2.48120E-03 2.48120E-03 2.48120E-03 4.43334E-03 4.43334E-03 4.43334E-03 4.43334E-03 7.92137E-03 7.92137E-03 7.92137E-03 7.92137E-03 1.41537E-02 1.41537E-02 1.41537E-02 1.41537E-02 1.41537E-02 2.52895E-02 2.52895E-02 2.52895E-02 2.52895E-02 2.52895E-02 4.51866E-02 4.51866E-02 4.51866E-02 4.51866E-02 4.51866E-02 4.51866E-02 8.07383E-02 8.07383E-02 8.07383E-02 8.07383E-02 8.07383E-02 8.07383E-02 8.07383E-02 1.44261E-01 1.44261E-01 1.44261E-01 1.44261E-01 1.44261E-01 1.44261E-01 2.57762E-01 2.57762E-01 2.57762E-01 2.57762E-01 2.57762E-01 2.57762E-01 4.60562E-01 4.60562E-01 4.60562E-01 4.60562E-01 4.60562E-01 4.60562E-01 
1.58489E+00 1.58489E+00 2.51189E+00 1.58489E+00 2.51189E+00 1.58489E+00 2.51189E+00 3.98107E+00 1.58489E+00 2.51189E+00 3.98107E+00 6.30957E+00 1.58489E+00 2.51189E+00 3.98107E+00 6.30957E+00 1.58489E+00 2.51189E+00 3.98107E+00 6.30957E+00 9.99999E+00 1.58489E+00 2.51189E+00 3.98107E+00 6.30957E+00 9.99999E+00 1.58489E+00 2.51189E+00 3.98107E+00 6.30957E+00 9.99999E+00 1.58489E+01 1.58489E+00 2.51189E+00 3.98107E+00 6.30957E+00 9.99999E+00 1.58489E+01 2.51189E+01 2.51189E+00 3.98107E+00 6.30957E+00 9.99999E+00 1.58489E+01 2.51189E+01 3.98107E+00 6.30957E+00 9.99999E+00 1.58489E+01 2.51189E+01 3.98107E+01 6.30957E+00 9.99999E+00 1.58489E+01 2.51189E+01 3.98107E+01 6.30957E+01 
90000 
2.20033E-04 
2.18872E-04 
5.24282E-04 
2.17714E-04 
5.22996E-04 
2.16516E-04 
5.22365E-04 
1.28384E-03 
2.15329E-04 
5.21885E-04 
1.28417E-03 
3.24039E-03 
2.14246E-04 
5.21441E-04 
1.28524E-03 
3.23539E-03 
2.13278E-04 
5.20832E-04 
1.28591E-03 
3.22494E-03 
8.15377E-03 
2.11868E-04 
5.18764E-04 
1.28274E-03 
3.20361E-03 
8.08428E-03 
2.07939E-04 
5.10695E-04 
1.26467E-03 
3.14835E-03 
7.92303E-03 
2.00369E-02 
1.98393E-04 
4.89166E-04 
1.21348E-03 
3.01779E-03 
7.57321E-03 
1.90868E-02 
4.87252E-02 
4.54103E-04 
1.12929E-03 
2.81186E-03 
7.04667E-03 
1.77222E-02 
4.50013E-02 
1.04277E-03 
2.60272E-03 
6.52025E-03 
1.63788E-02 
4.14180E-02 
1.06695E-01 
2.42017E-03 
6.06226E-03 
1.52166E-02 
3.83577E-02 
9.77648E-02 
2.56944E-01 
---
