PdfType: replica
Format: lhagrid1
---
4.34963E-04 7.77181E-04 7.77181E-04 1.38865E-03 1.38865E-03 2.48120E-03 2.48120E-03 2.48120E-03 4.43334E-03 4.43334E-03 4.43334E-03 4.43334E-03 7.92137E-03 7.92137E-03 7.92137E-03 7.92137E-03 1.41537E-02 1.41537E-02 1.41537E-02 1.41537E-02 1.41537E-02 2.52895E-02 2.52895E-02 2.52895E-02 2.52895E-02 2.52895E-02 4.51866E-02 4.51866E-02 4.51866E-02 4.51866E-02 4.51866E-02 4.51866E-02 8.07383E-02 8.07383E-02 8.07383E-02 8.07383E-02 8.07383E-02 8.07383E-02 8.07383E-02 1.44261E-01 1.44261E-01 1.44261E-01 1.44261E-01 1.44261E-01 1.44261E-01 2.57762E-01 2.57762E-01 2.57762E-01 2.57762E-01 2.57762E-01 2.57762E-01 4.60562E-01 4.60562E-01 4.60562E-01 4.60562E-01 4.60562E-01 4.60562E-01 
1.58489E+00 1.58489E+00 2.51189E+00 1.58489E+00 2.51189E+00 1.58489E+00 2.51189E+00 3.98107E+00 1.58489E+00 2.51189E+00 3.98107E+00 6.30957E+00 1.58489E+00 2.51189E+00 3.98107E+00 6.30957E+00 1.58489E+00 2.51189E+00 3.98107E+00 6.30957E+00 9.99999E+00 1.58489E+00 2.51189E+00 3.98107E+00 6.30957E+00 9.99999E+00 1.58489E+00 2.51189E+00 3.98107E+00 6.30957E+00 9.99999E+00 1.58489E+01 1.58489E+00 2.51189E+00 3.98107E+00 6.30957E+00 9.99999E+00 1.58489E+01 2.51189E+01 2.51189E+00 3.98107E+00 6.30957E+00 9.99999E+00 1.58489E+01 2.51189E+01 3.98107E+00 6.30957E+00 9.99999E+00 1.58489E+01 2.51189E+01 3.98107E+01 6.30957E+00 9.99999E+00 1.58489E+01 2.51189E+01 3.98107E+01 6.30957E+01 
90000 
2.20399E-04 
2.19282E-04 
5.25222E-04 
2.18155E-04 
5.24019E-04 
2.16982E-04 
5.23471E-04 
1.28619E-03 
2.15843E-04 
5.23124E-04 
1.28689E-03 
3.24598E-03 
2.14907E-04 
5.22992E-04 
1.28871E-03 
3.24281E-03 
2.14286E-04 
5.23074E-04 
1.29094E-03 
3.23598E-03 
8.17834E-03 
2.13435E-04 
5.22120E-04 
1.29025E-03 
3.22039E-03 
8.12246E-03 
2.09912E-04 
5.14906E-04 
1.27402E-03 
3.16957E-03 
7.97095E-03 
2.01464E-02 
2.00067E-04 
4.92616E-04 
1.22084E-03 
3.03401E-03 
7.60856E-03 
1.91646E-02 
4.88947E-02 
4.54837E-04 
1.13031E-03 
2.81276E-03 
7.04616E-03 
1.77150E-02 
4.49696E-02 
1.03912E-03 
2.59307E-03 
6.49443E-03 
1.63107E-02 
4.12407E-02 
1.06241E-01 
2.39930E-03 
6.00545E-03 
1.50652E-02 
3.79608E-02 
9.67451E-02 
2.54437E-01 
---
