PdfType: replica
Format: lhagrid1
---
4.34963E-04 7.77181E-04 7.77181E-04 1.38865E-03 1.38865E-03 2.48120E-03 2.48120E-03 2.48120E-03 4.43334E-03 4.43334E-03 4.43334E-03 4.43334E-03 7.92137E-03 7.92137E-03 7.92137E-03 7.92137E-03 1.41537E-02 1.41537E-02 1.41537E-02 1.41537E-02 1.41537E-02 2.52895E-02 2.52895E-02 2.52895E-02 2.52895E-02 2.52895E-02 4.51866E-02 4.51866E-02 4.51866E-02 4.51866E-02 4.51866E-02 4.51866E-02 8.07383E-02 8.07383E-02 8.07383E-02 8.07383E-02 8.07383E-02 8.07383E-02 8.07383E-02 1.44261E-01 1.44261E-01 1.44261E-01 1.44261E-01 1.44261E-01 1.44261E-01 2.57762E-01 2.57762E-01 2.57762E-01 2.57762E-01 2.57762E-01 2.57762E-01 4.60562E-01 4.60562E-01 4.60562E-01 4.60562E-01 4.60562E-01 4.60562E-01 
1.58489E+00 1.58489E+00 2.51189E+00 1.58489E+00 2.51189E+00 1.58489E+00 2.51189E+00 3.98107E+00 1.58489E+00 2.51189E+00 3.98107E+00 6.30957E+00 1.58489E+00 2.51189E+00 3.98107E+00 6.30957E+00 1.58489E+00 2.51189E+00 3.98107E+00 6.30957E+00 9.99999E+00 1.58489E+00 2.51189E+00 3.98107E+00 6.30957E+00 9.99999E+00 1.58489E+00 2.51189E+00 3.98107E+00 6.30957E+00 9.99999E+00 1.58489E+01 1.58489E+00 2.51189E+00 3.98107E+00 6.30957E+00 9.99999E+00 1.58489E+01 2.51189E+01 2.51189E+00 3.98107E+00 6.30957E+00 9.99999E+00 1.58489E+01 2.51189E+01 3.98107E+00 6.30957E+00 9.99999E+00 1.58489E+01 2.51189E+01 3.98107E+01 6.30957E+00 9.99999E+00 1.58489E+01 2.51189E+01 3.98107E+01 6.30957E+01 
90000 
2.20075E-04 
2.18948E-04 
5.24470E-04 
2.17820E-04 
5.23239E-04 
2.16641E-04 
5.22652E-04 
1.28440E-03 
2.15462E-04 
5.22202E-04 
1.28482E-03 
3.24178E-03 
2.14392E-04 
5.21802E-04 
1.28604E-03 
3.23727E-03 
2.13509E-04 
5.21403E-04 
1.28731E-03 
3.22826E-03 
8.16150E-03 
2.12459E-04 
5.20199E-04 
1.28640E-03 
3.21222E-03 
8.10634E-03 
2.09516E-04 
5.14508E-04 
1.27419E-03 
3.17110E-03 
7.97985E-03 
2.01790E-02 
2.01466E-04 
4.96436E-04 
1.23092E-03 
3.05956E-03 
7.67325E-03 
1.93290E-02 
4.93243E-02 
4.61526E-04 
1.14625E-03 
2.85193E-03 
7.13991E-03 
1.79425E-02 
4.55299E-02 
1.05236E-03 
2.62548E-03 
6.57428E-03 
1.65077E-02 
4.17265E-02 
1.07429E-01 
2.42000E-03 
6.05563E-03 
1.51873E-02 
3.82582E-02 
9.74657E-02 
2.56147E-01 
---
