PdfType: replica
Format: lhagrid1
---
4.34963E-04 7.77181E-04 7.77181E-04 1.38865E-03 1.38865E-03 2.48120E-03 2.48120E-03 2.48120E-03 4.43334E-03 4.43334E-03 4.43334E-03 4.43334E-03 7.92137E-03 7.92137E-03 7.92137E-03 7.92137E-03 1.41537E-02 1.41537E-02 1.41537E-02 1.41537E-02 1.41537E-02 2.52895E-02 2.52895E-02 2.52895E-02 2.52895E-02 2.52895E-02 4.51866E-02 4.51866E-02 4.51866E-02 4.51866E-02 4.51866E-02 4.51866E-02 8.07383E-02 8.07383E-02 8.07383E-02 8.07383E-02 8.07383E-02 8.07383E-02 8.07383E-02 1.44261E-01 1.44261E-01 1.44261E-01 1.44261E-01 1.44261E-01 1.44261E-01 2.57762E-01 2.57762E-01 2.57762E-01 2.57762E-01 2.57762E-01 2.57762E-01 4.60562E-01 4.60562E-01 4.60562E-01 4.60562E-01 4.60562E-01 4.60562E-01 
1.58489E+00 1.58489E+00 2.51189E+00 1.58489E+00 2.51189E+00 1.58489E+00 2.51189E+00 3.98107E+00 1.58489E+00 2.51189E+00 3.98107E+00 6.30957E+00 1.58489E+00 2.51189E+00 3.98107E+00 6.30957E+00 1.58489E+00 2.51189E+00 3.98107E+00 6.30957E+00 9.99999E+00 1.58489E+00 2.51189E+00 3.98107E+00 6.30957E+00 9.99999E+00 1.58489E+00 2.51189E+00 3.98107E+00 6.30957E+00 9.99999E+00 1.58489E+01 1.58489E+00 2.51189E+00 3.98107E+00 6.30957E+00 9.99999E+00 1.58489E+01 2.51189E+01 2.51189E+00 3.98107E+00 6.30957E+00 9.99999E+00 1.58489E+01 2.51189E+01 3.98107E+00 6.30957E+00 9.99999E+00 1.58489E+01 2.51189E+01 3.98107E+01 6.30957E+00 9.99999E+00 1.58489E+01 2.51189E+01 3.98107E+01 6.30957E+01 
90000 
2.20072E-04 
2.18833E-04 
5.23938E-04 
2.17515E-04 
5.22370E-04 
2.16043E-04 
5.21227E-04 
1.28125E-03 
2.14442E-04 
5.19943E-04 
1.27993E-03 
3.23094E-03 
2.12834E-04 
5.18474E-04 
1.27891E-03 
3.22150E-03 
2.11390E-04 
5.17027E-04 
1.27799E-03 
3.20775E-03 
8.11636E-03 
2.09976E-04 
5.15187E-04 
1.27554E-03 
3.18844E-03 
8.05174E-03 
2.06884E-04 
5.08844E-04 
1.26100E-03 
3.14090E-03 
7.90661E-03 
2.00018E-02 
1.98106E-04 
4.88393E-04 
1.21141E-03 
3.01234E-03 
7.55962E-03 
1.90539E-02 
4.86525E-02 
4.52136E-04 
1.12476E-03 
2.80073E-03 
7.02071E-03 
1.76612E-02 
4.48611E-02 
1.04218E-03 
2.60165E-03 
6.51694E-03 
1.63694E-02 
4.13965E-02 
1.06677E-01 
2.40784E-03 
6.02550E-03 
1.51133E-02 
3.80785E-02 
9.70423E-02 
2.55237E-01 
---
