PdfType: replica
Format: lhagrid1
---
4.34963E-04 7.77181E-04 7.77181E-04 1.38865E-03 1.38865E-03 2.48120E-03 2.48120E-03 2.48120E-03 4.43334E-03 4.43334E-03 4.43334E-03 4.43334E-03 7.92137E-03 7.92137E-03 7.92137E-03 7.92137E-03 1.41537E-02 1.41537E-02 1.41537E-02 1.41537E-02 1.41537E-02 2.52895E-02 2.52895E-02 2.52895E-02 2.52895E-02 2.52895E-02 4.51866E-02 4.51866E-02 4.51866E-02 4.51866E-02 4.51866E-02 4.51866E-02 8.07383E-02 8.07383E-02 8.07383E-02 8.07383E-02 8.07383E-02 8.07383E-02 8.07383E-02 1.44261E-01 1.44261E-01 1.44261E-01 1.44261E-01 1.44261E-01 1.44261E-01 2.57762E-01 2.57762E-01 2.57762E-01 2.57762E-01 2.57762E-01 2.57762E-01 4.60562E-01 4.60562E-01 4.60562E-01 4.60562E-01 4.60562E-01 4.60562E-01 
1.58489E+00 1.58489E+00 2.51189E+00 1.58489E+00 2.51189E+00 1.58489E+00 2.51189E+00 3.98107E+00 1.58489E+00 2.51189E+00 3.98107E+00 6.30957E+00 1.58489E+00 2.51189E+00 3.98107E+00 6.30957E+00 1.58489E+00 2.51189E+00 3.98107E+00 6.30957E+00 9.99999E+00 1.58489E+00 2.51189E+00 3.98107E+00 6.30957E+00 9.99999E+00 1.58489E+00 2.51189E+00 3.98107E+00 6.30957E+00 9.99999E+00 1.58489E+01 1.58489E+00 2.51189E+00 3.98107E+00 6.30957E+00 9.99999E+00 1.58489E+01 2.51189E+01 2.51189E+00 3.98107E+00 6.30957E+00 9.99999E+00 1.58489E+01 2.51189E+01 3.98107E+00 6.30957E+00 9.99999E+00 1.58489E+01 2.51189E+01 3.98107E+01 6.30957E+00 9.99999E+00 1.58489E+01 2.51189E+01 3.98107E+01 6.30957E+01 
90000 
2.20438E-04 
2.19299E-04 
5.25018E-04 
2.18104E-04 
5.23669E-04 
2.16781E-04 
5.22821E-04 
1.28465E-03 
2.15358E-04 
5.21920E-04 
1.28418E-03 
3.24022E-03 
2.13942E-04 
5.20894E-04 
1.28416E-03 
3.23319E-03 
2.12673E-04 
5.19840E-04 
1.28415E-03 
3.22172E-03 
8.14756E-03 
2.11383E-04 
5.18260E-04 
1.28243E-03 
3.20414E-03 
8.08810E-03 
2.08539E-04 
5.12553E-04 
1.26974E-03 
3.16114E-03 
7.95586E-03 
2.01227E-02 
2.00447E-04 
4.93835E-04 
1.22439E-03 
3.04309E-03 
7.63347E-03 
1.92331E-02 
4.90966E-02 
4.57620E-04 
1.13727E-03 
2.83036E-03 
7.08955E-03 
1.78238E-02 
4.52521E-02 
1.04929E-03 
2.61934E-03 
6.56070E-03 
1.64781E-02 
4.16659E-02 
1.07336E-01 
2.42832E-03 
6.07737E-03 
1.52440E-02 
3.84053E-02 
9.78458E-02 
2.57115E-01 
---
