PdfType: replica
Format: lhagrid1
---
4.34963E-04 7.77181E-04 7.77181E-04 1.38865E-03 1.38865E-03 2.48120E-03 2.48120E-03 2.48120E-03 4.43334E-03 4.43334E-03 4.43334E-03 4.43334E-03 7.92137E-03 7.92137E-03 7.92137E-03 7.92137E-03 1.41537E-02 1.41537E-02 1.41537E-02 1.41537E-02 1.41537E-02 2.52895E-02 2.52895E-02 2.52895E-02 2.52895E-02 2.52895E-02 4.51866E-02 4.51866E-02 4.51866E-02 4.51866E-02 4.51866E-02 4.51866E-02 8.07383E-02 8.07383E-02 8.07383E-02 8.07383E-02 8.07383E-02 8.07383E-02 8.07383E-02 1.44261E-01 1.44261E-01 1.44261E-01 1.44261E-01 1.44261E-01 1.44261E-01 2.57762E-01 2.57762E-01 2.57762E-01 2.57762E-01 2.57762E-01 2.57762E-01 4.60562E-01 4.60562E-01 4.60562E-01 4.60562E-01 4.60562E-01 4.60562E-01 
1.58489E+00 1.58489E+00 2.51189E+00 1.58489E+00 2.51189E+00 1.58489E+00 2.51189E+00 3.98107E+00 1.58489E+00 2.51189E+00 3.98107E+00 6.30957E+00 1.58489E+00 2.51189E+00 3.98107E+00 6.30957E+00 1.58489E+00 2.51189E+00 3.98107E+00 6.30957E+00 9.99999E+00 1.58489E+00 2.51189E+00 3.98107E+00 6.30957E+00 9.99999E+00 1.58489E+00 2.51189E+00 3.98107E+00 6.30957E+00 9.99999E+00 1.58489E+01 1.58489E+00 2.51189E+00 3.98107E+00 6.30957E+00 9.99999E+00 1.58489E+01 2.51189E+01 2.51189E+00 3.98107E+00 6.30957E+00 9.99999E+00 1.58489E+01 2.51189E+01 3.98107E+00 6.30957E+00 9.99999E+00 1.58489E+01 2.51189E+01 3.98107E+01 6.30957E+00 9.99999E+00 1.58489E+01 2.51189E+01 3.98107E+01 6.30957E+01 
90000 
2.20078E-04 
2.18996E-04 
5.24512E-04 
2.17945E-04 
5.23405E-04 
2.16875E-04 
5.23000E-04 
1.28505E-03 
2.15816E-04 
5.22762E-04 
1.28586E-03 
3.24361E-03 
2.14818E-04 
5.22494E-04 
1.28731E-03 
3.23949E-03 
2.13817E-04 
5.21869E-04 
1.28802E-03 
3.22938E-03 
8.16207E-03 
2.12260E-04 
5.19652E-04 
1.28481E-03 
3.20844E-03 
8.09469E-03 
2.08461E-04 
5.12104E-04 
1.26829E-03 
3.15744E-03 
7.94494E-03 
2.00870E-02 
1.99738E-04 
4.92316E-04 
1.22085E-03 
3.03543E-03 
7.61444E-03 
1.91831E-02 
4.89455E-02 
4.56470E-04 
1.13396E-03 
2.82181E-03 
7.06761E-03 
1.77669E-02 
4.50959E-02 
1.03995E-03 
2.59507E-03 
6.50116E-03 
1.63303E-02 
4.12930E-02 
1.06364E-01 
2.39504E-03 
5.99405E-03 
1.50349E-02 
3.78814E-02 
9.65389E-02 
2.53914E-01 
---
