PdfType: replica
Format: lhagrid1
---
4.34963E-04 7.77181E-04 7.77181E-04 1.38865E-03 1.38865E-03 2.48120E-03 2.48120E-03 2.48120E-03 4.43334E-03 4.43334E-03 4.43334E-03 4.43334E-03 7.92137E-03 7.92137E-03 7.92137E-03 7.92137E-03 1.41537E-02 1.41537E-02 1.41537E-02 1.41537E-02 1.41537E-02 2.52895E-02 2.52895E-02 2.52895E-02 2.52895E-02 2.52895E-02 4.51866E-02 4.51866E-02 4.51866E-02 4.51866E-02 4.51866E-02 4.51866E-02 8.07383E-02 8.07383E-02 8.07383E-02 8.07383E-02 8.07383E-02 8.07383E-02 8.07383E-02 1.44261E-01 1.44261E-01 1.44261E-01 1.44261E-01 1.44261E-01 1.44261E-01 2.57762E-01 2.57762E-01 2.57762E-01 2.57762E-01 2.57762E-01 2.57762E-01 4.60562E-01 4.60562E-01 4.60562E-01 4.60562E-01 4.60562E-01 4.60562E-01 
1.58489E+00 1.58489E+00 2.51189E+00 1.58489E+00 2.51189E+00 1.58489E+00 2.51189E+00 3.98107E+00 1.58489E+00 2.51189E+00 3.98107E+00 6.30957E+00 1.58489E+00 2.51189E+00 3.98107E+00 6.30957E+00 1.58489E+00 2.51189E+00 3.98107E+00 6.30957E+00 9.99999E+00 1.58489E+00 2.51189E+00 3.98107E+00 6.30957E+00 9.99999E+00 1.58489E+00 2.51189E+00 3.98107E+00 6.30957E+00 9.99999E+00 1.58489E+01 1.58489E+00 2.51189E+00 3.98107E+00 6.30957E+00 9.99999E+00 1.58489E+01 2.51189E+01 2.51189E+00 3.98107E+00 6.30957E+00 9.99999E+00 1.58489E+01 2.51189E+01 3.98107E+00 6.30957E+00 9.99999E+00 1.58489E+01 2.51189E+01 3.98107E+01 6.30957E+00 9.99999E+00 1.58489E+01 2.51189E+01 3.98107E+01 6.30957E+01 
90000 
2.19146E-04 
2.17661E-04 
5.22100E-04 
2.16111E-04 
5.20116E-04 
2.14492E-04 
5.18700E-04 
1.27655E-03 
2.12958E-04 
5.17551E-04 
1.27560E-03 
3.22200E-03 
2.11790E-04 
5.16937E-04 
1.27639E-03 
3.21649E-03 
2.11233E-04 
5.17152E-04 
1.27885E-03 
3.20978E-03 
8.12070E-03 
2.10771E-04 
5.16994E-04 
1.27972E-03 
3.19747E-03 
8.07141E-03 
2.07775E-04 
5.10797E-04 
1.26548E-03 
3.15115E-03 
7.92936E-03 
2.00511E-02 
1.98619E-04 
4.89917E-04 
1.21550E-03 
3.02312E-03 
7.58583E-03 
1.91166E-02 
4.87916E-02 
4.55572E-04 
1.13298E-03 
2.82057E-03 
7.06795E-03 
1.77733E-02 
4.51210E-02 
1.04677E-03 
2.61225E-03 
6.54158E-03 
1.64269E-02 
4.15276E-02 
1.06949E-01 
2.41359E-03 
6.03885E-03 
1.51444E-02 
3.81502E-02 
9.72009E-02 
2.55535E-01 
---
