PdfType: replica
Format: lhagrid1
---
4.34963E-04 7.77181E-04 7.77181E-04 1.38865E-03 1.38865E-03 2.48120E-03 2.48120E-03 2.48120E-03 4.43334E-03 4.43334E-03 4.43334E-03 4.43334E-03 7.92137E-03 7.92137E-03 7.92137E-03 7.92137E-03 1.41537E-02 1.41537E-02 1.41537E-02 1.41537E-02 1.41537E-02 2.52895E-02 2.52895E-02 2.52895E-02 2.52895E-02 2.52895E-02 4.51866E-02 4.51866E-02 4.51866E-02 4.51866E-02 4.51866E-02 4.51866E-02 8.07383E-02 8.07383E-02 8.07383E-02 8.07383E-02 8.07383E-02 8.07383E-02 8.07383E-02 1.44261E-01 1.44261E-01 1.44261E-01 1.44261E-01 1.44261E-01 1.44261E-01 2.57762E-01 2.57762E-01 2.57762E-01 2.57762E-01 2.57762E-01 2.57762E-01 4.60562E-01 4.60562E-01 4.60562E-01 4.60562E-01 4.60562E-01 4.60562E-01 
1.58489E+00 1.58489E+00 2.51189E+00 1.58489E+00 2.51189E+00 1.58489E+00 2.51189E+00 3.98107E+00 1.58489E+00 2.51189E+00 3.98107E+00 6.30957E+00 1.58489E+00 2.51189E+00 3.98107E+00 6.30957E+00 1.58489E+00 2.51189E+00 3.98107E+00 6.30957E+00 9.99999E+00 1.58489E+00 2.51189E+00 3.98107E+00 6.30957E+00 9.99999E+00 1.58489E+00 2.51189E+00 3.98107E+00 6.30957E+00 9.99999E+00 1.58489E+01 1.58489E+00 2.51189E+00 3.98107E+00 6.30957E+00 9.99999E+00 1.58489E+01 2.51189E+01 2.51189E+00 3.98107E+00 6.30957E+00 9.99999E+00 1.58489E+01 2.51189E+01 3.98107E+00 6.30957E+00 9.99999E+00 1.58489E+01 2.51189E+01 3.98107E+01 6.30957E+00 9.99999E+00 1.58489E+01 2.51189E+01 3.98107E+01 6.30957E+01 
90000 
2.20140E-04 
2.18913E-04 
5.24442E-04 
2.17647E-04 
5.22943E-04 
2.16294E-04 
5.22001E-04 
1.28307E-03 
2.14902E-04 
5.21116E-04 
1.28259E-03 
3.23691E-03 
2.13586E-04 
5.20219E-04 
1.28275E-03 
3.23019E-03 
2.12421E-04 
5.19270E-04 
1.28280E-03 
3.21859E-03 
8.13943E-03 
2.11060E-04 
5.17407E-04 
1.28026E-03 
3.19887E-03 
8.07462E-03 
2.07791E-04 
5.10779E-04 
1.26550E-03 
3.15120E-03 
7.93159E-03 
2.00603E-02 
1.99328E-04 
4.91411E-04 
1.21887E-03 
3.03074E-03 
7.60421E-03 
1.91616E-02 
4.89078E-02 
4.56100E-04 
1.13373E-03 
2.82223E-03 
7.07065E-03 
1.77787E-02 
4.51370E-02 
1.04574E-03 
2.60977E-03 
6.53717E-03 
1.64193E-02 
4.15159E-02 
1.06941E-01 
2.40910E-03 
6.02894E-03 
1.51221E-02 
3.81004E-02 
9.70938E-02 
2.55346E-01 
---
