PdfType: replica
Format: lhagrid1
---
4.34963E-04 7.77181E-04 7.77181E-04 1.38865E-03 1.38865E-03 2.48120E-03 2.48120E-03 2.48120E-03 4.43334E-03 4.43334E-03 4.43334E-03 4.43334E-03 7.92137E-03 7.92137E-03 7.92137E-03 7.92137E-03 1.41537E-02 1.41537E-02 1.41537E-02 1.41537E-02 1.41537E-02 2.52895E-02 2.52895E-02 2.52895E-02 2.52895E-02 2.52895E-02 4.51866E-02 4.51866E-02 4.51866E-02 4.51866E-02 4.51866E-02 4.51866E-02 8.07383E-02 8.07383E-02 8.07383E-02 8.07383E-02 8.07383E-02 8.07383E-02 8.07383E-02 1.44261E-01 1.44261E-01 1.44261E-01 1.44261E-01 1.44261E-01 1.44261E-01 2.57762E-01 2.57762E-01 2.57762E-01 2.57762E-01 2.57762E-01 2.57762E-01 4.60562E-01 4.60562E-01 4.60562E-01 4.60562E-01 4.60562E-01 4.60562E-01 
1.58489E+00 1.58489E+00 2.51189E+00 1.58489E+00 2.51189E+00 1.58489E+00 2.51189E+00 3.98107E+00 1.58489E+00 2.51189E+00 3.98107E+00 6.30957E+00 1.58489E+00 2.51189E+00 3.98107E+00 6.30957E+00 1.58489E+00 2.51189E+00 3.98107E+00 6.30957E+00 9.99999E+00 1.58489E+00 2.51189E+00 3.98107E+00 6.30957E+00 9.99999E+00 1.58489E+00 2.51189E+00 3.98107E+00 6.30957E+00 9.99999E+00 1.58489E+01 1.58489E+00 2.51189E+00 3.98107E+00 6.30957E+00 9.99999E+00 1.58489E+01 2.51189E+01 2.51189E+00 3.98107E+00 6.30957E+00 9.99999E+00 1.58489E+01 2.51189E+01 3.98107E+00 6.30957E+00 9.99999E+00 1.58489E+01 2.51189E+01 3.98107E+01 6.30957E+00 9.99999E+00 1.58489E+01 2.51189E+01 3.98107E+01 6.30957E+01 
90000 
2.14902E-04 
2.13868E-04 
5.16040E-04 
2.13039E-04 
5.15248E-04 
2.12401E-04 
5.15426E-04 
1.27080E-03 
2.11995E-04 
5.16174E-04 
1.27343E-03 
3.21827E-03 
2.11870E-04 
5.17355E-04 
1.27759E-03 
3.21974E-03 
2.11948E-04 
5.18649E-04 
1.28204E-03 
3.21717E-03 
8.13724E-03 
2.11541E-04 
5.18542E-04 
1.28297E-03 
3.20488E-03 
8.08815E-03 
2.08431E-04 
5.12157E-04 
1.26856E-03 
3.15802E-03 
7.94636E-03 
2.00920E-02 
1.99413E-04 
4.91754E-04 
1.22004E-03 
3.03372E-03 
7.61258E-03 
1.91831E-02 
4.89530E-02 
4.58018E-04 
1.13938E-03 
2.83708E-03 
7.10903E-03 
1.78755E-02 
4.53750E-02 
1.05755E-03 
2.63860E-03 
6.60511E-03 
1.65807E-02 
4.18999E-02 
1.07838E-01 
2.42630E-03 
6.06996E-03 
1.52206E-02 
3.83354E-02 
9.76382E-02 
2.56473E-01 
---
