PdfType: replica
Format: lhagrid1
---
4.34963E-04 7.77181E-04 7.77181E-04 1.38865E-03 1.38865E-03 2.48120E-03 2.48120E-03 2.48120E-03 4.43334E-03 4.43334E-03 4.43334E-03 4.43334E-03 7.92137E-03 7.92137E-03 7.92137E-03 7.92137E-03 1.41537E-02 1.41537E-02 1.41537E-02 1.41537E-02 1.41537E-02 2.52895E-02 2.52895E-02 2.52895E-02 2.52895E-02 2.52895E-02 4.51866E-02 4.51866E-02 4.51866E-02 4.51866E-02 4.51866E-02 4.51866E-02 8.07383E-02 8.07383E-02 8.07383E-02 8.07383E-02 8.07383E-02 8.07383E-02 8.07383E-02 1.44261E-01 1.44261E-01 1.44261E-01 1.44261E-01 1.44261E-01 1.44261E-01 2.57762E-01 2.57762E-01 2.57762E-01 2.57762E-01 2.57762E-01 2.57762E-01 4.60562E-01 4.60562E-01 4.60562E-01 4.60562E-01 4.60562E-01 4.60562E-01 
1.58489E+00 1.58489E+00 2.51189E+00 1.58489E+00 2.51189E+00 1.58489E+00 2.51189E+00 3.98107E+00 1.58489E+00 2.51189E+00 3.98107E+00 6.30957E+00 1.58489E+00 2.51189E+00 3.98107E+00 6.30957E+00 1.58489E+00 2.51189E+00 3.98107E+00 6.30957E+00 9.99999E+00 1.58489E+00 2.51189E+00 3.98107E+00 6.30957E+00 9.99999E+00 1.58489E+00 2.51189E+00 3.98107E+00 6.30957E+00 9.99999E+00 1.58489E+01 1.58489E+00 2.51189E+00 3.98107E+00 6.30957E+00 9.99999E+00 1.58489E+01 2.51189E+01 2.51189E+00 3.98107E+00 6.30957E+00 9.99999E+00 1.58489E+01 2.51189E+01 3.98107E+00 6.30957E+00 9.99999E+00 1.58489E+01 2.51189E+01 3.98107E+01 6.30957E+00 9.99999E+00 1.58489E+01 2.51189E+01 3.98107E+01 6.30957E+01 
90000 
2.20035E-04 
2.18953E-04 
5.24466E-04 
2.17860E-04 
5.23286E-04 
2.16675E-04 
5.22645E-04 
1.28443E-03 
2.15375E-04 
5.21902E-04 
1.28414E-03 
3.24030E-03 
2.13939E-04 
5.20737E-04 
1.28364E-03 
3.23187E-03 
2.12293E-04 
5.18842E-04 
1.28169E-03 
3.21589E-03 
8.13417E-03 
2.10159E-04 
5.15591E-04 
1.27645E-03 
3.19054E-03 
8.05685E-03 
2.06654E-04 
5.08811E-04 
1.26190E-03 
3.14404E-03 
7.91809E-03 
2.00373E-02 
1.99519E-04 
4.92371E-04 
1.22194E-03 
3.03894E-03 
7.62612E-03 
1.92201E-02 
4.90726E-02 
4.59116E-04 
1.14048E-03 
2.83784E-03 
7.10606E-03 
1.78607E-02 
4.53332E-02 
1.04774E-03 
2.61524E-03 
6.55115E-03 
1.64551E-02 
4.16065E-02 
1.07157E-01 
2.42490E-03 
6.06788E-03 
1.52177E-02 
3.83336E-02 
9.76525E-02 
2.56608E-01 
---
