PdfType: replica
Format: lhagrid1
---
4.34963E-04 7.77181E-04 7.77181E-04 1.38865E-03 1.38865E-03 2.48120E-03 2.48120E-03 2.48120E-03 4.43334E-03 4.43334E-03 4.43334E-03 4.43334E-03 7.92137E-03 7.92137E-03 7.92137E-03 7.92137E-03 1.41537E-02 1.41537E-02 1.41537E-02 1.41537E-02 1.41537E-02 2.52895E-02 2.52895E-02 2.52895E-02 2.52895E-02 2.52895E-02 4.51866E-02 4.51866E-02 4.51866E-02 4.51866E-02 4.51866E-02 4.51866E-02 8.07383E-02 8.07383E-02 8.07383E-02 8.07383E-02 8.07383E-02 8.07383E-02 8.07383E-02 1.44261E-01 1.44261E-01 1.44261E-01 1.44261E-01 1.44261E-01 1.44261E-01 2.57762E-01 2.57762E-01 2.57762E-01 2.57762E-01 2.57762E-01 2.57762E-01 4.60562E-01 4.60562E-01 4.60562E-01 4.60562E-01 4.60562E-01 4.60562E-01 
1.58489E+00 1.58489E+00 2.51189E+00 1.58489E+00 2.51189E+00 1.58489E+00 2.51189E+00 3.98107E+00 1.58489E+00 2.51189E+00 3.98107E+00 6.30957E+00 1.58489E+00 2.51189E+00 3.98107E+00 6.30957E+00 1.58489E+00 2.51189E+00 3.98107E+00 6.30957E+00 9.99999E+00 1.58489E+00 2.51189E+00 3.98107E+00 6.30957E+00 9.99999E+00 1.58489E+00 2.51189E+00 3.98107E+00 6.30957E+00 9.99999E+00 1.58489E+01 1.58489E+00 2.51189E+00 3.98107E+00 6.30957E+00 9.99999E+00 1.58489E+01 2.51189E+01 2.51189E+00 3.98107E+00 6.30957E+00 9.99999E+00 1.58489E+01 2.51189E+01 3.98107E+00 6.30957E+00 9.99999E+00 1.58489E+01 2.51189E+01 3.98107E+01 6.30957E+00 9.99999E+00 1.58489E+01 2.51189E+01 3.98107E+01 6.30957E+01 
90000 
2.20264E-04 
2.19092E-04 
5.24684E-04 
2.17892E-04 
5.23352E-04 
2.16618E-04 
5.22614E-04 
1.28441E-03 
2.15332E-04 
5.21993E-04 
1.28453E-03 
3.24128E-03 
2.14196E-04 
5.21521E-04 
1.28569E-03 
3.23662E-03 
2.13423E-04 
5.21424E-04 
1.28767E-03 
3.22921E-03 
8.16575E-03 
2.12774E-04 
5.20947E-04 
1.28800E-03 
3.21568E-03 
8.11374E-03 
2.09783E-04 
5.14555E-04 
1.27315E-03 
3.16727E-03 
7.96591E-03 
2.01394E-02 
1.99544E-04 
4.91298E-04 
1.21764E-03 
3.02686E-03 
7.59137E-03 
1.91254E-02 
4.88175E-02 
4.53417E-04 
1.12775E-03 
2.80902E-03 
7.04050E-03 
1.77095E-02 
4.49774E-02 
1.04414E-03 
2.60572E-03 
6.52808E-03 
1.63985E-02 
4.14688E-02 
1.06845E-01 
2.40260E-03 
6.01327E-03 
1.50841E-02 
3.80086E-02 
9.68777E-02 
2.54883E-01 
---
