PdfType: replica
Format: lhagrid1
---
4.34963E-04 7.77181E-04 7.77181E-04 1.38865E-03 1.38865E-03 2.48120E-03 2.48120E-03 2.48120E-03 4.43334E-03 4.43334E-03 4.43334E-03 4.43334E-03 7.92137E-03 7.92137E-03 7.92137E-03 7.92137E-03 1.41537E-02 1.41537E-02 1.41537E-02 1.41537E-02 1.41537E-02 2.52895E-02 2.52895E-02 2.52895E-02 2.52895E-02 2.52895E-02 4.51866E-02 4.51866E-02 4.51866E-02 4.51866E-02 4.51866E-02 4.51866E-02 8.07383E-02 8.07383E-02 8.07383E-02 8.07383E-02 8.07383E-02 8.07383E-02 8.07383E-02 1.44261E-01 1.44261E-01 1.44261E-01 1.44261E-01 1.44261E-01 1.44261E-01 2.57762E-01 2.57762E-01 2.57762E-01 2.57762E-01 2.57762E-01 2.57762E-01 4.60562E-01 4.60562E-01 4.60562E-01 4.60562E-01 4.60562E-01 4.60562E-01 
1.58489E+00 1.58489E+00 2.51189E+00 1.58489E+00 2.51189E+00 1.58489E+00 2.51189E+00 3.98107E+00 1.58489E+00 2.51189E+00 3.98107E+00 6.30957E+00 1.58489E+00 2.51189E+00 3.98107E+00 6.30957E+00 1.58489E+00 2.51189E+00 3.98107E+00 6.30957E+00 9.99999E+00 1.58489E+00 2.51189E+00 3.98107E+00 6.30957E+00 9.99999E+00 1.58489E+00 2.51189E+00 3.98107E+00 6.30957E+00 9.99999E+00 1.58489E+01 1.58489E+00 2.51189E+00 3.98107E+00 6.30957E+00 9.99999E+00 1.58489E+01 2.51189E+01 2.51189E+00 3.98107E+00 6.30957E+00 9.99999E+00 1.58489E+01 2.51189E+01 3.98107E+00 6.30957E+00 9.99999E+00 1.58489E+01 2.51189E+01 3.98107E+01 6.30957E+00 9.99999E+00 1.58489E+01 2.51189E+01 3.98107E+01 6.30957E+01 
90000 
2.19229E-04 
2.17773E-04 
5.22208E-04 
2.16196E-04 
5.20097E-04 
2.14411E-04 
5.18244E-04 
1.27530E-03 
2.12416E-04 
5.16069E-04 
1.27201E-03 
3.21388E-03 
2.10298E-04 
5.13504E-04 
1.26855E-03 
3.19930E-03 
2.08279E-04 
5.10862E-04 
1.26491E-03 
3.17939E-03 
8.05169E-03 
2.06510E-04 
5.08112E-04 
1.26009E-03 
3.15379E-03 
7.97174E-03 
2.03367E-04 
5.01105E-04 
1.24333E-03 
3.09964E-03 
7.80980E-03 
1.97703E-02 
1.94147E-04 
4.79654E-04 
1.19152E-03 
2.96670E-03 
7.45276E-03 
1.88011E-02 
4.80465E-02 
4.46509E-04 
1.11238E-03 
2.77375E-03 
6.95919E-03 
1.75201E-02 
4.45356E-02 
1.03676E-03 
2.58812E-03 
6.48642E-03 
1.62996E-02 
4.12351E-02 
1.06304E-01 
2.39708E-03 
6.00423E-03 
1.50713E-02 
3.79973E-02 
9.68939E-02 
2.55011E-01 
---
