PdfType: replica
Format: lhagrid1
---
4.34963E-04 7.77181E-04 7.77181E-04 1.38865E-03 1.38865E-03 2.48120E-03 2.48120E-03 2.48120E-03 4.43334E-03 4.43334E-03 4.43334E-03 4.43334E-03 7.92137E-03 7.92137E-03 7.92137E-03 7.92137E-03 1.41537E-02 1.41537E-02 1.41537E-02 1.41537E-02 1.41537E-02 2.52895E-02 2.52895E-02 2.52895E-02 2.52895E-02 2.52895E-02 4.51866E-02 4.51866E-02 4.51866E-02 4.51866E-02 4.51866E-02 4.51866E-02 8.07383E-02 8.07383E-02 8.07383E-02 8.07383E-02 8.07383E-02 8.07383E-02 8.07383E-02 1.44261E-01 1.44261E-01 1.44261E-01 1.44261E-01 1.44261E-01 1.44261E-01 2.57762E-01 2.57762E-01 2.57762E-01 2.57762E-01 2.57762E-01 2.57762E-01 4.60562E-01 4.60562E-01 4.60562E-01 4.60562E-01 4.60562E-01 4.60562E-01 
1.58489E+00 1.58489E+00 2.51189E+00 1.58489E+00 2.51189E+00 1.58489E+00 2.51189E+00 3.98107E+00 1.58489E+00 2.51189E+00 3.98107E+00 6.30957E+00 1.58489E+00 2.51189E+00 3.98107E+00 6.30957E+00 1.58489E+00 2.51189E+00 3.98107E+00 6.30957E+00 9.99999E+00 1.58489E+00 2.51189E+00 3.98107E+00 6.30957E+00 9.99999E+00 1.58489E+00 2.51189E+00 3.98107E+00 6.30957E+00 9.99999E+00 1.58489E+01 1.58489E+00 2.51189E+00 3.98107E+00 6.30957E+00 9.99999E+00 1.58489E+01 2.51189E+01 2.51189E+00 3.98107E+00 6.30957E+00 9.99999E+00 1.58489E+01 2.51189E+01 3.98107E+00 6.30957E+00 9.99999E+00 1.58489E+01 2.51189E+01 3.98107E+01 6.30957E+00 9.99999E+00 1.58489E+01 2.51189E+01 3.98107E+01 6.30957E+01 
90000 
2.20026E-04 
2.18841E-04 
5.24411E-04 
2.17621E-04 
5.22984E-04 
2.16316E-04 
5.22100E-04 
1.28340E-03 
2.14970E-04 
5.21255E-04 
1.28292E-03 
3.23786E-03 
2.13664E-04 
5.20330E-04 
1.28291E-03 
3.23068E-03 
2.12390E-04 
5.19085E-04 
1.28216E-03 
3.21719E-03 
8.13617E-03 
2.10610E-04 
5.16255E-04 
1.27732E-03 
3.19205E-03 
8.05805E-03 
2.06574E-04 
5.07997E-04 
1.25897E-03 
3.13600E-03 
7.89596E-03 
1.99765E-02 
1.97842E-04 
4.88213E-04 
1.21167E-03 
3.01407E-03 
7.56583E-03 
1.90722E-02 
4.87011E-02 
4.54479E-04 
1.12944E-03 
2.81103E-03 
7.04184E-03 
1.77051E-02 
4.49525E-02 
1.03589E-03 
2.58477E-03 
6.47486E-03 
1.62641E-02 
4.11293E-02 
1.05976E-01 
2.38617E-03 
5.97244E-03 
1.49822E-02 
3.77531E-02 
9.62283E-02 
2.53175E-01 
---
