PdfType: replica
Format: lhagrid1
---
4.34963E-04 7.77181E-04 7.77181E-04 1.38865E-03 1.38865E-03 2.48120E-03 2.48120E-03 2.48120E-03 4.43334E-03 4.43334E-03 4.43334E-03 4.43334E-03 7.92137E-03 7.92137E-03 7.92137E-03 7.92137E-03 1.41537E-02 1.41537E-02 1.41537E-02 1.41537E-02 1.41537E-02 2.52895E-02 2.52895E-02 2.52895E-02 2.52895E-02 2.52895E-02 4.51866E-02 4.51866E-02 4.51866E-02 4.51866E-02 4.51866E-02 4.51866E-02 8.07383E-02 8.07383E-02 8.07383E-02 8.07383E-02 8.07383E-02 8.07383E-02 8.07383E-02 1.44261E-01 1.44261E-01 1.44261E-01 1.44261E-01 1.44261E-01 1.44261E-01 2.57762E-01 2.57762E-01 2.57762E-01 2.57762E-01 2.57762E-01 2.57762E-01 4.60562E-01 4.60562E-01 4.60562E-01 4.60562E-01 4.60562E-01 4.60562E-01 
1.58489E+00 1.58489E+00 2.51189E+00 1.58489E+00 2.51189E+00 1.58489E+00 2.51189E+00 3.98107E+00 1.58489E+00 2.51189E+00 3.98107E+00 6.30957E+00 1.58489E+00 2.51189E+00 3.98107E+00 6.30957E+00 1.58489E+00 2.51189E+00 3.98107E+00 6.30957E+00 9.99999E+00 1.58489E+00 2.51189E+00 3.98107E+00 6.30957E+00 9.99999E+00 1.58489E+00 2.51189E+00 3.98107E+00 6.30957E+00 9.99999E+00 1.58489E+01 1.58489E+00 2.51189E+00 3.98107E+00 6.30957E+00 9.99999E+00 1.58489E+01 2.51189E+01 2.51189E+00 3.98107E+00 6.30957E+00 9.99999E+00 1.58489E+01 2.51189E+01 3.98107E+00 6.30957E+00 9.99999E+00 1.58489E+01 2.51189E+01 3.98107E+01 6.30957E+00 9.99999E+00 1.58489E+01 2.51189E+01 3.98107E+01 6.30957E+01 
90000 
2.19984E-04 
2.18809E-04 
5.24034E-04 
2.17644E-04 
5.22762E-04 
2.16460E-04 
5.22205E-04 
1.28345E-03 
2.15351E-04 
5.21948E-04 
1.28438E-03 
3.24036E-03 
2.14508E-04 
5.22081E-04 
1.28684E-03 
3.23854E-03 
2.14083E-04 
5.22690E-04 
1.29030E-03 
3.23441E-03 
8.17532E-03 
2.13520E-04 
5.22396E-04 
1.29096E-03 
3.22177E-03 
8.12504E-03 
2.10038E-04 
5.15034E-04 
1.27397E-03 
3.16859E-03 
7.96663E-03 
2.01321E-02 
1.99319E-04 
4.90686E-04 
1.21610E-03 
3.02223E-03 
7.58003E-03 
1.90951E-02 
4.87226E-02 
4.52456E-04 
1.12577E-03 
2.80392E-03 
7.02853E-03 
1.76798E-02 
4.48986E-02 
1.04631E-03 
2.61270E-03 
6.54559E-03 
1.64427E-02 
4.15782E-02 
1.07090E-01 
2.43278E-03 
6.08997E-03 
1.52781E-02 
3.84949E-02 
9.80729E-02 
2.57648E-01 
---
