PdfType: replica
Format: lhagrid1
---
4.34963E-04 7.77181E-04 7.77181E-04 1.38865E-03 1.38865E-03 2.48120E-03 2.48120E-03 2.48120E-03 4.43334E-03 4.43334E-03 4.43334E-03 4.43334E-03 7.92137E-03 7.92137E-03 7.92137E-03 7.92137E-03 1.41537E-02 1.41537E-02 1.41537E-02 1.41537E-02 1.41537E-02 2.52895E-02 2.52895E-02 2.52895E-02 2.52895E-02 2.52895E-02 4.51866E-02 4.51866E-02 4.51866E-02 4.51866E-02 4.51866E-02 4.51866E-02 8.07383E-02 8.07383E-02 8.07383E-02 8.07383E-02 8.07383E-02 8.07383E-02 8.07383E-02 1.44261E-01 1.44261E-01 1.44261E-01 1.44261E-01 1.44261E-01 1.44261E-01 2.57762E-01 2.57762E-01 2.57762E-01 2.57762E-01 2.57762E-01 2.57762E-01 4.60562E-01 4.60562E-01 4.60562E-01 4.60562E-01 4.60562E-01 4.60562E-01 
1.58489E+00 1.58489E+00 2.51189E+00 1.58489E+00 2.51189E+00 1.58489E+00 2.51189E+00 3.98107E+00 1.58489E+00 2.51189E+00 3.98107E+00 6.30957E+00 1.58489E+00 2.51189E+00 3.98107E+00 6.30957E+00 1.58489E+00 2.51189E+00 3.98107E+00 6.30957E+00 9.99999E+00 1.58489E+00 2.51189E+00 3.98107E+00 6.30957E+00 9.99999E+00 1.58489E+00 2.51189E+00 3.98107E+00 6.30957E+00 9.99999E+00 1.58489E+01 1.58489E+00 2.51189E+00 3.98107E+00 6.30957E+00 9.99999E+00 1.58489E+01 2.51189E+01 2.51189E+00 3.98107E+00 6.30957E+00 9.99999E+00 1.58489E+01 2.51189E+01 3.98107E+00 6.30957E+00 9.99999E+00 1.58489E+01 2.51189E+01 3.98107E+01 6.30957E+00 9.99999E+00 1.58489E+01 2.51189E+01 3.98107E+01 6.30957E+01 
90000 
2.20140E-04 
2.18877E-04 
5.24470E-04 
2.17587E-04 
5.22993E-04 
2.16275E-04 
5.22201E-04 
1.28369E-03 
2.15084E-04 
5.21749E-04 
1.28415E-03 
3.24124E-03 
2.14256E-04 
5.21767E-04 
1.28617E-03 
3.23835E-03 
2.13936E-04 
5.22235E-04 
1.28889E-03 
3.23183E-03 
8.16984E-03 
2.13320E-04 
5.21352E-04 
1.28782E-03 
3.21403E-03 
8.10748E-03 
2.09174E-04 
5.12625E-04 
1.26798E-03 
3.15416E-03 
7.93372E-03 
2.00575E-02 
1.98004E-04 
4.87860E-04 
1.20975E-03 
3.00787E-03 
7.54727E-03 
1.90206E-02 
4.85617E-02 
4.51010E-04 
1.12188E-03 
2.79367E-03 
7.00289E-03 
1.76167E-02 
4.47509E-02 
1.03642E-03 
2.58792E-03 
6.48497E-03 
1.62947E-02 
4.12204E-02 
1.06251E-01 
2.42200E-03 
6.06928E-03 
1.52394E-02 
3.84273E-02 
9.79721E-02 
2.57574E-01 
---
