PdfType: replica
Format: lhagrid1
---
4.34963E-04 7.77181E-04 7.77181E-04 1.38865E-03 1.38865E-03 2.48120E-03 2.48120E-03 2.48120E-03 4.43334E-03 4.43334E-03 4.43334E-03 4.43334E-03 7.92137E-03 7.92137E-03 7.92137E-03 7.92137E-03 1.41537E-02 1.41537E-02 1.41537E-02 1.41537E-02 1.41537E-02 2.52895E-02 2.52895E-02 2.52895E-02 2.52895E-02 2.52895E-02 4.51866E-02 4.51866E-02 4.51866E-02 4.51866E-02 4.51866E-02 4.51866E-02 8.07383E-02 8.07383E-02 8.07383E-02 8.07383E-02 8.07383E-02 8.07383E-02 8.07383E-02 1.44261E-01 1.44261E-01 1.44261E-01 1.44261E-01 1.44261E-01 1.44261E-01 2.57762E-01 2.57762E-01 2.57762E-01 2.57762E-01 2.57762E-01 2.57762E-01 4.60562E-01 4.60562E-01 4.60562E-01 4.60562E-01 4.60562E-01 4.60562E-01 
1.58489E+00 1.58489E+00 2.51189E+00 1.58489E+00 2.51189E+00 1.58489E+00 2.51189E+00 3.98107E+00 1.58489E+00 2.51189E+00 3.98107E+00 6.30957E+00 1.58489E+00 2.51189E+00 3.98107E+00 6.30957E+00 1.58489E+00 2.51189E+00 3.98107E+00 6.30957E+00 9.99999E+00 1.58489E+00 2.51189E+00 3.98107E+00 6.30957E+00 9.99999E+00 1.58489E+00 2.51189E+00 3.98107E+00 6.30957E+00 9.99999E+00 1.58489E+01 1.58489E+00 2.51189E+00 3.98107E+00 6.30957E+00 9.99999E+00 1.58489E+01 2.51189E+01 2.51189E+00 3.98107E+00 6.30957E+00 9.99999E+00 1.58489E+01 2.51189E+01 3.98107E+00 6.30957E+00 9.99999E+00 1.58489E+01 2.51189E+01 3.98107E+01 6.30957E+00 9.99999E+00 1.58489E+01 2.51189E+01 3.98107E+01 6.30957E+01 
90000 
2.19787E-04 
2.18601E-04 
5.23867E-04 
2.17436E-04 
5.22547E-04 
2.16249E-04 
5.21923E-04 
1.28317E-03 
2.15087E-04 
5.21499E-04 
1.28358E-03 
3.23996E-03 
2.14045E-04 
5.21181E-04 
1.28495E-03 
3.23559E-03 
2.13174E-04 
5.20890E-04 
1.28643E-03 
3.22723E-03 
8.16040E-03 
2.12110E-04 
5.19714E-04 
1.28546E-03 
3.21123E-03 
8.10351E-03 
2.09102E-04 
5.13665E-04 
1.27208E-03 
3.16666E-03 
7.96827E-03 
2.01456E-02 
2.00759E-04 
4.94695E-04 
1.22674E-03 
3.04915E-03 
7.64964E-03 
1.92707E-02 
4.91496E-02 
4.60373E-04 
1.14411E-03 
2.84679E-03 
7.12969E-03 
1.79188E-02 
4.54589E-02 
1.05331E-03 
2.62714E-03 
6.57575E-03 
1.65059E-02 
4.17085E-02 
1.07339E-01 
2.41709E-03 
6.05043E-03 
1.51787E-02 
3.82455E-02 
9.74457E-02 
2.56065E-01 
---
