PdfType: replica
Format: lhagrid1
---
4.34963E-04 7.77181E-04 7.77181E-04 1.38865E-03 1.38865E-03 2.48120E-03 2.48120E-03 2.48120E-03 4.43334E-03 4.43334E-03 4.43334E-03 4.43334E-03 7.92137E-03 7.92137E-03 7.92137E-03 7.92137E-03 1.41537E-02 1.41537E-02 1.41537E-02 1.41537E-02 1.41537E-02 2.52895E-02 2.52895E-02 2.52895E-02 2.52895E-02 2.52895E-02 4.51866E-02 4.51866E-02 4.51866E-02 4.51866E-02 4.51866E-02 4.51866E-02 8.07383E-02 8.07383E-02 8.07383E-02 8.07383E-02 8.07383E-02 8.07383E-02 8.07383E-02 1.44261E-01 1.44261E-01 1.44261E-01 1.44261E-01 1.44261E-01 1.44261E-01 2.57762E-01 2.57762E-01 2.57762E-01 2.57762E-01 2.57762E-01 2.57762E-01 4.60562E-01 4.60562E-01 4.60562E-01 4.60562E-01 4.60562E-01 4.60562E-01 
1.58489E+00 1.58489E+00 2.51189E+00 1.58489E+00 2.51189E+00 1.58489E+00 2.51189E+00 3.98107E+00 1.58489E+00 2.51189E+00 3.98107E+00 6.30957E+00 1.58489E+00 2.51189E+00 3.98107E+00 6.30957E+00 1.58489E+00 2.51189E+00 3.98107E+00 6.30957E+00 9.99999E+00 1.58489E+00 2.51189E+00 3.98107E+00 6.30957E+00 9.99999E+00 1.58489E+00 2.51189E+00 3.98107E+00 6.30957E+00 9.99999E+00 1.58489E+01 1.58489E+00 2.51189E+00 3.98107E+00 6.30957E+00 9.99999E+00 1.58489E+01 2.51189E+01 2.51189E+00 3.98107E+00 6.30957E+00 9.99999E+00 1.58489E+01 2.51189E+01 3.98107E+00 6.30957E+00 9.99999E+00 1.58489E+01 2.51189E+01 3.98107E+01 6.30957E+00 9.99999E+00 1.58489E+01 2.51189E+01 3.98107E+01 6.30957E+01 
90000 
2.20185E-04 
2.19123E-04 
5.24697E-04 
2.18086E-04 
5.23632E-04 
2.17014E-04 
5.23233E-04 
1.28563E-03 
2.15906E-04 
5.22896E-04 
1.28619E-03 
3.24480E-03 
2.14749E-04 
5.22303E-04 
1.28691E-03 
3.23879E-03 
2.13404E-04 
5.20989E-04 
1.28613E-03 
3.22526E-03 
8.15492E-03 
2.11338E-04 
5.17790E-04 
1.28084E-03 
3.19979E-03 
8.07632E-03 
2.07218E-04 
5.09674E-04 
1.26323E-03 
3.14657E-03 
7.92154E-03 
2.00400E-02 
1.98916E-04 
4.90894E-04 
1.21827E-03 
3.03062E-03 
7.60574E-03 
1.91697E-02 
4.89426E-02 
4.57674E-04 
1.13722E-03 
2.83038E-03 
7.08936E-03 
1.78225E-02 
4.52440E-02 
1.04388E-03 
2.60372E-03 
6.52060E-03 
1.63751E-02 
4.14009E-02 
1.06650E-01 
2.39070E-03 
5.98443E-03 
1.50138E-02 
3.78360E-02 
9.64486E-02 
2.53782E-01 
---
