PdfType: replica
Format: lhagrid1
---
4.34963E-04 7.77181E-04 7.77181E-04 1.38865E-03 1.38865E-03 2.48120E-03 2.48120E-03 2.48120E-03 4.43334E-03 4.43334E-03 4.43334E-03 4.43334E-03 7.92137E-03 7.92137E-03 7.92137E-03 7.92137E-03 1.41537E-02 1.41537E-02 1.41537E-02 1.41537E-02 1.41537E-02 2.52895E-02 2.52895E-02 2.52895E-02 2.52895E-02 2.52895E-02 4.51866E-02 4.51866E-02 4.51866E-02 4.51866E-02 4.51866E-02 4.51866E-02 8.07383E-02 8.07383E-02 8.07383E-02 8.07383E-02 8.07383E-02 8.07383E-02 8.07383E-02 1.44261E-01 1.44261E-01 1.44261E-01 1.44261E-01 1.44261E-01 1.44261E-01 2.57762E-01 2.57762E-01 2.57762E-01 2.57762E-01 2.57762E-01 2.57762E-01 4.60562E-01 4.60562E-01 4.60562E-01 4.60562E-01 4.60562E-01 4.60562E-01 
1.58489E+00 1.58489E+00 2.51189E+00 1.58489E+00 2.51189E+00 1.58489E+00 2.51189E+00 3.98107E+00 1.58489E+00 2.51189E+00 3.98107E+00 6.30957E+00 1.58489E+00 2.51189E+00 3.98107E+00 6.30957E+00 1.58489E+00 2.51189E+00 3.98107E+00 6.30957E+00 9.99999E+00 1.58489E+00 2.51189E+00 3.98107E+00 6.30957E+00 9.99999E+00 1.58489E+00 2.51189E+00 3.98107E+00 6.30957E+00 9.99999E+00 1.58489E+01 1.58489E+00 2.51189E+00 3.98107E+00 6.30957E+00 9.99999E+00 1.58489E+01 2.51189E+01 2.51189E+00 3.98107E+00 6.30957E+00 9.99999E+00 1.58489E+01 2.51189E+01 3.98107E+00 6.30957E+00 9.99999E+00 1.58489E+01 2.51189E+01 3.98107E+01 6.30957E+00 9.99999E+00 1.58489E+01 2.51189E+01 3.98107E+01 6.30957E+01 
90000 
2.19429E-04 
2.18022E-04 
5.22690E-04 
2.16572E-04 
5.20895E-04 
2.15083E-04 
5.19738E-04 
1.27871E-03 
2.13703E-04 
5.18905E-04 
1.27835E-03 
3.22885E-03 
2.12692E-04 
5.18596E-04 
1.27973E-03 
3.22417E-03 
2.12217E-04 
5.18923E-04 
1.28235E-03 
3.21730E-03 
8.13877E-03 
2.11613E-04 
5.18437E-04 
1.28254E-03 
3.20307E-03 
8.08429E-03 
2.08250E-04 
5.11669E-04 
1.26738E-03 
3.15505E-03 
7.93845E-03 
2.00717E-02 
1.98987E-04 
4.90828E-04 
1.21772E-03 
3.02861E-03 
7.59819E-03 
1.91439E-02 
4.88462E-02 
4.56439E-04 
1.13490E-03 
2.82531E-03 
7.07853E-03 
1.77970E-02 
4.51708E-02 
1.04777E-03 
2.61392E-03 
6.54464E-03 
1.64318E-02 
4.15340E-02 
1.06955E-01 
2.39853E-03 
5.99891E-03 
1.50403E-02 
3.78837E-02 
9.65371E-02 
2.53998E-01 
---
