PdfType: replica
Format: lhagrid1
---
4.34963E-04 7.77181E-04 7.77181E-04 1.38865E-03 1.38865E-03 2.48120E-03 2.48120E-03 2.48120E-03 4.43334E-03 4.43334E-03 4.43334E-03 4.43334E-03 7.92137E-03 7.92137E-03 7.92137E-03 7.92137E-03 1.41537E-02 1.41537E-02 1.41537E-02 1.41537E-02 1.41537E-02 2.52895E-02 2.52895E-02 2.52895E-02 2.52895E-02 2.52895E-02 4.51866E-02 4.51866E-02 4.51866E-02 4.51866E-02 4.51866E-02 4.51866E-02 8.07383E-02 8.07383E-02 8.07383E-02 8.07383E-02 8.07383E-02 8.07383E-02 8.07383E-02 1.44261E-01 1.44261E-01 1.44261E-01 1.44261E-01 1.44261E-01 1.44261E-01 2.57762E-01 2.57762E-01 2.57762E-01 2.57762E-01 2.57762E-01 2.57762E-01 4.60562E-01 4.60562E-01 4.60562E-01 4.60562E-01 4.60562E-01 4.60562E-01 
1.58489E+00 1.58489E+00 2.51189E+00 1.58489E+00 2.51189E+00 1.58489E+00 2.51189E+00 3.98107E+00 1.58489E+00 2.51189E+00 3.98107E+00 6.30957E+00 1.58489E+00 2.51189E+00 3.98107E+00 6.30957E+00 1.58489E+00 2.51189E+00 3.98107E+00 6.30957E+00 9.99999E+00 1.58489E+00 2.51189E+00 3.98107E+00 6.30957E+00 9.99999E+00 1.58489E+00 2.51189E+00 3.98107E+00 6.30957E+00 9.99999E+00 1.58489E+01 1.58489E+00 2.51189E+00 3.98107E+00 6.30957E+00 9.99999E+00 1.58489E+01 2.51189E+01 2.51189E+00 3.98107E+00 6.30957E+00 9.99999E+00 1.58489E+01 2.51189E+01 3.98107E+00 6.30957E+00 9.99999E+00 1.58489E+01 2.51189E+01 3.98107E+01 6.30957E+00 9.99999E+00 1.58489E+01 2.51189E+01 3.98107E+01 6.30957E+01 
90000 
2.19934E-04 
2.18789E-04 
5.24109E-04 
2.17658E-04 
5.22858E-04 
2.16491E-04 
5.22286E-04 
1.28366E-03 
2.15331E-04 
5.21879E-04 
1.28416E-03 
3.24051E-03 
2.14267E-04 
5.21528E-04 
1.28549E-03 
3.23616E-03 
2.13348E-04 
5.21115E-04 
1.28672E-03 
3.22708E-03 
8.15857E-03 
2.12189E-04 
5.19696E-04 
1.28524E-03 
3.20966E-03 
8.09923E-03 
2.09034E-04 
5.13377E-04 
1.27134E-03 
3.16412E-03 
7.96174E-03 
2.01302E-02 
2.00566E-04 
4.94181E-04 
1.22532E-03 
3.04559E-03 
7.63886E-03 
1.92422E-02 
4.90916E-02 
4.58593E-04 
1.13934E-03 
2.83531E-03 
7.09994E-03 
1.78446E-02 
4.52827E-02 
1.04793E-03 
2.61466E-03 
6.54767E-03 
1.64417E-02 
4.15607E-02 
1.07003E-01 
2.40631E-03 
6.02019E-03 
1.50964E-02 
3.80267E-02 
9.68834E-02 
2.54725E-01 
---
