PdfType: replica
Format: lhagrid1
---
4.34963E-04 7.77181E-04 7.77181E-04 1.38865E-03 1.38865E-03 2.48120E-03 2.48120E-03 2.48120E-03 4.43334E-03 4.43334E-03 4.43334E-03 4.43334E-03 7.92137E-03 7.92137E-03 7.92137E-03 7.92137E-03 1.41537E-02 1.41537E-02 1.41537E-02 1.41537E-02 1.41537E-02 2.52895E-02 2.52895E-02 2.52895E-02 2.52895E-02 2.52895E-02 4.51866E-02 4.51866E-02 4.51866E-02 4.51866E-02 4.51866E-02 4.51866E-02 8.07383E-02 8.07383E-02 8.07383E-02 8.07383E-02 8.07383E-02 8.07383E-02 8.07383E-02 1.44261E-01 1.44261E-01 1.44261E-01 1.44261E-01 1.44261E-01 1.44261E-01 2.57762E-01 2.57762E-01 2.57762E-01 2.57762E-01 2.57762E-01 2.57762E-01 4.60562E-01 4.60562E-01 4.60562E-01 4.60562E-01 4.60562E-01 4.60562E-01 
1.58489E+00 1.58489E+00 2.51189E+00 1.58489E+00 2.51189E+00 1.58489E+00 2.51189E+00 3.98107E+00 1.58489E+00 2.51189E+00 3.98107E+00 6.30957E+00 1.58489E+00 2.51189E+00 3.98107E+00 6.30957E+00 1.58489E+00 2.51189E+00 3.98107E+00 6.30957E+00 9.99999E+00 1.58489E+00 2.51189E+00 3.98107E+00 6.30957E+00 9.99999E+00 1.58489E+00 2.51189E+00 3.98107E+00 6.30957E+00 9.99999E+00 1.58489E+01 1.58489E+00 2.51189E+00 3.98107E+00 6.30957E+00 9.99999E+00 1.58489E+01 2.51189E+01 2.51189E+00 3.98107E+00 6.30957E+00 9.99999E+00 1.58489E+01 2.51189E+01 3.98107E+00 6.30957E+00 9.99999E+00 1.58489E+01 2.51189E+01 3.98107E+01 6.30957E+00 9.99999E+00 1.58489E+01 2.51189E+01 3.98107E+01 6.30957E+01 
90000 
2.19448E-04 
2.18293E-04 
5.23162E-04 
2.17151E-04 
5.21864E-04 
2.15947E-04 
5.21160E-04 
1.28137E-03 
2.14665E-04 
5.20444E-04 
1.28112E-03 
3.23364E-03 
2.13287E-04 
5.19427E-04 
1.28094E-03 
3.22599E-03 
2.11744E-04 
5.17804E-04 
1.27958E-03 
3.21132E-03 
8.12273E-03 
2.09770E-04 
5.14878E-04 
1.27495E-03 
3.18719E-03 
8.04802E-03 
2.06422E-04 
5.08270E-04 
1.26057E-03 
3.14054E-03 
7.90891E-03 
2.00097E-02 
1.99242E-04 
4.91619E-04 
1.21999E-03 
3.03385E-03 
7.61300E-03 
1.91846E-02 
4.89662E-02 
4.58098E-04 
1.13768E-03 
2.83095E-03 
7.08730E-03 
1.78105E-02 
4.51975E-02 
1.04199E-03 
2.59977E-03 
6.51117E-03 
1.63526E-02 
4.13433E-02 
1.06476E-01 
2.38332E-03 
5.96366E-03 
1.49565E-02 
3.76802E-02 
9.60317E-02 
2.52694E-01 
---
