PdfType: replica
Format: lhagrid1
---
4.34963E-04 7.77181E-04 7.77181E-04 1.38865E-03 1.38865E-03 2.48120E-03 2.48120E-03 2.48120E-03 4.43334E-03 4.43334E-03 4.43334E-03 4.43334E-03 7.92137E-03 7.92137E-03 7.92137E-03 7.92137E-03 1.41537E-02 1.41537E-02 1.41537E-02 1.41537E-02 1.41537E-02 2.52895E-02 2.52895E-02 2.52895E-02 2.52895E-02 2.52895E-02 4.51866E-02 4.51866E-02 4.51866E-02 4.51866E-02 4.51866E-02 4.51866E-02 8.07383E-02 8.07383E-02 8.07383E-02 8.07383E-02 8.07383E-02 8.07383E-02 8.07383E-02 1.44261E-01 1.44261E-01 1.44261E-01 1.44261E-01 1.44261E-01 1.44261E-01 2.57762E-01 2.57762E-01 2.57762E-01 2.57762E-01 2.57762E-01 2.57762E-01 4.60562E-01 4.60562E-01 4.60562E-01 4.60562E-01 4.60562E-01 4.60562E-01 
1.58489E+00 1.58489E+00 2.51189E+00 1.58489E+00 2.51189E+00 1.58489E+00 2.51189E+00 3.98107E+00 1.58489E+00 2.51189E+00 3.98107E+00 6.30957E+00 1.58489E+00 2.51189E+00 3.98107E+00 6.30957E+00 1.58489E+00 2.51189E+00 3.98107E+00 6.30957E+00 9.99999E+00 1.58489E+00 2.51189E+00 3.98107E+00 6.30957E+00 9.99999E+00 1.58489E+00 2.51189E+00 3.98107E+00 6.30957E+00 9.99999E+00 1.58489E+01 1.58489E+00 2.51189E+00 3.98107E+00 6.30957E+00 9.99999E+00 1.58489E+01 2.51189E+01 2.51189E+00 3.98107E+00 6.30957E+00 9.99999E+00 1.58489E+01 2.51189E+01 3.98107E+00 6.30957E+00 9.99999E+00 1.58489E+01 2.51189E+01 3.98107E+01 6.30957E+00 9.99999E+00 1.58489E+01 2.51189E+01 3.98107E+01 6.30957E+01 
90000 
2.20069E-04 
2.18775E-04 
5.24031E-04 
2.17354E-04 
5.22221E-04 
2.15691E-04 
5.20655E-04 
1.28007E-03 
2.13765E-04 
5.18703E-04 
1.27736E-03 
3.22512E-03 
2.11684E-04 
5.16341E-04 
1.27454E-03 
3.21238E-03 
2.09813E-04 
5.14174E-04 
1.27223E-03 
3.19614E-03 
8.08998E-03 
2.08611E-04 
5.12739E-04 
1.27057E-03 
3.17813E-03 
8.02896E-03 
2.06468E-04 
5.07758E-04 
1.25825E-03 
3.13375E-03 
7.88969E-03 
1.99612E-02 
1.97358E-04 
4.86319E-04 
1.20611E-03 
2.99917E-03 
7.52717E-03 
1.89741E-02 
4.84559E-02 
4.49279E-04 
1.11825E-03 
2.78649E-03 
6.98727E-03 
1.75826E-02 
4.46751E-02 
1.03866E-03 
2.59318E-03 
6.49866E-03 
1.63293E-02 
4.13054E-02 
1.06454E-01 
2.40771E-03 
6.03042E-03 
1.51355E-02 
3.81525E-02 
9.72555E-02 
2.55754E-01 
---
