PdfType: replica
Format: lhagrid1
---
4.34963E-04 7.77181E-04 7.77181E-04 1.38865E-03 1.38865E-03 2.48120E-03 2.48120E-03 2.48120E-03 4.43334E-03 4.43334E-03 4.43334E-03 4.43334E-03 7.92137E-03 7.92137E-03 7.92137E-03 7.92137E-03 1.41537E-02 1.41537E-02 1.41537E-02 1.41537E-02 1.41537E-02 2.52895E-02 2.52895E-02 2.52895E-02 2.52895E-02 2.52895E-02 4.51866E-02 4.51866E-02 4.51866E-02 4.51866E-02 4.51866E-02 4.51866E-02 8.07383E-02 8.07383E-02 8.07383E-02 8.07383E-02 8.07383E-02 8.07383E-02 8.07383E-02 1.44261E-01 1.44261E-01 1.44261E-01 1.44261E-01 1.44261E-01 1.44261E-01 2.57762E-01 2.57762E-01 2.57762E-01 2.57762E-01 2.57762E-01 2.57762E-01 4.60562E-01 4.60562E-01 4.60562E-01 4.60562E-01 4.60562E-01 4.60562E-01 
1.58489E+00 1.58489E+00 2.51189E+00 1.58489E+00 2.51189E+00 1.58489E+00 2.51189E+00 3.98107E+00 1.58489E+00 2.51189E+00 3.98107E+00 6.30957E+00 1.58489E+00 2.51189E+00 3.98107E+00 6.30957E+00 1.58489E+00 2.51189E+00 3.98107E+00 6.30957E+00 9.99999E+00 1.58489E+00 2.51189E+00 3.98107E+00 6.30957E+00 9.99999E+00 1.58489E+00 2.51189E+00 3.98107E+00 6.30957E+00 9.99999E+00 1.58489E+01 1.58489E+00 2.51189E+00 3.98107E+00 6.30957E+00 9.99999E+00 1.58489E+01 2.51189E+01 2.51189E+00 3.98107E+00 6.30957E+00 9.99999E+00 1.58489E+01 2.51189E+01 3.98107E+00 6.30957E+00 9.99999E+00 1.58489E+01 2.51189E+01 3.98107E+01 6.30957E+00 9.99999E+00 1.58489E+01 2.51189E+01 3.98107E+01 6.30957E+01 
90000 
2.20730E-04 
2.19620E-04 
5.25548E-04 
2.18485E-04 
5.24328E-04 
2.17286E-04 
5.23758E-04 
1.28660E-03 
2.16106E-04 
5.23388E-04 
1.28726E-03 
3.24765E-03 
2.15132E-04 
5.23267E-04 
1.28917E-03 
3.24461E-03 
2.14531E-04 
5.23489E-04 
1.29179E-03 
3.23858E-03 
8.18662E-03 
2.13877E-04 
5.23008E-04 
1.29223E-03 
3.22532E-03 
8.13597E-03 
2.10823E-04 
5.16803E-04 
1.27836E-03 
3.17955E-03 
7.99635E-03 
2.02127E-02 
2.01381E-04 
4.95475E-04 
1.22742E-03 
3.04922E-03 
7.64525E-03 
1.92544E-02 
4.91229E-02 
4.57096E-04 
1.13546E-03 
2.82504E-03 
7.07495E-03 
1.77837E-02 
4.51375E-02 
1.04277E-03 
2.60176E-03 
6.51536E-03 
1.63612E-02 
4.13643E-02 
1.06553E-01 
2.39431E-03 
5.99020E-03 
1.50218E-02 
3.78426E-02 
9.64357E-02 
2.53684E-01 
---
