PdfType: replica
Format: lhagrid1
---
4.34963E-04 7.77181E-04 7.77181E-04 1.38865E-03 1.38865E-03 2.48120E-03 2.48120E-03 2.48120E-03 4.43334E-03 4.43334E-03 4.43334E-03 4.43334E-03 7.92137E-03 7.92137E-03 7.92137E-03 7.92137E-03 1.41537E-02 1.41537E-02 1.41537E-02 1.41537E-02 1.41537E-02 2.52895E-02 2.52895E-02 2.52895E-02 2.52895E-02 2.52895E-02 4.51866E-02 4.51866E-02 4.51866E-02 4.51866E-02 4.51866E-02 4.51866E-02 8.07383E-02 8.07383E-02 8.07383E-02 8.07383E-02 8.07383E-02 8.07383E-02 8.07383E-02 1.44261E-01 1.44261E-01 1.44261E-01 1.44261E-01 1.44261E-01 1.44261E-01 2.57762E-01 2.57762E-01 2.57762E-01 2.57762E-01 2.57762E-01 2.57762E-01 4.60562E-01 4.60562E-01 4.60562E-01 4.60562E-01 4.60562E-01 4.60562E-01 
1.58489E+00 1.58489E+00 2.51189E+00 1.58489E+00 2.51189E+00 1.58489E+00 2.51189E+00 3.98107E+00 1.58489E+00 2.51189E+00 3.98107E+00 6.30957E+00 1.58489E+00 2.51189E+00 3.98107E+00 6.30957E+00 1.58489E+00 2.51189E+00 3.98107E+00 6.30957E+00 9.99999E+00 1.58489E+00 2.51189E+00 3.98107E+00 6.30957E+00 9.99999E+00 1.58489E+00 2.51189E+00 3.98107E+00 6.30957E+00 9.99999E+00 1.58489E+01 1.58489E+00 2.51189E+00 3.98107E+00 6.30957E+00 9.99999E+00 1.58489E+01 2.51189E+01 2.51189E+00 3.98107E+00 6.30957E+00 9.99999E+00 1.58489E+01 2.51189E+01 3.98107E+00 6.30957E+00 9.99999E+00 1.58489E+01 2.51189E+01 3.98107E+01 6.30957E+00 9.99999E+00 1.58489E+01 2.51189E+01 3.98107E+01 6.30957E+01 
90000 
2.19520E-04 
2.18235E-04 
5.23400E-04 
2.17007E-04 
5.22031E-04 
2.15858E-04 
5.21525E-04 
1.28261E-03 
2.14909E-04 
5.21533E-04 
1.28400E-03 
3.24065E-03 
2.14330E-04 
5.22089E-04 
1.28719E-03 
3.24024E-03 
2.14187E-04 
5.23091E-04 
1.29126E-03 
3.23711E-03 
8.18144E-03 
2.13846E-04 
5.23037E-04 
1.29232E-03 
3.22486E-03 
8.13248E-03 
2.10497E-04 
5.16021E-04 
1.27647E-03 
3.17458E-03 
7.98258E-03 
2.01715E-02 
2.00253E-04 
4.93387E-04 
1.22335E-03 
3.04097E-03 
7.62702E-03 
1.92115E-02 
4.90063E-02 
4.58855E-04 
1.14018E-03 
2.83731E-03 
7.10461E-03 
1.78550E-02 
4.53077E-02 
1.04443E-03 
2.60308E-03 
6.51358E-03 
1.63477E-02 
4.13146E-02 
1.06405E-01 
2.37616E-03 
5.95868E-03 
1.49736E-02 
3.77901E-02 
9.64534E-02 
2.54007E-01 
---
