PdfType: replica
Format: lhagrid1
---
4.34963E-04 7.77181E-04 7.77181E-04 1.38865E-03 1.38865E-03 2.48120E-03 2.48120E-03 2.48120E-03 4.43334E-03 4.43334E-03 4.43334E-03 4.43334E-03 7.92137E-03 7.92137E-03 7.92137E-03 7.92137E-03 1.41537E-02 1.41537E-02 1.41537E-02 1.41537E-02 1.41537E-02 2.52895E-02 2.52895E-02 2.52895E-02 2.52895E-02 2.52895E-02 4.51866E-02 4.51866E-02 4.51866E-02 4.51866E-02 4.51866E-02 4.51866E-02 8.07383E-02 8.07383E-02 8.07383E-02 8.07383E-02 8.07383E-02 8.07383E-02 8.07383E-02 1.44261E-01 1.44261E-01 1.44261E-01 1.44261E-01 1.44261E-01 1.44261E-01 2.57762E-01 2.57762E-01 2.57762E-01 2.57762E-01 2.57762E-01 2.57762E-01 4.60562E-01 4.60562E-01 4.60562E-01 4.60562E-01 4.60562E-01 4.60562E-01 
1.58489E+00 1.58489E+00 2.51189E+00 1.58489E+00 2.51189E+00 1.58489E+00 2.51189E+00 3.98107E+00 1.58489E+00 2.51189E+00 3.98107E+00 6.30957E+00 1.58489E+00 2.51189E+00 3.98107E+00 6.30957E+00 1.58489E+00 2.51189E+00 3.98107E+00 6.30957E+00 9.99999E+00 1.58489E+00 2.51189E+00 3.98107E+00 6.30957E+00 9.99999E+00 1.58489E+00 2.51189E+00 3.98107E+00 6.30957E+00 9.99999E+00 1.58489E+01 1.58489E+00 2.51189E+00 3.98107E+00 6.30957E+00 9.99999E+00 1.58489E+01 2.51189E+01 2.51189E+00 3.98107E+00 6.30957E+00 9.99999E+00 1.58489E+01 2.51189E+01 3.98107E+00 6.30957E+00 9.99999E+00 1.58489E+01 2.51189E+01 3.98107E+01 6.30957E+00 9.99999E+00 1.58489E+01 2.51189E+01 3.98107E+01 6.30957E+01 
90000 
2.20510E-04 
2.19318E-04 
5.25149E-04 
2.18071E-04 
5.23713E-04 
2.16726E-04 
5.22846E-04 
1.28476E-03 
2.15377E-04 
5.22123E-04 
1.28474E-03 
3.24174E-03 
2.14259E-04 
5.21716E-04 
1.28610E-03 
3.23790E-03 
2.13685E-04 
5.22018E-04 
1.28894E-03 
3.23264E-03 
8.17254E-03 
2.13387E-04 
5.22189E-04 
1.29057E-03 
3.22193E-03 
8.12742E-03 
2.10549E-04 
5.15993E-04 
1.27598E-03 
3.17346E-03 
7.97968E-03 
2.01688E-02 
1.99946E-04 
4.91879E-04 
1.21862E-03 
3.02787E-03 
7.59442E-03 
1.91331E-02 
4.88318E-02 
4.52943E-04 
1.12695E-03 
2.80662E-03 
7.03609E-03 
1.77009E-02 
4.49616E-02 
1.04634E-03 
2.61257E-03 
6.54539E-03 
1.64431E-02 
4.15847E-02 
1.07144E-01 
2.43558E-03 
6.09961E-03 
1.53075E-02 
3.85799E-02 
9.83068E-02 
2.58256E-01 
---
