PdfType: replica
Format: lhagrid1
---
4.34963E-04 7.77181E-04 7.77181E-04 1.38865E-03 1.38865E-03 2.48120E-03 2.48120E-03 2.48120E-03 4.43334E-03 4.43334E-03 4.43334E-03 4.43334E-03 7.92137E-03 7.92137E-03 7.92137E-03 7.92137E-03 1.41537E-02 1.41537E-02 1.41537E-02 1.41537E-02 1.41537E-02 2.52895E-02 2.52895E-02 2.52895E-02 2.52895E-02 2.52895E-02 4.51866E-02 4.51866E-02 4.51866E-02 4.51866E-02 4.51866E-02 4.51866E-02 8.07383E-02 8.07383E-02 8.07383E-02 8.07383E-02 8.07383E-02 8.07383E-02 8.07383E-02 1.44261E-01 1.44261E-01 1.44261E-01 1.44261E-01 1.44261E-01 1.44261E-01 2.57762E-01 2.57762E-01 2.57762E-01 2.57762E-01 2.57762E-01 2.57762E-01 4.60562E-01 4.60562E-01 4.60562E-01 4.60562E-01 4.60562E-01 4.60562E-01 
1.58489E+00 1.58489E+00 2.51189E+00 1.58489E+00 2.51189E+00 1.58489E+00 2.51189E+00 3.98107E+00 1.58489E+00 2.51189E+00 3.98107E+00 6.30957E+00 1.58489E+00 2.51189E+00 3.98107E+00 6.30957E+00 1.58489E+00 2.51189E+00 3.98107E+00 6.30957E+00 9.99999E+00 1.58489E+00 2.51189E+00 3.98107E+00 6.30957E+00 9.99999E+00 1.58489E+00 2.51189E+00 3.98107E+00 6.30957E+00 9.99999E+00 1.58489E+01 1.58489E+00 2.51189E+00 3.98107E+00 6.30957E+00 9.99999E+00 1.58489E+01 2.51189E+01 2.51189E+00 3.98107E+00 6.30957E+00 9.99999E+00 1.58489E+01 2.51189E+01 3.98107E+00 6.30957E+00 9.99999E+00 1.58489E+01 2.51189E+01 3.98107E+01 6.30957E+00 9.99999E+00 1.58489E+01 2.51189E+01 3.98107E+01 6.30957E+01 
90000 
2.19923E-04 
2.18642E-04 
5.23818E-04 
2.17339E-04 
5.22274E-04 
2.15981E-04 
5.21344E-04 
1.28185E-03 
2.14635E-04 
5.20574E-04 
1.28162E-03 
3.23511E-03 
2.13448E-04 
5.20005E-04 
1.28256E-03 
3.23003E-03 
2.12621E-04 
5.19877E-04 
1.28450E-03 
3.22267E-03 
8.15095E-03 
2.12014E-04 
5.19581E-04 
1.28525E-03 
3.21003E-03 
8.10070E-03 
2.09308E-04 
5.13670E-04 
1.27129E-03 
3.16301E-03 
7.95607E-03 
2.01146E-02 
1.99340E-04 
4.90845E-04 
1.21666E-03 
3.02396E-03 
7.58512E-03 
1.91113E-02 
4.87861E-02 
4.53341E-04 
1.12731E-03 
2.80720E-03 
7.03469E-03 
1.76935E-02 
4.49428E-02 
1.04067E-03 
2.59822E-03 
6.51088E-03 
1.63606E-02 
4.13905E-02 
1.06704E-01 
2.42976E-03 
6.09486E-03 
1.53170E-02 
3.86515E-02 
9.85970E-02 
2.59242E-01 
---
