PdfType: replica
Format: lhagrid1
---
4.34963E-04 7.77181E-04 7.77181E-04 1.38865E-03 1.38865E-03 2.48120E-03 2.48120E-03 2.48120E-03 4.43334E-03 4.43334E-03 4.43334E-03 4.43334E-03 7.92137E-03 7.92137E-03 7.92137E-03 7.92137E-03 1.41537E-02 1.41537E-02 1.41537E-02 1.41537E-02 1.41537E-02 2.52895E-02 2.52895E-02 2.52895E-02 2.52895E-02 2.52895E-02 4.51866E-02 4.51866E-02 4.51866E-02 4.51866E-02 4.51866E-02 4.51866E-02 8.07383E-02 8.07383E-02 8.07383E-02 8.07383E-02 8.07383E-02 8.07383E-02 8.07383E-02 1.44261E-01 1.44261E-01 1.44261E-01 1.44261E-01 1.44261E-01 1.44261E-01 2.57762E-01 2.57762E-01 2.57762E-01 2.57762E-01 2.57762E-01 2.57762E-01 4.60562E-01 4.60562E-01 4.60562E-01 4.60562E-01 4.60562E-01 4.60562E-01 
1.58489E+00 1.58489E+00 2.51189E+00 1.58489E+00 2.51189E+00 1.58489E+00 2.51189E+00 3.98107E+00 1.58489E+00 2.51189E+00 3.98107E+00 6.30957E+00 1.58489E+00 2.51189E+00 3.98107E+00 6.30957E+00 1.58489E+00 2.51189E+00 3.98107E+00 6.30957E+00 9.99999E+00 1.58489E+00 2.51189E+00 3.98107E+00 6.30957E+00 9.99999E+00 1.58489E+00 2.51189E+00 3.98107E+00 6.30957E+00 9.99999E+00 1.58489E+01 1.58489E+00 2.51189E+00 3.98107E+00 6.30957E+00 9.99999E+00 1.58489E+01 2.51189E+01 2.51189E+00 3.98107E+00 6.30957E+00 9.99999E+00 1.58489E+01 2.51189E+01 3.98107E+00 6.30957E+00 9.99999E+00 1.58489E+01 2.51189E+01 3.98107E+01 6.30957E+00 9.99999E+00 1.58489E+01 2.51189E+01 3.98107E+01 6.30957E+01 
90000 
2.19826E-04 
2.18460E-04 
5.23670E-04 
2.17003E-04 
5.21838E-04 
2.15428E-04 
5.20499E-04 
1.28013E-03 
2.13860E-04 
5.19293E-04 
1.27905E-03 
3.22956E-03 
2.12578E-04 
5.18474E-04 
1.27947E-03 
3.22349E-03 
2.11900E-04 
5.18491E-04 
1.28163E-03 
3.21642E-03 
8.13571E-03 
2.11539E-04 
5.18599E-04 
1.28325E-03 
3.20580E-03 
8.09149E-03 
2.09050E-04 
5.13463E-04 
1.27145E-03 
3.16455E-03 
7.96180E-03 
2.01300E-02 
2.00171E-04 
4.93137E-04 
1.22267E-03 
3.03880E-03 
7.62276E-03 
1.92044E-02 
4.90047E-02 
4.57270E-04 
1.13691E-03 
2.82982E-03 
7.08937E-03 
1.78238E-02 
4.52432E-02 
1.05108E-03 
2.62350E-03 
6.56942E-03 
1.64963E-02 
4.17008E-02 
1.07376E-01 
2.43188E-03 
6.08528E-03 
1.52615E-02 
3.84434E-02 
9.79239E-02 
2.57245E-01 
---
