PdfType: replica
Format: lhagrid1
---
4.34963E-04 7.77181E-04 7.77181E-04 1.38865E-03 1.38865E-03 2.48120E-03 2.48120E-03 2.48120E-03 4.43334E-03 4.43334E-03 4.43334E-03 4.43334E-03 7.92137E-03 7.92137E-03 7.92137E-03 7.92137E-03 1.41537E-02 1.41537E-02 1.41537E-02 1.41537E-02 1.41537E-02 2.52895E-02 2.52895E-02 2.52895E-02 2.52895E-02 2.52895E-02 4.51866E-02 4.51866E-02 4.51866E-02 4.51866E-02 4.51866E-02 4.51866E-02 8.07383E-02 8.07383E-02 8.07383E-02 8.07383E-02 8.07383E-02 8.07383E-02 8.07383E-02 1.44261E-01 1.44261E-01 1.44261E-01 1.44261E-01 1.44261E-01 1.44261E-01 2.57762E-01 2.57762E-01 2.57762E-01 2.57762E-01 2.57762E-01 2.57762E-01 4.60562E-01 4.60562E-01 4.60562E-01 4.60562E-01 4.60562E-01 4.60562E-01 
1.58489E+00 1.58489E+00 2.51189E+00 1.58489E+00 2.51189E+00 1.58489E+00 2.51189E+00 3.98107E+00 1.58489E+00 2.51189E+00 3.98107E+00 6.30957E+00 1.58489E+00 2.51189E+00 3.98107E+00 6.30957E+00 1.58489E+00 2.51189E+00 3.98107E+00 6.30957E+00 9.99999E+00 1.58489E+00 2.51189E+00 3.98107E+00 6.30957E+00 9.99999E+00 1.58489E+00 2.51189E+00 3.98107E+00 6.30957E+00 9.99999E+00 1.58489E+01 1.58489E+00 2.51189E+00 3.98107E+00 6.30957E+00 9.99999E+00 1.58489E+01 2.51189E+01 2.51189E+00 3.98107E+00 6.30957E+00 9.99999E+00 1.58489E+01 2.51189E+01 3.98107E+00 6.30957E+00 9.99999E+00 1.58489E+01 2.51189E+01 3.98107E+01 6.30957E+00 9.99999E+00 1.58489E+01 2.51189E+01 3.98107E+01 6.30957E+01 
90000 
2.20398E-04 
2.19209E-04 
5.24725E-04 
2.17992E-04 
5.23405E-04 
2.16753E-04 
5.22808E-04 
1.28473E-03 
2.15671E-04 
5.22674E-04 
1.28600E-03 
3.24477E-03 
2.15066E-04 
5.23320E-04 
1.28960E-03 
3.24549E-03 
2.15181E-04 
5.24952E-04 
1.29519E-03 
3.24584E-03 
8.20321E-03 
2.15205E-04 
5.25720E-04 
1.29808E-03 
3.23787E-03 
8.16340E-03 
2.11742E-04 
5.18567E-04 
1.28188E-03 
3.18694E-03 
8.01098E-03 
2.02430E-02 
2.00905E-04 
4.94476E-04 
1.22532E-03 
3.04449E-03 
7.63498E-03 
1.92318E-02 
4.90709E-02 
4.57489E-04 
1.13745E-03 
2.83114E-03 
7.09261E-03 
1.78318E-02 
4.52637E-02 
1.05040E-03 
2.62100E-03 
6.56200E-03 
1.64755E-02 
4.16450E-02 
1.07236E-01 
2.42099E-03 
6.05844E-03 
1.51953E-02 
3.82803E-02 
9.75192E-02 
2.56222E-01 
---
