PdfType: replica
Format: lhagrid1
---
4.34963E-04 7.77181E-04 7.77181E-04 1.38865E-03 1.38865E-03 2.48120E-03 2.48120E-03 2.48120E-03 4.43334E-03 4.43334E-03 4.43334E-03 4.43334E-03 7.92137E-03 7.92137E-03 7.92137E-03 7.92137E-03 1.41537E-02 1.41537E-02 1.41537E-02 1.41537E-02 1.41537E-02 2.52895E-02 2.52895E-02 2.52895E-02 2.52895E-02 2.52895E-02 4.51866E-02 4.51866E-02 4.51866E-02 4.51866E-02 4.51866E-02 4.51866E-02 8.07383E-02 8.07383E-02 8.07383E-02 8.07383E-02 8.07383E-02 8.07383E-02 8.07383E-02 1.44261E-01 1.44261E-01 1.44261E-01 1.44261E-01 1.44261E-01 1.44261E-01 2.57762E-01 2.57762E-01 2.57762E-01 2.57762E-01 2.57762E-01 2.57762E-01 4.60562E-01 4.60562E-01 4.60562E-01 4.60562E-01 4.60562E-01 4.60562E-01 
1.58489E+00 1.58489E+00 2.51189E+00 1.58489E+00 2.51189E+00 1.58489E+00 2.51189E+00 3.98107E+00 1.58489E+00 2.51189E+00 3.98107E+00 6.30957E+00 1.58489E+00 2.51189E+00 3.98107E+00 6.30957E+00 1.58489E+00 2.51189E+00 3.98107E+00 6.30957E+00 9.99999E+00 1.58489E+00 2.51189E+00 3.98107E+00 6.30957E+00 9.99999E+00 1.58489E+00 2.51189E+00 3.98107E+00 6.30957E+00 9.99999E+00 1.58489E+01 1.58489E+00 2.51189E+00 3.98107E+00 6.30957E+00 9.99999E+00 1.58489E+01 2.51189E+01 2.51189E+00 3.98107E+00 6.30957E+00 9.99999E+00 1.58489E+01 2.51189E+01 3.98107E+00 6.30957E+00 9.99999E+00 1.58489E+01 2.51189E+01 3.98107E+01 6.30957E+00 9.99999E+00 1.58489E+01 2.51189E+01 3.98107E+01 6.30957E+01 
90000 
2.19887E-04 
2.18661E-04 
5.23926E-04 
2.17358E-04 
5.22299E-04 
2.15851E-04 
5.20995E-04 
1.28090E-03 
2.14079E-04 
5.19317E-04 
1.27869E-03 
3.22768E-03 
2.12081E-04 
5.17131E-04 
1.27623E-03 
3.21561E-03 
2.10162E-04 
5.14948E-04 
1.27396E-03 
3.19980E-03 
8.09710E-03 
2.08834E-04 
5.13384E-04 
1.27214E-03 
3.18203E-03 
8.03648E-03 
2.06636E-04 
5.08299E-04 
1.25959E-03 
3.13741E-03 
7.89711E-03 
1.99725E-02 
1.97521E-04 
4.86793E-04 
1.20734E-03 
3.00252E-03 
7.53536E-03 
1.89911E-02 
4.84683E-02 
4.50397E-04 
1.12080E-03 
2.79235E-03 
7.00117E-03 
1.76142E-02 
4.47364E-02 
1.03707E-03 
2.58892E-03 
6.48842E-03 
1.63046E-02 
4.12426E-02 
1.06264E-01 
2.41925E-03 
6.06954E-03 
1.52542E-02 
3.84914E-02 
9.81735E-02 
2.58035E-01 
---
