PdfType: replica
Format: lhagrid1
---
4.34963E-04 7.77181E-04 7.77181E-04 1.38865E-03 1.38865E-03 2.48120E-03 2.48120E-03 2.48120E-03 4.43334E-03 4.43334E-03 4.43334E-03 4.43334E-03 7.92137E-03 7.92137E-03 7.92137E-03 7.92137E-03 1.41537E-02 1.41537E-02 1.41537E-02 1.41537E-02 1.41537E-02 2.52895E-02 2.52895E-02 2.52895E-02 2.52895E-02 2.52895E-02 4.51866E-02 4.51866E-02 4.51866E-02 4.51866E-02 4.51866E-02 4.51866E-02 8.07383E-02 8.07383E-02 8.07383E-02 8.07383E-02 8.07383E-02 8.07383E-02 8.07383E-02 1.44261E-01 1.44261E-01 1.44261E-01 1.44261E-01 1.44261E-01 1.44261E-01 2.57762E-01 2.57762E-01 2.57762E-01 2.57762E-01 2.57762E-01 2.57762E-01 4.60562E-01 4.60562E-01 4.60562E-01 4.60562E-01 4.60562E-01 4.60562E-01 
1.58489E+00 1.58489E+00 2.51189E+00 1.58489E+00 2.51189E+00 1.58489E+00 2.51189E+00 3.98107E+00 1.58489E+00 2.51189E+00 3.98107E+00 6.30957E+00 1.58489E+00 2.51189E+00 3.98107E+00 6.30957E+00 1.58489E+00 2.51189E+00 3.98107E+00 6.30957E+00 9.99999E+00 1.58489E+00 2.51189E+00 3.98107E+00 6.30957E+00 9.99999E+00 1.58489E+00 2.51189E+00 3.98107E+00 6.30957E+00 9.99999E+00 1.58489E+01 1.58489E+00 2.51189E+00 3.98107E+00 6.30957E+00 9.99999E+00 1.58489E+01 2.51189E+01 2.51189E+00 3.98107E+00 6.30957E+00 9.99999E+00 1.58489E+01 2.51189E+01 3.98107E+00 6.30957E+00 9.99999E+00 1.58489E+01 2.51189E+01 3.98107E+01 6.30957E+00 9.99999E+00 1.58489E+01 2.51189E+01 3.98107E+01 6.30957E+01 
90000 
2.19899E-04 
2.18642E-04 
5.23733E-04 
2.17306E-04 
5.22098E-04 
2.15800E-04 
5.20868E-04 
1.28071E-03 
2.14135E-04 
5.19473E-04 
1.27918E-03 
3.22942E-03 
2.12427E-04 
5.17887E-04 
1.27800E-03 
3.21989E-03 
2.10907E-04 
5.16426E-04 
1.27718E-03 
3.20683E-03 
8.11509E-03 
2.09645E-04 
5.14990E-04 
1.27574E-03 
3.19004E-03 
8.05674E-03 
2.07243E-04 
5.10026E-04 
1.26435E-03 
3.14954E-03 
7.92927E-03 
2.00600E-02 
1.99485E-04 
4.91768E-04 
1.21978E-03 
3.03280E-03 
7.61011E-03 
1.91783E-02 
4.89565E-02 
4.56412E-04 
1.13506E-03 
2.82628E-03 
7.08271E-03 
1.78125E-02 
4.52283E-02 
1.05266E-03 
2.62854E-03 
6.58577E-03 
1.65442E-02 
4.18339E-02 
1.07729E-01 
2.44947E-03 
6.13202E-03 
1.53835E-02 
3.87576E-02 
9.87152E-02 
2.59131E-01 
---
