PdfType: replica
Format: lhagrid1
---
4.34963E-04 7.77181E-04 7.77181E-04 1.38865E-03 1.38865E-03 2.48120E-03 2.48120E-03 2.48120E-03 4.43334E-03 4.43334E-03 4.43334E-03 4.43334E-03 7.92137E-03 7.92137E-03 7.92137E-03 7.92137E-03 1.41537E-02 1.41537E-02 1.41537E-02 1.41537E-02 1.41537E-02 2.52895E-02 2.52895E-02 2.52895E-02 2.52895E-02 2.52895E-02 4.51866E-02 4.51866E-02 4.51866E-02 4.51866E-02 4.51866E-02 4.51866E-02 8.07383E-02 8.07383E-02 8.07383E-02 8.07383E-02 8.07383E-02 8.07383E-02 8.07383E-02 1.44261E-01 1.44261E-01 1.44261E-01 1.44261E-01 1.44261E-01 1.44261E-01 2.57762E-01 2.57762E-01 2.57762E-01 2.57762E-01 2.57762E-01 2.57762E-01 4.60562E-01 4.60562E-01 4.60562E-01 4.60562E-01 4.60562E-01 4.60562E-01 
1.58489E+00 1.58489E+00 2.51189E+00 1.58489E+00 2.51189E+00 1.58489E+00 2.51189E+00 3.98107E+00 1.58489E+00 2.51189E+00 3.98107E+00 6.30957E+00 1.58489E+00 2.51189E+00 3.98107E+00 6.30957E+00 1.58489E+00 2.51189E+00 3.98107E+00 6.30957E+00 9.99999E+00 1.58489E+00 2.51189E+00 3.98107E+00 6.30957E+00 9.99999E+00 1.58489E+00 2.51189E+00 3.98107E+00 6.30957E+00 9.99999E+00 1.58489E+01 1.58489E+00 2.51189E+00 3.98107E+00 6.30957E+00 9.99999E+00 1.58489E+01 2.51189E+01 2.51189E+00 3.98107E+00 6.30957E+00 9.99999E+00 1.58489E+01 2.51189E+01 3.98107E+00 6.30957E+00 9.99999E+00 1.58489E+01 2.51189E+01 3.98107E+01 6.30957E+00 9.99999E+00 1.58489E+01 2.51189E+01 3.98107E+01 6.30957E+01 
90000 
2.20538E-04 
2.19453E-04 
5.25490E-04 
2.18385E-04 
5.24386E-04 
2.17302E-04 
5.24030E-04 
1.28723E-03 
2.16295E-04 
5.24007E-04 
1.28870E-03 
3.24968E-03 
2.15566E-04 
5.24414E-04 
1.29183E-03 
3.24971E-03 
2.15312E-04 
5.25381E-04 
1.29612E-03 
3.24777E-03 
8.20427E-03 
2.15056E-04 
5.25622E-04 
1.29798E-03 
3.23785E-03 
8.16167E-03 
2.11926E-04 
5.18941E-04 
1.28263E-03 
3.18852E-03 
8.01362E-03 
2.02422E-02 
2.01240E-04 
4.94882E-04 
1.22560E-03 
3.04469E-03 
7.63273E-03 
1.92190E-02 
4.90094E-02 
4.55543E-04 
1.13232E-03 
2.81875E-03 
7.06214E-03 
1.77565E-02 
4.50708E-02 
1.04419E-03 
2.60566E-03 
6.52683E-03 
1.63926E-02 
4.14438E-02 
1.06722E-01 
2.40560E-03 
6.02107E-03 
1.51039E-02 
3.80562E-02 
9.69749E-02 
2.54950E-01 
---
