PdfType: replica
Format: lhagrid1
---
4.34963E-04 7.77181E-04 7.77181E-04 1.38865E-03 1.38865E-03 2.48120E-03 2.48120E-03 2.48120E-03 4.43334E-03 4.43334E-03 4.43334E-03 4.43334E-03 7.92137E-03 7.92137E-03 7.92137E-03 7.92137E-03 1.41537E-02 1.41537E-02 1.41537E-02 1.41537E-02 1.41537E-02 2.52895E-02 2.52895E-02 2.52895E-02 2.52895E-02 2.52895E-02 4.51866E-02 4.51866E-02 4.51866E-02 4.51866E-02 4.51866E-02 4.51866E-02 8.07383E-02 8.07383E-02 8.07383E-02 8.07383E-02 8.07383E-02 8.07383E-02 8.07383E-02 1.44261E-01 1.44261E-01 1.44261E-01 1.44261E-01 1.44261E-01 1.44261E-01 2.57762E-01 2.57762E-01 2.57762E-01 2.57762E-01 2.57762E-01 2.57762E-01 4.60562E-01 4.60562E-01 4.60562E-01 4.60562E-01 4.60562E-01 4.60562E-01 
1.58489E+00 1.58489E+00 2.51189E+00 1.58489E+00 2.51189E+00 1.58489E+00 2.51189E+00 3.98107E+00 1.58489E+00 2.51189E+00 3.98107E+00 6.30957E+00 1.58489E+00 2.51189E+00 3.98107E+00 6.30957E+00 1.58489E+00 2.51189E+00 3.98107E+00 6.30957E+00 9.99999E+00 1.58489E+00 2.51189E+00 3.98107E+00 6.30957E+00 9.99999E+00 1.58489E+00 2.51189E+00 3.98107E+00 6.30957E+00 9.99999E+00 1.58489E+01 1.58489E+00 2.51189E+00 3.98107E+00 6.30957E+00 9.99999E+00 1.58489E+01 2.51189E+01 2.51189E+00 3.98107E+00 6.30957E+00 9.99999E+00 1.58489E+01 2.51189E+01 3.98107E+00 6.30957E+00 9.99999E+00 1.58489E+01 2.51189E+01 3.98107E+01 6.30957E+00 9.99999E+00 1.58489E+01 2.51189E+01 3.98107E+01 6.30957E+01 
90000 
2.20415E-04 
2.19235E-04 
5.24794E-04 
2.18005E-04 
5.23388E-04 
2.16665E-04 
5.22513E-04 
1.28389E-03 
2.15273E-04 
5.21682E-04 
1.28361E-03 
3.23858E-03 
2.14002E-04 
5.20961E-04 
1.28429E-03 
3.23318E-03 
2.13100E-04 
5.20640E-04 
1.28581E-03 
3.22500E-03 
8.15502E-03 
2.12341E-04 
5.19943E-04 
1.28561E-03 
3.21029E-03 
8.10054E-03 
2.09175E-04 
5.13103E-04 
1.26956E-03 
3.15885E-03 
7.94535E-03 
2.00887E-02 
1.98674E-04 
4.89098E-04 
1.21209E-03 
3.01321E-03 
7.55824E-03 
1.90451E-02 
4.86270E-02 
4.50168E-04 
1.11963E-03 
2.78865E-03 
6.99098E-03 
1.75891E-02 
4.46884E-02 
1.03390E-03 
2.58082E-03 
6.46814E-03 
1.62535E-02 
4.11180E-02 
1.06002E-01 
2.39114E-03 
5.98746E-03 
1.50253E-02 
3.78741E-02 
9.65701E-02 
2.54188E-01 
---
