PdfType: replica
Format: lhagrid1
---
4.34963E-04 7.77181E-04 7.77181E-04 1.38865E-03 1.38865E-03 2.48120E-03 2.48120E-03 2.48120E-03 4.43334E-03 4.43334E-03 4.43334E-03 4.43334E-03 7.92137E-03 7.92137E-03 7.92137E-03 7.92137E-03 1.41537E-02 1.41537E-02 1.41537E-02 1.41537E-02 1.41537E-02 2.52895E-02 2.52895E-02 2.52895E-02 2.52895E-02 2.52895E-02 4.51866E-02 4.51866E-02 4.51866E-02 4.51866E-02 4.51866E-02 4.51866E-02 8.07383E-02 8.07383E-02 8.07383E-02 8.07383E-02 8.07383E-02 8.07383E-02 8.07383E-02 1.44261E-01 1.44261E-01 1.44261E-01 1.44261E-01 1.44261E-01 1.44261E-01 2.57762E-01 2.57762E-01 2.57762E-01 2.57762E-01 2.57762E-01 2.57762E-01 4.60562E-01 4.60562E-01 4.60562E-01 4.60562E-01 4.60562E-01 4.60562E-01 
1.58489E+00 1.58489E+00 2.51189E+00 1.58489E+00 2.51189E+00 1.58489E+00 2.51189E+00 3.98107E+00 1.58489E+00 2.51189E+00 3.98107E+00 6.30957E+00 1.58489E+00 2.51189E+00 3.98107E+00 6.30957E+00 1.58489E+00 2.51189E+00 3.98107E+00 6.30957E+00 9.99999E+00 1.58489E+00 2.51189E+00 3.98107E+00 6.30957E+00 9.99999E+00 1.58489E+00 2.51189E+00 3.98107E+00 6.30957E+00 9.99999E+00 1.58489E+01 1.58489E+00 2.51189E+00 3.98107E+00 6.30957E+00 9.99999E+00 1.58489E+01 2.51189E+01 2.51189E+00 3.98107E+00 6.30957E+00 9.99999E+00 1.58489E+01 2.51189E+01 3.98107E+00 6.30957E+00 9.99999E+00 1.58489E+01 2.51189E+01 3.98107E+01 6.30957E+00 9.99999E+00 1.58489E+01 2.51189E+01 3.98107E+01 6.30957E+01 
90000 
2.19958E-04 
2.18596E-04 
5.23432E-04 
2.17117E-04 
5.21560E-04 
2.15435E-04 
5.20025E-04 
1.27869E-03 
2.13587E-04 
5.18303E-04 
1.27657E-03 
3.22324E-03 
2.11757E-04 
5.16498E-04 
1.27498E-03 
3.21308E-03 
2.10301E-04 
5.15145E-04 
1.27436E-03 
3.20027E-03 
8.09946E-03 
2.09340E-04 
5.14115E-04 
1.27343E-03 
3.18385E-03 
8.04128E-03 
2.06798E-04 
5.08403E-04 
1.25958E-03 
3.13665E-03 
7.89537E-03 
1.99736E-02 
1.97371E-04 
4.86368E-04 
1.20614E-03 
2.99938E-03 
7.52670E-03 
1.89720E-02 
4.84555E-02 
4.48832E-04 
1.11685E-03 
2.78253E-03 
6.97689E-03 
1.75563E-02 
4.46118E-02 
1.03536E-03 
2.58481E-03 
6.47776E-03 
1.62770E-02 
4.11763E-02 
1.06149E-01 
2.39553E-03 
5.99760E-03 
1.50489E-02 
3.79280E-02 
9.66868E-02 
2.54388E-01 
---
