PdfType: replica
Format: lhagrid1
---
4.34963E-04 7.77181E-04 7.77181E-04 1.38865E-03 1.38865E-03 2.48120E-03 2.48120E-03 2.48120E-03 4.43334E-03 4.43334E-03 4.43334E-03 4.43334E-03 7.92137E-03 7.92137E-03 7.92137E-03 7.92137E-03 1.41537E-02 1.41537E-02 1.41537E-02 1.41537E-02 1.41537E-02 2.52895E-02 2.52895E-02 2.52895E-02 2.52895E-02 2.52895E-02 4.51866E-02 4.51866E-02 4.51866E-02 4.51866E-02 4.51866E-02 4.51866E-02 8.07383E-02 8.07383E-02 8.07383E-02 8.07383E-02 8.07383E-02 8.07383E-02 8.07383E-02 1.44261E-01 1.44261E-01 1.44261E-01 1.44261E-01 1.44261E-01 1.44261E-01 2.57762E-01 2.57762E-01 2.57762E-01 2.57762E-01 2.57762E-01 2.57762E-01 4.60562E-01 4.60562E-01 4.60562E-01 4.60562E-01 4.60562E-01 4.60562E-01 
1.58489E+00 1.58489E+00 2.51189E+00 1.58489E+00 2.51189E+00 1.58489E+00 2.51189E+00 3.98107E+00 1.58489E+00 2.51189E+00 3.98107E+00 6.30957E+00 1.58489E+00 2.51189E+00 3.98107E+00 6.30957E+00 1.58489E+00 2.51189E+00 3.98107E+00 6.30957E+00 9.99999E+00 1.58489E+00 2.51189E+00 3.98107E+00 6.30957E+00 9.99999E+00 1.58489E+00 2.51189E+00 3.98107E+00 6.30957E+00 9.99999E+00 1.58489E+01 1.58489E+00 2.51189E+00 3.98107E+00 6.30957E+00 9.99999E+00 1.58489E+01 2.51189E+01 2.51189E+00 3.98107E+00 6.30957E+00 9.99999E+00 1.58489E+01 2.51189E+01 3.98107E+00 6.30957E+00 9.99999E+00 1.58489E+01 2.51189E+01 3.98107E+01 6.30957E+00 9.99999E+00 1.58489E+01 2.51189E+01 3.98107E+01 6.30957E+01 
90000 
2.20129E-04 
2.19095E-04 
5.24642E-04 
2.18095E-04 
5.23620E-04 
2.17074E-04 
5.23308E-04 
1.28559E-03 
2.16066E-04 
5.23198E-04 
1.28674E-03 
3.24505E-03 
2.15147E-04 
5.23168E-04 
1.28879E-03 
3.24262E-03 
2.14314E-04 
5.22986E-04 
1.29053E-03 
3.23517E-03 
8.17521E-03 
2.13011E-04 
5.21253E-04 
1.28819E-03 
3.21614E-03 
8.11158E-03 
2.09125E-04 
5.13165E-04 
1.26997E-03 
3.16033E-03 
7.94990E-03 
2.00968E-02 
1.99225E-04 
4.90750E-04 
1.21678E-03 
3.02479E-03 
7.58956E-03 
1.91253E-02 
4.88163E-02 
4.54280E-04 
1.12987E-03 
2.81353E-03 
7.05169E-03 
1.77368E-02 
4.50445E-02 
1.04603E-03 
2.61142E-03 
6.54271E-03 
1.64362E-02 
4.15635E-02 
1.07058E-01 
2.42851E-03 
6.08144E-03 
1.52608E-02 
3.84586E-02 
9.79821E-02 
2.57312E-01 
---
