PdfType: replica
Format: lhagrid1
---
4.34963E-04 7.77181E-04 7.77181E-04 1.38865E-03 1.38865E-03 2.48120E-03 2.48120E-03 2.48120E-03 4.43334E-03 4.43334E-03 4.43334E-03 4.43334E-03 7.92137E-03 7.92137E-03 7.92137E-03 7.92137E-03 1.41537E-02 1.41537E-02 1.41537E-02 1.41537E-02 1.41537E-02 2.52895E-02 2.52895E-02 2.52895E-02 2.52895E-02 2.52895E-02 4.51866E-02 4.51866E-02 4.51866E-02 4.51866E-02 4.51866E-02 4.51866E-02 8.07383E-02 8.07383E-02 8.07383E-02 8.07383E-02 8.07383E-02 8.07383E-02 8.07383E-02 1.44261E-01 1.44261E-01 1.44261E-01 1.44261E-01 1.44261E-01 1.44261E-01 2.57762E-01 2.57762E-01 2.57762E-01 2.57762E-01 2.57762E-01 2.57762E-01 4.60562E-01 4.60562E-01 4.60562E-01 4.60562E-01 4.60562E-01 4.60562E-01 
1.58489E+00 1.58489E+00 2.51189E+00 1.58489E+00 2.51189E+00 1.58489E+00 2.51189E+00 3.98107E+00 1.58489E+00 2.51189E+00 3.98107E+00 6.30957E+00 1.58489E+00 2.51189E+00 3.98107E+00 6.30957E+00 1.58489E+00 2.51189E+00 3.98107E+00 6.30957E+00 9.99999E+00 1.58489E+00 2.51189E+00 3.98107E+00 6.30957E+00 9.99999E+00 1.58489E+00 2.51189E+00 3.98107E+00 6.30957E+00 9.99999E+00 1.58489E+01 1.58489E+00 2.51189E+00 3.98107E+00 6.30957E+00 9.99999E+00 1.58489E+01 2.51189E+01 2.51189E+00 3.98107E+00 6.30957E+00 9.99999E+00 1.58489E+01 2.51189E+01 3.98107E+00 6.30957E+00 9.99999E+00 1.58489E+01 2.51189E+01 3.98107E+01 6.30957E+00 9.99999E+00 1.58489E+01 2.51189E+01 3.98107E+01 6.30957E+01 
90000 
2.19480E-04 
2.17943E-04 
5.22680E-04 
2.16209E-04 
5.20288E-04 
2.14201E-04 
5.18047E-04 
1.27506E-03 
2.11997E-04 
5.15542E-04 
1.27125E-03 
3.21294E-03 
2.09899E-04 
5.13152E-04 
1.26840E-03 
3.20017E-03 
2.08498E-04 
5.11896E-04 
1.26796E-03 
3.18766E-03 
8.07261E-03 
2.08113E-04 
5.11957E-04 
1.26923E-03 
3.17561E-03 
8.02368E-03 
2.06274E-04 
5.07514E-04 
1.25795E-03 
3.13355E-03 
7.88939E-03 
1.99599E-02 
1.97251E-04 
4.86532E-04 
1.20730E-03 
3.00282E-03 
7.53792E-03 
1.90027E-02 
4.85235E-02 
4.52294E-04 
1.12509E-03 
2.80140E-03 
7.02101E-03 
1.76583E-02 
4.48417E-02 
1.03727E-03 
2.58880E-03 
6.48437E-03 
1.62876E-02 
4.11914E-02 
1.06160E-01 
2.40175E-03 
6.01366E-03 
1.50907E-02 
3.80378E-02 
9.69765E-02 
2.55162E-01 
---
