PdfType: replica
Format: lhagrid1
---
4.34963E-04 7.77181E-04 7.77181E-04 1.38865E-03 1.38865E-03 2.48120E-03 2.48120E-03 2.48120E-03 4.43334E-03 4.43334E-03 4.43334E-03 4.43334E-03 7.92137E-03 7.92137E-03 7.92137E-03 7.92137E-03 1.41537E-02 1.41537E-02 1.41537E-02 1.41537E-02 1.41537E-02 2.52895E-02 2.52895E-02 2.52895E-02 2.52895E-02 2.52895E-02 4.51866E-02 4.51866E-02 4.51866E-02 4.51866E-02 4.51866E-02 4.51866E-02 8.07383E-02 8.07383E-02 8.07383E-02 8.07383E-02 8.07383E-02 8.07383E-02 8.07383E-02 1.44261E-01 1.44261E-01 1.44261E-01 1.44261E-01 1.44261E-01 1.44261E-01 2.57762E-01 2.57762E-01 2.57762E-01 2.57762E-01 2.57762E-01 2.57762E-01 4.60562E-01 4.60562E-01 4.60562E-01 4.60562E-01 4.60562E-01 4.60562E-01 
1.58489E+00 1.58489E+00 2.51189E+00 1.58489E+00 2.51189E+00 1.58489E+00 2.51189E+00 3.98107E+00 1.58489E+00 2.51189E+00 3.98107E+00 6.30957E+00 1.58489E+00 2.51189E+00 3.98107E+00 6.30957E+00 1.58489E+00 2.51189E+00 3.98107E+00 6.30957E+00 9.99999E+00 1.58489E+00 2.51189E+00 3.98107E+00 6.30957E+00 9.99999E+00 1.58489E+00 2.51189E+00 3.98107E+00 6.30957E+00 9.99999E+00 1.58489E+01 1.58489E+00 2.51189E+00 3.98107E+00 6.30957E+00 9.99999E+00 1.58489E+01 2.51189E+01 2.51189E+00 3.98107E+00 6.30957E+00 9.99999E+00 1.58489E+01 2.51189E+01 3.98107E+00 6.30957E+00 9.99999E+00 1.58489E+01 2.51189E+01 3.98107E+01 6.30957E+00 9.99999E+00 1.58489E+01 2.51189E+01 3.98107E+01 6.30957E+01 
90000 
2.20133E-04 
2.18976E-04 
5.24532E-04 
2.17756E-04 
5.23121E-04 
2.16381E-04 
5.22121E-04 
1.28337E-03 
2.14837E-04 
5.20913E-04 
1.28216E-03 
3.23616E-03 
2.13162E-04 
5.19315E-04 
1.28084E-03 
3.22627E-03 
2.11456E-04 
5.17395E-04 
1.27898E-03 
3.21087E-03 
8.12429E-03 
2.09772E-04 
5.15152E-04 
1.27603E-03 
3.19079E-03 
8.05960E-03 
2.07330E-04 
5.10455E-04 
1.26586E-03 
3.15369E-03 
7.94194E-03 
2.00972E-02 
2.00810E-04 
4.95024E-04 
1.22766E-03 
3.05178E-03 
7.65564E-03 
1.92894E-02 
4.92423E-02 
4.59995E-04 
1.14203E-03 
2.84075E-03 
7.11157E-03 
1.78716E-02 
4.53583E-02 
1.04519E-03 
2.60817E-03 
6.53289E-03 
1.64087E-02 
4.14923E-02 
1.06901E-01 
2.40847E-03 
6.02756E-03 
1.51187E-02 
3.80916E-02 
9.70709E-02 
2.55290E-01 
---
