PdfType: replica
Format: lhagrid1
---
4.34963E-04 7.77181E-04 7.77181E-04 1.38865E-03 1.38865E-03 2.48120E-03 2.48120E-03 2.48120E-03 4.43334E-03 4.43334E-03 4.43334E-03 4.43334E-03 7.92137E-03 7.92137E-03 7.92137E-03 7.92137E-03 1.41537E-02 1.41537E-02 1.41537E-02 1.41537E-02 1.41537E-02 2.52895E-02 2.52895E-02 2.52895E-02 2.52895E-02 2.52895E-02 4.51866E-02 4.51866E-02 4.51866E-02 4.51866E-02 4.51866E-02 4.51866E-02 8.07383E-02 8.07383E-02 8.07383E-02 8.07383E-02 8.07383E-02 8.07383E-02 8.07383E-02 1.44261E-01 1.44261E-01 1.44261E-01 1.44261E-01 1.44261E-01 1.44261E-01 2.57762E-01 2.57762E-01 2.57762E-01 2.57762E-01 2.57762E-01 2.57762E-01 4.60562E-01 4.60562E-01 4.60562E-01 4.60562E-01 4.60562E-01 4.60562E-01 
1.58489E+00 1.58489E+00 2.51189E+00 1.58489E+00 2.51189E+00 1.58489E+00 2.51189E+00 3.98107E+00 1.58489E+00 2.51189E+00 3.98107E+00 6.30957E+00 1.58489E+00 2.51189E+00 3.98107E+00 6.30957E+00 1.58489E+00 2.51189E+00 3.98107E+00 6.30957E+00 9.99999E+00 1.58489E+00 2.51189E+00 3.98107E+00 6.30957E+00 9.99999E+00 1.58489E+00 2.51189E+00 3.98107E+00 6.30957E+00 9.99999E+00 1.58489E+01 1.58489E+00 2.51189E+00 3.98107E+00 6.30957E+00 9.99999E+00 1.58489E+01 2.51189E+01 2.51189E+00 3.98107E+00 6.30957E+00 9.99999E+00 1.58489E+01 2.51189E+01 3.98107E+00 6.30957E+00 9.99999E+00 1.58489E+01 2.51189E+01 3.98107E+01 6.30957E+00 9.99999E+00 1.58489E+01 2.51189E+01 3.98107E+01 6.30957E+01 
90000 
2.20330E-04 
2.19257E-04 
5.25035E-04 
2.18181E-04 
5.23876E-04 
2.17028E-04 
5.23316E-04 
1.28571E-03 
2.15804E-04 
5.22765E-04 
1.28588E-03 
3.24386E-03 
2.14545E-04 
5.22012E-04 
1.28635E-03 
3.23779E-03 
2.13253E-04 
5.20869E-04 
1.28606E-03 
3.22570E-03 
8.15505E-03 
2.11616E-04 
5.18563E-04 
1.28278E-03 
3.20467E-03 
8.08799E-03 
2.08278E-04 
5.11946E-04 
1.26836E-03 
3.15806E-03 
7.94891E-03 
2.01040E-02 
2.00298E-04 
4.93719E-04 
1.22448E-03 
3.04396E-03 
7.63673E-03 
1.92417E-02 
4.91082E-02 
4.58961E-04 
1.14017E-03 
2.83701E-03 
7.10440E-03 
1.78567E-02 
4.53201E-02 
1.04761E-03 
2.61407E-03 
6.54657E-03 
1.64403E-02 
4.15624E-02 
1.07033E-01 
2.41445E-03 
6.04285E-03 
1.51577E-02 
3.81895E-02 
9.73084E-02 
2.55803E-01 
---
