PdfType: replica
Format: lhagrid1
---
4.34963E-04 7.77181E-04 7.77181E-04 1.38865E-03 1.38865E-03 2.48120E-03 2.48120E-03 2.48120E-03 4.43334E-03 4.43334E-03 4.43334E-03 4.43334E-03 7.92137E-03 7.92137E-03 7.92137E-03 7.92137E-03 1.41537E-02 1.41537E-02 1.41537E-02 1.41537E-02 1.41537E-02 2.52895E-02 2.52895E-02 2.52895E-02 2.52895E-02 2.52895E-02 4.51866E-02 4.51866E-02 4.51866E-02 4.51866E-02 4.51866E-02 4.51866E-02 8.07383E-02 8.07383E-02 8.07383E-02 8.07383E-02 8.07383E-02 8.07383E-02 8.07383E-02 1.44261E-01 1.44261E-01 1.44261E-01 1.44261E-01 1.44261E-01 1.44261E-01 2.57762E-01 2.57762E-01 2.57762E-01 2.57762E-01 2.57762E-01 2.57762E-01 4.60562E-01 4.60562E-01 4.60562E-01 4.60562E-01 4.60562E-01 4.60562E-01 
1.58489E+00 1.58489E+00 2.51189E+00 1.58489E+00 2.51189E+00 1.58489E+00 2.51189E+00 3.98107E+00 1.58489E+00 2.51189E+00 3.98107E+00 6.30957E+00 1.58489E+00 2.51189E+00 3.98107E+00 6.30957E+00 1.58489E+00 2.51189E+00 3.98107E+00 6.30957E+00 9.99999E+00 1.58489E+00 2.51189E+00 3.98107E+00 6.30957E+00 9.99999E+00 1.58489E+00 2.51189E+00 3.98107E+00 6.30957E+00 9.99999E+00 1.58489E+01 1.58489E+00 2.51189E+00 3.98107E+00 6.30957E+00 9.99999E+00 1.58489E+01 2.51189E+01 2.51189E+00 3.98107E+00 6.30957E+00 9.99999E+00 1.58489E+01 2.51189E+01 3.98107E+00 6.30957E+00 9.99999E+00 1.58489E+01 2.51189E+01 3.98107E+01 6.30957E+00 9.99999E+00 1.58489E+01 2.51189E+01 3.98107E+01 6.30957E+01 
90000 
2.19571E-04 
2.18161E-04 
5.22978E-04 
2.16670E-04 
5.21073E-04 
2.15079E-04 
5.19708E-04 
1.27848E-03 
2.13539E-04 
5.18598E-04 
1.27765E-03 
3.22660E-03 
2.12375E-04 
5.18110E-04 
1.27882E-03 
3.22231E-03 
2.11961E-04 
5.18720E-04 
1.28220E-03 
3.21780E-03 
8.13862E-03 
2.11894E-04 
5.19217E-04 
1.28429E-03 
3.20744E-03 
8.09379E-03 
2.09082E-04 
5.13006E-04 
1.26967E-03 
3.15903E-03 
7.94686E-03 
2.00902E-02 
1.98998E-04 
4.90349E-04 
1.21600E-03 
3.02329E-03 
7.58503E-03 
1.91123E-02 
4.87784E-02 
4.54847E-04 
1.13109E-03 
2.81647E-03 
7.05706E-03 
1.77457E-02 
4.50529E-02 
1.04398E-03 
2.60542E-03 
6.52633E-03 
1.63923E-02 
4.14481E-02 
1.06760E-01 
2.41185E-03 
6.03672E-03 
1.51432E-02 
3.81549E-02 
9.72220E-02 
2.55559E-01 
---
