PdfType: replica
Format: lhagrid1
---
4.34963E-04 7.77181E-04 7.77181E-04 1.38865E-03 1.38865E-03 2.48120E-03 2.48120E-03 2.48120E-03 4.43334E-03 4.43334E-03 4.43334E-03 4.43334E-03 7.92137E-03 7.92137E-03 7.92137E-03 7.92137E-03 1.41537E-02 1.41537E-02 1.41537E-02 1.41537E-02 1.41537E-02 2.52895E-02 2.52895E-02 2.52895E-02 2.52895E-02 2.52895E-02 4.51866E-02 4.51866E-02 4.51866E-02 4.51866E-02 4.51866E-02 4.51866E-02 8.07383E-02 8.07383E-02 8.07383E-02 8.07383E-02 8.07383E-02 8.07383E-02 8.07383E-02 1.44261E-01 1.44261E-01 1.44261E-01 1.44261E-01 1.44261E-01 1.44261E-01 2.57762E-01 2.57762E-01 2.57762E-01 2.57762E-01 2.57762E-01 2.57762E-01 4.60562E-01 4.60562E-01 4.60562E-01 4.60562E-01 4.60562E-01 4.60562E-01 
1.58489E+00 1.58489E+00 2.51189E+00 1.58489E+00 2.51189E+00 1.58489E+00 2.51189E+00 3.98107E+00 1.58489E+00 2.51189E+00 3.98107E+00 6.30957E+00 1.58489E+00 2.51189E+00 3.98107E+00 6.30957E+00 1.58489E+00 2.51189E+00 3.98107E+00 6.30957E+00 9.99999E+00 1.58489E+00 2.51189E+00 3.98107E+00 6.30957E+00 9.99999E+00 1.58489E+00 2.51189E+00 3.98107E+00 6.30957E+00 9.99999E+00 1.58489E+01 1.58489E+00 2.51189E+00 3.98107E+00 6.30957E+00 9.99999E+00 1.58489E+01 2.51189E+01 2.51189E+00 3.98107E+00 6.30957E+00 9.99999E+00 1.58489E+01 2.51189E+01 3.98107E+00 6.30957E+00 9.99999E+00 1.58489E+01 2.51189E+01 3.98107E+01 6.30957E+00 9.99999E+00 1.58489E+01 2.51189E+01 3.98107E+01 6.30957E+01 
90000 
2.20105E-04 
2.18865E-04 
5.24316E-04 
2.17561E-04 
5.22786E-04 
2.16140E-04 
5.21769E-04 
1.28268E-03 
2.14686E-04 
5.20803E-04 
1.28208E-03 
3.23632E-03 
2.13409E-04 
5.20006E-04 
1.28253E-03 
3.23017E-03 
2.12597E-04 
5.19780E-04 
1.28424E-03 
3.22216E-03 
8.14980E-03 
2.12066E-04 
5.19613E-04 
1.28538E-03 
3.21064E-03 
8.10337E-03 
2.09485E-04 
5.14310E-04 
1.27326E-03 
3.16865E-03 
7.97166E-03 
2.01557E-02 
2.00256E-04 
4.93349E-04 
1.22333E-03 
3.04072E-03 
7.62862E-03 
1.92214E-02 
4.90519E-02 
4.58127E-04 
1.13993E-03 
2.83879E-03 
7.11444E-03 
1.78917E-02 
4.54240E-02 
1.06093E-03 
2.64768E-03 
6.62848E-03 
1.66412E-02 
4.20580E-02 
1.08264E-01 
2.44452E-03 
6.11737E-03 
1.53429E-02 
3.86492E-02 
9.84346E-02 
2.58446E-01 
---
