PdfType: replica
Format: lhagrid1
---
4.34963E-04 7.77181E-04 7.77181E-04 1.38865E-03 1.38865E-03 2.48120E-03 2.48120E-03 2.48120E-03 4.43334E-03 4.43334E-03 4.43334E-03 4.43334E-03 7.92137E-03 7.92137E-03 7.92137E-03 7.92137E-03 1.41537E-02 1.41537E-02 1.41537E-02 1.41537E-02 1.41537E-02 2.52895E-02 2.52895E-02 2.52895E-02 2.52895E-02 2.52895E-02 4.51866E-02 4.51866E-02 4.51866E-02 4.51866E-02 4.51866E-02 4.51866E-02 8.07383E-02 8.07383E-02 8.07383E-02 8.07383E-02 8.07383E-02 8.07383E-02 8.07383E-02 1.44261E-01 1.44261E-01 1.44261E-01 1.44261E-01 1.44261E-01 1.44261E-01 2.57762E-01 2.57762E-01 2.57762E-01 2.57762E-01 2.57762E-01 2.57762E-01 4.60562E-01 4.60562E-01 4.60562E-01 4.60562E-01 4.60562E-01 4.60562E-01 
1.58489E+00 1.58489E+00 2.51189E+00 1.58489E+00 2.51189E+00 1.58489E+00 2.51189E+00 3.98107E+00 1.58489E+00 2.51189E+00 3.98107E+00 6.30957E+00 1.58489E+00 2.51189E+00 3.98107E+00 6.30957E+00 1.58489E+00 2.51189E+00 3.98107E+00 6.30957E+00 9.99999E+00 1.58489E+00 2.51189E+00 3.98107E+00 6.30957E+00 9.99999E+00 1.58489E+00 2.51189E+00 3.98107E+00 6.30957E+00 9.99999E+00 1.58489E+01 1.58489E+00 2.51189E+00 3.98107E+00 6.30957E+00 9.99999E+00 1.58489E+01 2.51189E+01 2.51189E+00 3.98107E+00 6.30957E+00 9.99999E+00 1.58489E+01 2.51189E+01 3.98107E+00 6.30957E+00 9.99999E+00 1.58489E+01 2.51189E+01 3.98107E+01 6.30957E+00 9.99999E+00 1.58489E+01 2.51189E+01 3.98107E+01 6.30957E+01 
90000 
2.20037E-04 
2.18924E-04 
5.24455E-04 
2.17833E-04 
5.23261E-04 
2.16707E-04 
5.22736E-04 
1.28468E-03 
2.15554E-04 
5.22299E-04 
1.28503E-03 
3.24266E-03 
2.14375E-04 
5.21659E-04 
1.28564E-03 
3.23658E-03 
2.13059E-04 
5.20421E-04 
1.28507E-03 
3.22365E-03 
8.15092E-03 
2.11176E-04 
5.17683E-04 
1.28097E-03 
3.20102E-03 
8.08019E-03 
2.07738E-04 
5.11186E-04 
1.26732E-03 
3.15695E-03 
7.94854E-03 
2.01060E-02 
2.00890E-04 
4.95552E-04 
1.22944E-03 
3.05669E-03 
7.66906E-03 
1.93224E-02 
4.93058E-02 
4.62705E-04 
1.14827E-03 
2.85468E-03 
7.14396E-03 
1.79460E-02 
4.55247E-02 
1.04545E-03 
2.60720E-03 
6.52640E-03 
1.63841E-02 
4.14119E-02 
1.06650E-01 
2.39126E-03 
5.98202E-03 
1.50002E-02 
3.77869E-02 
9.62978E-02 
2.53384E-01 
---
