PdfType: replica
Format: lhagrid1
---
4.34963E-04 7.77181E-04 7.77181E-04 1.38865E-03 1.38865E-03 2.48120E-03 2.48120E-03 2.48120E-03 4.43334E-03 4.43334E-03 4.43334E-03 4.43334E-03 7.92137E-03 7.92137E-03 7.92137E-03 7.92137E-03 1.41537E-02 1.41537E-02 1.41537E-02 1.41537E-02 1.41537E-02 2.52895E-02 2.52895E-02 2.52895E-02 2.52895E-02 2.52895E-02 4.51866E-02 4.51866E-02 4.51866E-02 4.51866E-02 4.51866E-02 4.51866E-02 8.07383E-02 8.07383E-02 8.07383E-02 8.07383E-02 8.07383E-02 8.07383E-02 8.07383E-02 1.44261E-01 1.44261E-01 1.44261E-01 1.44261E-01 1.44261E-01 1.44261E-01 2.57762E-01 2.57762E-01 2.57762E-01 2.57762E-01 2.57762E-01 2.57762E-01 4.60562E-01 4.60562E-01 4.60562E-01 4.60562E-01 4.60562E-01 4.60562E-01 
1.58489E+00 1.58489E+00 2.51189E+00 1.58489E+00 2.51189E+00 1.58489E+00 2.51189E+00 3.98107E+00 1.58489E+00 2.51189E+00 3.98107E+00 6.30957E+00 1.58489E+00 2.51189E+00 3.98107E+00 6.30957E+00 1.58489E+00 2.51189E+00 3.98107E+00 6.30957E+00 9.99999E+00 1.58489E+00 2.51189E+00 3.98107E+00 6.30957E+00 9.99999E+00 1.58489E+00 2.51189E+00 3.98107E+00 6.30957E+00 9.99999E+00 1.58489E+01 1.58489E+00 2.51189E+00 3.98107E+00 6.30957E+00 9.99999E+00 1.58489E+01 2.51189E+01 2.51189E+00 3.98107E+00 6.30957E+00 9.99999E+00 1.58489E+01 2.51189E+01 3.98107E+00 6.30957E+00 9.99999E+00 1.58489E+01 2.51189E+01 3.98107E+01 6.30957E+00 9.99999E+00 1.58489E+01 2.51189E+01 3.98107E+01 6.30957E+01 
90000 
2.19649E-04 
2.18370E-04 
5.23339E-04 
2.17040E-04 
5.21713E-04 
2.15606E-04 
5.20607E-04 
1.28019E-03 
2.14131E-04 
5.19555E-04 
1.27938E-03 
3.22952E-03 
2.12755E-04 
5.18556E-04 
1.27934E-03 
3.22236E-03 
2.11582E-04 
5.17611E-04 
1.27936E-03 
3.21062E-03 
8.12099E-03 
2.10190E-04 
5.15640E-04 
1.27642E-03 
3.18989E-03 
8.05300E-03 
2.06628E-04 
5.08265E-04 
1.25973E-03 
3.13779E-03 
7.89900E-03 
1.99812E-02 
1.97752E-04 
4.87970E-04 
1.21102E-03 
3.01275E-03 
7.56172E-03 
1.90611E-02 
4.86730E-02 
4.53771E-04 
1.12847E-03 
2.81012E-03 
7.04244E-03 
1.77125E-02 
4.49816E-02 
1.04198E-03 
2.60054E-03 
6.51498E-03 
1.63654E-02 
4.13821E-02 
1.06590E-01 
2.40845E-03 
6.02924E-03 
1.51262E-02 
3.81145E-02 
9.71190E-02 
2.55251E-01 
---
