PdfType: replica
Format: lhagrid1
---
4.34963E-04 7.77181E-04 7.77181E-04 1.38865E-03 1.38865E-03 2.48120E-03 2.48120E-03 2.48120E-03 4.43334E-03 4.43334E-03 4.43334E-03 4.43334E-03 7.92137E-03 7.92137E-03 7.92137E-03 7.92137E-03 1.41537E-02 1.41537E-02 1.41537E-02 1.41537E-02 1.41537E-02 2.52895E-02 2.52895E-02 2.52895E-02 2.52895E-02 2.52895E-02 4.51866E-02 4.51866E-02 4.51866E-02 4.51866E-02 4.51866E-02 4.51866E-02 8.07383E-02 8.07383E-02 8.07383E-02 8.07383E-02 8.07383E-02 8.07383E-02 8.07383E-02 1.44261E-01 1.44261E-01 1.44261E-01 1.44261E-01 1.44261E-01 1.44261E-01 2.57762E-01 2.57762E-01 2.57762E-01 2.57762E-01 2.57762E-01 2.57762E-01 4.60562E-01 4.60562E-01 4.60562E-01 4.60562E-01 4.60562E-01 4.60562E-01 
1.58489E+00 1.58489E+00 2.51189E+00 1.58489E+00 2.51189E+00 1.58489E+00 2.51189E+00 3.98107E+00 1.58489E+00 2.51189E+00 3.98107E+00 6.30957E+00 1.58489E+00 2.51189E+00 3.98107E+00 6.30957E+00 1.58489E+00 2.51189E+00 3.98107E+00 6.30957E+00 9.99999E+00 1.58489E+00 2.51189E+00 3.98107E+00 6.30957E+00 9.99999E+00 1.58489E+00 2.51189E+00 3.98107E+00 6.30957E+00 9.99999E+00 1.58489E+01 1.58489E+00 2.51189E+00 3.98107E+00 6.30957E+00 9.99999E+00 1.58489E+01 2.51189E+01 2.51189E+00 3.98107E+00 6.30957E+00 9.99999E+00 1.58489E+01 2.51189E+01 3.98107E+00 6.30957E+00 9.99999E+00 1.58489E+01 2.51189E+01 3.98107E+01 6.30957E+00 9.99999E+00 1.58489E+01 2.51189E+01 3.98107E+01 6.30957E+01 
90000 
2.20183E-04 
2.19081E-04 
5.24845E-04 
2.17977E-04 
5.23603E-04 
2.16791E-04 
5.22933E-04 
1.28502E-03 
2.15504E-04 
5.22199E-04 
1.28473E-03 
3.24146E-03 
2.14099E-04 
5.21086E-04 
1.28435E-03 
3.23335E-03 
2.12504E-04 
5.19297E-04 
1.28264E-03 
3.21807E-03 
8.13742E-03 
2.10458E-04 
5.16250E-04 
1.27790E-03 
3.19403E-03 
8.06388E-03 
2.07115E-04 
5.09830E-04 
1.26419E-03 
3.14951E-03 
7.93045E-03 
2.00617E-02 
2.00103E-04 
4.93593E-04 
1.22460E-03 
3.04499E-03 
7.64014E-03 
1.92512E-02 
4.91295E-02 
4.59701E-04 
1.14164E-03 
2.84008E-03 
7.11114E-03 
1.78718E-02 
4.53541E-02 
1.04687E-03 
2.61235E-03 
6.54288E-03 
1.64322E-02 
4.15453E-02 
1.07005E-01 
2.40987E-03 
6.02924E-03 
1.51195E-02 
3.80867E-02 
9.70471E-02 
2.55228E-01 
---
