PdfType: replica
Format: lhagrid1
---
4.34963E-04 7.77181E-04 7.77181E-04 1.38865E-03 1.38865E-03 2.48120E-03 2.48120E-03 2.48120E-03 4.43334E-03 4.43334E-03 4.43334E-03 4.43334E-03 7.92137E-03 7.92137E-03 7.92137E-03 7.92137E-03 1.41537E-02 1.41537E-02 1.41537E-02 1.41537E-02 1.41537E-02 2.52895E-02 2.52895E-02 2.52895E-02 2.52895E-02 2.52895E-02 4.51866E-02 4.51866E-02 4.51866E-02 4.51866E-02 4.51866E-02 4.51866E-02 8.07383E-02 8.07383E-02 8.07383E-02 8.07383E-02 8.07383E-02 8.07383E-02 8.07383E-02 1.44261E-01 1.44261E-01 1.44261E-01 1.44261E-01 1.44261E-01 1.44261E-01 2.57762E-01 2.57762E-01 2.57762E-01 2.57762E-01 2.57762E-01 2.57762E-01 4.60562E-01 4.60562E-01 4.60562E-01 4.60562E-01 4.60562E-01 4.60562E-01 
1.58489E+00 1.58489E+00 2.51189E+00 1.58489E+00 2.51189E+00 1.58489E+00 2.51189E+00 3.98107E+00 1.58489E+00 2.51189E+00 3.98107E+00 6.30957E+00 1.58489E+00 2.51189E+00 3.98107E+00 6.30957E+00 1.58489E+00 2.51189E+00 3.98107E+00 6.30957E+00 9.99999E+00 1.58489E+00 2.51189E+00 3.98107E+00 6.30957E+00 9.99999E+00 1.58489E+00 2.51189E+00 3.98107E+00 6.30957E+00 9.99999E+00 1.58489E+01 1.58489E+00 2.51189E+00 3.98107E+00 6.30957E+00 9.99999E+00 1.58489E+01 2.51189E+01 2.51189E+00 3.98107E+00 6.30957E+00 9.99999E+00 1.58489E+01 2.51189E+01 3.98107E+00 6.30957E+00 9.99999E+00 1.58489E+01 2.51189E+01 3.98107E+01 6.30957E+00 9.99999E+00 1.58489E+01 2.51189E+01 3.98107E+01 6.30957E+01 
90000 
2.19782E-04 
2.18556E-04 
5.23253E-04 
2.17294E-04 
5.21789E-04 
2.15926E-04 
5.20866E-04 
1.28051E-03 
2.14482E-04 
5.19952E-04 
1.28001E-03 
3.23117E-03 
2.13081E-04 
5.19011E-04 
1.28021E-03 
3.22439E-03 
2.11886E-04 
5.18197E-04 
1.28075E-03 
3.21397E-03 
8.13096E-03 
2.10746E-04 
5.17000E-04 
1.27983E-03 
3.19818E-03 
8.07465E-03 
2.08018E-04 
5.11495E-04 
1.26740E-03 
3.15579E-03 
7.94262E-03 
2.00898E-02 
1.99819E-04 
4.92457E-04 
1.22117E-03 
3.03575E-03 
7.61518E-03 
1.91873E-02 
4.89788E-02 
4.56466E-04 
1.13452E-03 
2.82389E-03 
7.07372E-03 
1.77846E-02 
4.51516E-02 
1.04630E-03 
2.61092E-03 
6.53860E-03 
1.64202E-02 
4.15138E-02 
1.06934E-01 
2.40498E-03 
6.01685E-03 
1.50883E-02 
3.80086E-02 
9.68498E-02 
2.54718E-01 
---
