PdfType: replica
Format: lhagrid1
---
4.34963E-04 7.77181E-04 7.77181E-04 1.38865E-03 1.38865E-03 2.48120E-03 2.48120E-03 2.48120E-03 4.43334E-03 4.43334E-03 4.43334E-03 4.43334E-03 7.92137E-03 7.92137E-03 7.92137E-03 7.92137E-03 1.41537E-02 1.41537E-02 1.41537E-02 1.41537E-02 1.41537E-02 2.52895E-02 2.52895E-02 2.52895E-02 2.52895E-02 2.52895E-02 4.51866E-02 4.51866E-02 4.51866E-02 4.51866E-02 4.51866E-02 4.51866E-02 8.07383E-02 8.07383E-02 8.07383E-02 8.07383E-02 8.07383E-02 8.07383E-02 8.07383E-02 1.44261E-01 1.44261E-01 1.44261E-01 1.44261E-01 1.44261E-01 1.44261E-01 2.57762E-01 2.57762E-01 2.57762E-01 2.57762E-01 2.57762E-01 2.57762E-01 4.60562E-01 4.60562E-01 4.60562E-01 4.60562E-01 4.60562E-01 4.60562E-01 
1.58489E+00 1.58489E+00 2.51189E+00 1.58489E+00 2.51189E+00 1.58489E+00 2.51189E+00 3.98107E+00 1.58489E+00 2.51189E+00 3.98107E+00 6.30957E+00 1.58489E+00 2.51189E+00 3.98107E+00 6.30957E+00 1.58489E+00 2.51189E+00 3.98107E+00 6.30957E+00 9.99999E+00 1.58489E+00 2.51189E+00 3.98107E+00 6.30957E+00 9.99999E+00 1.58489E+00 2.51189E+00 3.98107E+00 6.30957E+00 9.99999E+00 1.58489E+01 1.58489E+00 2.51189E+00 3.98107E+00 6.30957E+00 9.99999E+00 1.58489E+01 2.51189E+01 2.51189E+00 3.98107E+00 6.30957E+00 9.99999E+00 1.58489E+01 2.51189E+01 3.98107E+00 6.30957E+00 9.99999E+00 1.58489E+01 2.51189E+01 3.98107E+01 6.30957E+00 9.99999E+00 1.58489E+01 2.51189E+01 3.98107E+01 6.30957E+01 
90000 
2.19956E-04 
2.18749E-04 
5.23881E-04 
2.17509E-04 
5.22435E-04 
2.16175E-04 
5.21534E-04 
1.28195E-03 
2.14783E-04 
5.20665E-04 
1.28150E-03 
3.23470E-03 
2.13467E-04 
5.19839E-04 
1.28190E-03 
3.22860E-03 
2.12465E-04 
5.19362E-04 
1.28309E-03 
3.21968E-03 
8.14339E-03 
2.11721E-04 
5.18776E-04 
1.28318E-03 
3.20543E-03 
8.08989E-03 
2.08971E-04 
5.12692E-04 
1.26867E-03 
3.15660E-03 
7.94063E-03 
2.00765E-02 
1.98763E-04 
4.89163E-04 
1.21220E-03 
3.01245E-03 
7.55703E-03 
1.90419E-02 
4.86103E-02 
4.50161E-04 
1.12007E-03 
2.78997E-03 
6.99478E-03 
1.75990E-02 
4.47126E-02 
1.03939E-03 
2.59556E-03 
6.50450E-03 
1.63441E-02 
4.13454E-02 
1.06575E-01 
2.41860E-03 
6.05682E-03 
1.52001E-02 
3.83126E-02 
9.76588E-02 
2.56808E-01 
---
