PdfType: replica
Format: lhagrid1
---
4.34963E-04 7.77181E-04 7.77181E-04 1.38865E-03 1.38865E-03 2.48120E-03 2.48120E-03 2.48120E-03 4.43334E-03 4.43334E-03 4.43334E-03 4.43334E-03 7.92137E-03 7.92137E-03 7.92137E-03 7.92137E-03 1.41537E-02 1.41537E-02 1.41537E-02 1.41537E-02 1.41537E-02 2.52895E-02 2.52895E-02 2.52895E-02 2.52895E-02 2.52895E-02 4.51866E-02 4.51866E-02 4.51866E-02 4.51866E-02 4.51866E-02 4.51866E-02 8.07383E-02 8.07383E-02 8.07383E-02 8.07383E-02 8.07383E-02 8.07383E-02 8.07383E-02 1.44261E-01 1.44261E-01 1.44261E-01 1.44261E-01 1.44261E-01 1.44261E-01 2.57762E-01 2.57762E-01 2.57762E-01 2.57762E-01 2.57762E-01 2.57762E-01 4.60562E-01 4.60562E-01 4.60562E-01 4.60562E-01 4.60562E-01 4.60562E-01 
1.58489E+00 1.58489E+00 2.51189E+00 1.58489E+00 2.51189E+00 1.58489E+00 2.51189E+00 3.98107E+00 1.58489E+00 2.51189E+00 3.98107E+00 6.30957E+00 1.58489E+00 2.51189E+00 3.98107E+00 6.30957E+00 1.58489E+00 2.51189E+00 3.98107E+00 6.30957E+00 9.99999E+00 1.58489E+00 2.51189E+00 3.98107E+00 6.30957E+00 9.99999E+00 1.58489E+00 2.51189E+00 3.98107E+00 6.30957E+00 9.99999E+00 1.58489E+01 1.58489E+00 2.51189E+00 3.98107E+00 6.30957E+00 9.99999E+00 1.58489E+01 2.51189E+01 2.51189E+00 3.98107E+00 6.30957E+00 9.99999E+00 1.58489E+01 2.51189E+01 3.98107E+00 6.30957E+00 9.99999E+00 1.58489E+01 2.51189E+01 3.98107E+01 6.30957E+00 9.99999E+00 1.58489E+01 2.51189E+01 3.98107E+01 6.30957E+01 
90000 
2.16696E-04 
2.15739E-04 
5.19330E-04 
2.14921E-04 
5.18560E-04 
2.14180E-04 
5.18584E-04 
1.27686E-03 
2.13484E-04 
5.18818E-04 
1.27844E-03 
3.22828E-03 
2.12776E-04 
5.18900E-04 
1.28036E-03 
3.22497E-03 
2.11898E-04 
5.18375E-04 
1.28112E-03 
3.21478E-03 
8.13000E-03 
2.10412E-04 
5.16324E-04 
1.27831E-03 
3.19502E-03 
8.06582E-03 
2.07191E-04 
5.10093E-04 
1.26487E-03 
3.15148E-03 
7.93421E-03 
2.00691E-02 
1.99915E-04 
4.93334E-04 
1.22422E-03 
3.04495E-03 
7.64049E-03 
1.92531E-02 
4.91345E-02 
4.60272E-04 
1.14358E-03 
2.84557E-03 
7.12670E-03 
1.79137E-02 
4.54627E-02 
1.05155E-03 
2.62310E-03 
6.56786E-03 
1.64905E-02 
4.16826E-02 
1.07335E-01 
2.40615E-03 
6.01856E-03 
1.50903E-02 
3.80092E-02 
9.68463E-02 
2.54725E-01 
---
