PdfType: replica
Format: lhagrid1
---
4.34963E-04 7.77181E-04 7.77181E-04 1.38865E-03 1.38865E-03 2.48120E-03 2.48120E-03 2.48120E-03 4.43334E-03 4.43334E-03 4.43334E-03 4.43334E-03 7.92137E-03 7.92137E-03 7.92137E-03 7.92137E-03 1.41537E-02 1.41537E-02 1.41537E-02 1.41537E-02 1.41537E-02 2.52895E-02 2.52895E-02 2.52895E-02 2.52895E-02 2.52895E-02 4.51866E-02 4.51866E-02 4.51866E-02 4.51866E-02 4.51866E-02 4.51866E-02 8.07383E-02 8.07383E-02 8.07383E-02 8.07383E-02 8.07383E-02 8.07383E-02 8.07383E-02 1.44261E-01 1.44261E-01 1.44261E-01 1.44261E-01 1.44261E-01 1.44261E-01 2.57762E-01 2.57762E-01 2.57762E-01 2.57762E-01 2.57762E-01 2.57762E-01 4.60562E-01 4.60562E-01 4.60562E-01 4.60562E-01 4.60562E-01 4.60562E-01 
1.58489E+00 1.58489E+00 2.51189E+00 1.58489E+00 2.51189E+00 1.58489E+00 2.51189E+00 3.98107E+00 1.58489E+00 2.51189E+00 3.98107E+00 6.30957E+00 1.58489E+00 2.51189E+00 3.98107E+00 6.30957E+00 1.58489E+00 2.51189E+00 3.98107E+00 6.30957E+00 9.99999E+00 1.58489E+00 2.51189E+00 3.98107E+00 6.30957E+00 9.99999E+00 1.58489E+00 2.51189E+00 3.98107E+00 6.30957E+00 9.99999E+00 1.58489E+01 1.58489E+00 2.51189E+00 3.98107E+00 6.30957E+00 9.99999E+00 1.58489E+01 2.51189E+01 2.51189E+00 3.98107E+00 6.30957E+00 9.99999E+00 1.58489E+01 2.51189E+01 3.98107E+00 6.30957E+00 9.99999E+00 1.58489E+01 2.51189E+01 3.98107E+01 6.30957E+00 9.99999E+00 1.58489E+01 2.51189E+01 3.98107E+01 6.30957E+01 
90000 
2.20185E-04 
2.19011E-04 
5.24354E-04 
2.17770E-04 
5.22915E-04 
2.16372E-04 
5.21904E-04 
1.28262E-03 
2.14829E-04 
5.20756E-04 
1.28162E-03 
3.23458E-03 
2.13269E-04 
5.19475E-04 
1.28110E-03 
3.22675E-03 
2.11991E-04 
5.18476E-04 
1.28121E-03 
3.21573E-03 
8.13378E-03 
2.11097E-04 
5.17541E-04 
1.28047E-03 
3.19954E-03 
8.07614E-03 
2.08357E-04 
5.11271E-04 
1.26529E-03 
3.14865E-03 
7.92196E-03 
2.00322E-02 
1.97954E-04 
4.87292E-04 
1.20781E-03 
3.00211E-03 
7.53279E-03 
1.89845E-02 
4.84741E-02 
4.48776E-04 
1.11681E-03 
2.78223E-03 
6.97604E-03 
1.75533E-02 
4.46011E-02 
1.03518E-03 
2.58366E-03 
6.47288E-03 
1.62611E-02 
4.11296E-02 
1.06024E-01 
2.38616E-03 
5.97389E-03 
1.49891E-02 
3.77776E-02 
9.63117E-02 
2.53475E-01 
---
