PdfType: replica
Format: lhagrid1
---
4.34963E-04 7.77181E-04 7.77181E-04 1.38865E-03 1.38865E-03 2.48120E-03 2.48120E-03 2.48120E-03 4.43334E-03 4.43334E-03 4.43334E-03 4.43334E-03 7.92137E-03 7.92137E-03 7.92137E-03 7.92137E-03 1.41537E-02 1.41537E-02 1.41537E-02 1.41537E-02 1.41537E-02 2.52895E-02 2.52895E-02 2.52895E-02 2.52895E-02 2.52895E-02 4.51866E-02 4.51866E-02 4.51866E-02 4.51866E-02 4.51866E-02 4.51866E-02 8.07383E-02 8.07383E-02 8.07383E-02 8.07383E-02 8.07383E-02 8.07383E-02 8.07383E-02 1.44261E-01 1.44261E-01 1.44261E-01 1.44261E-01 1.44261E-01 1.44261E-01 2.57762E-01 2.57762E-01 2.57762E-01 2.57762E-01 2.57762E-01 2.57762E-01 4.60562E-01 4.60562E-01 4.60562E-01 4.60562E-01 4.60562E-01 4.60562E-01 
1.58489E+00 1.58489E+00 2.51189E+00 1.58489E+00 2.51189E+00 1.58489E+00 2.51189E+00 3.98107E+00 1.58489E+00 2.51189E+00 3.98107E+00 6.30957E+00 1.58489E+00 2.51189E+00 3.98107E+00 6.30957E+00 1.58489E+00 2.51189E+00 3.98107E+00 6.30957E+00 9.99999E+00 1.58489E+00 2.51189E+00 3.98107E+00 6.30957E+00 9.99999E+00 1.58489E+00 2.51189E+00 3.98107E+00 6.30957E+00 9.99999E+00 1.58489E+01 1.58489E+00 2.51189E+00 3.98107E+00 6.30957E+00 9.99999E+00 1.58489E+01 2.51189E+01 2.51189E+00 3.98107E+00 6.30957E+00 9.99999E+00 1.58489E+01 2.51189E+01 3.98107E+00 6.30957E+00 9.99999E+00 1.58489E+01 2.51189E+01 3.98107E+01 6.30957E+00 9.99999E+00 1.58489E+01 2.51189E+01 3.98107E+01 6.30957E+01 
90000 
2.17483E-04 
2.16597E-04 
5.20754E-04 
2.15847E-04 
5.20160E-04 
2.15188E-04 
5.20421E-04 
1.28055E-03 
2.14637E-04 
5.21038E-04 
1.28304E-03 
3.23846E-03 
2.14214E-04 
5.21787E-04 
1.28648E-03 
3.23854E-03 
2.13828E-04 
5.22282E-04 
1.28944E-03 
3.23316E-03 
8.17282E-03 
2.12842E-04 
5.21110E-04 
1.28833E-03 
3.21678E-03 
8.11507E-03 
2.09315E-04 
5.14025E-04 
1.27273E-03 
3.16777E-03 
7.96944E-03 
2.01488E-02 
2.00382E-04 
4.93874E-04 
1.22475E-03 
3.04484E-03 
7.63809E-03 
1.92433E-02 
4.91035E-02 
4.58932E-04 
1.14062E-03 
2.83881E-03 
7.11079E-03 
1.78759E-02 
4.53720E-02 
1.05163E-03 
2.62362E-03 
6.56917E-03 
1.64939E-02 
4.16911E-02 
1.07353E-01 
2.40981E-03 
6.02769E-03 
1.51129E-02 
3.80647E-02 
9.69769E-02 
2.54996E-01 
---
