PdfType: replica
Format: lhagrid1
---
4.34963E-04 7.77181E-04 7.77181E-04 1.38865E-03 1.38865E-03 2.48120E-03 2.48120E-03 2.48120E-03 4.43334E-03 4.43334E-03 4.43334E-03 4.43334E-03 7.92137E-03 7.92137E-03 7.92137E-03 7.92137E-03 1.41537E-02 1.41537E-02 1.41537E-02 1.41537E-02 1.41537E-02 2.52895E-02 2.52895E-02 2.52895E-02 2.52895E-02 2.52895E-02 4.51866E-02 4.51866E-02 4.51866E-02 4.51866E-02 4.51866E-02 4.51866E-02 8.07383E-02 8.07383E-02 8.07383E-02 8.07383E-02 8.07383E-02 8.07383E-02 8.07383E-02 1.44261E-01 1.44261E-01 1.44261E-01 1.44261E-01 1.44261E-01 1.44261E-01 2.57762E-01 2.57762E-01 2.57762E-01 2.57762E-01 2.57762E-01 2.57762E-01 4.60562E-01 4.60562E-01 4.60562E-01 4.60562E-01 4.60562E-01 4.60562E-01 
1.58489E+00 1.58489E+00 2.51189E+00 1.58489E+00 2.51189E+00 1.58489E+00 2.51189E+00 3.98107E+00 1.58489E+00 2.51189E+00 3.98107E+00 6.30957E+00 1.58489E+00 2.51189E+00 3.98107E+00 6.30957E+00 1.58489E+00 2.51189E+00 3.98107E+00 6.30957E+00 9.99999E+00 1.58489E+00 2.51189E+00 3.98107E+00 6.30957E+00 9.99999E+00 1.58489E+00 2.51189E+00 3.98107E+00 6.30957E+00 9.99999E+00 1.58489E+01 1.58489E+00 2.51189E+00 3.98107E+00 6.30957E+00 9.99999E+00 1.58489E+01 2.51189E+01 2.51189E+00 3.98107E+00 6.30957E+00 9.99999E+00 1.58489E+01 2.51189E+01 3.98107E+00 6.30957E+00 9.99999E+00 1.58489E+01 2.51189E+01 3.98107E+01 6.30957E+00 9.99999E+00 1.58489E+01 2.51189E+01 3.98107E+01 6.30957E+01 
90000 
2.20056E-04 
2.18902E-04 
5.24336E-04 
2.17767E-04 
5.23127E-04 
2.16627E-04 
5.22649E-04 
1.28450E-03 
2.15563E-04 
5.22457E-04 
1.28549E-03 
3.24321E-03 
2.14711E-04 
5.22510E-04 
1.28767E-03 
3.24070E-03 
2.14106E-04 
5.22647E-04 
1.28997E-03 
3.23393E-03 
8.17401E-03 
2.13131E-04 
5.21448E-04 
1.28871E-03 
3.21698E-03 
8.11483E-03 
2.09481E-04 
5.13965E-04 
1.27196E-03 
3.16494E-03 
7.96130E-03 
2.01265E-02 
1.99806E-04 
4.92175E-04 
1.22015E-03 
3.03302E-03 
7.60814E-03 
1.91685E-02 
4.89223E-02 
4.55628E-04 
1.13252E-03 
2.81899E-03 
7.06256E-03 
1.77586E-02 
4.50889E-02 
1.04315E-03 
2.60312E-03 
6.52014E-03 
1.63763E-02 
4.14087E-02 
1.06678E-01 
2.40941E-03 
6.03284E-03 
1.51381E-02 
3.81523E-02 
9.72408E-02 
2.55683E-01 
---
