PdfType: replica
Format: lhagrid1
---
4.34963E-04 7.77181E-04 7.77181E-04 1.38865E-03 1.38865E-03 2.48120E-03 2.48120E-03 2.48120E-03 4.43334E-03 4.43334E-03 4.43334E-03 4.43334E-03 7.92137E-03 7.92137E-03 7.92137E-03 7.92137E-03 1.41537E-02 1.41537E-02 1.41537E-02 1.41537E-02 1.41537E-02 2.52895E-02 2.52895E-02 2.52895E-02 2.52895E-02 2.52895E-02 4.51866E-02 4.51866E-02 4.51866E-02 4.51866E-02 4.51866E-02 4.51866E-02 8.07383E-02 8.07383E-02 8.07383E-02 8.07383E-02 8.07383E-02 8.07383E-02 8.07383E-02 1.44261E-01 1.44261E-01 1.44261E-01 1.44261E-01 1.44261E-01 1.44261E-01 2.57762E-01 2.57762E-01 2.57762E-01 2.57762E-01 2.57762E-01 2.57762E-01 4.60562E-01 4.60562E-01 4.60562E-01 4.60562E-01 4.60562E-01 4.60562E-01 
1.58489E+00 1.58489E+00 2.51189E+00 1.58489E+00 2.51189E+00 1.58489E+00 2.51189E+00 3.98107E+00 1.58489E+00 2.51189E+00 3.98107E+00 6.30957E+00 1.58489E+00 2.51189E+00 3.98107E+00 6.30957E+00 1.58489E+00 2.51189E+00 3.98107E+00 6.30957E+00 9.99999E+00 1.58489E+00 2.51189E+00 3.98107E+00 6.30957E+00 9.99999E+00 1.58489E+00 2.51189E+00 3.98107E+00 6.30957E+00 9.99999E+00 1.58489E+01 1.58489E+00 2.51189E+00 3.98107E+00 6.30957E+00 9.99999E+00 1.58489E+01 2.51189E+01 2.51189E+00 3.98107E+00 6.30957E+00 9.99999E+00 1.58489E+01 2.51189E+01 3.98107E+00 6.30957E+00 9.99999E+00 1.58489E+01 2.51189E+01 3.98107E+01 6.30957E+00 9.99999E+00 1.58489E+01 2.51189E+01 3.98107E+01 6.30957E+01 
90000 
2.19828E-04 
2.18506E-04 
5.23523E-04 
2.17132E-04 
5.21833E-04 
2.15665E-04 
5.20696E-04 
1.28037E-03 
2.14189E-04 
5.19676E-04 
1.27965E-03 
3.23056E-03 
2.12881E-04 
5.18843E-04 
1.28001E-03 
3.22434E-03 
2.11905E-04 
5.18348E-04 
1.28109E-03 
3.21512E-03 
8.13205E-03 
2.10936E-04 
5.17326E-04 
1.28030E-03 
3.19944E-03 
8.07598E-03 
2.07972E-04 
5.11172E-04 
1.26624E-03 
3.15290E-03 
7.93474E-03 
2.00661E-02 
1.99160E-04 
4.90850E-04 
1.21737E-03 
3.02652E-03 
7.59472E-03 
1.91400E-02 
4.88583E-02 
4.55280E-04 
1.13242E-03 
2.81941E-03 
7.06599E-03 
1.77711E-02 
4.51270E-02 
1.04905E-03 
2.61812E-03 
6.55627E-03 
1.64639E-02 
4.16226E-02 
1.07201E-01 
2.41968E-03 
6.05616E-03 
1.51918E-02 
3.82762E-02 
9.75219E-02 
2.56275E-01 
---
