PdfType: replica
Format: lhagrid1
---
4.34963E-04 7.77181E-04 7.77181E-04 1.38865E-03 1.38865E-03 2.48120E-03 2.48120E-03 2.48120E-03 4.43334E-03 4.43334E-03 4.43334E-03 4.43334E-03 7.92137E-03 7.92137E-03 7.92137E-03 7.92137E-03 1.41537E-02 1.41537E-02 1.41537E-02 1.41537E-02 1.41537E-02 2.52895E-02 2.52895E-02 2.52895E-02 2.52895E-02 2.52895E-02 4.51866E-02 4.51866E-02 4.51866E-02 4.51866E-02 4.51866E-02 4.51866E-02 8.07383E-02 8.07383E-02 8.07383E-02 8.07383E-02 8.07383E-02 8.07383E-02 8.07383E-02 1.44261E-01 1.44261E-01 1.44261E-01 1.44261E-01 1.44261E-01 1.44261E-01 2.57762E-01 2.57762E-01 2.57762E-01 2.57762E-01 2.57762E-01 2.57762E-01 4.60562E-01 4.60562E-01 4.60562E-01 4.60562E-01 4.60562E-01 4.60562E-01 
1.58489E+00 1.58489E+00 2.51189E+00 1.58489E+00 2.51189E+00 1.58489E+00 2.51189E+00 3.98107E+00 1.58489E+00 2.51189E+00 3.98107E+00 6.30957E+00 1.58489E+00 2.51189E+00 3.98107E+00 6.30957E+00 1.58489E+00 2.51189E+00 3.98107E+00 6.30957E+00 9.99999E+00 1.58489E+00 2.51189E+00 3.98107E+00 6.30957E+00 9.99999E+00 1.58489E+00 2.51189E+00 3.98107E+00 6.30957E+00 9.99999E+00 1.58489E+01 1.58489E+00 2.51189E+00 3.98107E+00 6.30957E+00 9.99999E+00 1.58489E+01 2.51189E+01 2.51189E+00 3.98107E+00 6.30957E+00 9.99999E+00 1.58489E+01 2.51189E+01 3.98107E+00 6.30957E+00 9.99999E+00 1.58489E+01 2.51189E+01 3.98107E+01 6.30957E+00 9.99999E+00 1.58489E+01 2.51189E+01 3.98107E+01 6.30957E+01 
90000 
2.20198E-04 
2.19064E-04 
5.24789E-04 
2.17898E-04 
5.23463E-04 
2.16619E-04 
5.22639E-04 
1.28444E-03 
2.15220E-04 
5.21709E-04 
1.28379E-03 
3.23936E-03 
2.13727E-04 
5.20445E-04 
1.28313E-03 
3.23083E-03 
2.12157E-04 
5.18704E-04 
1.28150E-03 
3.21579E-03 
8.13302E-03 
2.10293E-04 
5.15893E-04 
1.27701E-03 
3.19201E-03 
8.05925E-03 
2.06929E-04 
5.09102E-04 
1.26197E-03 
3.14368E-03 
7.91543E-03 
2.00252E-02 
1.99066E-04 
4.90937E-04 
1.21794E-03 
3.02875E-03 
7.60048E-03 
1.91545E-02 
4.88955E-02 
4.56398E-04 
1.13399E-03 
2.82212E-03 
7.06860E-03 
1.77698E-02 
4.51065E-02 
1.04108E-03 
2.59726E-03 
6.50484E-03 
1.63361E-02 
4.13022E-02 
1.06386E-01 
2.38563E-03 
5.96990E-03 
1.49737E-02 
3.77280E-02 
9.61629E-02 
2.53045E-01 
---
