PdfType: replica
Format: lhagrid1
---
4.34963E-04 7.77181E-04 7.77181E-04 1.38865E-03 1.38865E-03 2.48120E-03 2.48120E-03 2.48120E-03 4.43334E-03 4.43334E-03 4.43334E-03 4.43334E-03 7.92137E-03 7.92137E-03 7.92137E-03 7.92137E-03 1.41537E-02 1.41537E-02 1.41537E-02 1.41537E-02 1.41537E-02 2.52895E-02 2.52895E-02 2.52895E-02 2.52895E-02 2.52895E-02 4.51866E-02 4.51866E-02 4.51866E-02 4.51866E-02 4.51866E-02 4.51866E-02 8.07383E-02 8.07383E-02 8.07383E-02 8.07383E-02 8.07383E-02 8.07383E-02 8.07383E-02 1.44261E-01 1.44261E-01 1.44261E-01 1.44261E-01 1.44261E-01 1.44261E-01 2.57762E-01 2.57762E-01 2.57762E-01 2.57762E-01 2.57762E-01 2.57762E-01 4.60562E-01 4.60562E-01 4.60562E-01 4.60562E-01 4.60562E-01 4.60562E-01 
1.58489E+00 1.58489E+00 2.51189E+00 1.58489E+00 2.51189E+00 1.58489E+00 2.51189E+00 3.98107E+00 1.58489E+00 2.51189E+00 3.98107E+00 6.30957E+00 1.58489E+00 2.51189E+00 3.98107E+00 6.30957E+00 1.58489E+00 2.51189E+00 3.98107E+00 6.30957E+00 9.99999E+00 1.58489E+00 2.51189E+00 3.98107E+00 6.30957E+00 9.99999E+00 1.58489E+00 2.51189E+00 3.98107E+00 6.30957E+00 9.99999E+00 1.58489E+01 1.58489E+00 2.51189E+00 3.98107E+00 6.30957E+00 9.99999E+00 1.58489E+01 2.51189E+01 2.51189E+00 3.98107E+00 6.30957E+00 9.99999E+00 1.58489E+01 2.51189E+01 3.98107E+00 6.30957E+00 9.99999E+00 1.58489E+01 2.51189E+01 3.98107E+01 6.30957E+00 9.99999E+00 1.58489E+01 2.51189E+01 3.98107E+01 6.30957E+01 
90000 
2.20253E-04 
2.19042E-04 
5.24561E-04 
2.17788E-04 
5.23102E-04 
2.16445E-04 
5.22212E-04 
1.28346E-03 
2.15077E-04 
5.21422E-04 
1.28325E-03 
3.23836E-03 
2.13845E-04 
5.20769E-04 
1.28404E-03 
3.23312E-03 
2.12936E-04 
5.20433E-04 
1.28554E-03 
3.22491E-03 
8.15544E-03 
2.12096E-04 
5.19689E-04 
1.28547E-03 
3.21079E-03 
8.10310E-03 
2.09298E-04 
5.13917E-04 
1.27235E-03 
3.16650E-03 
7.96668E-03 
2.01450E-02 
2.00365E-04 
4.93404E-04 
1.22300E-03 
3.03936E-03 
7.62338E-03 
1.92059E-02 
4.90186E-02 
4.56336E-04 
1.13441E-03 
2.82374E-03 
7.07435E-03 
1.77876E-02 
4.51598E-02 
1.04798E-03 
2.61557E-03 
6.55062E-03 
1.64510E-02 
4.15915E-02 
1.07118E-01 
2.41858E-03 
6.05289E-03 
1.51824E-02 
3.82503E-02 
9.74561E-02 
2.56143E-01 
---
