PdfType: replica
Format: lhagrid1
---
4.34963E-04 7.77181E-04 7.77181E-04 1.38865E-03 1.38865E-03 2.48120E-03 2.48120E-03 2.48120E-03 4.43334E-03 4.43334E-03 4.43334E-03 4.43334E-03 7.92137E-03 7.92137E-03 7.92137E-03 7.92137E-03 1.41537E-02 1.41537E-02 1.41537E-02 1.41537E-02 1.41537E-02 2.52895E-02 2.52895E-02 2.52895E-02 2.52895E-02 2.52895E-02 4.51866E-02 4.51866E-02 4.51866E-02 4.51866E-02 4.51866E-02 4.51866E-02 8.07383E-02 8.07383E-02 8.07383E-02 8.07383E-02 8.07383E-02 8.07383E-02 8.07383E-02 1.44261E-01 1.44261E-01 1.44261E-01 1.44261E-01 1.44261E-01 1.44261E-01 2.57762E-01 2.57762E-01 2.57762E-01 2.57762E-01 2.57762E-01 2.57762E-01 4.60562E-01 4.60562E-01 4.60562E-01 4.60562E-01 4.60562E-01 4.60562E-01 
1.58489E+00 1.58489E+00 2.51189E+00 1.58489E+00 2.51189E+00 1.58489E+00 2.51189E+00 3.98107E+00 1.58489E+00 2.51189E+00 3.98107E+00 6.30957E+00 1.58489E+00 2.51189E+00 3.98107E+00 6.30957E+00 1.58489E+00 2.51189E+00 3.98107E+00 6.30957E+00 9.99999E+00 1.58489E+00 2.51189E+00 3.98107E+00 6.30957E+00 9.99999E+00 1.58489E+00 2.51189E+00 3.98107E+00 6.30957E+00 9.99999E+00 1.58489E+01 1.58489E+00 2.51189E+00 3.98107E+00 6.30957E+00 9.99999E+00 1.58489E+01 2.51189E+01 2.51189E+00 3.98107E+00 6.30957E+00 9.99999E+00 1.58489E+01 2.51189E+01 3.98107E+00 6.30957E+00 9.99999E+00 1.58489E+01 2.51189E+01 3.98107E+01 6.30957E+00 9.99999E+00 1.58489E+01 2.51189E+01 3.98107E+01 6.30957E+01 
90000 
2.19712E-04 
2.18469E-04 
5.23473E-04 
2.17179E-04 
5.21944E-04 
2.15770E-04 
5.20901E-04 
1.28081E-03 
2.14265E-04 
5.19791E-04 
1.27985E-03 
3.23080E-03 
2.12753E-04 
5.18525E-04 
1.27925E-03 
3.22247E-03 
2.11344E-04 
5.17159E-04 
1.27845E-03 
3.20929E-03 
8.11927E-03 
2.09841E-04 
5.15094E-04 
1.27546E-03 
3.18885E-03 
8.05236E-03 
2.06669E-04 
5.08546E-04 
1.26063E-03 
3.14061E-03 
7.90738E-03 
2.00056E-02 
1.98314E-04 
4.89260E-04 
1.21417E-03 
3.01989E-03 
7.58045E-03 
1.91090E-02 
4.87918E-02 
4.55606E-04 
1.13320E-03 
2.82130E-03 
7.07015E-03 
1.77803E-02 
4.51479E-02 
1.04748E-03 
2.61303E-03 
6.54180E-03 
1.64244E-02 
4.15185E-02 
1.06943E-01 
2.40232E-03 
6.01332E-03 
1.50860E-02 
3.80161E-02 
9.68905E-02 
2.54809E-01 
---
