PdfType: replica
Format: lhagrid1
---
4.34963E-04 7.77181E-04 7.77181E-04 1.38865E-03 1.38865E-03 2.48120E-03 2.48120E-03 2.48120E-03 4.43334E-03 4.43334E-03 4.43334E-03 4.43334E-03 7.92137E-03 7.92137E-03 7.92137E-03 7.92137E-03 1.41537E-02 1.41537E-02 1.41537E-02 1.41537E-02 1.41537E-02 2.52895E-02 2.52895E-02 2.52895E-02 2.52895E-02 2.52895E-02 4.51866E-02 4.51866E-02 4.51866E-02 4.51866E-02 4.51866E-02 4.51866E-02 8.07383E-02 8.07383E-02 8.07383E-02 8.07383E-02 8.07383E-02 8.07383E-02 8.07383E-02 1.44261E-01 1.44261E-01 1.44261E-01 1.44261E-01 1.44261E-01 1.44261E-01 2.57762E-01 2.57762E-01 2.57762E-01 2.57762E-01 2.57762E-01 2.57762E-01 4.60562E-01 4.60562E-01 4.60562E-01 4.60562E-01 4.60562E-01 4.60562E-01 
1.58489E+00 1.58489E+00 2.51189E+00 1.58489E+00 2.51189E+00 1.58489E+00 2.51189E+00 3.98107E+00 1.58489E+00 2.51189E+00 3.98107E+00 6.30957E+00 1.58489E+00 2.51189E+00 3.98107E+00 6.30957E+00 1.58489E+00 2.51189E+00 3.98107E+00 6.30957E+00 9.99999E+00 1.58489E+00 2.51189E+00 3.98107E+00 6.30957E+00 9.99999E+00 1.58489E+00 2.51189E+00 3.98107E+00 6.30957E+00 9.99999E+00 1.58489E+01 1.58489E+00 2.51189E+00 3.98107E+00 6.30957E+00 9.99999E+00 1.58489E+01 2.51189E+01 2.51189E+00 3.98107E+00 6.30957E+00 9.99999E+00 1.58489E+01 2.51189E+01 3.98107E+00 6.30957E+00 9.99999E+00 1.58489E+01 2.51189E+01 3.98107E+01 6.30957E+00 9.99999E+00 1.58489E+01 2.51189E+01 3.98107E+01 6.30957E+01 
90000 
2.19209E-04 
2.17610E-04 
5.22140E-04 
2.15864E-04 
5.19734E-04 
2.13940E-04 
5.17663E-04 
1.27445E-03 
2.11968E-04 
5.15592E-04 
1.27152E-03 
3.21323E-03 
2.10236E-04 
5.13847E-04 
1.26993E-03 
3.20282E-03 
2.09106E-04 
5.13006E-04 
1.27021E-03 
3.19175E-03 
8.08086E-03 
2.08396E-04 
5.12429E-04 
1.27012E-03 
3.17740E-03 
8.02653E-03 
2.05725E-04 
5.06620E-04 
1.25633E-03 
3.13097E-03 
7.88394E-03 
1.99482E-02 
1.96972E-04 
4.86453E-04 
1.20806E-03 
3.00608E-03 
7.54936E-03 
1.90373E-02 
4.86179E-02 
4.55043E-04 
1.13243E-03 
2.81997E-03 
7.06873E-03 
1.77796E-02 
4.51484E-02 
1.04874E-03 
2.61840E-03 
6.55866E-03 
1.64745E-02 
4.16613E-02 
1.07334E-01 
2.44753E-03 
6.13073E-03 
1.53884E-02 
3.87894E-02 
9.88461E-02 
2.59622E-01 
---
