PdfType: replica
Format: lhagrid1
---
4.34963E-04 7.77181E-04 7.77181E-04 1.38865E-03 1.38865E-03 2.48120E-03 2.48120E-03 2.48120E-03 4.43334E-03 4.43334E-03 4.43334E-03 4.43334E-03 7.92137E-03 7.92137E-03 7.92137E-03 7.92137E-03 1.41537E-02 1.41537E-02 1.41537E-02 1.41537E-02 1.41537E-02 2.52895E-02 2.52895E-02 2.52895E-02 2.52895E-02 2.52895E-02 4.51866E-02 4.51866E-02 4.51866E-02 4.51866E-02 4.51866E-02 4.51866E-02 8.07383E-02 8.07383E-02 8.07383E-02 8.07383E-02 8.07383E-02 8.07383E-02 8.07383E-02 1.44261E-01 1.44261E-01 1.44261E-01 1.44261E-01 1.44261E-01 1.44261E-01 2.57762E-01 2.57762E-01 2.57762E-01 2.57762E-01 2.57762E-01 2.57762E-01 4.60562E-01 4.60562E-01 4.60562E-01 4.60562E-01 4.60562E-01 4.60562E-01 
1.58489E+00 1.58489E+00 2.51189E+00 1.58489E+00 2.51189E+00 1.58489E+00 2.51189E+00 3.98107E+00 1.58489E+00 2.51189E+00 3.98107E+00 6.30957E+00 1.58489E+00 2.51189E+00 3.98107E+00 6.30957E+00 1.58489E+00 2.51189E+00 3.98107E+00 6.30957E+00 9.99999E+00 1.58489E+00 2.51189E+00 3.98107E+00 6.30957E+00 9.99999E+00 1.58489E+00 2.51189E+00 3.98107E+00 6.30957E+00 9.99999E+00 1.58489E+01 1.58489E+00 2.51189E+00 3.98107E+00 6.30957E+00 9.99999E+00 1.58489E+01 2.51189E+01 2.51189E+00 3.98107E+00 6.30957E+00 9.99999E+00 1.58489E+01 2.51189E+01 3.98107E+00 6.30957E+00 9.99999E+00 1.58489E+01 2.51189E+01 3.98107E+01 6.30957E+00 9.99999E+00 1.58489E+01 2.51189E+01 3.98107E+01 6.30957E+01 
90000 
2.20349E-04 
2.19281E-04 
5.25067E-04 
2.18223E-04 
5.23973E-04 
2.17126E-04 
5.23560E-04 
1.28631E-03 
2.16039E-04 
5.23332E-04 
1.28723E-03 
3.24686E-03 
2.15075E-04 
5.23215E-04 
1.28912E-03 
3.24387E-03 
2.14304E-04 
5.23133E-04 
1.29111E-03 
3.23669E-03 
8.18064E-03 
2.13303E-04 
5.22003E-04 
1.29019E-03 
3.22067E-03 
8.12410E-03 
2.10018E-04 
5.15270E-04 
1.27516E-03 
3.17238E-03 
7.97961E-03 
2.01724E-02 
2.00726E-04 
4.94232E-04 
1.22497E-03 
3.04417E-03 
7.63457E-03 
1.92318E-02 
4.90767E-02 
4.57233E-04 
1.13638E-03 
2.82871E-03 
7.08564E-03 
1.78142E-02 
4.52238E-02 
1.04838E-03 
2.61678E-03 
6.55502E-03 
1.64649E-02 
4.16316E-02 
1.07228E-01 
2.42552E-03 
6.07154E-03 
1.52313E-02 
3.83767E-02 
9.77744E-02 
2.56899E-01 
---
