PdfType: replica
Format: lhagrid1
---
4.34963E-04 7.77181E-04 7.77181E-04 1.38865E-03 1.38865E-03 2.48120E-03 2.48120E-03 2.48120E-03 4.43334E-03 4.43334E-03 4.43334E-03 4.43334E-03 7.92137E-03 7.92137E-03 7.92137E-03 7.92137E-03 1.41537E-02 1.41537E-02 1.41537E-02 1.41537E-02 1.41537E-02 2.52895E-02 2.52895E-02 2.52895E-02 2.52895E-02 2.52895E-02 4.51866E-02 4.51866E-02 4.51866E-02 4.51866E-02 4.51866E-02 4.51866E-02 8.07383E-02 8.07383E-02 8.07383E-02 8.07383E-02 8.07383E-02 8.07383E-02 8.07383E-02 1.44261E-01 1.44261E-01 1.44261E-01 1.44261E-01 1.44261E-01 1.44261E-01 2.57762E-01 2.57762E-01 2.57762E-01 2.57762E-01 2.57762E-01 2.57762E-01 4.60562E-01 4.60562E-01 4.60562E-01 4.60562E-01 4.60562E-01 4.60562E-01 
1.58489E+00 1.58489E+00 2.51189E+00 1.58489E+00 2.51189E+00 1.58489E+00 2.51189E+00 3.98107E+00 1.58489E+00 2.51189E+00 3.98107E+00 6.30957E+00 1.58489E+00 2.51189E+00 3.98107E+00 6.30957E+00 1.58489E+00 2.51189E+00 3.98107E+00 6.30957E+00 9.99999E+00 1.58489E+00 2.51189E+00 3.98107E+00 6.30957E+00 9.99999E+00 1.58489E+00 2.51189E+00 3.98107E+00 6.30957E+00 9.99999E+00 1.58489E+01 1.58489E+00 2.51189E+00 3.98107E+00 6.30957E+00 9.99999E+00 1.58489E+01 2.51189E+01 2.51189E+00 3.98107E+00 6.30957E+00 9.99999E+00 1.58489E+01 2.51189E+01 3.98107E+00 6.30957E+00 9.99999E+00 1.58489E+01 2.51189E+01 3.98107E+01 6.30957E+00 9.99999E+00 1.58489E+01 2.51189E+01 3.98107E+01 6.30957E+01 
90000 
2.19949E-04 
2.18798E-04 
5.24361E-04 
2.17662E-04 
5.23072E-04 
2.16500E-04 
5.22459E-04 
1.28416E-03 
2.15364E-04 
5.22050E-04 
1.28462E-03 
3.24156E-03 
2.14369E-04 
5.21800E-04 
1.28613E-03 
3.23779E-03 
2.13600E-04 
5.21660E-04 
1.28787E-03 
3.22996E-03 
8.16543E-03 
2.12618E-04 
5.20459E-04 
1.28654E-03 
3.21257E-03 
8.10480E-03 
2.09144E-04 
5.13094E-04 
1.26974E-03 
3.15940E-03 
7.94789E-03 
2.00923E-02 
1.99174E-04 
4.90556E-04 
1.21620E-03 
3.02326E-03 
7.58497E-03 
1.91116E-02 
4.87715E-02 
4.53838E-04 
1.12876E-03 
2.81102E-03 
7.04497E-03 
1.77189E-02 
4.49949E-02 
1.04489E-03 
2.60771E-03 
6.53226E-03 
1.64074E-02 
4.14879E-02 
1.06882E-01 
2.40166E-03 
6.00862E-03 
1.50679E-02 
3.79584E-02 
9.67306E-02 
2.54466E-01 
---
