PdfType: replica
Format: lhagrid1
---
4.34963E-04 7.77181E-04 7.77181E-04 1.38865E-03 1.38865E-03 2.48120E-03 2.48120E-03 2.48120E-03 4.43334E-03 4.43334E-03 4.43334E-03 4.43334E-03 7.92137E-03 7.92137E-03 7.92137E-03 7.92137E-03 1.41537E-02 1.41537E-02 1.41537E-02 1.41537E-02 1.41537E-02 2.52895E-02 2.52895E-02 2.52895E-02 2.52895E-02 2.52895E-02 4.51866E-02 4.51866E-02 4.51866E-02 4.51866E-02 4.51866E-02 4.51866E-02 8.07383E-02 8.07383E-02 8.07383E-02 8.07383E-02 8.07383E-02 8.07383E-02 8.07383E-02 1.44261E-01 1.44261E-01 1.44261E-01 1.44261E-01 1.44261E-01 1.44261E-01 2.57762E-01 2.57762E-01 2.57762E-01 2.57762E-01 2.57762E-01 2.57762E-01 4.60562E-01 4.60562E-01 4.60562E-01 4.60562E-01 4.60562E-01 4.60562E-01 
1.58489E+00 1.58489E+00 2.51189E+00 1.58489E+00 2.51189E+00 1.58489E+00 2.51189E+00 3.98107E+00 1.58489E+00 2.51189E+00 3.98107E+00 6.30957E+00 1.58489E+00 2.51189E+00 3.98107E+00 6.30957E+00 1.58489E+00 2.51189E+00 3.98107E+00 6.30957E+00 9.99999E+00 1.58489E+00 2.51189E+00 3.98107E+00 6.30957E+00 9.99999E+00 1.58489E+00 2.51189E+00 3.98107E+00 6.30957E+00 9.99999E+00 1.58489E+01 1.58489E+00 2.51189E+00 3.98107E+00 6.30957E+00 9.99999E+00 1.58489E+01 2.51189E+01 2.51189E+00 3.98107E+00 6.30957E+00 9.99999E+00 1.58489E+01 2.51189E+01 3.98107E+00 6.30957E+00 9.99999E+00 1.58489E+01 2.51189E+01 3.98107E+01 6.30957E+00 9.99999E+00 1.58489E+01 2.51189E+01 3.98107E+01 6.30957E+01 
90000 
2.20032E-04 
2.18829E-04 
5.24296E-04 
2.17589E-04 
5.22827E-04 
2.16247E-04 
5.21885E-04 
1.28288E-03 
2.14831E-04 
5.20918E-04 
1.28214E-03 
3.23626E-03 
2.13428E-04 
5.19805E-04 
1.28177E-03 
3.22820E-03 
2.12110E-04 
5.18498E-04 
1.28097E-03 
3.21457E-03 
8.13097E-03 
2.10557E-04 
5.16197E-04 
1.27740E-03 
3.19229E-03 
8.05974E-03 
2.07041E-04 
5.09015E-04 
1.26134E-03 
3.14134E-03 
7.90857E-03 
2.00056E-02 
1.98298E-04 
4.89155E-04 
1.21383E-03 
3.01895E-03 
7.57731E-03 
1.90983E-02 
4.87501E-02 
4.55143E-04 
1.13198E-03 
2.81849E-03 
7.06291E-03 
1.77613E-02 
4.50926E-02 
1.04678E-03 
2.61200E-03 
6.54109E-03 
1.64256E-02 
4.15235E-02 
1.06933E-01 
2.40681E-03 
6.02197E-03 
1.51020E-02 
3.80436E-02 
9.69308E-02 
2.54843E-01 
---
