PdfType: replica
Format: lhagrid1
---
4.34963E-04 7.77181E-04 7.77181E-04 1.38865E-03 1.38865E-03 2.48120E-03 2.48120E-03 2.48120E-03 4.43334E-03 4.43334E-03 4.43334E-03 4.43334E-03 7.92137E-03 7.92137E-03 7.92137E-03 7.92137E-03 1.41537E-02 1.41537E-02 1.41537E-02 1.41537E-02 1.41537E-02 2.52895E-02 2.52895E-02 2.52895E-02 2.52895E-02 2.52895E-02 4.51866E-02 4.51866E-02 4.51866E-02 4.51866E-02 4.51866E-02 4.51866E-02 8.07383E-02 8.07383E-02 8.07383E-02 8.07383E-02 8.07383E-02 8.07383E-02 8.07383E-02 1.44261E-01 1.44261E-01 1.44261E-01 1.44261E-01 1.44261E-01 1.44261E-01 2.57762E-01 2.57762E-01 2.57762E-01 2.57762E-01 2.57762E-01 2.57762E-01 4.60562E-01 4.60562E-01 4.60562E-01 4.60562E-01 4.60562E-01 4.60562E-01 
1.58489E+00 1.58489E+00 2.51189E+00 1.58489E+00 2.51189E+00 1.58489E+00 2.51189E+00 3.98107E+00 1.58489E+00 2.51189E+00 3.98107E+00 6.30957E+00 1.58489E+00 2.51189E+00 3.98107E+00 6.30957E+00 1.58489E+00 2.51189E+00 3.98107E+00 6.30957E+00 9.99999E+00 1.58489E+00 2.51189E+00 3.98107E+00 6.30957E+00 9.99999E+00 1.58489E+00 2.51189E+00 3.98107E+00 6.30957E+00 9.99999E+00 1.58489E+01 1.58489E+00 2.51189E+00 3.98107E+00 6.30957E+00 9.99999E+00 1.58489E+01 2.51189E+01 2.51189E+00 3.98107E+00 6.30957E+00 9.99999E+00 1.58489E+01 2.51189E+01 3.98107E+00 6.30957E+00 9.99999E+00 1.58489E+01 2.51189E+01 3.98107E+01 6.30957E+00 9.99999E+00 1.58489E+01 2.51189E+01 3.98107E+01 6.30957E+01 
90000 
2.20397E-04 
2.19349E-04 
5.25293E-04 
2.18306E-04 
5.24225E-04 
2.17217E-04 
5.23809E-04 
1.28686E-03 
2.16124E-04 
5.23528E-04 
1.28763E-03 
3.24806E-03 
2.15112E-04 
5.23250E-04 
1.28910E-03 
3.24412E-03 
2.14198E-04 
5.22793E-04 
1.29019E-03 
3.23488E-03 
8.17723E-03 
2.12897E-04 
5.21025E-04 
1.28788E-03 
3.21572E-03 
8.11347E-03 
2.09318E-04 
5.13820E-04 
1.27202E-03 
3.16572E-03 
7.96550E-03 
2.01432E-02 
2.00358E-04 
4.93645E-04 
1.22399E-03 
3.04235E-03 
7.63214E-03 
1.92300E-02 
4.90836E-02 
4.58252E-04 
1.13857E-03 
2.83297E-03 
7.09491E-03 
1.78340E-02 
4.52680E-02 
1.04592E-03 
2.60870E-03 
6.53059E-03 
1.63953E-02 
4.14421E-02 
1.06739E-01 
2.38941E-03 
5.97711E-03 
1.49875E-02 
3.77545E-02 
9.62176E-02 
2.53196E-01 
---
