PdfType: replica
Format: lhagrid1
---
4.34963E-04 7.77181E-04 7.77181E-04 1.38865E-03 1.38865E-03 2.48120E-03 2.48120E-03 2.48120E-03 4.43334E-03 4.43334E-03 4.43334E-03 4.43334E-03 7.92137E-03 7.92137E-03 7.92137E-03 7.92137E-03 1.41537E-02 1.41537E-02 1.41537E-02 1.41537E-02 1.41537E-02 2.52895E-02 2.52895E-02 2.52895E-02 2.52895E-02 2.52895E-02 4.51866E-02 4.51866E-02 4.51866E-02 4.51866E-02 4.51866E-02 4.51866E-02 8.07383E-02 8.07383E-02 8.07383E-02 8.07383E-02 8.07383E-02 8.07383E-02 8.07383E-02 1.44261E-01 1.44261E-01 1.44261E-01 1.44261E-01 1.44261E-01 1.44261E-01 2.57762E-01 2.57762E-01 2.57762E-01 2.57762E-01 2.57762E-01 2.57762E-01 4.60562E-01 4.60562E-01 4.60562E-01 4.60562E-01 4.60562E-01 4.60562E-01 
1.58489E+00 1.58489E+00 2.51189E+00 1.58489E+00 2.51189E+00 1.58489E+00 2.51189E+00 3.98107E+00 1.58489E+00 2.51189E+00 3.98107E+00 6.30957E+00 1.58489E+00 2.51189E+00 3.98107E+00 6.30957E+00 1.58489E+00 2.51189E+00 3.98107E+00 6.30957E+00 9.99999E+00 1.58489E+00 2.51189E+00 3.98107E+00 6.30957E+00 9.99999E+00 1.58489E+00 2.51189E+00 3.98107E+00 6.30957E+00 9.99999E+00 1.58489E+01 1.58489E+00 2.51189E+00 3.98107E+00 6.30957E+00 9.99999E+00 1.58489E+01 2.51189E+01 2.51189E+00 3.98107E+00 6.30957E+00 9.99999E+00 1.58489E+01 2.51189E+01 3.98107E+00 6.30957E+00 9.99999E+00 1.58489E+01 2.51189E+01 3.98107E+01 6.30957E+00 9.99999E+00 1.58489E+01 2.51189E+01 3.98107E+01 6.30957E+01 
90000 
2.20289E-04 
2.19219E-04 
5.24642E-04 
2.18150E-04 
5.23533E-04 
2.17018E-04 
5.23059E-04 
1.28507E-03 
2.15843E-04 
5.22676E-04 
1.28568E-03 
3.24354E-03 
2.14701E-04 
5.22264E-04 
1.28699E-03 
3.23930E-03 
2.13664E-04 
5.21769E-04 
1.28821E-03 
3.23053E-03 
8.16836E-03 
2.12459E-04 
5.20387E-04 
1.28686E-03 
3.21372E-03 
8.10956E-03 
2.09385E-04 
5.14076E-04 
1.27263E-03 
3.16688E-03 
7.96753E-03 
2.01489E-02 
2.00546E-04 
4.93622E-04 
1.22314E-03 
3.03899E-03 
7.62106E-03 
1.91990E-02 
4.90135E-02 
4.55103E-04 
1.13058E-03 
2.81354E-03 
7.04677E-03 
1.77165E-02 
4.49872E-02 
1.03929E-03 
2.59447E-03 
6.50041E-03 
1.63312E-02 
4.13075E-02 
1.06467E-01 
2.40465E-03 
6.01886E-03 
1.50989E-02 
3.80468E-02 
9.69728E-02 
2.55097E-01 
---
