PdfType: replica
Format: lhagrid1
---
4.34963E-04 7.77181E-04 7.77181E-04 1.38865E-03 1.38865E-03 2.48120E-03 2.48120E-03 2.48120E-03 4.43334E-03 4.43334E-03 4.43334E-03 4.43334E-03 7.92137E-03 7.92137E-03 7.92137E-03 7.92137E-03 1.41537E-02 1.41537E-02 1.41537E-02 1.41537E-02 1.41537E-02 2.52895E-02 2.52895E-02 2.52895E-02 2.52895E-02 2.52895E-02 4.51866E-02 4.51866E-02 4.51866E-02 4.51866E-02 4.51866E-02 4.51866E-02 8.07383E-02 8.07383E-02 8.07383E-02 8.07383E-02 8.07383E-02 8.07383E-02 8.07383E-02 1.44261E-01 1.44261E-01 1.44261E-01 1.44261E-01 1.44261E-01 1.44261E-01 2.57762E-01 2.57762E-01 2.57762E-01 2.57762E-01 2.57762E-01 2.57762E-01 4.60562E-01 4.60562E-01 4.60562E-01 4.60562E-01 4.60562E-01 4.60562E-01 
1.58489E+00 1.58489E+00 2.51189E+00 1.58489E+00 2.51189E+00 1.58489E+00 2.51189E+00 3.98107E+00 1.58489E+00 2.51189E+00 3.98107E+00 6.30957E+00 1.58489E+00 2.51189E+00 3.98107E+00 6.30957E+00 1.58489E+00 2.51189E+00 3.98107E+00 6.30957E+00 9.99999E+00 1.58489E+00 2.51189E+00 3.98107E+00 6.30957E+00 9.99999E+00 1.58489E+00 2.51189E+00 3.98107E+00 6.30957E+00 9.99999E+00 1.58489E+01 1.58489E+00 2.51189E+00 3.98107E+00 6.30957E+00 9.99999E+00 1.58489E+01 2.51189E+01 2.51189E+00 3.98107E+00 6.30957E+00 9.99999E+00 1.58489E+01 2.51189E+01 3.98107E+00 6.30957E+00 9.99999E+00 1.58489E+01 2.51189E+01 3.98107E+01 6.30957E+00 9.99999E+00 1.58489E+01 2.51189E+01 3.98107E+01 6.30957E+01 
90000 
2.19532E-04 
2.18266E-04 
5.23185E-04 
2.17029E-04 
5.21767E-04 
2.15813E-04 
5.21116E-04 
1.28144E-03 
2.14720E-04 
5.20839E-04 
1.28224E-03 
3.23663E-03 
2.13913E-04 
5.20965E-04 
1.28455E-03 
3.23431E-03 
2.13466E-04 
5.21423E-04 
1.28754E-03 
3.22882E-03 
8.16328E-03 
2.12784E-04 
5.20842E-04 
1.28763E-03 
3.21469E-03 
8.11020E-03 
2.09450E-04 
5.14042E-04 
1.27239E-03 
3.16606E-03 
7.96408E-03 
2.01324E-02 
1.99944E-04 
4.92648E-04 
1.22152E-03 
3.03655E-03 
7.61676E-03 
1.91889E-02 
4.89651E-02 
4.56735E-04 
1.13538E-03 
2.82623E-03 
7.08033E-03 
1.78021E-02 
4.51942E-02 
1.04716E-03 
2.61328E-03 
6.54513E-03 
1.64380E-02 
4.15610E-02 
1.07050E-01 
2.42113E-03 
6.06131E-03 
1.52075E-02 
3.83216E-02 
9.76537E-02 
2.56686E-01 
---
