PdfType: replica
Format: lhagrid1
---
4.34963E-04 7.77181E-04 7.77181E-04 1.38865E-03 1.38865E-03 2.48120E-03 2.48120E-03 2.48120E-03 4.43334E-03 4.43334E-03 4.43334E-03 4.43334E-03 7.92137E-03 7.92137E-03 7.92137E-03 7.92137E-03 1.41537E-02 1.41537E-02 1.41537E-02 1.41537E-02 1.41537E-02 2.52895E-02 2.52895E-02 2.52895E-02 2.52895E-02 2.52895E-02 4.51866E-02 4.51866E-02 4.51866E-02 4.51866E-02 4.51866E-02 4.51866E-02 8.07383E-02 8.07383E-02 8.07383E-02 8.07383E-02 8.07383E-02 8.07383E-02 8.07383E-02 1.44261E-01 1.44261E-01 1.44261E-01 1.44261E-01 1.44261E-01 1.44261E-01 2.57762E-01 2.57762E-01 2.57762E-01 2.57762E-01 2.57762E-01 2.57762E-01 4.60562E-01 4.60562E-01 4.60562E-01 4.60562E-01 4.60562E-01 4.60562E-01 
1.58489E+00 1.58489E+00 2.51189E+00 1.58489E+00 2.51189E+00 1.58489E+00 2.51189E+00 3.98107E+00 1.58489E+00 2.51189E+00 3.98107E+00 6.30957E+00 1.58489E+00 2.51189E+00 3.98107E+00 6.30957E+00 1.58489E+00 2.51189E+00 3.98107E+00 6.30957E+00 9.99999E+00 1.58489E+00 2.51189E+00 3.98107E+00 6.30957E+00 9.99999E+00 1.58489E+00 2.51189E+00 3.98107E+00 6.30957E+00 9.99999E+00 1.58489E+01 1.58489E+00 2.51189E+00 3.98107E+00 6.30957E+00 9.99999E+00 1.58489E+01 2.51189E+01 2.51189E+00 3.98107E+00 6.30957E+00 9.99999E+00 1.58489E+01 2.51189E+01 3.98107E+00 6.30957E+00 9.99999E+00 1.58489E+01 2.51189E+01 3.98107E+01 6.30957E+00 9.99999E+00 1.58489E+01 2.51189E+01 3.98107E+01 6.30957E+01 
90000 
2.19849E-04 
2.18456E-04 
5.23670E-04 
2.16950E-04 
5.21745E-04 
2.15299E-04 
5.20251E-04 
1.27955E-03 
2.13632E-04 
5.18854E-04 
1.27812E-03 
3.22735E-03 
2.12257E-04 
5.17877E-04 
1.27823E-03 
3.22091E-03 
2.11554E-04 
5.17847E-04 
1.28021E-03 
3.21351E-03 
8.12841E-03 
2.11217E-04 
5.17799E-04 
1.28112E-03 
3.20068E-03 
8.07804E-03 
2.08301E-04 
5.11340E-04 
1.26579E-03 
3.15039E-03 
7.92597E-03 
2.00390E-02 
1.98112E-04 
4.88165E-04 
1.21059E-03 
3.00999E-03 
7.55311E-03 
1.90349E-02 
4.85868E-02 
4.51838E-04 
1.12415E-03 
2.79949E-03 
7.01767E-03 
1.76528E-02 
4.48331E-02 
1.03989E-03 
2.59567E-03 
6.50224E-03 
1.63332E-02 
4.13049E-02 
1.06429E-01 
2.41125E-03 
6.03748E-03 
1.51500E-02 
3.81838E-02 
9.73261E-02 
2.55929E-01 
---
