PdfType: replica
Format: lhagrid1
---
4.34963E-04 7.77181E-04 7.77181E-04 1.38865E-03 1.38865E-03 2.48120E-03 2.48120E-03 2.48120E-03 4.43334E-03 4.43334E-03 4.43334E-03 4.43334E-03 7.92137E-03 7.92137E-03 7.92137E-03 7.92137E-03 1.41537E-02 1.41537E-02 1.41537E-02 1.41537E-02 1.41537E-02 2.52895E-02 2.52895E-02 2.52895E-02 2.52895E-02 2.52895E-02 4.51866E-02 4.51866E-02 4.51866E-02 4.51866E-02 4.51866E-02 4.51866E-02 8.07383E-02 8.07383E-02 8.07383E-02 8.07383E-02 8.07383E-02 8.07383E-02 8.07383E-02 1.44261E-01 1.44261E-01 1.44261E-01 1.44261E-01 1.44261E-01 1.44261E-01 2.57762E-01 2.57762E-01 2.57762E-01 2.57762E-01 2.57762E-01 2.57762E-01 4.60562E-01 4.60562E-01 4.60562E-01 4.60562E-01 4.60562E-01 4.60562E-01 
1.58489E+00 1.58489E+00 2.51189E+00 1.58489E+00 2.51189E+00 1.58489E+00 2.51189E+00 3.98107E+00 1.58489E+00 2.51189E+00 3.98107E+00 6.30957E+00 1.58489E+00 2.51189E+00 3.98107E+00 6.30957E+00 1.58489E+00 2.51189E+00 3.98107E+00 6.30957E+00 9.99999E+00 1.58489E+00 2.51189E+00 3.98107E+00 6.30957E+00 9.99999E+00 1.58489E+00 2.51189E+00 3.98107E+00 6.30957E+00 9.99999E+00 1.58489E+01 1.58489E+00 2.51189E+00 3.98107E+00 6.30957E+00 9.99999E+00 1.58489E+01 2.51189E+01 2.51189E+00 3.98107E+00 6.30957E+00 9.99999E+00 1.58489E+01 2.51189E+01 3.98107E+00 6.30957E+00 9.99999E+00 1.58489E+01 2.51189E+01 3.98107E+01 6.30957E+00 9.99999E+00 1.58489E+01 2.51189E+01 3.98107E+01 6.30957E+01 
90000 
2.21163E-04 
2.20133E-04 
5.26464E-04 
2.19059E-04 
5.25325E-04 
2.17865E-04 
5.24725E-04 
1.28841E-03 
2.16568E-04 
5.24098E-04 
1.28851E-03 
3.24966E-03 
2.15250E-04 
5.23326E-04 
1.28906E-03 
3.24395E-03 
2.14002E-04 
5.22362E-04 
1.28921E-03 
3.23297E-03 
8.17350E-03 
2.12524E-04 
5.20297E-04 
1.28623E-03 
3.21223E-03 
8.10548E-03 
2.08943E-04 
5.12802E-04 
1.26930E-03 
3.15884E-03 
7.94842E-03 
2.01026E-02 
1.99459E-04 
4.91210E-04 
1.21772E-03 
3.02668E-03 
7.59346E-03 
1.91353E-02 
4.88568E-02 
4.54172E-04 
1.12892E-03 
2.81050E-03 
7.04144E-03 
1.77069E-02 
4.49673E-02 
1.03999E-03 
2.59519E-03 
6.50099E-03 
1.63300E-02 
4.12981E-02 
1.06427E-01 
2.39018E-03 
5.98292E-03 
1.50095E-02 
3.78239E-02 
9.64152E-02 
2.53692E-01 
---
