PdfType: replica
Format: lhagrid1
---
4.34963E-04 7.77181E-04 7.77181E-04 1.38865E-03 1.38865E-03 2.48120E-03 2.48120E-03 2.48120E-03 4.43334E-03 4.43334E-03 4.43334E-03 4.43334E-03 7.92137E-03 7.92137E-03 7.92137E-03 7.92137E-03 1.41537E-02 1.41537E-02 1.41537E-02 1.41537E-02 1.41537E-02 2.52895E-02 2.52895E-02 2.52895E-02 2.52895E-02 2.52895E-02 4.51866E-02 4.51866E-02 4.51866E-02 4.51866E-02 4.51866E-02 4.51866E-02 8.07383E-02 8.07383E-02 8.07383E-02 8.07383E-02 8.07383E-02 8.07383E-02 8.07383E-02 1.44261E-01 1.44261E-01 1.44261E-01 1.44261E-01 1.44261E-01 1.44261E-01 2.57762E-01 2.57762E-01 2.57762E-01 2.57762E-01 2.57762E-01 2.57762E-01 4.60562E-01 4.60562E-01 4.60562E-01 4.60562E-01 4.60562E-01 4.60562E-01 
1.58489E+00 1.58489E+00 2.51189E+00 1.58489E+00 2.51189E+00 1.58489E+00 2.51189E+00 3.98107E+00 1.58489E+00 2.51189E+00 3.98107E+00 6.30957E+00 1.58489E+00 2.51189E+00 3.98107E+00 6.30957E+00 1.58489E+00 2.51189E+00 3.98107E+00 6.30957E+00 9.99999E+00 1.58489E+00 2.51189E+00 3.98107E+00 6.30957E+00 9.99999E+00 1.58489E+00 2.51189E+00 3.98107E+00 6.30957E+00 9.99999E+00 1.58489E+01 1.58489E+00 2.51189E+00 3.98107E+00 6.30957E+00 9.99999E+00 1.58489E+01 2.51189E+01 2.51189E+00 3.98107E+00 6.30957E+00 9.99999E+00 1.58489E+01 2.51189E+01 3.98107E+00 6.30957E+00 9.99999E+00 1.58489E+01 2.51189E+01 3.98107E+01 6.30957E+00 9.99999E+00 1.58489E+01 2.51189E+01 3.98107E+01 6.30957E+01 
90000 
2.19445E-04 
2.18139E-04 
5.22930E-04 
2.16816E-04 
5.21317E-04 
2.15452E-04 
5.20351E-04 
1.27981E-03 
2.14144E-04 
5.19651E-04 
1.27975E-03 
3.23111E-03 
2.13079E-04 
5.19325E-04 
1.28117E-03 
3.22720E-03 
2.12403E-04 
5.19445E-04 
1.28354E-03 
3.22073E-03 
8.14510E-03 
2.11664E-04 
5.18857E-04 
1.28371E-03 
3.20697E-03 
8.09344E-03 
2.08733E-04 
5.12885E-04 
1.27038E-03 
3.16257E-03 
7.95847E-03 
2.01233E-02 
2.00295E-04 
4.93804E-04 
1.22485E-03 
3.04522E-03 
7.64014E-03 
1.92497E-02 
4.91183E-02 
4.60137E-04 
1.14326E-03 
2.84469E-03 
7.12339E-03 
1.79024E-02 
4.54251E-02 
1.04957E-03 
2.61747E-03 
6.55193E-03 
1.64471E-02 
4.15644E-02 
1.06996E-01 
2.40107E-03 
6.00777E-03 
1.50668E-02 
3.79562E-02 
9.67141E-02 
2.54311E-01 
---
