PdfType: replica
Format: lhagrid1
---
4.34963E-04 7.77181E-04 7.77181E-04 1.38865E-03 1.38865E-03 2.48120E-03 2.48120E-03 2.48120E-03 4.43334E-03 4.43334E-03 4.43334E-03 4.43334E-03 7.92137E-03 7.92137E-03 7.92137E-03 7.92137E-03 1.41537E-02 1.41537E-02 1.41537E-02 1.41537E-02 1.41537E-02 2.52895E-02 2.52895E-02 2.52895E-02 2.52895E-02 2.52895E-02 4.51866E-02 4.51866E-02 4.51866E-02 4.51866E-02 4.51866E-02 4.51866E-02 8.07383E-02 8.07383E-02 8.07383E-02 8.07383E-02 8.07383E-02 8.07383E-02 8.07383E-02 1.44261E-01 1.44261E-01 1.44261E-01 1.44261E-01 1.44261E-01 1.44261E-01 2.57762E-01 2.57762E-01 2.57762E-01 2.57762E-01 2.57762E-01 2.57762E-01 4.60562E-01 4.60562E-01 4.60562E-01 4.60562E-01 4.60562E-01 4.60562E-01 
1.58489E+00 1.58489E+00 2.51189E+00 1.58489E+00 2.51189E+00 1.58489E+00 2.51189E+00 3.98107E+00 1.58489E+00 2.51189E+00 3.98107E+00 6.30957E+00 1.58489E+00 2.51189E+00 3.98107E+00 6.30957E+00 1.58489E+00 2.51189E+00 3.98107E+00 6.30957E+00 9.99999E+00 1.58489E+00 2.51189E+00 3.98107E+00 6.30957E+00 9.99999E+00 1.58489E+00 2.51189E+00 3.98107E+00 6.30957E+00 9.99999E+00 1.58489E+01 1.58489E+00 2.51189E+00 3.98107E+00 6.30957E+00 9.99999E+00 1.58489E+01 2.51189E+01 2.51189E+00 3.98107E+00 6.30957E+00 9.99999E+00 1.58489E+01 2.51189E+01 3.98107E+00 6.30957E+00 9.99999E+00 1.58489E+01 2.51189E+01 3.98107E+01 6.30957E+00 9.99999E+00 1.58489E+01 2.51189E+01 3.98107E+01 6.30957E+01 
90000 
2.19745E-04 
2.18418E-04 
5.23647E-04 
2.17037E-04 
5.21936E-04 
2.15587E-04 
5.20823E-04 
1.28082E-03 
2.14213E-04 
5.20005E-04 
1.28058E-03 
3.23276E-03 
2.13203E-04 
5.19777E-04 
1.28229E-03 
3.22973E-03 
2.12837E-04 
5.20481E-04 
1.28594E-03 
3.22624E-03 
8.15724E-03 
2.12643E-04 
5.20925E-04 
1.28825E-03 
3.21730E-03 
8.11685E-03 
2.09949E-04 
5.15330E-04 
1.27551E-03 
3.17393E-03 
7.98345E-03 
2.01791E-02 
2.00871E-04 
4.94753E-04 
1.22654E-03 
3.04805E-03 
7.64580E-03 
1.92601E-02 
4.91287E-02 
4.59321E-04 
1.14158E-03 
2.84062E-03 
7.11497E-03 
1.78843E-02 
4.53819E-02 
1.05270E-03 
2.62811E-03 
6.58219E-03 
1.65306E-02 
4.17894E-02 
1.07586E-01 
2.44733E-03 
6.12497E-03 
1.53627E-02 
3.86990E-02 
9.85558E-02 
2.58712E-01 
---
