PdfType: replica
Format: lhagrid1
---
4.34963E-04 7.77181E-04 7.77181E-04 1.38865E-03 1.38865E-03 2.48120E-03 2.48120E-03 2.48120E-03 4.43334E-03 4.43334E-03 4.43334E-03 4.43334E-03 7.92137E-03 7.92137E-03 7.92137E-03 7.92137E-03 1.41537E-02 1.41537E-02 1.41537E-02 1.41537E-02 1.41537E-02 2.52895E-02 2.52895E-02 2.52895E-02 2.52895E-02 2.52895E-02 4.51866E-02 4.51866E-02 4.51866E-02 4.51866E-02 4.51866E-02 4.51866E-02 8.07383E-02 8.07383E-02 8.07383E-02 8.07383E-02 8.07383E-02 8.07383E-02 8.07383E-02 1.44261E-01 1.44261E-01 1.44261E-01 1.44261E-01 1.44261E-01 1.44261E-01 2.57762E-01 2.57762E-01 2.57762E-01 2.57762E-01 2.57762E-01 2.57762E-01 4.60562E-01 4.60562E-01 4.60562E-01 4.60562E-01 4.60562E-01 4.60562E-01 
1.58489E+00 1.58489E+00 2.51189E+00 1.58489E+00 2.51189E+00 1.58489E+00 2.51189E+00 3.98107E+00 1.58489E+00 2.51189E+00 3.98107E+00 6.30957E+00 1.58489E+00 2.51189E+00 3.98107E+00 6.30957E+00 1.58489E+00 2.51189E+00 3.98107E+00 6.30957E+00 9.99999E+00 1.58489E+00 2.51189E+00 3.98107E+00 6.30957E+00 9.99999E+00 1.58489E+00 2.51189E+00 3.98107E+00 6.30957E+00 9.99999E+00 1.58489E+01 1.58489E+00 2.51189E+00 3.98107E+00 6.30957E+00 9.99999E+00 1.58489E+01 2.51189E+01 2.51189E+00 3.98107E+00 6.30957E+00 9.99999E+00 1.58489E+01 2.51189E+01 3.98107E+00 6.30957E+00 9.99999E+00 1.58489E+01 2.51189E+01 3.98107E+01 6.30957E+00 9.99999E+00 1.58489E+01 2.51189E+01 3.98107E+01 6.30957E+01 
90000 
2.19958E-04 
2.18678E-04 
5.24087E-04 
2.17371E-04 
5.22513E-04 
2.16002E-04 
5.21534E-04 
1.28230E-03 
2.14635E-04 
5.20674E-04 
1.28181E-03 
3.23569E-03 
2.13371E-04 
5.19839E-04 
1.28198E-03 
3.22889E-03 
2.12231E-04 
5.18836E-04 
1.28169E-03 
3.21625E-03 
8.13376E-03 
2.10702E-04 
5.16411E-04 
1.27759E-03 
3.19230E-03 
8.05806E-03 
2.06797E-04 
5.08239E-04 
1.25919E-03 
3.13557E-03 
7.89374E-03 
1.99669E-02 
1.97533E-04 
4.87366E-04 
1.20953E-03 
3.00856E-03 
7.55195E-03 
1.90369E-02 
4.86097E-02 
4.53479E-04 
1.12733E-03 
2.80665E-03 
7.03172E-03 
1.76824E-02 
4.49068E-02 
1.03606E-03 
2.58453E-03 
6.47302E-03 
1.62577E-02 
4.11149E-02 
1.05979E-01 
2.37348E-03 
5.94257E-03 
1.49119E-02 
3.75887E-02 
9.58558E-02 
2.52421E-01 
---
