PdfType: replica
Format: lhagrid1
---
4.34963E-04 7.77181E-04 7.77181E-04 1.38865E-03 1.38865E-03 2.48120E-03 2.48120E-03 2.48120E-03 4.43334E-03 4.43334E-03 4.43334E-03 4.43334E-03 7.92137E-03 7.92137E-03 7.92137E-03 7.92137E-03 1.41537E-02 1.41537E-02 1.41537E-02 1.41537E-02 1.41537E-02 2.52895E-02 2.52895E-02 2.52895E-02 2.52895E-02 2.52895E-02 4.51866E-02 4.51866E-02 4.51866E-02 4.51866E-02 4.51866E-02 4.51866E-02 8.07383E-02 8.07383E-02 8.07383E-02 8.07383E-02 8.07383E-02 8.07383E-02 8.07383E-02 1.44261E-01 1.44261E-01 1.44261E-01 1.44261E-01 1.44261E-01 1.44261E-01 2.57762E-01 2.57762E-01 2.57762E-01 2.57762E-01 2.57762E-01 2.57762E-01 4.60562E-01 4.60562E-01 4.60562E-01 4.60562E-01 4.60562E-01 4.60562E-01 
1.58489E+00 1.58489E+00 2.51189E+00 1.58489E+00 2.51189E+00 1.58489E+00 2.51189E+00 3.98107E+00 1.58489E+00 2.51189E+00 3.98107E+00 6.30957E+00 1.58489E+00 2.51189E+00 3.98107E+00 6.30957E+00 1.58489E+00 2.51189E+00 3.98107E+00 6.30957E+00 9.99999E+00 1.58489E+00 2.51189E+00 3.98107E+00 6.30957E+00 9.99999E+00 1.58489E+00 2.51189E+00 3.98107E+00 6.30957E+00 9.99999E+00 1.58489E+01 1.58489E+00 2.51189E+00 3.98107E+00 6.30957E+00 9.99999E+00 1.58489E+01 2.51189E+01 2.51189E+00 3.98107E+00 6.30957E+00 9.99999E+00 1.58489E+01 2.51189E+01 3.98107E+00 6.30957E+00 9.99999E+00 1.58489E+01 2.51189E+01 3.98107E+01 6.30957E+00 9.99999E+00 1.58489E+01 2.51189E+01 3.98107E+01 6.30957E+01 
90000 
2.20057E-04 
2.18881E-04 
5.24172E-04 
2.17675E-04 
5.22798E-04 
2.16374E-04 
5.21993E-04 
1.28305E-03 
2.15016E-04 
5.21242E-04 
1.28289E-03 
3.23809E-03 
2.13721E-04 
5.20518E-04 
1.28356E-03 
3.23251E-03 
2.12657E-04 
5.19977E-04 
1.28473E-03 
3.22372E-03 
8.15344E-03 
2.11719E-04 
5.19210E-04 
1.28486E-03 
3.21039E-03 
8.10346E-03 
2.09431E-04 
5.14664E-04 
1.27479E-03 
3.17324E-03 
7.98513E-03 
2.01923E-02 
2.01869E-04 
4.97060E-04 
1.23195E-03 
3.06081E-03 
7.67594E-03 
1.93339E-02 
4.93270E-02 
4.60778E-04 
1.14450E-03 
2.84719E-03 
7.12877E-03 
1.79151E-02 
4.54607E-02 
1.05284E-03 
2.62708E-03 
6.57748E-03 
1.65145E-02 
4.17439E-02 
1.07495E-01 
2.41754E-03 
6.04688E-03 
1.51607E-02 
3.81840E-02 
9.72746E-02 
2.55735E-01 
---
