PdfType: replica
Format: lhagrid1
---
4.34963E-04 7.77181E-04 7.77181E-04 1.38865E-03 1.38865E-03 2.48120E-03 2.48120E-03 2.48120E-03 4.43334E-03 4.43334E-03 4.43334E-03 4.43334E-03 7.92137E-03 7.92137E-03 7.92137E-03 7.92137E-03 1.41537E-02 1.41537E-02 1.41537E-02 1.41537E-02 1.41537E-02 2.52895E-02 2.52895E-02 2.52895E-02 2.52895E-02 2.52895E-02 4.51866E-02 4.51866E-02 4.51866E-02 4.51866E-02 4.51866E-02 4.51866E-02 8.07383E-02 8.07383E-02 8.07383E-02 8.07383E-02 8.07383E-02 8.07383E-02 8.07383E-02 1.44261E-01 1.44261E-01 1.44261E-01 1.44261E-01 1.44261E-01 1.44261E-01 2.57762E-01 2.57762E-01 2.57762E-01 2.57762E-01 2.57762E-01 2.57762E-01 4.60562E-01 4.60562E-01 4.60562E-01 4.60562E-01 4.60562E-01 4.60562E-01 
1.58489E+00 1.58489E+00 2.51189E+00 1.58489E+00 2.51189E+00 1.58489E+00 2.51189E+00 3.98107E+00 1.58489E+00 2.51189E+00 3.98107E+00 6.30957E+00 1.58489E+00 2.51189E+00 3.98107E+00 6.30957E+00 1.58489E+00 2.51189E+00 3.98107E+00 6.30957E+00 9.99999E+00 1.58489E+00 2.51189E+00 3.98107E+00 6.30957E+00 9.99999E+00 1.58489E+00 2.51189E+00 3.98107E+00 6.30957E+00 9.99999E+00 1.58489E+01 1.58489E+00 2.51189E+00 3.98107E+00 6.30957E+00 9.99999E+00 1.58489E+01 2.51189E+01 2.51189E+00 3.98107E+00 6.30957E+00 9.99999E+00 1.58489E+01 2.51189E+01 3.98107E+00 6.30957E+00 9.99999E+00 1.58489E+01 2.51189E+01 3.98107E+01 6.30957E+00 9.99999E+00 1.58489E+01 2.51189E+01 3.98107E+01 6.30957E+01 
90000 
2.20027E-04 
2.18875E-04 
5.24378E-04 
2.17741E-04 
5.23155E-04 
2.16599E-04 
5.22662E-04 
1.28451E-03 
2.15539E-04 
5.22468E-04 
1.28552E-03 
3.24335E-03 
2.14725E-04 
5.22590E-04 
1.28788E-03 
3.24131E-03 
2.14259E-04 
5.22994E-04 
1.29078E-03 
3.23584E-03 
8.17868E-03 
2.13557E-04 
5.22340E-04 
1.29073E-03 
3.22149E-03 
8.12564E-03 
2.10113E-04 
5.15303E-04 
1.27498E-03 
3.17166E-03 
7.97697E-03 
2.01635E-02 
2.00311E-04 
4.93352E-04 
1.22303E-03 
3.03962E-03 
7.62411E-03 
1.92065E-02 
4.90078E-02 
4.57317E-04 
1.13692E-03 
2.82988E-03 
7.08903E-03 
1.78220E-02 
4.52371E-02 
1.04956E-03 
2.61835E-03 
6.55470E-03 
1.64554E-02 
4.15895E-02 
1.07081E-01 
2.40620E-03 
6.02046E-03 
1.50986E-02 
3.80368E-02 
9.69208E-02 
2.54855E-01 
---
