PdfType: replica
Format: lhagrid1
---
4.34963E-04 7.77181E-04 7.77181E-04 1.38865E-03 1.38865E-03 2.48120E-03 2.48120E-03 2.48120E-03 4.43334E-03 4.43334E-03 4.43334E-03 4.43334E-03 7.92137E-03 7.92137E-03 7.92137E-03 7.92137E-03 1.41537E-02 1.41537E-02 1.41537E-02 1.41537E-02 1.41537E-02 2.52895E-02 2.52895E-02 2.52895E-02 2.52895E-02 2.52895E-02 4.51866E-02 4.51866E-02 4.51866E-02 4.51866E-02 4.51866E-02 4.51866E-02 8.07383E-02 8.07383E-02 8.07383E-02 8.07383E-02 8.07383E-02 8.07383E-02 8.07383E-02 1.44261E-01 1.44261E-01 1.44261E-01 1.44261E-01 1.44261E-01 1.44261E-01 2.57762E-01 2.57762E-01 2.57762E-01 2.57762E-01 2.57762E-01 2.57762E-01 4.60562E-01 4.60562E-01 4.60562E-01 4.60562E-01 4.60562E-01 4.60562E-01 
1.58489E+00 1.58489E+00 2.51189E+00 1.58489E+00 2.51189E+00 1.58489E+00 2.51189E+00 3.98107E+00 1.58489E+00 2.51189E+00 3.98107E+00 6.30957E+00 1.58489E+00 2.51189E+00 3.98107E+00 6.30957E+00 1.58489E+00 2.51189E+00 3.98107E+00 6.30957E+00 9.99999E+00 1.58489E+00 2.51189E+00 3.98107E+00 6.30957E+00 9.99999E+00 1.58489E+00 2.51189E+00 3.98107E+00 6.30957E+00 9.99999E+00 1.58489E+01 1.58489E+00 2.51189E+00 3.98107E+00 6.30957E+00 9.99999E+00 1.58489E+01 2.51189E+01 2.51189E+00 3.98107E+00 6.30957E+00 9.99999E+00 1.58489E+01 2.51189E+01 3.98107E+00 6.30957E+00 9.99999E+00 1.58489E+01 2.51189E+01 3.98107E+01 6.30957E+00 9.99999E+00 1.58489E+01 2.51189E+01 3.98107E+01 6.30957E+01 
90000 
2.20467E-04 
2.19400E-04 
5.25154E-04 
2.18295E-04 
5.23961E-04 
2.17069E-04 
5.23268E-04 
1.28552E-03 
2.15715E-04 
5.22461E-04 
1.28516E-03 
3.24258E-03 
2.14268E-04 
5.21329E-04 
1.28483E-03 
3.23471E-03 
2.12757E-04 
5.19771E-04 
1.28368E-03 
3.22069E-03 
8.14575E-03 
2.10986E-04 
5.17270E-04 
1.28006E-03 
3.19887E-03 
8.07645E-03 
2.07779E-04 
5.10980E-04 
1.26637E-03 
3.15376E-03 
7.94000E-03 
2.00882E-02 
2.00107E-04 
4.93292E-04 
1.22348E-03 
3.04141E-03 
7.63077E-03 
1.92286E-02 
4.90873E-02 
4.58268E-04 
1.13843E-03 
2.83250E-03 
7.09326E-03 
1.78295E-02 
4.52564E-02 
1.04607E-03 
2.61073E-03 
6.53870E-03 
1.64219E-02 
4.15210E-02 
1.06951E-01 
2.41665E-03 
6.04817E-03 
1.51707E-02 
3.82221E-02 
9.73912E-02 
2.56022E-01 
---
