PdfType: replica
Format: lhagrid1
---
4.34963E-04 7.77181E-04 7.77181E-04 1.38865E-03 1.38865E-03 2.48120E-03 2.48120E-03 2.48120E-03 4.43334E-03 4.43334E-03 4.43334E-03 4.43334E-03 7.92137E-03 7.92137E-03 7.92137E-03 7.92137E-03 1.41537E-02 1.41537E-02 1.41537E-02 1.41537E-02 1.41537E-02 2.52895E-02 2.52895E-02 2.52895E-02 2.52895E-02 2.52895E-02 4.51866E-02 4.51866E-02 4.51866E-02 4.51866E-02 4.51866E-02 4.51866E-02 8.07383E-02 8.07383E-02 8.07383E-02 8.07383E-02 8.07383E-02 8.07383E-02 8.07383E-02 1.44261E-01 1.44261E-01 1.44261E-01 1.44261E-01 1.44261E-01 1.44261E-01 2.57762E-01 2.57762E-01 2.57762E-01 2.57762E-01 2.57762E-01 2.57762E-01 4.60562E-01 4.60562E-01 4.60562E-01 4.60562E-01 4.60562E-01 4.60562E-01 
1.58489E+00 1.58489E+00 2.51189E+00 1.58489E+00 2.51189E+00 1.58489E+00 2.51189E+00 3.98107E+00 1.58489E+00 2.51189E+00 3.98107E+00 6.30957E+00 1.58489E+00 2.51189E+00 3.98107E+00 6.30957E+00 1.58489E+00 2.51189E+00 3.98107E+00 6.30957E+00 9.99999E+00 1.58489E+00 2.51189E+00 3.98107E+00 6.30957E+00 9.99999E+00 1.58489E+00 2.51189E+00 3.98107E+00 6.30957E+00 9.99999E+00 1.58489E+01 1.58489E+00 2.51189E+00 3.98107E+00 6.30957E+00 9.99999E+00 1.58489E+01 2.51189E+01 2.51189E+00 3.98107E+00 6.30957E+00 9.99999E+00 1.58489E+01 2.51189E+01 3.98107E+00 6.30957E+00 9.99999E+00 1.58489E+01 2.51189E+01 3.98107E+01 6.30957E+00 9.99999E+00 1.58489E+01 2.51189E+01 3.98107E+01 6.30957E+01 
90000 
2.19438E-04 
2.18116E-04 
5.22813E-04 
2.16798E-04 
5.21201E-04 
2.15444E-04 
5.20250E-04 
1.27959E-03 
2.14114E-04 
5.19510E-04 
1.27941E-03 
3.23035E-03 
2.12952E-04 
5.19040E-04 
1.28058E-03 
3.22601E-03 
2.12197E-04 
5.19155E-04 
1.28312E-03 
3.22029E-03 
8.14443E-03 
2.11843E-04 
5.19469E-04 
1.28529E-03 
3.21105E-03 
8.10294E-03 
2.09824E-04 
5.14952E-04 
1.27441E-03 
3.17073E-03 
7.97494E-03 
2.01555E-02 
2.00625E-04 
4.93619E-04 
1.22296E-03 
3.03833E-03 
7.61930E-03 
1.91901E-02 
4.89497E-02 
4.55474E-04 
1.13206E-03 
2.81785E-03 
7.05883E-03 
1.77471E-02 
4.50536E-02 
1.04177E-03 
2.59869E-03 
6.50742E-03 
1.63415E-02 
4.13172E-02 
1.06453E-01 
2.38560E-03 
5.97340E-03 
1.49901E-02 
3.77858E-02 
9.63461E-02 
2.53599E-01 
---
