PdfType: replica
Format: lhagrid1
---
4.34963E-04 7.77181E-04 7.77181E-04 1.38865E-03 1.38865E-03 2.48120E-03 2.48120E-03 2.48120E-03 4.43334E-03 4.43334E-03 4.43334E-03 4.43334E-03 7.92137E-03 7.92137E-03 7.92137E-03 7.92137E-03 1.41537E-02 1.41537E-02 1.41537E-02 1.41537E-02 1.41537E-02 2.52895E-02 2.52895E-02 2.52895E-02 2.52895E-02 2.52895E-02 4.51866E-02 4.51866E-02 4.51866E-02 4.51866E-02 4.51866E-02 4.51866E-02 8.07383E-02 8.07383E-02 8.07383E-02 8.07383E-02 8.07383E-02 8.07383E-02 8.07383E-02 1.44261E-01 1.44261E-01 1.44261E-01 1.44261E-01 1.44261E-01 1.44261E-01 2.57762E-01 2.57762E-01 2.57762E-01 2.57762E-01 2.57762E-01 2.57762E-01 4.60562E-01 4.60562E-01 4.60562E-01 4.60562E-01 4.60562E-01 4.60562E-01 
1.58489E+00 1.58489E+00 2.51189E+00 1.58489E+00 2.51189E+00 1.58489E+00 2.51189E+00 3.98107E+00 1.58489E+00 2.51189E+00 3.98107E+00 6.30957E+00 1.58489E+00 2.51189E+00 3.98107E+00 6.30957E+00 1.58489E+00 2.51189E+00 3.98107E+00 6.30957E+00 9.99999E+00 1.58489E+00 2.51189E+00 3.98107E+00 6.30957E+00 9.99999E+00 1.58489E+00 2.51189E+00 3.98107E+00 6.30957E+00 9.99999E+00 1.58489E+01 1.58489E+00 2.51189E+00 3.98107E+00 6.30957E+00 9.99999E+00 1.58489E+01 2.51189E+01 2.51189E+00 3.98107E+00 6.30957E+00 9.99999E+00 1.58489E+01 2.51189E+01 3.98107E+00 6.30957E+00 9.99999E+00 1.58489E+01 2.51189E+01 3.98107E+01 6.30957E+00 9.99999E+00 1.58489E+01 2.51189E+01 3.98107E+01 6.30957E+01 
90000 
2.20163E-04 
2.19037E-04 
5.24507E-04 
2.17875E-04 
5.23226E-04 
2.16602E-04 
5.22463E-04 
1.28392E-03 
2.15234E-04 
5.21656E-04 
1.28363E-03 
3.23874E-03 
2.13860E-04 
5.20707E-04 
1.28377E-03 
3.23205E-03 
2.12603E-04 
5.19688E-04 
1.28381E-03 
3.22080E-03 
8.14509E-03 
2.11289E-04 
5.18049E-04 
1.28190E-03 
3.20285E-03 
8.08449E-03 
2.08315E-04 
5.11975E-04 
1.26822E-03 
3.15749E-03 
7.94627E-03 
2.00977E-02 
1.99846E-04 
4.92393E-04 
1.22086E-03 
3.03480E-03 
7.61305E-03 
1.91825E-02 
4.89676E-02 
4.56090E-04 
1.13362E-03 
2.82165E-03 
7.06866E-03 
1.77729E-02 
4.51236E-02 
1.04521E-03 
2.60827E-03 
6.53243E-03 
1.64056E-02 
4.14786E-02 
1.06844E-01 
2.40554E-03 
6.01961E-03 
1.50979E-02 
3.80373E-02 
9.69271E-02 
2.54883E-01 
---
