PdfType: replica
Format: lhagrid1
---
4.34963E-04 7.77181E-04 7.77181E-04 1.38865E-03 1.38865E-03 2.48120E-03 2.48120E-03 2.48120E-03 4.43334E-03 4.43334E-03 4.43334E-03 4.43334E-03 7.92137E-03 7.92137E-03 7.92137E-03 7.92137E-03 1.41537E-02 1.41537E-02 1.41537E-02 1.41537E-02 1.41537E-02 2.52895E-02 2.52895E-02 2.52895E-02 2.52895E-02 2.52895E-02 4.51866E-02 4.51866E-02 4.51866E-02 4.51866E-02 4.51866E-02 4.51866E-02 8.07383E-02 8.07383E-02 8.07383E-02 8.07383E-02 8.07383E-02 8.07383E-02 8.07383E-02 1.44261E-01 1.44261E-01 1.44261E-01 1.44261E-01 1.44261E-01 1.44261E-01 2.57762E-01 2.57762E-01 2.57762E-01 2.57762E-01 2.57762E-01 2.57762E-01 4.60562E-01 4.60562E-01 4.60562E-01 4.60562E-01 4.60562E-01 4.60562E-01 
1.58489E+00 1.58489E+00 2.51189E+00 1.58489E+00 2.51189E+00 1.58489E+00 2.51189E+00 3.98107E+00 1.58489E+00 2.51189E+00 3.98107E+00 6.30957E+00 1.58489E+00 2.51189E+00 3.98107E+00 6.30957E+00 1.58489E+00 2.51189E+00 3.98107E+00 6.30957E+00 9.99999E+00 1.58489E+00 2.51189E+00 3.98107E+00 6.30957E+00 9.99999E+00 1.58489E+00 2.51189E+00 3.98107E+00 6.30957E+00 9.99999E+00 1.58489E+01 1.58489E+00 2.51189E+00 3.98107E+00 6.30957E+00 9.99999E+00 1.58489E+01 2.51189E+01 2.51189E+00 3.98107E+00 6.30957E+00 9.99999E+00 1.58489E+01 2.51189E+01 3.98107E+00 6.30957E+00 9.99999E+00 1.58489E+01 2.51189E+01 3.98107E+01 6.30957E+00 9.99999E+00 1.58489E+01 2.51189E+01 3.98107E+01 6.30957E+01 
90000 
2.20385E-04 
2.19171E-04 
5.24824E-04 
2.17893E-04 
5.23354E-04 
2.16503E-04 
5.22435E-04 
1.28405E-03 
2.15090E-04 
5.21610E-04 
1.28379E-03 
3.24043E-03 
2.13882E-04 
5.21021E-04 
1.28476E-03 
3.23538E-03 
2.13215E-04 
5.21151E-04 
1.28733E-03 
3.22934E-03 
8.16677E-03 
2.13021E-04 
5.21739E-04 
1.29030E-03 
3.22199E-03 
8.13051E-03 
2.11118E-04 
5.17931E-04 
1.28163E-03 
3.18798E-03 
8.01754E-03 
2.02656E-02 
2.02508E-04 
4.98138E-04 
1.23387E-03 
3.06438E-03 
7.68208E-03 
1.93438E-02 
4.93378E-02 
4.60066E-04 
1.14313E-03 
2.84410E-03 
7.12216E-03 
1.79002E-02 
4.54240E-02 
1.05390E-03 
2.62958E-03 
6.58245E-03 
1.65248E-02 
4.17662E-02 
1.07545E-01 
2.42318E-03 
6.06310E-03 
1.52055E-02 
3.83038E-02 
9.75847E-02 
2.56484E-01 
---
