PdfType: replica
Format: lhagrid1
---
4.34963E-04 7.77181E-04 7.77181E-04 1.38865E-03 1.38865E-03 2.48120E-03 2.48120E-03 2.48120E-03 4.43334E-03 4.43334E-03 4.43334E-03 4.43334E-03 7.92137E-03 7.92137E-03 7.92137E-03 7.92137E-03 1.41537E-02 1.41537E-02 1.41537E-02 1.41537E-02 1.41537E-02 2.52895E-02 2.52895E-02 2.52895E-02 2.52895E-02 2.52895E-02 4.51866E-02 4.51866E-02 4.51866E-02 4.51866E-02 4.51866E-02 4.51866E-02 8.07383E-02 8.07383E-02 8.07383E-02 8.07383E-02 8.07383E-02 8.07383E-02 8.07383E-02 1.44261E-01 1.44261E-01 1.44261E-01 1.44261E-01 1.44261E-01 1.44261E-01 2.57762E-01 2.57762E-01 2.57762E-01 2.57762E-01 2.57762E-01 2.57762E-01 4.60562E-01 4.60562E-01 4.60562E-01 4.60562E-01 4.60562E-01 4.60562E-01 
1.58489E+00 1.58489E+00 2.51189E+00 1.58489E+00 2.51189E+00 1.58489E+00 2.51189E+00 3.98107E+00 1.58489E+00 2.51189E+00 3.98107E+00 6.30957E+00 1.58489E+00 2.51189E+00 3.98107E+00 6.30957E+00 1.58489E+00 2.51189E+00 3.98107E+00 6.30957E+00 9.99999E+00 1.58489E+00 2.51189E+00 3.98107E+00 6.30957E+00 9.99999E+00 1.58489E+00 2.51189E+00 3.98107E+00 6.30957E+00 9.99999E+00 1.58489E+01 1.58489E+00 2.51189E+00 3.98107E+00 6.30957E+00 9.99999E+00 1.58489E+01 2.51189E+01 2.51189E+00 3.98107E+00 6.30957E+00 9.99999E+00 1.58489E+01 2.51189E+01 3.98107E+00 6.30957E+00 9.99999E+00 1.58489E+01 2.51189E+01 3.98107E+01 6.30957E+00 9.99999E+00 1.58489E+01 2.51189E+01 3.98107E+01 6.30957E+01 
90000 
2.20133E-04 
2.18904E-04 
5.24297E-04 
2.17633E-04 
5.22807E-04 
2.16283E-04 
5.21893E-04 
1.28285E-03 
2.14931E-04 
5.21105E-04 
1.28257E-03 
3.23729E-03 
2.13732E-04 
5.20455E-04 
1.28325E-03 
3.23154E-03 
2.12794E-04 
5.19941E-04 
1.28418E-03 
3.22160E-03 
8.14759E-03 
2.11651E-04 
5.18439E-04 
1.28228E-03 
3.20294E-03 
8.08409E-03 
2.08162E-04 
5.11291E-04 
1.26624E-03 
3.15223E-03 
7.93296E-03 
2.00633E-02 
1.98927E-04 
4.90411E-04 
1.21642E-03 
3.02488E-03 
7.58995E-03 
1.91276E-02 
4.88313E-02 
4.55063E-04 
1.13152E-03 
2.81733E-03 
7.05968E-03 
1.77541E-02 
4.50846E-02 
1.04502E-03 
2.60752E-03 
6.53078E-03 
1.64020E-02 
4.14724E-02 
1.06851E-01 
2.39998E-03 
6.00526E-03 
1.50613E-02 
3.79459E-02 
9.67074E-02 
2.54415E-01 
---
