PdfType: replica
Format: lhagrid1
---
4.34963E-04 7.77181E-04 7.77181E-04 1.38865E-03 1.38865E-03 2.48120E-03 2.48120E-03 2.48120E-03 4.43334E-03 4.43334E-03 4.43334E-03 4.43334E-03 7.92137E-03 7.92137E-03 7.92137E-03 7.92137E-03 1.41537E-02 1.41537E-02 1.41537E-02 1.41537E-02 1.41537E-02 2.52895E-02 2.52895E-02 2.52895E-02 2.52895E-02 2.52895E-02 4.51866E-02 4.51866E-02 4.51866E-02 4.51866E-02 4.51866E-02 4.51866E-02 8.07383E-02 8.07383E-02 8.07383E-02 8.07383E-02 8.07383E-02 8.07383E-02 8.07383E-02 1.44261E-01 1.44261E-01 1.44261E-01 1.44261E-01 1.44261E-01 1.44261E-01 2.57762E-01 2.57762E-01 2.57762E-01 2.57762E-01 2.57762E-01 2.57762E-01 4.60562E-01 4.60562E-01 4.60562E-01 4.60562E-01 4.60562E-01 4.60562E-01 
1.58489E+00 1.58489E+00 2.51189E+00 1.58489E+00 2.51189E+00 1.58489E+00 2.51189E+00 3.98107E+00 1.58489E+00 2.51189E+00 3.98107E+00 6.30957E+00 1.58489E+00 2.51189E+00 3.98107E+00 6.30957E+00 1.58489E+00 2.51189E+00 3.98107E+00 6.30957E+00 9.99999E+00 1.58489E+00 2.51189E+00 3.98107E+00 6.30957E+00 9.99999E+00 1.58489E+00 2.51189E+00 3.98107E+00 6.30957E+00 9.99999E+00 1.58489E+01 1.58489E+00 2.51189E+00 3.98107E+00 6.30957E+00 9.99999E+00 1.58489E+01 2.51189E+01 2.51189E+00 3.98107E+00 6.30957E+00 9.99999E+00 1.58489E+01 2.51189E+01 3.98107E+00 6.30957E+00 9.99999E+00 1.58489E+01 2.51189E+01 3.98107E+01 6.30957E+00 9.99999E+00 1.58489E+01 2.51189E+01 3.98107E+01 6.30957E+01 
90000 
2.20487E-04 
2.19337E-04 
5.25028E-04 
2.18157E-04 
5.23721E-04 
2.16904E-04 
5.23029E-04 
1.28508E-03 
2.15662E-04 
5.22498E-04 
1.28540E-03 
3.24313E-03 
2.14608E-04 
5.22178E-04 
1.28686E-03 
3.23913E-03 
2.13911E-04 
5.22199E-04 
1.28906E-03 
3.23219E-03 
8.17177E-03 
2.13144E-04 
5.21552E-04 
1.28916E-03 
3.21833E-03 
8.11955E-03 
2.09963E-04 
5.15096E-04 
1.27463E-03 
3.17110E-03 
7.97593E-03 
2.01629E-02 
2.00408E-04 
4.93407E-04 
1.22282E-03 
3.03849E-03 
7.62029E-03 
1.91956E-02 
4.89827E-02 
4.55968E-04 
1.13337E-03 
2.82062E-03 
7.06584E-03 
1.77646E-02 
4.50993E-02 
1.04523E-03 
2.60790E-03 
6.52928E-03 
1.63938E-02 
4.14438E-02 
1.06766E-01 
2.39754E-03 
5.99791E-03 
1.50406E-02 
3.78897E-02 
9.65573E-02 
2.54020E-01 
---
