PdfType: replica
Format: lhagrid1
---
4.34963E-04 7.77181E-04 7.77181E-04 1.38865E-03 1.38865E-03 2.48120E-03 2.48120E-03 2.48120E-03 4.43334E-03 4.43334E-03 4.43334E-03 4.43334E-03 7.92137E-03 7.92137E-03 7.92137E-03 7.92137E-03 1.41537E-02 1.41537E-02 1.41537E-02 1.41537E-02 1.41537E-02 2.52895E-02 2.52895E-02 2.52895E-02 2.52895E-02 2.52895E-02 4.51866E-02 4.51866E-02 4.51866E-02 4.51866E-02 4.51866E-02 4.51866E-02 8.07383E-02 8.07383E-02 8.07383E-02 8.07383E-02 8.07383E-02 8.07383E-02 8.07383E-02 1.44261E-01 1.44261E-01 1.44261E-01 1.44261E-01 1.44261E-01 1.44261E-01 2.57762E-01 2.57762E-01 2.57762E-01 2.57762E-01 2.57762E-01 2.57762E-01 4.60562E-01 4.60562E-01 4.60562E-01 4.60562E-01 4.60562E-01 4.60562E-01 
1.58489E+00 1.58489E+00 2.51189E+00 1.58489E+00 2.51189E+00 1.58489E+00 2.51189E+00 3.98107E+00 1.58489E+00 2.51189E+00 3.98107E+00 6.30957E+00 1.58489E+00 2.51189E+00 3.98107E+00 6.30957E+00 1.58489E+00 2.51189E+00 3.98107E+00 6.30957E+00 9.99999E+00 1.58489E+00 2.51189E+00 3.98107E+00 6.30957E+00 9.99999E+00 1.58489E+00 2.51189E+00 3.98107E+00 6.30957E+00 9.99999E+00 1.58489E+01 1.58489E+00 2.51189E+00 3.98107E+00 6.30957E+00 9.99999E+00 1.58489E+01 2.51189E+01 2.51189E+00 3.98107E+00 6.30957E+00 9.99999E+00 1.58489E+01 2.51189E+01 3.98107E+00 6.30957E+00 9.99999E+00 1.58489E+01 2.51189E+01 3.98107E+01 6.30957E+00 9.99999E+00 1.58489E+01 2.51189E+01 3.98107E+01 6.30957E+01 
90000 
2.19905E-04 
2.18693E-04 
5.24105E-04 
2.17485E-04 
5.22731E-04 
2.16246E-04 
5.22040E-04 
1.28342E-03 
2.15048E-04 
5.21574E-04 
1.28382E-03 
3.24010E-03 
2.14031E-04 
5.21321E-04 
1.28538E-03 
3.23628E-03 
2.13306E-04 
5.21289E-04 
1.28741E-03 
3.22909E-03 
8.16355E-03 
2.12491E-04 
5.20509E-04 
1.28719E-03 
3.21459E-03 
8.11040E-03 
2.09566E-04 
5.14506E-04 
1.27372E-03 
3.16977E-03 
7.97407E-03 
2.01568E-02 
2.00768E-04 
4.94479E-04 
1.22579E-03 
3.04643E-03 
7.64097E-03 
1.92467E-02 
4.90933E-02 
4.58424E-04 
1.13940E-03 
2.83574E-03 
7.10312E-03 
1.78557E-02 
4.53132E-02 
1.05131E-03 
2.62295E-03 
6.56733E-03 
1.64887E-02 
4.16747E-02 
1.07287E-01 
2.41174E-03 
6.03356E-03 
1.51297E-02 
3.81104E-02 
9.70946E-02 
2.55260E-01 
---
