PdfType: replica
Format: lhagrid1
---
4.34963E-04 7.77181E-04 7.77181E-04 1.38865E-03 1.38865E-03 2.48120E-03 2.48120E-03 2.48120E-03 4.43334E-03 4.43334E-03 4.43334E-03 4.43334E-03 7.92137E-03 7.92137E-03 7.92137E-03 7.92137E-03 1.41537E-02 1.41537E-02 1.41537E-02 1.41537E-02 1.41537E-02 2.52895E-02 2.52895E-02 2.52895E-02 2.52895E-02 2.52895E-02 4.51866E-02 4.51866E-02 4.51866E-02 4.51866E-02 4.51866E-02 4.51866E-02 8.07383E-02 8.07383E-02 8.07383E-02 8.07383E-02 8.07383E-02 8.07383E-02 8.07383E-02 1.44261E-01 1.44261E-01 1.44261E-01 1.44261E-01 1.44261E-01 1.44261E-01 2.57762E-01 2.57762E-01 2.57762E-01 2.57762E-01 2.57762E-01 2.57762E-01 4.60562E-01 4.60562E-01 4.60562E-01 4.60562E-01 4.60562E-01 4.60562E-01 
1.58489E+00 1.58489E+00 2.51189E+00 1.58489E+00 2.51189E+00 1.58489E+00 2.51189E+00 3.98107E+00 1.58489E+00 2.51189E+00 3.98107E+00 6.30957E+00 1.58489E+00 2.51189E+00 3.98107E+00 6.30957E+00 1.58489E+00 2.51189E+00 3.98107E+00 6.30957E+00 9.99999E+00 1.58489E+00 2.51189E+00 3.98107E+00 6.30957E+00 9.99999E+00 1.58489E+00 2.51189E+00 3.98107E+00 6.30957E+00 9.99999E+00 1.58489E+01 1.58489E+00 2.51189E+00 3.98107E+00 6.30957E+00 9.99999E+00 1.58489E+01 2.51189E+01 2.51189E+00 3.98107E+00 6.30957E+00 9.99999E+00 1.58489E+01 2.51189E+01 3.98107E+00 6.30957E+00 9.99999E+00 1.58489E+01 2.51189E+01 3.98107E+01 6.30957E+00 9.99999E+00 1.58489E+01 2.51189E+01 3.98107E+01 6.30957E+01 
90000 
2.19949E-04 
2.18696E-04 
5.24004E-04 
2.17388E-04 
5.22469E-04 
2.15992E-04 
5.21472E-04 
1.28205E-03 
2.14597E-04 
5.20577E-04 
1.28156E-03 
3.23474E-03 
2.13387E-04 
5.19836E-04 
1.28202E-03 
3.22840E-03 
2.12488E-04 
5.19299E-04 
1.28282E-03 
3.21804E-03 
8.13923E-03 
2.11363E-04 
5.17772E-04 
1.28079E-03 
3.19920E-03 
8.07511E-03 
2.07643E-04 
5.10180E-04 
1.26366E-03 
3.14651E-03 
7.91838E-03 
2.00274E-02 
1.98012E-04 
4.88376E-04 
1.21162E-03 
3.01402E-03 
7.56358E-03 
1.90639E-02 
4.86775E-02 
4.53036E-04 
1.12689E-03 
2.80623E-03 
7.03446E-03 
1.76955E-02 
4.49447E-02 
1.04167E-03 
2.59983E-03 
6.51315E-03 
1.63609E-02 
4.13747E-02 
1.06609E-01 
2.40667E-03 
6.02349E-03 
1.51098E-02 
3.80730E-02 
9.70352E-02 
2.55241E-01 
---
