PdfType: replica
Format: lhagrid1
---
4.34963E-04 7.77181E-04 7.77181E-04 1.38865E-03 1.38865E-03 2.48120E-03 2.48120E-03 2.48120E-03 4.43334E-03 4.43334E-03 4.43334E-03 4.43334E-03 7.92137E-03 7.92137E-03 7.92137E-03 7.92137E-03 1.41537E-02 1.41537E-02 1.41537E-02 1.41537E-02 1.41537E-02 2.52895E-02 2.52895E-02 2.52895E-02 2.52895E-02 2.52895E-02 4.51866E-02 4.51866E-02 4.51866E-02 4.51866E-02 4.51866E-02 4.51866E-02 8.07383E-02 8.07383E-02 8.07383E-02 8.07383E-02 8.07383E-02 8.07383E-02 8.07383E-02 1.44261E-01 1.44261E-01 1.44261E-01 1.44261E-01 1.44261E-01 1.44261E-01 2.57762E-01 2.57762E-01 2.57762E-01 2.57762E-01 2.57762E-01 2.57762E-01 4.60562E-01 4.60562E-01 4.60562E-01 4.60562E-01 4.60562E-01 4.60562E-01 
1.58489E+00 1.58489E+00 2.51189E+00 1.58489E+00 2.51189E+00 1.58489E+00 2.51189E+00 3.98107E+00 1.58489E+00 2.51189E+00 3.98107E+00 6.30957E+00 1.58489E+00 2.51189E+00 3.98107E+00 6.30957E+00 1.58489E+00 2.51189E+00 3.98107E+00 6.30957E+00 9.99999E+00 1.58489E+00 2.51189E+00 3.98107E+00 6.30957E+00 9.99999E+00 1.58489E+00 2.51189E+00 3.98107E+00 6.30957E+00 9.99999E+00 1.58489E+01 1.58489E+00 2.51189E+00 3.98107E+00 6.30957E+00 9.99999E+00 1.58489E+01 2.51189E+01 2.51189E+00 3.98107E+00 6.30957E+00 9.99999E+00 1.58489E+01 2.51189E+01 3.98107E+00 6.30957E+00 9.99999E+00 1.58489E+01 2.51189E+01 3.98107E+01 6.30957E+00 9.99999E+00 1.58489E+01 2.51189E+01 3.98107E+01 6.30957E+01 
90000 
2.19934E-04 
2.18729E-04 
5.24024E-04 
2.17497E-04 
5.22588E-04 
2.16182E-04 
5.21730E-04 
1.28256E-03 
2.14830E-04 
5.20945E-04 
1.28228E-03 
3.23677E-03 
2.13575E-04 
5.20209E-04 
1.28281E-03 
3.23079E-03 
2.12571E-04 
5.19642E-04 
1.28374E-03 
3.22119E-03 
8.14656E-03 
2.11602E-04 
5.18620E-04 
1.28307E-03 
3.20563E-03 
8.09123E-03 
2.08866E-04 
5.13038E-04 
1.27050E-03 
3.16262E-03 
7.95856E-03 
2.01247E-02 
2.00415E-04 
4.93607E-04 
1.22363E-03 
3.04114E-03 
7.62850E-03 
1.92188E-02 
4.90429E-02 
4.57014E-04 
1.13585E-03 
2.82693E-03 
7.08193E-03 
1.78057E-02 
4.52024E-02 
1.04769E-03 
2.61491E-03 
6.54962E-03 
1.64498E-02 
4.15915E-02 
1.07130E-01 
2.41841E-03 
6.05146E-03 
1.51767E-02 
3.82317E-02 
9.74007E-02 
2.55991E-01 
---
