PdfType: replica
Format: lhagrid1
---
4.34963E-04 7.77181E-04 7.77181E-04 1.38865E-03 1.38865E-03 2.48120E-03 2.48120E-03 2.48120E-03 4.43334E-03 4.43334E-03 4.43334E-03 4.43334E-03 7.92137E-03 7.92137E-03 7.92137E-03 7.92137E-03 1.41537E-02 1.41537E-02 1.41537E-02 1.41537E-02 1.41537E-02 2.52895E-02 2.52895E-02 2.52895E-02 2.52895E-02 2.52895E-02 4.51866E-02 4.51866E-02 4.51866E-02 4.51866E-02 4.51866E-02 4.51866E-02 8.07383E-02 8.07383E-02 8.07383E-02 8.07383E-02 8.07383E-02 8.07383E-02 8.07383E-02 1.44261E-01 1.44261E-01 1.44261E-01 1.44261E-01 1.44261E-01 1.44261E-01 2.57762E-01 2.57762E-01 2.57762E-01 2.57762E-01 2.57762E-01 2.57762E-01 4.60562E-01 4.60562E-01 4.60562E-01 4.60562E-01 4.60562E-01 4.60562E-01 
1.58489E+00 1.58489E+00 2.51189E+00 1.58489E+00 2.51189E+00 1.58489E+00 2.51189E+00 3.98107E+00 1.58489E+00 2.51189E+00 3.98107E+00 6.30957E+00 1.58489E+00 2.51189E+00 3.98107E+00 6.30957E+00 1.58489E+00 2.51189E+00 3.98107E+00 6.30957E+00 9.99999E+00 1.58489E+00 2.51189E+00 3.98107E+00 6.30957E+00 9.99999E+00 1.58489E+00 2.51189E+00 3.98107E+00 6.30957E+00 9.99999E+00 1.58489E+01 1.58489E+00 2.51189E+00 3.98107E+00 6.30957E+00 9.99999E+00 1.58489E+01 2.51189E+01 2.51189E+00 3.98107E+00 6.30957E+00 9.99999E+00 1.58489E+01 2.51189E+01 3.98107E+00 6.30957E+00 9.99999E+00 1.58489E+01 2.51189E+01 3.98107E+01 6.30957E+00 9.99999E+00 1.58489E+01 2.51189E+01 3.98107E+01 6.30957E+01 
90000 
2.20413E-04 
2.19186E-04 
5.24813E-04 
2.17892E-04 
5.23290E-04 
2.16485E-04 
5.22278E-04 
1.28355E-03 
2.15050E-04 
5.21342E-04 
1.28306E-03 
3.23764E-03 
2.13774E-04 
5.20580E-04 
1.28361E-03 
3.23199E-03 
2.12845E-04 
5.20159E-04 
1.28481E-03 
3.22316E-03 
8.15187E-03 
2.11861E-04 
5.18988E-04 
1.28351E-03 
3.20610E-03 
8.09136E-03 
2.08387E-04 
5.11578E-04 
1.26633E-03 
3.15212E-03 
7.93086E-03 
2.00584E-02 
1.98273E-04 
4.88431E-04 
1.21099E-03 
3.01090E-03 
7.55512E-03 
1.90425E-02 
4.86330E-02 
4.51011E-04 
1.12196E-03 
2.79405E-03 
7.00458E-03 
1.76224E-02 
4.47694E-02 
1.03773E-03 
2.58963E-03 
6.48672E-03 
1.62931E-02 
4.12028E-02 
1.06181E-01 
2.38816E-03 
5.97781E-03 
1.49969E-02 
3.77935E-02 
9.63419E-02 
2.53515E-01 
---
