PdfType: replica
Format: lhagrid1
---
4.34963E-04 7.77181E-04 7.77181E-04 1.38865E-03 1.38865E-03 2.48120E-03 2.48120E-03 2.48120E-03 4.43334E-03 4.43334E-03 4.43334E-03 4.43334E-03 7.92137E-03 7.92137E-03 7.92137E-03 7.92137E-03 1.41537E-02 1.41537E-02 1.41537E-02 1.41537E-02 1.41537E-02 2.52895E-02 2.52895E-02 2.52895E-02 2.52895E-02 2.52895E-02 4.51866E-02 4.51866E-02 4.51866E-02 4.51866E-02 4.51866E-02 4.51866E-02 8.07383E-02 8.07383E-02 8.07383E-02 8.07383E-02 8.07383E-02 8.07383E-02 8.07383E-02 1.44261E-01 1.44261E-01 1.44261E-01 1.44261E-01 1.44261E-01 1.44261E-01 2.57762E-01 2.57762E-01 2.57762E-01 2.57762E-01 2.57762E-01 2.57762E-01 4.60562E-01 4.60562E-01 4.60562E-01 4.60562E-01 4.60562E-01 4.60562E-01 
1.58489E+00 1.58489E+00 2.51189E+00 1.58489E+00 2.51189E+00 1.58489E+00 2.51189E+00 3.98107E+00 1.58489E+00 2.51189E+00 3.98107E+00 6.30957E+00 1.58489E+00 2.51189E+00 3.98107E+00 6.30957E+00 1.58489E+00 2.51189E+00 3.98107E+00 6.30957E+00 9.99999E+00 1.58489E+00 2.51189E+00 3.98107E+00 6.30957E+00 9.99999E+00 1.58489E+00 2.51189E+00 3.98107E+00 6.30957E+00 9.99999E+00 1.58489E+01 1.58489E+00 2.51189E+00 3.98107E+00 6.30957E+00 9.99999E+00 1.58489E+01 2.51189E+01 2.51189E+00 3.98107E+00 6.30957E+00 9.99999E+00 1.58489E+01 2.51189E+01 3.98107E+00 6.30957E+00 9.99999E+00 1.58489E+01 2.51189E+01 3.98107E+01 6.30957E+00 9.99999E+00 1.58489E+01 2.51189E+01 3.98107E+01 6.30957E+01 
90000 
2.19963E-04 
2.18836E-04 
5.24245E-04 
2.17740E-04 
5.23084E-04 
2.16646E-04 
5.22662E-04 
1.28462E-03 
2.15620E-04 
5.22520E-04 
1.28567E-03 
3.24427E-03 
2.14773E-04 
5.22595E-04 
1.28790E-03 
3.24178E-03 
2.14131E-04 
5.22739E-04 
1.29030E-03 
3.23538E-03 
8.17964E-03 
2.13154E-04 
5.21710E-04 
1.28966E-03 
3.22013E-03 
8.12422E-03 
2.09812E-04 
5.15088E-04 
1.27520E-03 
3.17373E-03 
7.98470E-03 
2.01880E-02 
2.01015E-04 
4.95408E-04 
1.22860E-03 
3.05432E-03 
7.66234E-03 
1.93042E-02 
4.92507E-02 
4.61423E-04 
1.14688E-03 
2.85434E-03 
7.14928E-03 
1.79704E-02 
4.55990E-02 
1.05791E-03 
2.63888E-03 
6.60623E-03 
1.65843E-02 
4.19105E-02 
1.07870E-01 
2.42881E-03 
6.07794E-03 
1.52439E-02 
3.84015E-02 
9.78269E-02 
2.57045E-01 
---
