PdfType: replica
Format: lhagrid1
---
4.34963E-04 7.77181E-04 7.77181E-04 1.38865E-03 1.38865E-03 2.48120E-03 2.48120E-03 2.48120E-03 4.43334E-03 4.43334E-03 4.43334E-03 4.43334E-03 7.92137E-03 7.92137E-03 7.92137E-03 7.92137E-03 1.41537E-02 1.41537E-02 1.41537E-02 1.41537E-02 1.41537E-02 2.52895E-02 2.52895E-02 2.52895E-02 2.52895E-02 2.52895E-02 4.51866E-02 4.51866E-02 4.51866E-02 4.51866E-02 4.51866E-02 4.51866E-02 8.07383E-02 8.07383E-02 8.07383E-02 8.07383E-02 8.07383E-02 8.07383E-02 8.07383E-02 1.44261E-01 1.44261E-01 1.44261E-01 1.44261E-01 1.44261E-01 1.44261E-01 2.57762E-01 2.57762E-01 2.57762E-01 2.57762E-01 2.57762E-01 2.57762E-01 4.60562E-01 4.60562E-01 4.60562E-01 4.60562E-01 4.60562E-01 4.60562E-01 
1.58489E+00 1.58489E+00 2.51189E+00 1.58489E+00 2.51189E+00 1.58489E+00 2.51189E+00 3.98107E+00 1.58489E+00 2.51189E+00 3.98107E+00 6.30957E+00 1.58489E+00 2.51189E+00 3.98107E+00 6.30957E+00 1.58489E+00 2.51189E+00 3.98107E+00 6.30957E+00 9.99999E+00 1.58489E+00 2.51189E+00 3.98107E+00 6.30957E+00 9.99999E+00 1.58489E+00 2.51189E+00 3.98107E+00 6.30957E+00 9.99999E+00 1.58489E+01 1.58489E+00 2.51189E+00 3.98107E+00 6.30957E+00 9.99999E+00 1.58489E+01 2.51189E+01 2.51189E+00 3.98107E+00 6.30957E+00 9.99999E+00 1.58489E+01 2.51189E+01 3.98107E+00 6.30957E+00 9.99999E+00 1.58489E+01 2.51189E+01 3.98107E+01 6.30957E+00 9.99999E+00 1.58489E+01 2.51189E+01 3.98107E+01 6.30957E+01 
90000 
2.20245E-04 
2.19167E-04 
5.24811E-04 
2.18058E-04 
5.23603E-04 
2.16835E-04 
5.22903E-04 
1.28467E-03 
2.15491E-04 
5.22101E-04 
1.28435E-03 
3.23940E-03 
2.14063E-04 
5.20992E-04 
1.28410E-03 
3.23201E-03 
2.12577E-04 
5.19465E-04 
1.28302E-03 
3.21842E-03 
8.13660E-03 
2.10798E-04 
5.16896E-04 
1.27916E-03 
3.19634E-03 
8.06780E-03 
2.07423E-04 
5.10135E-04 
1.26421E-03 
3.14855E-03 
7.92546E-03 
2.00456E-02 
1.99317E-04 
4.91370E-04 
1.21867E-03 
3.03007E-03 
7.60220E-03 
1.91568E-02 
4.89039E-02 
4.55586E-04 
1.13193E-03 
2.81692E-03 
7.05601E-03 
1.77402E-02 
4.50420E-02 
1.03940E-03 
2.59406E-03 
6.49869E-03 
1.63249E-02 
4.12845E-02 
1.06373E-01 
2.40224E-03 
6.01408E-03 
1.50892E-02 
3.80256E-02 
9.69159E-02 
2.54869E-01 
---
