PdfType: replica
Format: lhagrid1
---
4.34963E-04 7.77181E-04 7.77181E-04 1.38865E-03 1.38865E-03 2.48120E-03 2.48120E-03 2.48120E-03 4.43334E-03 4.43334E-03 4.43334E-03 4.43334E-03 7.92137E-03 7.92137E-03 7.92137E-03 7.92137E-03 1.41537E-02 1.41537E-02 1.41537E-02 1.41537E-02 1.41537E-02 2.52895E-02 2.52895E-02 2.52895E-02 2.52895E-02 2.52895E-02 4.51866E-02 4.51866E-02 4.51866E-02 4.51866E-02 4.51866E-02 4.51866E-02 8.07383E-02 8.07383E-02 8.07383E-02 8.07383E-02 8.07383E-02 8.07383E-02 8.07383E-02 1.44261E-01 1.44261E-01 1.44261E-01 1.44261E-01 1.44261E-01 1.44261E-01 2.57762E-01 2.57762E-01 2.57762E-01 2.57762E-01 2.57762E-01 2.57762E-01 4.60562E-01 4.60562E-01 4.60562E-01 4.60562E-01 4.60562E-01 4.60562E-01 
1.58489E+00 1.58489E+00 2.51189E+00 1.58489E+00 2.51189E+00 1.58489E+00 2.51189E+00 3.98107E+00 1.58489E+00 2.51189E+00 3.98107E+00 6.30957E+00 1.58489E+00 2.51189E+00 3.98107E+00 6.30957E+00 1.58489E+00 2.51189E+00 3.98107E+00 6.30957E+00 9.99999E+00 1.58489E+00 2.51189E+00 3.98107E+00 6.30957E+00 9.99999E+00 1.58489E+00 2.51189E+00 3.98107E+00 6.30957E+00 9.99999E+00 1.58489E+01 1.58489E+00 2.51189E+00 3.98107E+00 6.30957E+00 9.99999E+00 1.58489E+01 2.51189E+01 2.51189E+00 3.98107E+00 6.30957E+00 9.99999E+00 1.58489E+01 2.51189E+01 3.98107E+00 6.30957E+00 9.99999E+00 1.58489E+01 2.51189E+01 3.98107E+01 6.30957E+00 9.99999E+00 1.58489E+01 2.51189E+01 3.98107E+01 6.30957E+01 
90000 
2.20257E-04 
2.19086E-04 
5.24684E-04 
2.17859E-04 
5.23256E-04 
2.16510E-04 
5.22335E-04 
1.28378E-03 
2.15082E-04 
5.21422E-04 
1.28327E-03 
3.23891E-03 
2.13710E-04 
5.20510E-04 
1.28350E-03 
3.23240E-03 
2.12562E-04 
5.19735E-04 
1.28407E-03 
3.22210E-03 
8.14938E-03 
2.11463E-04 
5.18504E-04 
1.28303E-03 
3.20569E-03 
8.09187E-03 
2.08792E-04 
5.13066E-04 
1.27089E-03 
3.16365E-03 
7.96190E-03 
2.01362E-02 
2.00818E-04 
4.94642E-04 
1.22618E-03 
3.04739E-03 
7.64298E-03 
1.92538E-02 
4.91389E-02 
4.58058E-04 
1.13762E-03 
2.83085E-03 
7.08821E-03 
1.78157E-02 
4.52196E-02 
1.04415E-03 
2.60541E-03 
6.52606E-03 
1.63909E-02 
4.14412E-02 
1.06729E-01 
2.39398E-03 
5.98972E-03 
1.50209E-02 
3.78400E-02 
9.64281E-02 
2.53664E-01 
---
