PdfType: replica
Format: lhagrid1
---
4.34963E-04 7.77181E-04 7.77181E-04 1.38865E-03 1.38865E-03 2.48120E-03 2.48120E-03 2.48120E-03 4.43334E-03 4.43334E-03 4.43334E-03 4.43334E-03 7.92137E-03 7.92137E-03 7.92137E-03 7.92137E-03 1.41537E-02 1.41537E-02 1.41537E-02 1.41537E-02 1.41537E-02 2.52895E-02 2.52895E-02 2.52895E-02 2.52895E-02 2.52895E-02 4.51866E-02 4.51866E-02 4.51866E-02 4.51866E-02 4.51866E-02 4.51866E-02 8.07383E-02 8.07383E-02 8.07383E-02 8.07383E-02 8.07383E-02 8.07383E-02 8.07383E-02 1.44261E-01 1.44261E-01 1.44261E-01 1.44261E-01 1.44261E-01 1.44261E-01 2.57762E-01 2.57762E-01 2.57762E-01 2.57762E-01 2.57762E-01 2.57762E-01 4.60562E-01 4.60562E-01 4.60562E-01 4.60562E-01 4.60562E-01 4.60562E-01 
1.58489E+00 1.58489E+00 2.51189E+00 1.58489E+00 2.51189E+00 1.58489E+00 2.51189E+00 3.98107E+00 1.58489E+00 2.51189E+00 3.98107E+00 6.30957E+00 1.58489E+00 2.51189E+00 3.98107E+00 6.30957E+00 1.58489E+00 2.51189E+00 3.98107E+00 6.30957E+00 9.99999E+00 1.58489E+00 2.51189E+00 3.98107E+00 6.30957E+00 9.99999E+00 1.58489E+00 2.51189E+00 3.98107E+00 6.30957E+00 9.99999E+00 1.58489E+01 1.58489E+00 2.51189E+00 3.98107E+00 6.30957E+00 9.99999E+00 1.58489E+01 2.51189E+01 2.51189E+00 3.98107E+00 6.30957E+00 9.99999E+00 1.58489E+01 2.51189E+01 3.98107E+00 6.30957E+00 9.99999E+00 1.58489E+01 2.51189E+01 3.98107E+01 6.30957E+00 9.99999E+00 1.58489E+01 2.51189E+01 3.98107E+01 6.30957E+01 
90000 
2.19934E-04 
2.18750E-04 
5.24185E-04 
2.17560E-04 
5.22813E-04 
2.16302E-04 
5.22048E-04 
1.28339E-03 
2.15003E-04 
5.21356E-04 
1.28328E-03 
3.23871E-03 
2.13748E-04 
5.20640E-04 
1.28386E-03 
3.23282E-03 
2.12628E-04 
5.19891E-04 
1.28441E-03 
3.22265E-03 
8.14980E-03 
2.11399E-04 
5.18376E-04 
1.28265E-03 
3.20502E-03 
8.08899E-03 
2.08394E-04 
5.12158E-04 
1.26858E-03 
3.15866E-03 
7.94865E-03 
2.00992E-02 
1.99908E-04 
4.92579E-04 
1.22137E-03 
3.03635E-03 
7.61731E-03 
1.91911E-02 
4.89641E-02 
4.56864E-04 
1.13541E-03 
2.82584E-03 
7.07886E-03 
1.77963E-02 
4.51690E-02 
1.04452E-03 
2.60558E-03 
6.52486E-03 
1.63846E-02 
4.14212E-02 
1.06688E-01 
2.39115E-03 
5.98312E-03 
1.50057E-02 
3.78067E-02 
9.63633E-02 
2.53604E-01 
---
