PdfType: replica
Format: lhagrid1
---
4.34963E-04 7.77181E-04 7.77181E-04 1.38865E-03 1.38865E-03 2.48120E-03 2.48120E-03 2.48120E-03 4.43334E-03 4.43334E-03 4.43334E-03 4.43334E-03 7.92137E-03 7.92137E-03 7.92137E-03 7.92137E-03 1.41537E-02 1.41537E-02 1.41537E-02 1.41537E-02 1.41537E-02 2.52895E-02 2.52895E-02 2.52895E-02 2.52895E-02 2.52895E-02 4.51866E-02 4.51866E-02 4.51866E-02 4.51866E-02 4.51866E-02 4.51866E-02 8.07383E-02 8.07383E-02 8.07383E-02 8.07383E-02 8.07383E-02 8.07383E-02 8.07383E-02 1.44261E-01 1.44261E-01 1.44261E-01 1.44261E-01 1.44261E-01 1.44261E-01 2.57762E-01 2.57762E-01 2.57762E-01 2.57762E-01 2.57762E-01 2.57762E-01 4.60562E-01 4.60562E-01 4.60562E-01 4.60562E-01 4.60562E-01 4.60562E-01 
1.58489E+00 1.58489E+00 2.51189E+00 1.58489E+00 2.51189E+00 1.58489E+00 2.51189E+00 3.98107E+00 1.58489E+00 2.51189E+00 3.98107E+00 6.30957E+00 1.58489E+00 2.51189E+00 3.98107E+00 6.30957E+00 1.58489E+00 2.51189E+00 3.98107E+00 6.30957E+00 9.99999E+00 1.58489E+00 2.51189E+00 3.98107E+00 6.30957E+00 9.99999E+00 1.58489E+00 2.51189E+00 3.98107E+00 6.30957E+00 9.99999E+00 1.58489E+01 1.58489E+00 2.51189E+00 3.98107E+00 6.30957E+00 9.99999E+00 1.58489E+01 2.51189E+01 2.51189E+00 3.98107E+00 6.30957E+00 9.99999E+00 1.58489E+01 2.51189E+01 3.98107E+00 6.30957E+00 9.99999E+00 1.58489E+01 2.51189E+01 3.98107E+01 6.30957E+00 9.99999E+00 1.58489E+01 2.51189E+01 3.98107E+01 6.30957E+01 
90000 
2.20548E-04 
2.19407E-04 
5.25122E-04 
2.18220E-04 
5.23825E-04 
2.16939E-04 
5.23103E-04 
1.28520E-03 
2.15641E-04 
5.22485E-04 
1.28535E-03 
3.24303E-03 
2.14516E-04 
5.22029E-04 
1.28654E-03 
3.23848E-03 
2.13764E-04 
5.21923E-04 
1.28846E-03 
3.23092E-03 
8.16864E-03 
2.12992E-04 
5.21206E-04 
1.28830E-03 
3.21638E-03 
8.11475E-03 
2.09723E-04 
5.14415E-04 
1.27278E-03 
3.16646E-03 
7.96424E-03 
2.01345E-02 
1.99669E-04 
4.91550E-04 
1.21827E-03 
3.02736E-03 
7.59378E-03 
1.91325E-02 
4.88335E-02 
4.53732E-04 
1.12851E-03 
2.80965E-03 
7.04136E-03 
1.77093E-02 
4.49728E-02 
1.04482E-03 
2.60847E-03 
6.53370E-03 
1.64113E-02 
4.15003E-02 
1.06920E-01 
2.43058E-03 
6.08724E-03 
1.52770E-02 
3.85047E-02 
9.81234E-02 
2.57821E-01 
---
