PdfType: replica
Format: lhagrid1
---
4.34963E-04 7.77181E-04 7.77181E-04 1.38865E-03 1.38865E-03 2.48120E-03 2.48120E-03 2.48120E-03 4.43334E-03 4.43334E-03 4.43334E-03 4.43334E-03 7.92137E-03 7.92137E-03 7.92137E-03 7.92137E-03 1.41537E-02 1.41537E-02 1.41537E-02 1.41537E-02 1.41537E-02 2.52895E-02 2.52895E-02 2.52895E-02 2.52895E-02 2.52895E-02 4.51866E-02 4.51866E-02 4.51866E-02 4.51866E-02 4.51866E-02 4.51866E-02 8.07383E-02 8.07383E-02 8.07383E-02 8.07383E-02 8.07383E-02 8.07383E-02 8.07383E-02 1.44261E-01 1.44261E-01 1.44261E-01 1.44261E-01 1.44261E-01 1.44261E-01 2.57762E-01 2.57762E-01 2.57762E-01 2.57762E-01 2.57762E-01 2.57762E-01 4.60562E-01 4.60562E-01 4.60562E-01 4.60562E-01 4.60562E-01 4.60562E-01 
1.58489E+00 1.58489E+00 2.51189E+00 1.58489E+00 2.51189E+00 1.58489E+00 2.51189E+00 3.98107E+00 1.58489E+00 2.51189E+00 3.98107E+00 6.30957E+00 1.58489E+00 2.51189E+00 3.98107E+00 6.30957E+00 1.58489E+00 2.51189E+00 3.98107E+00 6.30957E+00 9.99999E+00 1.58489E+00 2.51189E+00 3.98107E+00 6.30957E+00 9.99999E+00 1.58489E+00 2.51189E+00 3.98107E+00 6.30957E+00 9.99999E+00 1.58489E+01 1.58489E+00 2.51189E+00 3.98107E+00 6.30957E+00 9.99999E+00 1.58489E+01 2.51189E+01 2.51189E+00 3.98107E+00 6.30957E+00 9.99999E+00 1.58489E+01 2.51189E+01 3.98107E+00 6.30957E+00 9.99999E+00 1.58489E+01 2.51189E+01 3.98107E+01 6.30957E+00 9.99999E+00 1.58489E+01 2.51189E+01 3.98107E+01 6.30957E+01 
90000 
2.19710E-04 
2.18346E-04 
5.23325E-04 
2.16945E-04 
5.21626E-04 
2.15506E-04 
5.20583E-04 
1.28039E-03 
2.14172E-04 
5.19864E-04 
1.28032E-03 
3.23262E-03 
2.13176E-04 
5.19620E-04 
1.28187E-03 
3.22859E-03 
2.12644E-04 
5.19853E-04 
1.28430E-03 
3.22170E-03 
8.14748E-03 
2.11853E-04 
5.18949E-04 
1.28351E-03 
3.20554E-03 
8.08898E-03 
2.08180E-04 
5.11410E-04 
1.26654E-03 
3.15321E-03 
7.93398E-03 
2.00613E-02 
1.98619E-04 
4.89926E-04 
1.21558E-03 
3.02361E-03 
7.58752E-03 
1.91212E-02 
4.87991E-02 
4.55785E-04 
1.13349E-03 
2.82206E-03 
7.07205E-03 
1.77840E-02 
4.51455E-02 
1.04657E-03 
2.61185E-03 
6.54196E-03 
1.64303E-02 
4.15402E-02 
1.06981E-01 
2.42081E-03 
6.05938E-03 
1.52005E-02 
3.82998E-02 
9.75907E-02 
2.56512E-01 
---
