PdfType: replica
Format: lhagrid1
---
4.34963E-04 7.77181E-04 7.77181E-04 1.38865E-03 1.38865E-03 2.48120E-03 2.48120E-03 2.48120E-03 4.43334E-03 4.43334E-03 4.43334E-03 4.43334E-03 7.92137E-03 7.92137E-03 7.92137E-03 7.92137E-03 1.41537E-02 1.41537E-02 1.41537E-02 1.41537E-02 1.41537E-02 2.52895E-02 2.52895E-02 2.52895E-02 2.52895E-02 2.52895E-02 4.51866E-02 4.51866E-02 4.51866E-02 4.51866E-02 4.51866E-02 4.51866E-02 8.07383E-02 8.07383E-02 8.07383E-02 8.07383E-02 8.07383E-02 8.07383E-02 8.07383E-02 1.44261E-01 1.44261E-01 1.44261E-01 1.44261E-01 1.44261E-01 1.44261E-01 2.57762E-01 2.57762E-01 2.57762E-01 2.57762E-01 2.57762E-01 2.57762E-01 4.60562E-01 4.60562E-01 4.60562E-01 4.60562E-01 4.60562E-01 4.60562E-01 
1.58489E+00 1.58489E+00 2.51189E+00 1.58489E+00 2.51189E+00 1.58489E+00 2.51189E+00 3.98107E+00 1.58489E+00 2.51189E+00 3.98107E+00 6.30957E+00 1.58489E+00 2.51189E+00 3.98107E+00 6.30957E+00 1.58489E+00 2.51189E+00 3.98107E+00 6.30957E+00 9.99999E+00 1.58489E+00 2.51189E+00 3.98107E+00 6.30957E+00 9.99999E+00 1.58489E+00 2.51189E+00 3.98107E+00 6.30957E+00 9.99999E+00 1.58489E+01 1.58489E+00 2.51189E+00 3.98107E+00 6.30957E+00 9.99999E+00 1.58489E+01 2.51189E+01 2.51189E+00 3.98107E+00 6.30957E+00 9.99999E+00 1.58489E+01 2.51189E+01 3.98107E+00 6.30957E+00 9.99999E+00 1.58489E+01 2.51189E+01 3.98107E+01 6.30957E+00 9.99999E+00 1.58489E+01 2.51189E+01 3.98107E+01 6.30957E+01 
90000 
2.20332E-04 
2.19248E-04 
5.25180E-04 
2.18145E-04 
5.23988E-04 
2.16951E-04 
5.23349E-04 
1.28592E-03 
2.15669E-04 
5.22653E-04 
1.28575E-03 
3.24377E-03 
2.14328E-04 
5.21647E-04 
1.28560E-03 
3.23613E-03 
2.12896E-04 
5.20091E-04 
1.28430E-03 
3.22154E-03 
8.14567E-03 
2.11012E-04 
5.17206E-04 
1.27970E-03 
3.19747E-03 
8.07136E-03 
2.07387E-04 
5.10049E-04 
1.26409E-03 
3.14832E-03 
7.92582E-03 
2.00493E-02 
1.99368E-04 
4.91658E-04 
1.21965E-03 
3.03260E-03 
7.60931E-03 
1.91755E-02 
4.89494E-02 
4.56843E-04 
1.13509E-03 
2.82443E-03 
7.07432E-03 
1.77843E-02 
4.51469E-02 
1.04327E-03 
2.60391E-03 
6.52225E-03 
1.63820E-02 
4.14247E-02 
1.06724E-01 
2.41464E-03 
6.04338E-03 
1.51592E-02 
3.81951E-02 
9.73338E-02 
2.55947E-01 
---
