PdfType: replica
Format: lhagrid1
---
4.34963E-04 7.77181E-04 7.77181E-04 1.38865E-03 1.38865E-03 2.48120E-03 2.48120E-03 2.48120E-03 4.43334E-03 4.43334E-03 4.43334E-03 4.43334E-03 7.92137E-03 7.92137E-03 7.92137E-03 7.92137E-03 1.41537E-02 1.41537E-02 1.41537E-02 1.41537E-02 1.41537E-02 2.52895E-02 2.52895E-02 2.52895E-02 2.52895E-02 2.52895E-02 4.51866E-02 4.51866E-02 4.51866E-02 4.51866E-02 4.51866E-02 4.51866E-02 8.07383E-02 8.07383E-02 8.07383E-02 8.07383E-02 8.07383E-02 8.07383E-02 8.07383E-02 1.44261E-01 1.44261E-01 1.44261E-01 1.44261E-01 1.44261E-01 1.44261E-01 2.57762E-01 2.57762E-01 2.57762E-01 2.57762E-01 2.57762E-01 2.57762E-01 4.60562E-01 4.60562E-01 4.60562E-01 4.60562E-01 4.60562E-01 4.60562E-01 
1.58489E+00 1.58489E+00 2.51189E+00 1.58489E+00 2.51189E+00 1.58489E+00 2.51189E+00 3.98107E+00 1.58489E+00 2.51189E+00 3.98107E+00 6.30957E+00 1.58489E+00 2.51189E+00 3.98107E+00 6.30957E+00 1.58489E+00 2.51189E+00 3.98107E+00 6.30957E+00 9.99999E+00 1.58489E+00 2.51189E+00 3.98107E+00 6.30957E+00 9.99999E+00 1.58489E+00 2.51189E+00 3.98107E+00 6.30957E+00 9.99999E+00 1.58489E+01 1.58489E+00 2.51189E+00 3.98107E+00 6.30957E+00 9.99999E+00 1.58489E+01 2.51189E+01 2.51189E+00 3.98107E+00 6.30957E+00 9.99999E+00 1.58489E+01 2.51189E+01 3.98107E+00 6.30957E+00 9.99999E+00 1.58489E+01 2.51189E+01 3.98107E+01 6.30957E+00 9.99999E+00 1.58489E+01 2.51189E+01 3.98107E+01 6.30957E+01 
90000 
2.20410E-04 
2.19260E-04 
5.25049E-04 
2.18061E-04 
5.23702E-04 
2.16752E-04 
5.22884E-04 
1.28482E-03 
2.15382E-04 
5.22076E-04 
1.28453E-03 
3.24076E-03 
2.14085E-04 
5.21238E-04 
1.28487E-03 
3.23450E-03 
2.12993E-04 
5.20426E-04 
1.28522E-03 
3.22368E-03 
8.15024E-03 
2.11762E-04 
5.18750E-04 
1.28298E-03 
3.20457E-03 
8.08673E-03 
2.08331E-04 
5.11613E-04 
1.26679E-03 
3.15332E-03 
7.93454E-03 
2.00637E-02 
1.98913E-04 
4.90140E-04 
1.21542E-03 
3.02173E-03 
7.58167E-03 
1.91056E-02 
4.87691E-02 
4.53770E-04 
1.12850E-03 
2.80979E-03 
7.04184E-03 
1.77109E-02 
4.49770E-02 
1.04348E-03 
2.60466E-03 
6.52471E-03 
1.63891E-02 
4.14439E-02 
1.06772E-01 
2.41684E-03 
6.05098E-03 
1.51825E-02 
3.82608E-02 
9.75016E-02 
2.56277E-01 
---
