PdfType: replica
Format: lhagrid1
---
4.34963E-04 7.77181E-04 7.77181E-04 1.38865E-03 1.38865E-03 2.48120E-03 2.48120E-03 2.48120E-03 4.43334E-03 4.43334E-03 4.43334E-03 4.43334E-03 7.92137E-03 7.92137E-03 7.92137E-03 7.92137E-03 1.41537E-02 1.41537E-02 1.41537E-02 1.41537E-02 1.41537E-02 2.52895E-02 2.52895E-02 2.52895E-02 2.52895E-02 2.52895E-02 4.51866E-02 4.51866E-02 4.51866E-02 4.51866E-02 4.51866E-02 4.51866E-02 8.07383E-02 8.07383E-02 8.07383E-02 8.07383E-02 8.07383E-02 8.07383E-02 8.07383E-02 1.44261E-01 1.44261E-01 1.44261E-01 1.44261E-01 1.44261E-01 1.44261E-01 2.57762E-01 2.57762E-01 2.57762E-01 2.57762E-01 2.57762E-01 2.57762E-01 4.60562E-01 4.60562E-01 4.60562E-01 4.60562E-01 4.60562E-01 4.60562E-01 
1.58489E+00 1.58489E+00 2.51189E+00 1.58489E+00 2.51189E+00 1.58489E+00 2.51189E+00 3.98107E+00 1.58489E+00 2.51189E+00 3.98107E+00 6.30957E+00 1.58489E+00 2.51189E+00 3.98107E+00 6.30957E+00 1.58489E+00 2.51189E+00 3.98107E+00 6.30957E+00 9.99999E+00 1.58489E+00 2.51189E+00 3.98107E+00 6.30957E+00 9.99999E+00 1.58489E+00 2.51189E+00 3.98107E+00 6.30957E+00 9.99999E+00 1.58489E+01 1.58489E+00 2.51189E+00 3.98107E+00 6.30957E+00 9.99999E+00 1.58489E+01 2.51189E+01 2.51189E+00 3.98107E+00 6.30957E+00 9.99999E+00 1.58489E+01 2.51189E+01 3.98107E+00 6.30957E+00 9.99999E+00 1.58489E+01 2.51189E+01 3.98107E+01 6.30957E+00 9.99999E+00 1.58489E+01 2.51189E+01 3.98107E+01 6.30957E+01 
90000 
2.20377E-04 
2.19320E-04 
5.25002E-04 
2.18288E-04 
5.23956E-04 
2.17247E-04 
5.23667E-04 
1.28627E-03 
2.16281E-04 
5.23683E-04 
1.28773E-03 
3.24784E-03 
2.15545E-04 
5.23995E-04 
1.29051E-03 
3.24680E-03 
2.15118E-04 
5.24505E-04 
1.29369E-03 
3.24200E-03 
8.19140E-03 
2.14354E-04 
5.23768E-04 
1.29353E-03 
3.22750E-03 
8.13858E-03 
2.10710E-04 
5.16405E-04 
1.27720E-03 
3.17643E-03 
7.98761E-03 
2.01865E-02 
2.00662E-04 
4.93986E-04 
1.22426E-03 
3.04201E-03 
7.62941E-03 
1.92181E-02 
4.90315E-02 
4.57111E-04 
1.13617E-03 
2.82743E-03 
7.08246E-03 
1.78048E-02 
4.51934E-02 
1.04644E-03 
2.61088E-03 
6.53683E-03 
1.64127E-02 
4.14876E-02 
1.06837E-01 
2.41288E-03 
6.04048E-03 
1.51548E-02 
3.81871E-02 
9.73017E-02 
2.55700E-01 
---
