PdfType: replica
Format: lhagrid1
---
4.34963E-04 7.77181E-04 7.77181E-04 1.38865E-03 1.38865E-03 2.48120E-03 2.48120E-03 2.48120E-03 4.43334E-03 4.43334E-03 4.43334E-03 4.43334E-03 7.92137E-03 7.92137E-03 7.92137E-03 7.92137E-03 1.41537E-02 1.41537E-02 1.41537E-02 1.41537E-02 1.41537E-02 2.52895E-02 2.52895E-02 2.52895E-02 2.52895E-02 2.52895E-02 4.51866E-02 4.51866E-02 4.51866E-02 4.51866E-02 4.51866E-02 4.51866E-02 8.07383E-02 8.07383E-02 8.07383E-02 8.07383E-02 8.07383E-02 8.07383E-02 8.07383E-02 1.44261E-01 1.44261E-01 1.44261E-01 1.44261E-01 1.44261E-01 1.44261E-01 2.57762E-01 2.57762E-01 2.57762E-01 2.57762E-01 2.57762E-01 2.57762E-01 4.60562E-01 4.60562E-01 4.60562E-01 4.60562E-01 4.60562E-01 4.60562E-01 
1.58489E+00 1.58489E+00 2.51189E+00 1.58489E+00 2.51189E+00 1.58489E+00 2.51189E+00 3.98107E+00 1.58489E+00 2.51189E+00 3.98107E+00 6.30957E+00 1.58489E+00 2.51189E+00 3.98107E+00 6.30957E+00 1.58489E+00 2.51189E+00 3.98107E+00 6.30957E+00 9.99999E+00 1.58489E+00 2.51189E+00 3.98107E+00 6.30957E+00 9.99999E+00 1.58489E+00 2.51189E+00 3.98107E+00 6.30957E+00 9.99999E+00 1.58489E+01 1.58489E+00 2.51189E+00 3.98107E+00 6.30957E+00 9.99999E+00 1.58489E+01 2.51189E+01 2.51189E+00 3.98107E+00 6.30957E+00 9.99999E+00 1.58489E+01 2.51189E+01 3.98107E+00 6.30957E+00 9.99999E+00 1.58489E+01 2.51189E+01 3.98107E+01 6.30957E+00 9.99999E+00 1.58489E+01 2.51189E+01 3.98107E+01 6.30957E+01 
90000 
2.20218E-04 
2.18972E-04 
5.24314E-04 
2.17644E-04 
5.22736E-04 
2.16163E-04 
5.21604E-04 
1.28215E-03 
2.14575E-04 
5.20391E-04 
1.28103E-03 
3.23368E-03 
2.13033E-04 
5.19105E-04 
1.28046E-03 
3.22536E-03 
2.11746E-04 
5.17989E-04 
1.28026E-03 
3.21334E-03 
8.12872E-03 
2.10592E-04 
5.16614E-04 
1.27881E-03 
3.19617E-03 
8.06967E-03 
2.07834E-04 
5.10938E-04 
1.26589E-03 
3.15227E-03 
7.93428E-03 
2.00682E-02 
1.99444E-04 
4.91481E-04 
1.21875E-03 
3.02977E-03 
7.60161E-03 
1.91552E-02 
4.88950E-02 
4.55336E-04 
1.13204E-03 
2.81785E-03 
7.06064E-03 
1.77553E-02 
4.50834E-02 
1.04533E-03 
2.60901E-03 
6.53466E-03 
1.64122E-02 
4.14987E-02 
1.06909E-01 
2.41507E-03 
6.04484E-03 
1.51638E-02 
3.82072E-02 
9.73561E-02 
2.55909E-01 
---
