PdfType: replica
Format: lhagrid1
---
4.34963E-04 7.77181E-04 7.77181E-04 1.38865E-03 1.38865E-03 2.48120E-03 2.48120E-03 2.48120E-03 4.43334E-03 4.43334E-03 4.43334E-03 4.43334E-03 7.92137E-03 7.92137E-03 7.92137E-03 7.92137E-03 1.41537E-02 1.41537E-02 1.41537E-02 1.41537E-02 1.41537E-02 2.52895E-02 2.52895E-02 2.52895E-02 2.52895E-02 2.52895E-02 4.51866E-02 4.51866E-02 4.51866E-02 4.51866E-02 4.51866E-02 4.51866E-02 8.07383E-02 8.07383E-02 8.07383E-02 8.07383E-02 8.07383E-02 8.07383E-02 8.07383E-02 1.44261E-01 1.44261E-01 1.44261E-01 1.44261E-01 1.44261E-01 1.44261E-01 2.57762E-01 2.57762E-01 2.57762E-01 2.57762E-01 2.57762E-01 2.57762E-01 4.60562E-01 4.60562E-01 4.60562E-01 4.60562E-01 4.60562E-01 4.60562E-01 
1.58489E+00 1.58489E+00 2.51189E+00 1.58489E+00 2.51189E+00 1.58489E+00 2.51189E+00 3.98107E+00 1.58489E+00 2.51189E+00 3.98107E+00 6.30957E+00 1.58489E+00 2.51189E+00 3.98107E+00 6.30957E+00 1.58489E+00 2.51189E+00 3.98107E+00 6.30957E+00 9.99999E+00 1.58489E+00 2.51189E+00 3.98107E+00 6.30957E+00 9.99999E+00 1.58489E+00 2.51189E+00 3.98107E+00 6.30957E+00 9.99999E+00 1.58489E+01 1.58489E+00 2.51189E+00 3.98107E+00 6.30957E+00 9.99999E+00 1.58489E+01 2.51189E+01 2.51189E+00 3.98107E+00 6.30957E+00 9.99999E+00 1.58489E+01 2.51189E+01 3.98107E+00 6.30957E+00 9.99999E+00 1.58489E+01 2.51189E+01 3.98107E+01 6.30957E+00 9.99999E+00 1.58489E+01 2.51189E+01 3.98107E+01 6.30957E+01 
90000 
2.20493E-04 
2.19435E-04 
5.25498E-04 
2.18369E-04 
5.24377E-04 
2.17236E-04 
5.23870E-04 
1.28701E-03 
2.16063E-04 
5.23430E-04 
1.28743E-03 
3.24780E-03 
2.14927E-04 
5.22907E-04 
1.28840E-03 
3.24273E-03 
2.13872E-04 
5.22198E-04 
1.28904E-03 
3.23253E-03 
8.17254E-03 
2.12582E-04 
5.20568E-04 
1.28729E-03 
3.21478E-03 
8.11297E-03 
2.09527E-04 
5.14651E-04 
1.27463E-03 
3.17251E-03 
7.98381E-03 
2.01918E-02 
2.01600E-04 
4.96782E-04 
1.23184E-03 
3.06169E-03 
7.67926E-03 
1.93454E-02 
4.93679E-02 
4.62145E-04 
1.14785E-03 
2.85574E-03 
7.14949E-03 
1.79661E-02 
4.55877E-02 
1.05412E-03 
2.63042E-03 
6.58707E-03 
1.65412E-02 
4.18146E-02 
1.07663E-01 
2.44002E-03 
6.10881E-03 
1.53264E-02 
3.86181E-02 
9.83835E-02 
2.58419E-01 
---
