PdfType: replica
Format: lhagrid1
---
4.34963E-04 7.77181E-04 7.77181E-04 1.38865E-03 1.38865E-03 2.48120E-03 2.48120E-03 2.48120E-03 4.43334E-03 4.43334E-03 4.43334E-03 4.43334E-03 7.92137E-03 7.92137E-03 7.92137E-03 7.92137E-03 1.41537E-02 1.41537E-02 1.41537E-02 1.41537E-02 1.41537E-02 2.52895E-02 2.52895E-02 2.52895E-02 2.52895E-02 2.52895E-02 4.51866E-02 4.51866E-02 4.51866E-02 4.51866E-02 4.51866E-02 4.51866E-02 8.07383E-02 8.07383E-02 8.07383E-02 8.07383E-02 8.07383E-02 8.07383E-02 8.07383E-02 1.44261E-01 1.44261E-01 1.44261E-01 1.44261E-01 1.44261E-01 1.44261E-01 2.57762E-01 2.57762E-01 2.57762E-01 2.57762E-01 2.57762E-01 2.57762E-01 4.60562E-01 4.60562E-01 4.60562E-01 4.60562E-01 4.60562E-01 4.60562E-01 
1.58489E+00 1.58489E+00 2.51189E+00 1.58489E+00 2.51189E+00 1.58489E+00 2.51189E+00 3.98107E+00 1.58489E+00 2.51189E+00 3.98107E+00 6.30957E+00 1.58489E+00 2.51189E+00 3.98107E+00 6.30957E+00 1.58489E+00 2.51189E+00 3.98107E+00 6.30957E+00 9.99999E+00 1.58489E+00 2.51189E+00 3.98107E+00 6.30957E+00 9.99999E+00 1.58489E+00 2.51189E+00 3.98107E+00 6.30957E+00 9.99999E+00 1.58489E+01 1.58489E+00 2.51189E+00 3.98107E+00 6.30957E+00 9.99999E+00 1.58489E+01 2.51189E+01 2.51189E+00 3.98107E+00 6.30957E+00 9.99999E+00 1.58489E+01 2.51189E+01 3.98107E+00 6.30957E+00 9.99999E+00 1.58489E+01 2.51189E+01 3.98107E+01 6.30957E+00 9.99999E+00 1.58489E+01 2.51189E+01 3.98107E+01 6.30957E+01 
90000 
2.19705E-04 
2.18522E-04 
5.23675E-04 
2.17352E-04 
5.22335E-04 
2.16143E-04 
5.21636E-04 
1.28244E-03 
2.14924E-04 
5.21042E-04 
1.28244E-03 
3.23709E-03 
2.13759E-04 
5.20404E-04 
1.28304E-03 
3.23092E-03 
2.12671E-04 
5.19581E-04 
1.28327E-03 
3.21935E-03 
8.14209E-03 
2.11268E-04 
5.17595E-04 
1.28037E-03 
3.19837E-03 
8.07313E-03 
2.07657E-04 
5.10192E-04 
1.26378E-03 
3.14615E-03 
7.91847E-03 
2.00256E-02 
1.98433E-04 
4.89382E-04 
1.21424E-03 
3.01957E-03 
7.57742E-03 
1.90949E-02 
4.87273E-02 
4.55038E-04 
1.13166E-03 
2.81795E-03 
7.06063E-03 
1.77536E-02 
4.50658E-02 
1.04586E-03 
2.61052E-03 
6.53925E-03 
1.64251E-02 
4.15290E-02 
1.06940E-01 
2.43094E-03 
6.08926E-03 
1.52838E-02 
3.85237E-02 
9.81681E-02 
2.57879E-01 
---
