PdfType: replica
Format: lhagrid1
---
4.34963E-04 7.77181E-04 7.77181E-04 1.38865E-03 1.38865E-03 2.48120E-03 2.48120E-03 2.48120E-03 4.43334E-03 4.43334E-03 4.43334E-03 4.43334E-03 7.92137E-03 7.92137E-03 7.92137E-03 7.92137E-03 1.41537E-02 1.41537E-02 1.41537E-02 1.41537E-02 1.41537E-02 2.52895E-02 2.52895E-02 2.52895E-02 2.52895E-02 2.52895E-02 4.51866E-02 4.51866E-02 4.51866E-02 4.51866E-02 4.51866E-02 4.51866E-02 8.07383E-02 8.07383E-02 8.07383E-02 8.07383E-02 8.07383E-02 8.07383E-02 8.07383E-02 1.44261E-01 1.44261E-01 1.44261E-01 1.44261E-01 1.44261E-01 1.44261E-01 2.57762E-01 2.57762E-01 2.57762E-01 2.57762E-01 2.57762E-01 2.57762E-01 4.60562E-01 4.60562E-01 4.60562E-01 4.60562E-01 4.60562E-01 4.60562E-01 
1.58489E+00 1.58489E+00 2.51189E+00 1.58489E+00 2.51189E+00 1.58489E+00 2.51189E+00 3.98107E+00 1.58489E+00 2.51189E+00 3.98107E+00 6.30957E+00 1.58489E+00 2.51189E+00 3.98107E+00 6.30957E+00 1.58489E+00 2.51189E+00 3.98107E+00 6.30957E+00 9.99999E+00 1.58489E+00 2.51189E+00 3.98107E+00 6.30957E+00 9.99999E+00 1.58489E+00 2.51189E+00 3.98107E+00 6.30957E+00 9.99999E+00 1.58489E+01 1.58489E+00 2.51189E+00 3.98107E+00 6.30957E+00 9.99999E+00 1.58489E+01 2.51189E+01 2.51189E+00 3.98107E+00 6.30957E+00 9.99999E+00 1.58489E+01 2.51189E+01 3.98107E+00 6.30957E+00 9.99999E+00 1.58489E+01 2.51189E+01 3.98107E+01 6.30957E+00 9.99999E+00 1.58489E+01 2.51189E+01 3.98107E+01 6.30957E+01 
90000 
2.20078E-04 
2.18873E-04 
5.24169E-04 
2.17614E-04 
5.22683E-04 
2.16222E-04 
5.21675E-04 
1.28226E-03 
2.14715E-04 
5.20592E-04 
1.28140E-03 
3.23379E-03 
2.13211E-04 
5.19399E-04 
1.28104E-03 
3.22603E-03 
2.11907E-04 
5.18305E-04 
1.28091E-03 
3.21424E-03 
8.13012E-03 
2.10692E-04 
5.16771E-04 
1.27897E-03 
3.19573E-03 
8.06702E-03 
2.07594E-04 
5.10075E-04 
1.26329E-03 
3.14487E-03 
7.91381E-03 
2.00140E-02 
1.98023E-04 
4.87888E-04 
1.20975E-03 
3.00764E-03 
7.54607E-03 
1.90163E-02 
4.85483E-02 
4.50264E-04 
1.12012E-03 
2.79006E-03 
6.99396E-03 
1.75947E-02 
4.46932E-02 
1.03810E-03 
2.59242E-03 
6.49718E-03 
1.63262E-02 
4.12966E-02 
1.06411E-01 
2.41763E-03 
6.05363E-03 
1.51900E-02 
3.82806E-02 
9.75506E-02 
2.56384E-01 
---
