PdfType: replica
Format: lhagrid1
---
4.34963E-04 7.77181E-04 7.77181E-04 1.38865E-03 1.38865E-03 2.48120E-03 2.48120E-03 2.48120E-03 4.43334E-03 4.43334E-03 4.43334E-03 4.43334E-03 7.92137E-03 7.92137E-03 7.92137E-03 7.92137E-03 1.41537E-02 1.41537E-02 1.41537E-02 1.41537E-02 1.41537E-02 2.52895E-02 2.52895E-02 2.52895E-02 2.52895E-02 2.52895E-02 4.51866E-02 4.51866E-02 4.51866E-02 4.51866E-02 4.51866E-02 4.51866E-02 8.07383E-02 8.07383E-02 8.07383E-02 8.07383E-02 8.07383E-02 8.07383E-02 8.07383E-02 1.44261E-01 1.44261E-01 1.44261E-01 1.44261E-01 1.44261E-01 1.44261E-01 2.57762E-01 2.57762E-01 2.57762E-01 2.57762E-01 2.57762E-01 2.57762E-01 4.60562E-01 4.60562E-01 4.60562E-01 4.60562E-01 4.60562E-01 4.60562E-01 
1.58489E+00 1.58489E+00 2.51189E+00 1.58489E+00 2.51189E+00 1.58489E+00 2.51189E+00 3.98107E+00 1.58489E+00 2.51189E+00 3.98107E+00 6.30957E+00 1.58489E+00 2.51189E+00 3.98107E+00 6.30957E+00 1.58489E+00 2.51189E+00 3.98107E+00 6.30957E+00 9.99999E+00 1.58489E+00 2.51189E+00 3.98107E+00 6.30957E+00 9.99999E+00 1.58489E+00 2.51189E+00 3.98107E+00 6.30957E+00 9.99999E+00 1.58489E+01 1.58489E+00 2.51189E+00 3.98107E+00 6.30957E+00 9.99999E+00 1.58489E+01 2.51189E+01 2.51189E+00 3.98107E+00 6.30957E+00 9.99999E+00 1.58489E+01 2.51189E+01 3.98107E+00 6.30957E+00 9.99999E+00 1.58489E+01 2.51189E+01 3.98107E+01 6.30957E+00 9.99999E+00 1.58489E+01 2.51189E+01 3.98107E+01 6.30957E+01 
90000 
2.20088E-04 
2.18868E-04 
5.24135E-04 
2.17614E-04 
5.22630E-04 
2.16261E-04 
5.21690E-04 
1.28236E-03 
2.14847E-04 
5.20794E-04 
1.28183E-03 
3.23607E-03 
2.13487E-04 
5.19894E-04 
1.28202E-03 
3.22937E-03 
2.12329E-04 
5.19077E-04 
1.28243E-03 
3.21852E-03 
8.14108E-03 
2.11188E-04 
5.17711E-04 
1.28098E-03 
3.20086E-03 
8.08037E-03 
2.08375E-04 
5.11887E-04 
1.26784E-03 
3.15600E-03 
7.94333E-03 
2.00878E-02 
2.00020E-04 
4.92689E-04 
1.22150E-03 
3.03583E-03 
7.61551E-03 
1.91852E-02 
4.89474E-02 
4.56290E-04 
1.13377E-03 
2.82186E-03 
7.06763E-03 
1.77664E-02 
4.50911E-02 
1.04357E-03 
2.60471E-03 
6.52516E-03 
1.63903E-02 
4.14421E-02 
1.06725E-01 
2.40729E-03 
6.02426E-03 
1.51096E-02 
3.80652E-02 
9.69865E-02 
2.54963E-01 
---
