PdfType: replica
Format: lhagrid1
---
4.34963E-04 7.77181E-04 7.77181E-04 1.38865E-03 1.38865E-03 2.48120E-03 2.48120E-03 2.48120E-03 4.43334E-03 4.43334E-03 4.43334E-03 4.43334E-03 7.92137E-03 7.92137E-03 7.92137E-03 7.92137E-03 1.41537E-02 1.41537E-02 1.41537E-02 1.41537E-02 1.41537E-02 2.52895E-02 2.52895E-02 2.52895E-02 2.52895E-02 2.52895E-02 4.51866E-02 4.51866E-02 4.51866E-02 4.51866E-02 4.51866E-02 4.51866E-02 8.07383E-02 8.07383E-02 8.07383E-02 8.07383E-02 8.07383E-02 8.07383E-02 8.07383E-02 1.44261E-01 1.44261E-01 1.44261E-01 1.44261E-01 1.44261E-01 1.44261E-01 2.57762E-01 2.57762E-01 2.57762E-01 2.57762E-01 2.57762E-01 2.57762E-01 4.60562E-01 4.60562E-01 4.60562E-01 4.60562E-01 4.60562E-01 4.60562E-01 
1.58489E+00 1.58489E+00 2.51189E+00 1.58489E+00 2.51189E+00 1.58489E+00 2.51189E+00 3.98107E+00 1.58489E+00 2.51189E+00 3.98107E+00 6.30957E+00 1.58489E+00 2.51189E+00 3.98107E+00 6.30957E+00 1.58489E+00 2.51189E+00 3.98107E+00 6.30957E+00 9.99999E+00 1.58489E+00 2.51189E+00 3.98107E+00 6.30957E+00 9.99999E+00 1.58489E+00 2.51189E+00 3.98107E+00 6.30957E+00 9.99999E+00 1.58489E+01 1.58489E+00 2.51189E+00 3.98107E+00 6.30957E+00 9.99999E+00 1.58489E+01 2.51189E+01 2.51189E+00 3.98107E+00 6.30957E+00 9.99999E+00 1.58489E+01 2.51189E+01 3.98107E+00 6.30957E+00 9.99999E+00 1.58489E+01 2.51189E+01 3.98107E+01 6.30957E+00 9.99999E+00 1.58489E+01 2.51189E+01 3.98107E+01 6.30957E+01 
90000 
2.19883E-04 
2.18750E-04 
5.24096E-04 
2.17651E-04 
5.22904E-04 
2.16541E-04 
5.22428E-04 
1.28401E-03 
2.15453E-04 
5.22140E-04 
1.28473E-03 
3.24144E-03 
2.14436E-04 
5.21849E-04 
1.28614E-03 
3.23724E-03 
2.13443E-04 
5.21263E-04 
1.28698E-03 
3.22738E-03 
8.15881E-03 
2.11994E-04 
5.19310E-04 
1.28441E-03 
3.20793E-03 
8.09507E-03 
2.08571E-04 
5.12595E-04 
1.26987E-03 
3.16142E-03 
7.95634E-03 
2.01206E-02 
2.00508E-04 
4.94285E-04 
1.22590E-03 
3.04752E-03 
7.64497E-03 
1.92616E-02 
4.91605E-02 
4.59731E-04 
1.14190E-03 
2.84099E-03 
7.11342E-03 
1.78780E-02 
4.53748E-02 
1.04768E-03 
2.61415E-03 
6.54639E-03 
1.64395E-02 
4.15616E-02 
1.07043E-01 
2.41692E-03 
6.05062E-03 
1.51805E-02 
3.82537E-02 
9.74831E-02 
2.56255E-01 
---
