PdfType: replica
Format: lhagrid1
---
4.34963E-04 7.77181E-04 7.77181E-04 1.38865E-03 1.38865E-03 2.48120E-03 2.48120E-03 2.48120E-03 4.43334E-03 4.43334E-03 4.43334E-03 4.43334E-03 7.92137E-03 7.92137E-03 7.92137E-03 7.92137E-03 1.41537E-02 1.41537E-02 1.41537E-02 1.41537E-02 1.41537E-02 2.52895E-02 2.52895E-02 2.52895E-02 2.52895E-02 2.52895E-02 4.51866E-02 4.51866E-02 4.51866E-02 4.51866E-02 4.51866E-02 4.51866E-02 8.07383E-02 8.07383E-02 8.07383E-02 8.07383E-02 8.07383E-02 8.07383E-02 8.07383E-02 1.44261E-01 1.44261E-01 1.44261E-01 1.44261E-01 1.44261E-01 1.44261E-01 2.57762E-01 2.57762E-01 2.57762E-01 2.57762E-01 2.57762E-01 2.57762E-01 4.60562E-01 4.60562E-01 4.60562E-01 4.60562E-01 4.60562E-01 4.60562E-01 
1.58489E+00 1.58489E+00 2.51189E+00 1.58489E+00 2.51189E+00 1.58489E+00 2.51189E+00 3.98107E+00 1.58489E+00 2.51189E+00 3.98107E+00 6.30957E+00 1.58489E+00 2.51189E+00 3.98107E+00 6.30957E+00 1.58489E+00 2.51189E+00 3.98107E+00 6.30957E+00 9.99999E+00 1.58489E+00 2.51189E+00 3.98107E+00 6.30957E+00 9.99999E+00 1.58489E+00 2.51189E+00 3.98107E+00 6.30957E+00 9.99999E+00 1.58489E+01 1.58489E+00 2.51189E+00 3.98107E+00 6.30957E+00 9.99999E+00 1.58489E+01 2.51189E+01 2.51189E+00 3.98107E+00 6.30957E+00 9.99999E+00 1.58489E+01 2.51189E+01 3.98107E+00 6.30957E+00 9.99999E+00 1.58489E+01 2.51189E+01 3.98107E+01 6.30957E+00 9.99999E+00 1.58489E+01 2.51189E+01 3.98107E+01 6.30957E+01 
90000 
2.19270E-04 
2.17795E-04 
5.22345E-04 
2.16227E-04 
5.20285E-04 
2.14538E-04 
5.18698E-04 
1.27641E-03 
2.12855E-04 
5.17243E-04 
1.27482E-03 
3.22012E-03 
2.11438E-04 
5.16169E-04 
1.27467E-03 
3.21293E-03 
2.10552E-04 
5.15811E-04 
1.27597E-03 
3.20407E-03 
8.10727E-03 
2.09823E-04 
5.15181E-04 
1.27587E-03 
3.18966E-03 
8.05376E-03 
2.06964E-04 
5.09198E-04 
1.26211E-03 
3.14394E-03 
7.91433E-03 
2.00183E-02 
1.98451E-04 
4.89664E-04 
1.21523E-03 
3.02261E-03 
7.58696E-03 
1.91239E-02 
4.88206E-02 
4.56543E-04 
1.13531E-03 
2.82606E-03 
7.08121E-03 
1.78057E-02 
4.52034E-02 
1.04779E-03 
2.61465E-03 
6.54715E-03 
1.64404E-02 
4.15616E-02 
1.07039E-01 
2.41947E-03 
6.05549E-03 
1.51898E-02 
3.82711E-02 
9.75139E-02 
2.56302E-01 
---
