PdfType: replica
Format: lhagrid1
---
4.34963E-04 7.77181E-04 7.77181E-04 1.38865E-03 1.38865E-03 2.48120E-03 2.48120E-03 2.48120E-03 4.43334E-03 4.43334E-03 4.43334E-03 4.43334E-03 7.92137E-03 7.92137E-03 7.92137E-03 7.92137E-03 1.41537E-02 1.41537E-02 1.41537E-02 1.41537E-02 1.41537E-02 2.52895E-02 2.52895E-02 2.52895E-02 2.52895E-02 2.52895E-02 4.51866E-02 4.51866E-02 4.51866E-02 4.51866E-02 4.51866E-02 4.51866E-02 8.07383E-02 8.07383E-02 8.07383E-02 8.07383E-02 8.07383E-02 8.07383E-02 8.07383E-02 1.44261E-01 1.44261E-01 1.44261E-01 1.44261E-01 1.44261E-01 1.44261E-01 2.57762E-01 2.57762E-01 2.57762E-01 2.57762E-01 2.57762E-01 2.57762E-01 4.60562E-01 4.60562E-01 4.60562E-01 4.60562E-01 4.60562E-01 4.60562E-01 
1.58489E+00 1.58489E+00 2.51189E+00 1.58489E+00 2.51189E+00 1.58489E+00 2.51189E+00 3.98107E+00 1.58489E+00 2.51189E+00 3.98107E+00 6.30957E+00 1.58489E+00 2.51189E+00 3.98107E+00 6.30957E+00 1.58489E+00 2.51189E+00 3.98107E+00 6.30957E+00 9.99999E+00 1.58489E+00 2.51189E+00 3.98107E+00 6.30957E+00 9.99999E+00 1.58489E+00 2.51189E+00 3.98107E+00 6.30957E+00 9.99999E+00 1.58489E+01 1.58489E+00 2.51189E+00 3.98107E+00 6.30957E+00 9.99999E+00 1.58489E+01 2.51189E+01 2.51189E+00 3.98107E+00 6.30957E+00 9.99999E+00 1.58489E+01 2.51189E+01 3.98107E+00 6.30957E+00 9.99999E+00 1.58489E+01 2.51189E+01 3.98107E+01 6.30957E+00 9.99999E+00 1.58489E+01 2.51189E+01 3.98107E+01 6.30957E+01 
90000 
2.19781E-04 
2.18583E-04 
5.23731E-04 
2.17379E-04 
5.22358E-04 
2.16133E-04 
5.21623E-04 
1.28236E-03 
2.14914E-04 
5.21078E-04 
1.28256E-03 
3.23706E-03 
2.13839E-04 
5.20678E-04 
1.28376E-03 
3.23256E-03 
2.12929E-04 
5.20264E-04 
1.28492E-03 
3.22346E-03 
8.15111E-03 
2.11664E-04 
5.18626E-04 
1.28288E-03 
3.20500E-03 
8.08902E-03 
2.08269E-04 
5.11872E-04 
1.26809E-03 
3.15760E-03 
7.94772E-03 
2.01017E-02 
2.00116E-04 
4.93386E-04 
1.22376E-03 
3.04257E-03 
7.63376E-03 
1.92354E-02 
4.90954E-02 
4.59118E-04 
1.14004E-03 
2.83562E-03 
7.09955E-03 
1.78414E-02 
4.52746E-02 
1.04083E-03 
2.59663E-03 
6.50291E-03 
1.63312E-02 
4.12899E-02 
1.06352E-01 
2.40151E-03 
6.01213E-03 
1.50841E-02 
3.80122E-02 
9.68809E-02 
2.54780E-01 
---
