PdfType: replica
Format: lhagrid1
---
4.34963E-04 7.77181E-04 7.77181E-04 1.38865E-03 1.38865E-03 2.48120E-03 2.48120E-03 2.48120E-03 4.43334E-03 4.43334E-03 4.43334E-03 4.43334E-03 7.92137E-03 7.92137E-03 7.92137E-03 7.92137E-03 1.41537E-02 1.41537E-02 1.41537E-02 1.41537E-02 1.41537E-02 2.52895E-02 2.52895E-02 2.52895E-02 2.52895E-02 2.52895E-02 4.51866E-02 4.51866E-02 4.51866E-02 4.51866E-02 4.51866E-02 4.51866E-02 8.07383E-02 8.07383E-02 8.07383E-02 8.07383E-02 8.07383E-02 8.07383E-02 8.07383E-02 1.44261E-01 1.44261E-01 1.44261E-01 1.44261E-01 1.44261E-01 1.44261E-01 2.57762E-01 2.57762E-01 2.57762E-01 2.57762E-01 2.57762E-01 2.57762E-01 4.60562E-01 4.60562E-01 4.60562E-01 4.60562E-01 4.60562E-01 4.60562E-01 
1.58489E+00 1.58489E+00 2.51189E+00 1.58489E+00 2.51189E+00 1.58489E+00 2.51189E+00 3.98107E+00 1.58489E+00 2.51189E+00 3.98107E+00 6.30957E+00 1.58489E+00 2.51189E+00 3.98107E+00 6.30957E+00 1.58489E+00 2.51189E+00 3.98107E+00 6.30957E+00 9.99999E+00 1.58489E+00 2.51189E+00 3.98107E+00 6.30957E+00 9.99999E+00 1.58489E+00 2.51189E+00 3.98107E+00 6.30957E+00 9.99999E+00 1.58489E+01 1.58489E+00 2.51189E+00 3.98107E+00 6.30957E+00 9.99999E+00 1.58489E+01 2.51189E+01 2.51189E+00 3.98107E+00 6.30957E+00 9.99999E+00 1.58489E+01 2.51189E+01 3.98107E+00 6.30957E+00 9.99999E+00 1.58489E+01 2.51189E+01 3.98107E+01 6.30957E+00 9.99999E+00 1.58489E+01 2.51189E+01 3.98107E+01 6.30957E+01 
90000 
2.19814E-04 
2.18509E-04 
5.23804E-04 
2.17135E-04 
5.22075E-04 
2.15644E-04 
5.20838E-04 
1.28082E-03 
2.14110E-04 
5.19654E-04 
1.27972E-03 
3.23072E-03 
2.12705E-04 
5.18593E-04 
1.27957E-03 
3.22337E-03 
2.11584E-04 
5.17779E-04 
1.27995E-03 
3.21261E-03 
8.12600E-03 
2.10392E-04 
5.16334E-04 
1.27838E-03 
3.19537E-03 
8.06696E-03 
2.07391E-04 
5.10410E-04 
1.26538E-03 
3.15228E-03 
7.93563E-03 
2.00719E-02 
1.99907E-04 
4.93237E-04 
1.22382E-03 
3.04338E-03 
7.63618E-03 
1.92415E-02 
4.91071E-02 
4.60273E-04 
1.14264E-03 
2.84120E-03 
7.11208E-03 
1.78694E-02 
4.53372E-02 
1.04054E-03 
2.59467E-03 
6.49487E-03 
1.63049E-02 
4.12129E-02 
1.06152E-01 
2.37817E-03 
5.95008E-03 
1.49224E-02 
3.75976E-02 
9.58398E-02 
2.52289E-01 
---
