PdfType: replica
Format: lhagrid1
---
4.34963E-04 7.77181E-04 7.77181E-04 1.38865E-03 1.38865E-03 2.48120E-03 2.48120E-03 2.48120E-03 4.43334E-03 4.43334E-03 4.43334E-03 4.43334E-03 7.92137E-03 7.92137E-03 7.92137E-03 7.92137E-03 1.41537E-02 1.41537E-02 1.41537E-02 1.41537E-02 1.41537E-02 2.52895E-02 2.52895E-02 2.52895E-02 2.52895E-02 2.52895E-02 4.51866E-02 4.51866E-02 4.51866E-02 4.51866E-02 4.51866E-02 4.51866E-02 8.07383E-02 8.07383E-02 8.07383E-02 8.07383E-02 8.07383E-02 8.07383E-02 8.07383E-02 1.44261E-01 1.44261E-01 1.44261E-01 1.44261E-01 1.44261E-01 1.44261E-01 2.57762E-01 2.57762E-01 2.57762E-01 2.57762E-01 2.57762E-01 2.57762E-01 4.60562E-01 4.60562E-01 4.60562E-01 4.60562E-01 4.60562E-01 4.60562E-01 
1.58489E+00 1.58489E+00 2.51189E+00 1.58489E+00 2.51189E+00 1.58489E+00 2.51189E+00 3.98107E+00 1.58489E+00 2.51189E+00 3.98107E+00 6.30957E+00 1.58489E+00 2.51189E+00 3.98107E+00 6.30957E+00 1.58489E+00 2.51189E+00 3.98107E+00 6.30957E+00 9.99999E+00 1.58489E+00 2.51189E+00 3.98107E+00 6.30957E+00 9.99999E+00 1.58489E+00 2.51189E+00 3.98107E+00 6.30957E+00 9.99999E+00 1.58489E+01 1.58489E+00 2.51189E+00 3.98107E+00 6.30957E+00 9.99999E+00 1.58489E+01 2.51189E+01 2.51189E+00 3.98107E+00 6.30957E+00 9.99999E+00 1.58489E+01 2.51189E+01 3.98107E+00 6.30957E+00 9.99999E+00 1.58489E+01 2.51189E+01 3.98107E+01 6.30957E+00 9.99999E+00 1.58489E+01 2.51189E+01 3.98107E+01 6.30957E+01 
90000 
2.20140E-04 
2.18962E-04 
5.24538E-04 
2.17766E-04 
5.23189E-04 
2.16511E-04 
5.22460E-04 
1.28413E-03 
2.15262E-04 
5.21869E-04 
1.28425E-03 
3.24104E-03 
2.14171E-04 
5.21420E-04 
1.28536E-03 
3.23620E-03 
2.13390E-04 
5.21228E-04 
1.28701E-03 
3.22806E-03 
8.16199E-03 
2.12570E-04 
5.20377E-04 
1.28647E-03 
3.21256E-03 
8.10556E-03 
2.09316E-04 
5.13479E-04 
1.27056E-03 
3.16135E-03 
7.95211E-03 
2.01032E-02 
1.99114E-04 
4.90297E-04 
1.21546E-03 
3.02101E-03 
7.57976E-03 
1.90999E-02 
4.87477E-02 
4.53207E-04 
1.12792E-03 
2.80935E-03 
7.04323E-03 
1.77187E-02 
4.50038E-02 
1.04920E-03 
2.61915E-03 
6.56001E-03 
1.64760E-02 
4.16609E-02 
1.07335E-01 
2.42672E-03 
6.07391E-03 
1.52366E-02 
3.83905E-02 
9.78224E-02 
2.57131E-01 
---
