PdfType: replica
Format: lhagrid1
---
4.34963E-04 7.77181E-04 7.77181E-04 1.38865E-03 1.38865E-03 2.48120E-03 2.48120E-03 2.48120E-03 4.43334E-03 4.43334E-03 4.43334E-03 4.43334E-03 7.92137E-03 7.92137E-03 7.92137E-03 7.92137E-03 1.41537E-02 1.41537E-02 1.41537E-02 1.41537E-02 1.41537E-02 2.52895E-02 2.52895E-02 2.52895E-02 2.52895E-02 2.52895E-02 4.51866E-02 4.51866E-02 4.51866E-02 4.51866E-02 4.51866E-02 4.51866E-02 8.07383E-02 8.07383E-02 8.07383E-02 8.07383E-02 8.07383E-02 8.07383E-02 8.07383E-02 1.44261E-01 1.44261E-01 1.44261E-01 1.44261E-01 1.44261E-01 1.44261E-01 2.57762E-01 2.57762E-01 2.57762E-01 2.57762E-01 2.57762E-01 2.57762E-01 4.60562E-01 4.60562E-01 4.60562E-01 4.60562E-01 4.60562E-01 4.60562E-01 
1.58489E+00 1.58489E+00 2.51189E+00 1.58489E+00 2.51189E+00 1.58489E+00 2.51189E+00 3.98107E+00 1.58489E+00 2.51189E+00 3.98107E+00 6.30957E+00 1.58489E+00 2.51189E+00 3.98107E+00 6.30957E+00 1.58489E+00 2.51189E+00 3.98107E+00 6.30957E+00 9.99999E+00 1.58489E+00 2.51189E+00 3.98107E+00 6.30957E+00 9.99999E+00 1.58489E+00 2.51189E+00 3.98107E+00 6.30957E+00 9.99999E+00 1.58489E+01 1.58489E+00 2.51189E+00 3.98107E+00 6.30957E+00 9.99999E+00 1.58489E+01 2.51189E+01 2.51189E+00 3.98107E+00 6.30957E+00 9.99999E+00 1.58489E+01 2.51189E+01 3.98107E+00 6.30957E+00 9.99999E+00 1.58489E+01 2.51189E+01 3.98107E+01 6.30957E+00 9.99999E+00 1.58489E+01 2.51189E+01 3.98107E+01 6.30957E+01 
90000 
2.19320E-04 
2.17878E-04 
5.22498E-04 
2.16365E-04 
5.20538E-04 
2.14759E-04 
5.19103E-04 
1.27729E-03 
2.13177E-04 
5.17827E-04 
1.27599E-03 
3.22348E-03 
2.11839E-04 
5.16862E-04 
1.27594E-03 
3.21620E-03 
2.10931E-04 
5.16336E-04 
1.27670E-03 
3.20555E-03 
8.11119E-03 
2.09956E-04 
5.15023E-04 
1.27495E-03 
3.18663E-03 
8.04670E-03 
2.06553E-04 
5.07927E-04 
1.25885E-03 
3.13543E-03 
7.89424E-03 
1.99705E-02 
1.97629E-04 
4.87830E-04 
1.21097E-03 
3.01280E-03 
7.56267E-03 
1.90635E-02 
4.86689E-02 
4.54894E-04 
1.13102E-03 
2.81574E-03 
7.05481E-03 
1.77392E-02 
4.50371E-02 
1.04158E-03 
2.59889E-03 
6.50905E-03 
1.63474E-02 
4.13344E-02 
1.06493E-01 
2.39501E-03 
5.99297E-03 
1.50310E-02 
3.78712E-02 
9.65210E-02 
2.53934E-01 
---
