PdfType: replica
Format: lhagrid1
---
4.34963E-04 7.77181E-04 7.77181E-04 1.38865E-03 1.38865E-03 2.48120E-03 2.48120E-03 2.48120E-03 4.43334E-03 4.43334E-03 4.43334E-03 4.43334E-03 7.92137E-03 7.92137E-03 7.92137E-03 7.92137E-03 1.41537E-02 1.41537E-02 1.41537E-02 1.41537E-02 1.41537E-02 2.52895E-02 2.52895E-02 2.52895E-02 2.52895E-02 2.52895E-02 4.51866E-02 4.51866E-02 4.51866E-02 4.51866E-02 4.51866E-02 4.51866E-02 8.07383E-02 8.07383E-02 8.07383E-02 8.07383E-02 8.07383E-02 8.07383E-02 8.07383E-02 1.44261E-01 1.44261E-01 1.44261E-01 1.44261E-01 1.44261E-01 1.44261E-01 2.57762E-01 2.57762E-01 2.57762E-01 2.57762E-01 2.57762E-01 2.57762E-01 4.60562E-01 4.60562E-01 4.60562E-01 4.60562E-01 4.60562E-01 4.60562E-01 
1.58489E+00 1.58489E+00 2.51189E+00 1.58489E+00 2.51189E+00 1.58489E+00 2.51189E+00 3.98107E+00 1.58489E+00 2.51189E+00 3.98107E+00 6.30957E+00 1.58489E+00 2.51189E+00 3.98107E+00 6.30957E+00 1.58489E+00 2.51189E+00 3.98107E+00 6.30957E+00 9.99999E+00 1.58489E+00 2.51189E+00 3.98107E+00 6.30957E+00 9.99999E+00 1.58489E+00 2.51189E+00 3.98107E+00 6.30957E+00 9.99999E+00 1.58489E+01 1.58489E+00 2.51189E+00 3.98107E+00 6.30957E+00 9.99999E+00 1.58489E+01 2.51189E+01 2.51189E+00 3.98107E+00 6.30957E+00 9.99999E+00 1.58489E+01 2.51189E+01 3.98107E+00 6.30957E+00 9.99999E+00 1.58489E+01 2.51189E+01 3.98107E+01 6.30957E+00 9.99999E+00 1.58489E+01 2.51189E+01 3.98107E+01 6.30957E+01 
90000 
2.20316E-04 
2.19148E-04 
5.24941E-04 
2.17921E-04 
5.23553E-04 
2.16578E-04 
5.22679E-04 
1.28444E-03 
2.15189E-04 
5.21841E-04 
1.28416E-03 
3.23971E-03 
2.13962E-04 
5.21144E-04 
1.28486E-03 
3.23442E-03 
2.13177E-04 
5.20957E-04 
1.28665E-03 
3.22688E-03 
8.15804E-03 
2.12615E-04 
5.20648E-04 
1.28742E-03 
3.21464E-03 
8.11063E-03 
2.09772E-04 
5.14714E-04 
1.27377E-03 
3.16930E-03 
7.97119E-03 
2.01496E-02 
1.99997E-04 
4.92546E-04 
1.22096E-03 
3.03475E-03 
7.61203E-03 
1.91769E-02 
4.89347E-02 
4.56072E-04 
1.13429E-03 
2.82394E-03 
7.07630E-03 
1.77942E-02 
4.51752E-02 
1.04921E-03 
2.61724E-03 
6.55162E-03 
1.64471E-02 
4.15688E-02 
1.07039E-01 
2.40286E-03 
6.01241E-03 
1.50789E-02 
3.79877E-02 
9.67950E-02 
2.54514E-01 
---
