PdfType: replica
Format: lhagrid1
---
4.34963E-04 7.77181E-04 7.77181E-04 1.38865E-03 1.38865E-03 2.48120E-03 2.48120E-03 2.48120E-03 4.43334E-03 4.43334E-03 4.43334E-03 4.43334E-03 7.92137E-03 7.92137E-03 7.92137E-03 7.92137E-03 1.41537E-02 1.41537E-02 1.41537E-02 1.41537E-02 1.41537E-02 2.52895E-02 2.52895E-02 2.52895E-02 2.52895E-02 2.52895E-02 4.51866E-02 4.51866E-02 4.51866E-02 4.51866E-02 4.51866E-02 4.51866E-02 8.07383E-02 8.07383E-02 8.07383E-02 8.07383E-02 8.07383E-02 8.07383E-02 8.07383E-02 1.44261E-01 1.44261E-01 1.44261E-01 1.44261E-01 1.44261E-01 1.44261E-01 2.57762E-01 2.57762E-01 2.57762E-01 2.57762E-01 2.57762E-01 2.57762E-01 4.60562E-01 4.60562E-01 4.60562E-01 4.60562E-01 4.60562E-01 4.60562E-01 
1.58489E+00 1.58489E+00 2.51189E+00 1.58489E+00 2.51189E+00 1.58489E+00 2.51189E+00 3.98107E+00 1.58489E+00 2.51189E+00 3.98107E+00 6.30957E+00 1.58489E+00 2.51189E+00 3.98107E+00 6.30957E+00 1.58489E+00 2.51189E+00 3.98107E+00 6.30957E+00 9.99999E+00 1.58489E+00 2.51189E+00 3.98107E+00 6.30957E+00 9.99999E+00 1.58489E+00 2.51189E+00 3.98107E+00 6.30957E+00 9.99999E+00 1.58489E+01 1.58489E+00 2.51189E+00 3.98107E+00 6.30957E+00 9.99999E+00 1.58489E+01 2.51189E+01 2.51189E+00 3.98107E+00 6.30957E+00 9.99999E+00 1.58489E+01 2.51189E+01 3.98107E+00 6.30957E+00 9.99999E+00 1.58489E+01 2.51189E+01 3.98107E+01 6.30957E+00 9.99999E+00 1.58489E+01 2.51189E+01 3.98107E+01 6.30957E+01 
90000 
2.20119E-04 
2.18896E-04 
5.24465E-04 
2.17626E-04 
5.22939E-04 
2.16261E-04 
5.21954E-04 
1.28299E-03 
2.14863E-04 
5.21042E-04 
1.28244E-03 
3.23656E-03 
2.13574E-04 
5.20200E-04 
1.28272E-03 
3.23020E-03 
2.12510E-04 
5.19452E-04 
1.28319E-03 
3.21955E-03 
8.14146E-03 
2.11305E-04 
5.17881E-04 
1.28128E-03 
3.20108E-03 
8.07978E-03 
2.08119E-04 
5.11449E-04 
1.26703E-03 
3.15463E-03 
7.94015E-03 
2.00815E-02 
1.99739E-04 
4.92443E-04 
1.22144E-03 
3.03703E-03 
7.61968E-03 
1.92001E-02 
4.90088E-02 
4.57841E-04 
1.13746E-03 
2.83058E-03 
7.08874E-03 
1.78186E-02 
4.52283E-02 
1.04351E-03 
2.60254E-03 
6.51641E-03 
1.63619E-02 
4.13599E-02 
1.06516E-01 
2.38472E-03 
5.96765E-03 
1.49681E-02 
3.77136E-02 
9.61224E-02 
2.52907E-01 
---
