PdfType: replica
Format: lhagrid1
---
4.34963E-04 7.77181E-04 7.77181E-04 1.38865E-03 1.38865E-03 2.48120E-03 2.48120E-03 2.48120E-03 4.43334E-03 4.43334E-03 4.43334E-03 4.43334E-03 7.92137E-03 7.92137E-03 7.92137E-03 7.92137E-03 1.41537E-02 1.41537E-02 1.41537E-02 1.41537E-02 1.41537E-02 2.52895E-02 2.52895E-02 2.52895E-02 2.52895E-02 2.52895E-02 4.51866E-02 4.51866E-02 4.51866E-02 4.51866E-02 4.51866E-02 4.51866E-02 8.07383E-02 8.07383E-02 8.07383E-02 8.07383E-02 8.07383E-02 8.07383E-02 8.07383E-02 1.44261E-01 1.44261E-01 1.44261E-01 1.44261E-01 1.44261E-01 1.44261E-01 2.57762E-01 2.57762E-01 2.57762E-01 2.57762E-01 2.57762E-01 2.57762E-01 4.60562E-01 4.60562E-01 4.60562E-01 4.60562E-01 4.60562E-01 4.60562E-01 
1.58489E+00 1.58489E+00 2.51189E+00 1.58489E+00 2.51189E+00 1.58489E+00 2.51189E+00 3.98107E+00 1.58489E+00 2.51189E+00 3.98107E+00 6.30957E+00 1.58489E+00 2.51189E+00 3.98107E+00 6.30957E+00 1.58489E+00 2.51189E+00 3.98107E+00 6.30957E+00 9.99999E+00 1.58489E+00 2.51189E+00 3.98107E+00 6.30957E+00 9.99999E+00 1.58489E+00 2.51189E+00 3.98107E+00 6.30957E+00 9.99999E+00 1.58489E+01 1.58489E+00 2.51189E+00 3.98107E+00 6.30957E+00 9.99999E+00 1.58489E+01 2.51189E+01 2.51189E+00 3.98107E+00 6.30957E+00 9.99999E+00 1.58489E+01 2.51189E+01 3.98107E+00 6.30957E+00 9.99999E+00 1.58489E+01 2.51189E+01 3.98107E+01 6.30957E+00 9.99999E+00 1.58489E+01 2.51189E+01 3.98107E+01 6.30957E+01 
90000 
2.19273E-04 
2.17949E-04 
5.22539E-04 
2.16625E-04 
5.20933E-04 
2.15264E-04 
5.19970E-04 
1.27899E-03 
2.13930E-04 
5.19202E-04 
1.27875E-03 
3.22852E-03 
2.12755E-04 
5.18645E-04 
1.27968E-03 
3.22353E-03 
2.11910E-04 
5.18463E-04 
1.28146E-03 
3.21576E-03 
8.13287E-03 
2.11237E-04 
5.18008E-04 
1.28186E-03 
3.20227E-03 
8.08180E-03 
2.08670E-04 
5.12425E-04 
1.26876E-03 
3.15732E-03 
7.94337E-03 
2.00811E-02 
1.99411E-04 
4.91122E-04 
1.21748E-03 
3.02619E-03 
7.59041E-03 
1.91223E-02 
4.87993E-02 
4.54093E-04 
1.12881E-03 
2.81092E-03 
7.04212E-03 
1.77081E-02 
4.49663E-02 
1.04069E-03 
2.59743E-03 
6.50797E-03 
1.63501E-02 
4.13514E-02 
1.06544E-01 
2.40284E-03 
6.01863E-03 
1.51066E-02 
3.80813E-02 
9.70778E-02 
2.55297E-01 
---
