PdfType: replica
Format: lhagrid1
---
4.34963E-04 7.77181E-04 7.77181E-04 1.38865E-03 1.38865E-03 2.48120E-03 2.48120E-03 2.48120E-03 4.43334E-03 4.43334E-03 4.43334E-03 4.43334E-03 7.92137E-03 7.92137E-03 7.92137E-03 7.92137E-03 1.41537E-02 1.41537E-02 1.41537E-02 1.41537E-02 1.41537E-02 2.52895E-02 2.52895E-02 2.52895E-02 2.52895E-02 2.52895E-02 4.51866E-02 4.51866E-02 4.51866E-02 4.51866E-02 4.51866E-02 4.51866E-02 8.07383E-02 8.07383E-02 8.07383E-02 8.07383E-02 8.07383E-02 8.07383E-02 8.07383E-02 1.44261E-01 1.44261E-01 1.44261E-01 1.44261E-01 1.44261E-01 1.44261E-01 2.57762E-01 2.57762E-01 2.57762E-01 2.57762E-01 2.57762E-01 2.57762E-01 4.60562E-01 4.60562E-01 4.60562E-01 4.60562E-01 4.60562E-01 4.60562E-01 
1.58489E+00 1.58489E+00 2.51189E+00 1.58489E+00 2.51189E+00 1.58489E+00 2.51189E+00 3.98107E+00 1.58489E+00 2.51189E+00 3.98107E+00 6.30957E+00 1.58489E+00 2.51189E+00 3.98107E+00 6.30957E+00 1.58489E+00 2.51189E+00 3.98107E+00 6.30957E+00 9.99999E+00 1.58489E+00 2.51189E+00 3.98107E+00 6.30957E+00 9.99999E+00 1.58489E+00 2.51189E+00 3.98107E+00 6.30957E+00 9.99999E+00 1.58489E+01 1.58489E+00 2.51189E+00 3.98107E+00 6.30957E+00 9.99999E+00 1.58489E+01 2.51189E+01 2.51189E+00 3.98107E+00 6.30957E+00 9.99999E+00 1.58489E+01 2.51189E+01 3.98107E+00 6.30957E+00 9.99999E+00 1.58489E+01 2.51189E+01 3.98107E+01 6.30957E+00 9.99999E+00 1.58489E+01 2.51189E+01 3.98107E+01 6.30957E+01 
90000 
2.20266E-04 
2.19168E-04 
5.24753E-04 
2.18049E-04 
5.23564E-04 
2.16844E-04 
5.22959E-04 
1.28508E-03 
2.15582E-04 
5.22394E-04 
1.28529E-03 
3.24336E-03 
2.14361E-04 
5.21771E-04 
1.28613E-03 
3.23791E-03 
2.13293E-04 
5.21133E-04 
1.28701E-03 
3.22822E-03 
8.16415E-03 
2.12169E-04 
5.19902E-04 
1.28609E-03 
3.21236E-03 
8.10789E-03 
2.09382E-04 
5.14389E-04 
1.27397E-03 
3.17096E-03 
7.97912E-03 
2.01794E-02 
2.01290E-04 
4.95843E-04 
1.22916E-03 
3.05469E-03 
7.66060E-03 
1.92966E-02 
4.92422E-02 
4.59864E-04 
1.14210E-03 
2.84123E-03 
7.11343E-03 
1.78762E-02 
4.53629E-02 
1.04740E-03 
2.61278E-03 
6.54158E-03 
1.64244E-02 
4.15167E-02 
1.06917E-01 
2.40229E-03 
6.01048E-03 
1.50730E-02 
3.79706E-02 
9.67511E-02 
2.54426E-01 
---
