PdfType: replica
Format: lhagrid1
---
4.34963E-04 7.77181E-04 7.77181E-04 1.38865E-03 1.38865E-03 2.48120E-03 2.48120E-03 2.48120E-03 4.43334E-03 4.43334E-03 4.43334E-03 4.43334E-03 7.92137E-03 7.92137E-03 7.92137E-03 7.92137E-03 1.41537E-02 1.41537E-02 1.41537E-02 1.41537E-02 1.41537E-02 2.52895E-02 2.52895E-02 2.52895E-02 2.52895E-02 2.52895E-02 4.51866E-02 4.51866E-02 4.51866E-02 4.51866E-02 4.51866E-02 4.51866E-02 8.07383E-02 8.07383E-02 8.07383E-02 8.07383E-02 8.07383E-02 8.07383E-02 8.07383E-02 1.44261E-01 1.44261E-01 1.44261E-01 1.44261E-01 1.44261E-01 1.44261E-01 2.57762E-01 2.57762E-01 2.57762E-01 2.57762E-01 2.57762E-01 2.57762E-01 4.60562E-01 4.60562E-01 4.60562E-01 4.60562E-01 4.60562E-01 4.60562E-01 
1.58489E+00 1.58489E+00 2.51189E+00 1.58489E+00 2.51189E+00 1.58489E+00 2.51189E+00 3.98107E+00 1.58489E+00 2.51189E+00 3.98107E+00 6.30957E+00 1.58489E+00 2.51189E+00 3.98107E+00 6.30957E+00 1.58489E+00 2.51189E+00 3.98107E+00 6.30957E+00 9.99999E+00 1.58489E+00 2.51189E+00 3.98107E+00 6.30957E+00 9.99999E+00 1.58489E+00 2.51189E+00 3.98107E+00 6.30957E+00 9.99999E+00 1.58489E+01 1.58489E+00 2.51189E+00 3.98107E+00 6.30957E+00 9.99999E+00 1.58489E+01 2.51189E+01 2.51189E+00 3.98107E+00 6.30957E+00 9.99999E+00 1.58489E+01 2.51189E+01 3.98107E+00 6.30957E+00 9.99999E+00 1.58489E+01 2.51189E+01 3.98107E+01 6.30957E+00 9.99999E+00 1.58489E+01 2.51189E+01 3.98107E+01 6.30957E+01 
90000 
2.19156E-04 
2.17522E-04 
5.22052E-04 
2.15721E-04 
5.19564E-04 
2.13721E-04 
5.17358E-04 
1.27404E-03 
2.11643E-04 
5.15060E-04 
1.27055E-03 
3.21276E-03 
2.09745E-04 
5.12902E-04 
1.26793E-03 
3.19968E-03 
2.08347E-04 
5.11378E-04 
1.26659E-03 
3.18437E-03 
8.06607E-03 
2.07354E-04 
5.10167E-04 
1.26522E-03 
3.16654E-03 
8.00392E-03 
2.04922E-04 
5.05139E-04 
1.25363E-03 
3.12548E-03 
7.87414E-03 
1.99281E-02 
1.97505E-04 
4.88010E-04 
1.21217E-03 
3.01654E-03 
7.57465E-03 
1.90955E-02 
4.87317E-02 
4.57393E-04 
1.13768E-03 
2.83220E-03 
7.09669E-03 
1.78425E-02 
4.52781E-02 
1.05264E-03 
2.62692E-03 
6.57727E-03 
1.65140E-02 
4.17406E-02 
1.07469E-01 
2.41641E-03 
6.04324E-03 
1.51510E-02 
3.81600E-02 
9.72214E-02 
2.55640E-01 
---
