PdfType: replica
Format: lhagrid1
---
4.34963E-04 7.77181E-04 7.77181E-04 1.38865E-03 1.38865E-03 2.48120E-03 2.48120E-03 2.48120E-03 4.43334E-03 4.43334E-03 4.43334E-03 4.43334E-03 7.92137E-03 7.92137E-03 7.92137E-03 7.92137E-03 1.41537E-02 1.41537E-02 1.41537E-02 1.41537E-02 1.41537E-02 2.52895E-02 2.52895E-02 2.52895E-02 2.52895E-02 2.52895E-02 4.51866E-02 4.51866E-02 4.51866E-02 4.51866E-02 4.51866E-02 4.51866E-02 8.07383E-02 8.07383E-02 8.07383E-02 8.07383E-02 8.07383E-02 8.07383E-02 8.07383E-02 1.44261E-01 1.44261E-01 1.44261E-01 1.44261E-01 1.44261E-01 1.44261E-01 2.57762E-01 2.57762E-01 2.57762E-01 2.57762E-01 2.57762E-01 2.57762E-01 4.60562E-01 4.60562E-01 4.60562E-01 4.60562E-01 4.60562E-01 4.60562E-01 
1.58489E+00 1.58489E+00 2.51189E+00 1.58489E+00 2.51189E+00 1.58489E+00 2.51189E+00 3.98107E+00 1.58489E+00 2.51189E+00 3.98107E+00 6.30957E+00 1.58489E+00 2.51189E+00 3.98107E+00 6.30957E+00 1.58489E+00 2.51189E+00 3.98107E+00 6.30957E+00 9.99999E+00 1.58489E+00 2.51189E+00 3.98107E+00 6.30957E+00 9.99999E+00 1.58489E+00 2.51189E+00 3.98107E+00 6.30957E+00 9.99999E+00 1.58489E+01 1.58489E+00 2.51189E+00 3.98107E+00 6.30957E+00 9.99999E+00 1.58489E+01 2.51189E+01 2.51189E+00 3.98107E+00 6.30957E+00 9.99999E+00 1.58489E+01 2.51189E+01 3.98107E+00 6.30957E+00 9.99999E+00 1.58489E+01 2.51189E+01 3.98107E+01 6.30957E+00 9.99999E+00 1.58489E+01 2.51189E+01 3.98107E+01 6.30957E+01 
90000 
2.20775E-04 
2.19533E-04 
5.25445E-04 
2.18147E-04 
5.23739E-04 
2.16521E-04 
5.22299E-04 
1.28342E-03 
2.14673E-04 
5.20542E-04 
1.28117E-03 
3.23356E-03 
2.12757E-04 
5.18485E-04 
1.27897E-03 
3.22202E-03 
2.11091E-04 
5.16583E-04 
1.27707E-03 
3.20634E-03 
8.11312E-03 
2.09764E-04 
5.14695E-04 
1.27421E-03 
3.18539E-03 
8.04458E-03 
2.06701E-04 
5.07892E-04 
1.25800E-03 
3.13257E-03 
7.88568E-03 
1.99515E-02 
1.96764E-04 
4.84911E-04 
1.20269E-03 
2.99091E-03 
7.50739E-03 
1.89274E-02 
4.83521E-02 
4.47653E-04 
1.11430E-03 
2.77620E-03 
6.96252E-03 
1.75228E-02 
4.45333E-02 
1.03409E-03 
2.58218E-03 
6.47127E-03 
1.62617E-02 
4.11422E-02 
1.06084E-01 
2.40881E-03 
6.03413E-03 
1.51470E-02 
3.81876E-02 
9.73629E-02 
2.56104E-01 
---
