PdfType: replica
Format: lhagrid1
---
4.34963E-04 7.77181E-04 7.77181E-04 1.38865E-03 1.38865E-03 2.48120E-03 2.48120E-03 2.48120E-03 4.43334E-03 4.43334E-03 4.43334E-03 4.43334E-03 7.92137E-03 7.92137E-03 7.92137E-03 7.92137E-03 1.41537E-02 1.41537E-02 1.41537E-02 1.41537E-02 1.41537E-02 2.52895E-02 2.52895E-02 2.52895E-02 2.52895E-02 2.52895E-02 4.51866E-02 4.51866E-02 4.51866E-02 4.51866E-02 4.51866E-02 4.51866E-02 8.07383E-02 8.07383E-02 8.07383E-02 8.07383E-02 8.07383E-02 8.07383E-02 8.07383E-02 1.44261E-01 1.44261E-01 1.44261E-01 1.44261E-01 1.44261E-01 1.44261E-01 2.57762E-01 2.57762E-01 2.57762E-01 2.57762E-01 2.57762E-01 2.57762E-01 4.60562E-01 4.60562E-01 4.60562E-01 4.60562E-01 4.60562E-01 4.60562E-01 
1.58489E+00 1.58489E+00 2.51189E+00 1.58489E+00 2.51189E+00 1.58489E+00 2.51189E+00 3.98107E+00 1.58489E+00 2.51189E+00 3.98107E+00 6.30957E+00 1.58489E+00 2.51189E+00 3.98107E+00 6.30957E+00 1.58489E+00 2.51189E+00 3.98107E+00 6.30957E+00 9.99999E+00 1.58489E+00 2.51189E+00 3.98107E+00 6.30957E+00 9.99999E+00 1.58489E+00 2.51189E+00 3.98107E+00 6.30957E+00 9.99999E+00 1.58489E+01 1.58489E+00 2.51189E+00 3.98107E+00 6.30957E+00 9.99999E+00 1.58489E+01 2.51189E+01 2.51189E+00 3.98107E+00 6.30957E+00 9.99999E+00 1.58489E+01 2.51189E+01 3.98107E+00 6.30957E+00 9.99999E+00 1.58489E+01 2.51189E+01 3.98107E+01 6.30957E+00 9.99999E+00 1.58489E+01 2.51189E+01 3.98107E+01 6.30957E+01 
90000 
2.20180E-04 
2.19001E-04 
5.24627E-04 
2.17806E-04 
5.23289E-04 
2.16558E-04 
5.22589E-04 
1.28428E-03 
2.15341E-04 
5.22070E-04 
1.28459E-03 
3.24121E-03 
2.14335E-04 
5.21768E-04 
1.28601E-03 
3.23719E-03 
2.13715E-04 
5.21812E-04 
1.28812E-03 
3.22995E-03 
8.16440E-03 
2.13043E-04 
5.21164E-04 
1.28797E-03 
3.21526E-03 
8.11062E-03 
2.09697E-04 
5.14164E-04 
1.27188E-03 
3.16410E-03 
7.95715E-03 
2.01112E-02 
1.99322E-04 
4.90604E-04 
1.21566E-03 
3.02102E-03 
7.57693E-03 
1.90875E-02 
4.87078E-02 
4.51857E-04 
1.12340E-03 
2.79609E-03 
7.00696E-03 
1.76220E-02 
4.47511E-02 
1.03387E-03 
2.57986E-03 
6.46128E-03 
1.62280E-02 
4.10386E-02 
1.05774E-01 
2.38500E-03 
5.97076E-03 
1.49810E-02 
3.77573E-02 
9.62629E-02 
2.53369E-01 
---
