PdfType: replica
Format: lhagrid1
---
4.34963E-04 7.77181E-04 7.77181E-04 1.38865E-03 1.38865E-03 2.48120E-03 2.48120E-03 2.48120E-03 4.43334E-03 4.43334E-03 4.43334E-03 4.43334E-03 7.92137E-03 7.92137E-03 7.92137E-03 7.92137E-03 1.41537E-02 1.41537E-02 1.41537E-02 1.41537E-02 1.41537E-02 2.52895E-02 2.52895E-02 2.52895E-02 2.52895E-02 2.52895E-02 4.51866E-02 4.51866E-02 4.51866E-02 4.51866E-02 4.51866E-02 4.51866E-02 8.07383E-02 8.07383E-02 8.07383E-02 8.07383E-02 8.07383E-02 8.07383E-02 8.07383E-02 1.44261E-01 1.44261E-01 1.44261E-01 1.44261E-01 1.44261E-01 1.44261E-01 2.57762E-01 2.57762E-01 2.57762E-01 2.57762E-01 2.57762E-01 2.57762E-01 4.60562E-01 4.60562E-01 4.60562E-01 4.60562E-01 4.60562E-01 4.60562E-01 
1.58489E+00 1.58489E+00 2.51189E+00 1.58489E+00 2.51189E+00 1.58489E+00 2.51189E+00 3.98107E+00 1.58489E+00 2.51189E+00 3.98107E+00 6.30957E+00 1.58489E+00 2.51189E+00 3.98107E+00 6.30957E+00 1.58489E+00 2.51189E+00 3.98107E+00 6.30957E+00 9.99999E+00 1.58489E+00 2.51189E+00 3.98107E+00 6.30957E+00 9.99999E+00 1.58489E+00 2.51189E+00 3.98107E+00 6.30957E+00 9.99999E+00 1.58489E+01 1.58489E+00 2.51189E+00 3.98107E+00 6.30957E+00 9.99999E+00 1.58489E+01 2.51189E+01 2.51189E+00 3.98107E+00 6.30957E+00 9.99999E+00 1.58489E+01 2.51189E+01 3.98107E+00 6.30957E+00 9.99999E+00 1.58489E+01 2.51189E+01 3.98107E+01 6.30957E+00 9.99999E+00 1.58489E+01 2.51189E+01 3.98107E+01 6.30957E+01 
90000 
2.20314E-04 
2.19152E-04 
5.24696E-04 
2.17960E-04 
5.23371E-04 
2.16688E-04 
5.22640E-04 
1.28426E-03 
2.15408E-04 
5.22036E-04 
1.28446E-03 
3.24034E-03 
2.14302E-04 
5.21631E-04 
1.28580E-03 
3.23625E-03 
2.13566E-04 
5.21630E-04 
1.28800E-03 
3.22960E-03 
8.16480E-03 
2.12825E-04 
5.21029E-04 
1.28806E-03 
3.21580E-03 
8.11230E-03 
2.09517E-04 
5.14010E-04 
1.27177E-03 
3.16396E-03 
7.95676E-03 
2.01129E-02 
1.99135E-04 
4.90271E-04 
1.21512E-03 
3.01975E-03 
7.57464E-03 
1.90843E-02 
4.87104E-02 
4.52403E-04 
1.12528E-03 
2.80170E-03 
7.02152E-03 
1.76596E-02 
4.48477E-02 
1.04061E-03 
2.59710E-03 
6.50382E-03 
1.63336E-02 
4.12998E-02 
1.06409E-01 
2.40721E-03 
6.02846E-03 
1.51295E-02 
3.81358E-02 
9.72066E-02 
2.55584E-01 
---
