PdfType: replica
Format: lhagrid1
---
4.34963E-04 7.77181E-04 7.77181E-04 1.38865E-03 1.38865E-03 2.48120E-03 2.48120E-03 2.48120E-03 4.43334E-03 4.43334E-03 4.43334E-03 4.43334E-03 7.92137E-03 7.92137E-03 7.92137E-03 7.92137E-03 1.41537E-02 1.41537E-02 1.41537E-02 1.41537E-02 1.41537E-02 2.52895E-02 2.52895E-02 2.52895E-02 2.52895E-02 2.52895E-02 4.51866E-02 4.51866E-02 4.51866E-02 4.51866E-02 4.51866E-02 4.51866E-02 8.07383E-02 8.07383E-02 8.07383E-02 8.07383E-02 8.07383E-02 8.07383E-02 8.07383E-02 1.44261E-01 1.44261E-01 1.44261E-01 1.44261E-01 1.44261E-01 1.44261E-01 2.57762E-01 2.57762E-01 2.57762E-01 2.57762E-01 2.57762E-01 2.57762E-01 4.60562E-01 4.60562E-01 4.60562E-01 4.60562E-01 4.60562E-01 4.60562E-01 
1.58489E+00 1.58489E+00 2.51189E+00 1.58489E+00 2.51189E+00 1.58489E+00 2.51189E+00 3.98107E+00 1.58489E+00 2.51189E+00 3.98107E+00 6.30957E+00 1.58489E+00 2.51189E+00 3.98107E+00 6.30957E+00 1.58489E+00 2.51189E+00 3.98107E+00 6.30957E+00 9.99999E+00 1.58489E+00 2.51189E+00 3.98107E+00 6.30957E+00 9.99999E+00 1.58489E+00 2.51189E+00 3.98107E+00 6.30957E+00 9.99999E+00 1.58489E+01 1.58489E+00 2.51189E+00 3.98107E+00 6.30957E+00 9.99999E+00 1.58489E+01 2.51189E+01 2.51189E+00 3.98107E+00 6.30957E+00 9.99999E+00 1.58489E+01 2.51189E+01 3.98107E+00 6.30957E+00 9.99999E+00 1.58489E+01 2.51189E+01 3.98107E+01 6.30957E+00 9.99999E+00 1.58489E+01 2.51189E+01 3.98107E+01 6.30957E+01 
90000 
2.20672E-04 
2.19475E-04 
5.25611E-04 
2.18179E-04 
5.24105E-04 
2.16715E-04 
5.23019E-04 
1.28521E-03 
2.15146E-04 
5.21852E-04 
1.28428E-03 
3.24023E-03 
2.13667E-04 
5.20698E-04 
1.28408E-03 
3.23315E-03 
2.12588E-04 
5.20000E-04 
1.28488E-03 
3.22380E-03 
8.15216E-03 
2.11890E-04 
5.19536E-04 
1.28549E-03 
3.21158E-03 
8.10548E-03 
2.09623E-04 
5.14818E-04 
1.27462E-03 
3.17248E-03 
7.98130E-03 
2.01806E-02 
2.01048E-04 
4.94934E-04 
1.22652E-03 
3.04778E-03 
7.64379E-03 
1.92556E-02 
4.91391E-02 
4.57677E-04 
1.13771E-03 
2.83157E-03 
7.09407E-03 
1.78368E-02 
4.52812E-02 
1.05092E-03 
2.62219E-03 
6.56540E-03 
1.64846E-02 
4.16700E-02 
1.07317E-01 
2.41410E-03 
6.04064E-03 
1.51500E-02 
3.81673E-02 
9.72534E-02 
2.55715E-01 
---
