PdfType: replica
Format: lhagrid1
---
4.34963E-04 7.77181E-04 7.77181E-04 1.38865E-03 1.38865E-03 2.48120E-03 2.48120E-03 2.48120E-03 4.43334E-03 4.43334E-03 4.43334E-03 4.43334E-03 7.92137E-03 7.92137E-03 7.92137E-03 7.92137E-03 1.41537E-02 1.41537E-02 1.41537E-02 1.41537E-02 1.41537E-02 2.52895E-02 2.52895E-02 2.52895E-02 2.52895E-02 2.52895E-02 4.51866E-02 4.51866E-02 4.51866E-02 4.51866E-02 4.51866E-02 4.51866E-02 8.07383E-02 8.07383E-02 8.07383E-02 8.07383E-02 8.07383E-02 8.07383E-02 8.07383E-02 1.44261E-01 1.44261E-01 1.44261E-01 1.44261E-01 1.44261E-01 1.44261E-01 2.57762E-01 2.57762E-01 2.57762E-01 2.57762E-01 2.57762E-01 2.57762E-01 4.60562E-01 4.60562E-01 4.60562E-01 4.60562E-01 4.60562E-01 4.60562E-01 
1.58489E+00 1.58489E+00 2.51189E+00 1.58489E+00 2.51189E+00 1.58489E+00 2.51189E+00 3.98107E+00 1.58489E+00 2.51189E+00 3.98107E+00 6.30957E+00 1.58489E+00 2.51189E+00 3.98107E+00 6.30957E+00 1.58489E+00 2.51189E+00 3.98107E+00 6.30957E+00 9.99999E+00 1.58489E+00 2.51189E+00 3.98107E+00 6.30957E+00 9.99999E+00 1.58489E+00 2.51189E+00 3.98107E+00 6.30957E+00 9.99999E+00 1.58489E+01 1.58489E+00 2.51189E+00 3.98107E+00 6.30957E+00 9.99999E+00 1.58489E+01 2.51189E+01 2.51189E+00 3.98107E+00 6.30957E+00 9.99999E+00 1.58489E+01 2.51189E+01 3.98107E+00 6.30957E+00 9.99999E+00 1.58489E+01 2.51189E+01 3.98107E+01 6.30957E+00 9.99999E+00 1.58489E+01 2.51189E+01 3.98107E+01 6.30957E+01 
90000 
2.20870E-04 
2.19826E-04 
5.25961E-04 
2.18782E-04 
5.24895E-04 
2.17696E-04 
5.24526E-04 
1.28814E-03 
2.16633E-04 
5.24388E-04 
1.28931E-03 
3.25138E-03 
2.15738E-04 
5.24473E-04 
1.29170E-03 
3.24957E-03 
2.15113E-04 
5.24733E-04 
1.29446E-03 
3.24416E-03 
8.19790E-03 
2.14244E-04 
5.23840E-04 
1.29394E-03 
3.22896E-03 
8.14222E-03 
2.10716E-04 
5.16459E-04 
1.27722E-03 
3.17648E-03 
7.98681E-03 
2.01842E-02 
2.00547E-04 
4.93412E-04 
1.22229E-03 
3.03692E-03 
7.61474E-03 
1.91781E-02 
4.89263E-02 
4.54288E-04 
1.12878E-03 
2.80949E-03 
7.03794E-03 
1.76952E-02 
4.49236E-02 
1.03757E-03 
2.58935E-03 
6.48721E-03 
1.62964E-02 
4.12120E-02 
1.06185E-01 
2.38801E-03 
5.97628E-03 
1.49904E-02 
3.77708E-02 
9.62713E-02 
2.53312E-01 
---
