PdfType: replica
Format: lhagrid1
---
4.34963E-04 7.77181E-04 7.77181E-04 1.38865E-03 1.38865E-03 2.48120E-03 2.48120E-03 2.48120E-03 4.43334E-03 4.43334E-03 4.43334E-03 4.43334E-03 7.92137E-03 7.92137E-03 7.92137E-03 7.92137E-03 1.41537E-02 1.41537E-02 1.41537E-02 1.41537E-02 1.41537E-02 2.52895E-02 2.52895E-02 2.52895E-02 2.52895E-02 2.52895E-02 4.51866E-02 4.51866E-02 4.51866E-02 4.51866E-02 4.51866E-02 4.51866E-02 8.07383E-02 8.07383E-02 8.07383E-02 8.07383E-02 8.07383E-02 8.07383E-02 8.07383E-02 1.44261E-01 1.44261E-01 1.44261E-01 1.44261E-01 1.44261E-01 1.44261E-01 2.57762E-01 2.57762E-01 2.57762E-01 2.57762E-01 2.57762E-01 2.57762E-01 4.60562E-01 4.60562E-01 4.60562E-01 4.60562E-01 4.60562E-01 4.60562E-01 
1.58489E+00 1.58489E+00 2.51189E+00 1.58489E+00 2.51189E+00 1.58489E+00 2.51189E+00 3.98107E+00 1.58489E+00 2.51189E+00 3.98107E+00 6.30957E+00 1.58489E+00 2.51189E+00 3.98107E+00 6.30957E+00 1.58489E+00 2.51189E+00 3.98107E+00 6.30957E+00 9.99999E+00 1.58489E+00 2.51189E+00 3.98107E+00 6.30957E+00 9.99999E+00 1.58489E+00 2.51189E+00 3.98107E+00 6.30957E+00 9.99999E+00 1.58489E+01 1.58489E+00 2.51189E+00 3.98107E+00 6.30957E+00 9.99999E+00 1.58489E+01 2.51189E+01 2.51189E+00 3.98107E+00 6.30957E+00 9.99999E+00 1.58489E+01 2.51189E+01 3.98107E+00 6.30957E+00 9.99999E+00 1.58489E+01 2.51189E+01 3.98107E+01 6.30957E+00 9.99999E+00 1.58489E+01 2.51189E+01 3.98107E+01 6.30957E+01 
90000 
2.20638E-04 
2.19518E-04 
5.25242E-04 
2.18344E-04 
5.23947E-04 
2.17050E-04 
5.23181E-04 
1.28512E-03 
2.15683E-04 
5.22418E-04 
1.28498E-03 
3.24145E-03 
2.14385E-04 
5.21627E-04 
1.28549E-03 
3.23560E-03 
2.13305E-04 
5.20895E-04 
1.28608E-03 
3.22534E-03 
8.15452E-03 
2.12105E-04 
5.19339E-04 
1.28414E-03 
3.20696E-03 
8.09260E-03 
2.08656E-04 
5.12171E-04 
1.26779E-03 
3.15524E-03 
7.93846E-03 
2.00750E-02 
1.98949E-04 
4.89914E-04 
1.21433E-03 
3.01828E-03 
7.57169E-03 
1.90801E-02 
4.87201E-02 
4.51705E-04 
1.12314E-03 
2.79607E-03 
7.00745E-03 
1.76258E-02 
4.47728E-02 
1.03650E-03 
2.58727E-03 
6.48156E-03 
1.62821E-02 
4.11810E-02 
1.06149E-01 
2.39510E-03 
5.99432E-03 
1.50364E-02 
3.78888E-02 
9.65775E-02 
2.54136E-01 
---
