PdfType: replica
Format: lhagrid1
---
4.34963E-04 7.77181E-04 7.77181E-04 1.38865E-03 1.38865E-03 2.48120E-03 2.48120E-03 2.48120E-03 4.43334E-03 4.43334E-03 4.43334E-03 4.43334E-03 7.92137E-03 7.92137E-03 7.92137E-03 7.92137E-03 1.41537E-02 1.41537E-02 1.41537E-02 1.41537E-02 1.41537E-02 2.52895E-02 2.52895E-02 2.52895E-02 2.52895E-02 2.52895E-02 4.51866E-02 4.51866E-02 4.51866E-02 4.51866E-02 4.51866E-02 4.51866E-02 8.07383E-02 8.07383E-02 8.07383E-02 8.07383E-02 8.07383E-02 8.07383E-02 8.07383E-02 1.44261E-01 1.44261E-01 1.44261E-01 1.44261E-01 1.44261E-01 1.44261E-01 2.57762E-01 2.57762E-01 2.57762E-01 2.57762E-01 2.57762E-01 2.57762E-01 4.60562E-01 4.60562E-01 4.60562E-01 4.60562E-01 4.60562E-01 4.60562E-01 
1.58489E+00 1.58489E+00 2.51189E+00 1.58489E+00 2.51189E+00 1.58489E+00 2.51189E+00 3.98107E+00 1.58489E+00 2.51189E+00 3.98107E+00 6.30957E+00 1.58489E+00 2.51189E+00 3.98107E+00 6.30957E+00 1.58489E+00 2.51189E+00 3.98107E+00 6.30957E+00 9.99999E+00 1.58489E+00 2.51189E+00 3.98107E+00 6.30957E+00 9.99999E+00 1.58489E+00 2.51189E+00 3.98107E+00 6.30957E+00 9.99999E+00 1.58489E+01 1.58489E+00 2.51189E+00 3.98107E+00 6.30957E+00 9.99999E+00 1.58489E+01 2.51189E+01 2.51189E+00 3.98107E+00 6.30957E+00 9.99999E+00 1.58489E+01 2.51189E+01 3.98107E+00 6.30957E+00 9.99999E+00 1.58489E+01 2.51189E+01 3.98107E+01 6.30957E+00 9.99999E+00 1.58489E+01 2.51189E+01 3.98107E+01 6.30957E+01 
90000 
2.19791E-04 
2.18553E-04 
5.23737E-04 
2.17312E-04 
5.22293E-04 
2.16048E-04 
5.21532E-04 
1.28225E-03 
2.14852E-04 
5.21056E-04 
1.28263E-03 
3.23749E-03 
2.13890E-04 
5.20910E-04 
1.28440E-03 
3.23422E-03 
2.13268E-04 
5.21063E-04 
1.28675E-03 
3.22752E-03 
8.16048E-03 
2.12460E-04 
5.20200E-04 
1.28617E-03 
3.21173E-03 
8.10365E-03 
2.09134E-04 
5.13276E-04 
1.27058E-03 
3.16181E-03 
7.95502E-03 
2.01128E-02 
1.99697E-04 
4.92109E-04 
1.22039E-03 
3.03409E-03 
7.61200E-03 
1.91793E-02 
4.89442E-02 
4.57074E-04 
1.13630E-03 
2.82894E-03 
7.08675E-03 
1.78169E-02 
4.52246E-02 
1.04785E-03 
2.61322E-03 
6.54233E-03 
1.64248E-02 
4.15126E-02 
1.06883E-01 
2.38765E-03 
5.97384E-03 
1.49815E-02 
3.77431E-02 
9.61915E-02 
2.53098E-01 
---
