PdfType: replica
Format: lhagrid1
---
4.34963E-04 7.77181E-04 7.77181E-04 1.38865E-03 1.38865E-03 2.48120E-03 2.48120E-03 2.48120E-03 4.43334E-03 4.43334E-03 4.43334E-03 4.43334E-03 7.92137E-03 7.92137E-03 7.92137E-03 7.92137E-03 1.41537E-02 1.41537E-02 1.41537E-02 1.41537E-02 1.41537E-02 2.52895E-02 2.52895E-02 2.52895E-02 2.52895E-02 2.52895E-02 4.51866E-02 4.51866E-02 4.51866E-02 4.51866E-02 4.51866E-02 4.51866E-02 8.07383E-02 8.07383E-02 8.07383E-02 8.07383E-02 8.07383E-02 8.07383E-02 8.07383E-02 1.44261E-01 1.44261E-01 1.44261E-01 1.44261E-01 1.44261E-01 1.44261E-01 2.57762E-01 2.57762E-01 2.57762E-01 2.57762E-01 2.57762E-01 2.57762E-01 4.60562E-01 4.60562E-01 4.60562E-01 4.60562E-01 4.60562E-01 4.60562E-01 
1.58489E+00 1.58489E+00 2.51189E+00 1.58489E+00 2.51189E+00 1.58489E+00 2.51189E+00 3.98107E+00 1.58489E+00 2.51189E+00 3.98107E+00 6.30957E+00 1.58489E+00 2.51189E+00 3.98107E+00 6.30957E+00 1.58489E+00 2.51189E+00 3.98107E+00 6.30957E+00 9.99999E+00 1.58489E+00 2.51189E+00 3.98107E+00 6.30957E+00 9.99999E+00 1.58489E+00 2.51189E+00 3.98107E+00 6.30957E+00 9.99999E+00 1.58489E+01 1.58489E+00 2.51189E+00 3.98107E+00 6.30957E+00 9.99999E+00 1.58489E+01 2.51189E+01 2.51189E+00 3.98107E+00 6.30957E+00 9.99999E+00 1.58489E+01 2.51189E+01 3.98107E+00 6.30957E+00 9.99999E+00 1.58489E+01 2.51189E+01 3.98107E+01 6.30957E+00 9.99999E+00 1.58489E+01 2.51189E+01 3.98107E+01 6.30957E+01 
90000 
2.20048E-04 
2.18761E-04 
5.24086E-04 
2.17426E-04 
5.22458E-04 
2.16018E-04 
5.21411E-04 
1.28196E-03 
2.14632E-04 
5.20541E-04 
1.28150E-03 
3.23486E-03 
2.13433E-04 
5.19886E-04 
1.28215E-03 
3.22894E-03 
2.12469E-04 
5.19321E-04 
1.28292E-03 
3.21860E-03 
8.14048E-03 
2.11084E-04 
5.17345E-04 
1.27995E-03 
3.19777E-03 
8.07136E-03 
2.07189E-04 
5.09456E-04 
1.26242E-03 
3.14417E-03 
7.91430E-03 
2.00192E-02 
1.98391E-04 
4.89507E-04 
1.21465E-03 
3.02141E-03 
7.58234E-03 
1.91106E-02 
4.87941E-02 
4.55278E-04 
1.13113E-03 
2.81481E-03 
7.05074E-03 
1.77267E-02 
4.50063E-02 
1.03593E-03 
2.58574E-03 
6.47928E-03 
1.62797E-02 
4.11811E-02 
1.06155E-01 
2.40487E-03 
6.02158E-03 
1.51103E-02 
3.80857E-02 
9.70956E-02 
2.55474E-01 
---
