PdfType: replica
Format: lhagrid1
---
4.34963E-04 7.77181E-04 7.77181E-04 1.38865E-03 1.38865E-03 2.48120E-03 2.48120E-03 2.48120E-03 4.43334E-03 4.43334E-03 4.43334E-03 4.43334E-03 7.92137E-03 7.92137E-03 7.92137E-03 7.92137E-03 1.41537E-02 1.41537E-02 1.41537E-02 1.41537E-02 1.41537E-02 2.52895E-02 2.52895E-02 2.52895E-02 2.52895E-02 2.52895E-02 4.51866E-02 4.51866E-02 4.51866E-02 4.51866E-02 4.51866E-02 4.51866E-02 8.07383E-02 8.07383E-02 8.07383E-02 8.07383E-02 8.07383E-02 8.07383E-02 8.07383E-02 1.44261E-01 1.44261E-01 1.44261E-01 1.44261E-01 1.44261E-01 1.44261E-01 2.57762E-01 2.57762E-01 2.57762E-01 2.57762E-01 2.57762E-01 2.57762E-01 4.60562E-01 4.60562E-01 4.60562E-01 4.60562E-01 4.60562E-01 4.60562E-01 
1.58489E+00 1.58489E+00 2.51189E+00 1.58489E+00 2.51189E+00 1.58489E+00 2.51189E+00 3.98107E+00 1.58489E+00 2.51189E+00 3.98107E+00 6.30957E+00 1.58489E+00 2.51189E+00 3.98107E+00 6.30957E+00 1.58489E+00 2.51189E+00 3.98107E+00 6.30957E+00 9.99999E+00 1.58489E+00 2.51189E+00 3.98107E+00 6.30957E+00 9.99999E+00 1.58489E+00 2.51189E+00 3.98107E+00 6.30957E+00 9.99999E+00 1.58489E+01 1.58489E+00 2.51189E+00 3.98107E+00 6.30957E+00 9.99999E+00 1.58489E+01 2.51189E+01 2.51189E+00 3.98107E+00 6.30957E+00 9.99999E+00 1.58489E+01 2.51189E+01 3.98107E+00 6.30957E+00 9.99999E+00 1.58489E+01 2.51189E+01 3.98107E+01 6.30957E+00 9.99999E+00 1.58489E+01 2.51189E+01 3.98107E+01 6.30957E+01 
90000 
2.20384E-04 
2.19225E-04 
5.24847E-04 
2.18014E-04 
5.23485E-04 
2.16684E-04 
5.22624E-04 
1.28421E-03 
2.15275E-04 
5.21717E-04 
1.28370E-03 
3.23859E-03 
2.13900E-04 
5.20691E-04 
1.28362E-03 
3.23115E-03 
2.12649E-04 
5.19563E-04 
1.28333E-03 
3.21885E-03 
8.14030E-03 
2.11131E-04 
5.17453E-04 
1.28029E-03 
3.19845E-03 
8.07328E-03 
2.07435E-04 
5.09997E-04 
1.26357E-03 
3.14681E-03 
7.91966E-03 
2.00314E-02 
1.98262E-04 
4.89032E-04 
1.21334E-03 
3.01792E-03 
7.57375E-03 
1.90897E-02 
4.87410E-02 
4.54193E-04 
1.12983E-03 
2.81331E-03 
7.05150E-03 
1.77367E-02 
4.50455E-02 
1.04560E-03 
2.60966E-03 
6.53629E-03 
1.64166E-02 
4.15110E-02 
1.06946E-01 
2.42072E-03 
6.06145E-03 
1.52104E-02 
3.83342E-02 
9.76951E-02 
2.56792E-01 
---
