PdfType: replica
Format: lhagrid1
---
4.34963E-04 7.77181E-04 7.77181E-04 1.38865E-03 1.38865E-03 2.48120E-03 2.48120E-03 2.48120E-03 4.43334E-03 4.43334E-03 4.43334E-03 4.43334E-03 7.92137E-03 7.92137E-03 7.92137E-03 7.92137E-03 1.41537E-02 1.41537E-02 1.41537E-02 1.41537E-02 1.41537E-02 2.52895E-02 2.52895E-02 2.52895E-02 2.52895E-02 2.52895E-02 4.51866E-02 4.51866E-02 4.51866E-02 4.51866E-02 4.51866E-02 4.51866E-02 8.07383E-02 8.07383E-02 8.07383E-02 8.07383E-02 8.07383E-02 8.07383E-02 8.07383E-02 1.44261E-01 1.44261E-01 1.44261E-01 1.44261E-01 1.44261E-01 1.44261E-01 2.57762E-01 2.57762E-01 2.57762E-01 2.57762E-01 2.57762E-01 2.57762E-01 4.60562E-01 4.60562E-01 4.60562E-01 4.60562E-01 4.60562E-01 4.60562E-01 
1.58489E+00 1.58489E+00 2.51189E+00 1.58489E+00 2.51189E+00 1.58489E+00 2.51189E+00 3.98107E+00 1.58489E+00 2.51189E+00 3.98107E+00 6.30957E+00 1.58489E+00 2.51189E+00 3.98107E+00 6.30957E+00 1.58489E+00 2.51189E+00 3.98107E+00 6.30957E+00 9.99999E+00 1.58489E+00 2.51189E+00 3.98107E+00 6.30957E+00 9.99999E+00 1.58489E+00 2.51189E+00 3.98107E+00 6.30957E+00 9.99999E+00 1.58489E+01 1.58489E+00 2.51189E+00 3.98107E+00 6.30957E+00 9.99999E+00 1.58489E+01 2.51189E+01 2.51189E+00 3.98107E+00 6.30957E+00 9.99999E+00 1.58489E+01 2.51189E+01 3.98107E+00 6.30957E+00 9.99999E+00 1.58489E+01 2.51189E+01 3.98107E+01 6.30957E+00 9.99999E+00 1.58489E+01 2.51189E+01 3.98107E+01 6.30957E+01 
90000 
2.20380E-04 
2.19074E-04 
5.24578E-04 
2.17658E-04 
5.22793E-04 
2.16058E-04 
5.21374E-04 
1.28168E-03 
2.14304E-04 
5.19786E-04 
1.27973E-03 
3.23086E-03 
2.12514E-04 
5.17994E-04 
1.27804E-03 
3.22033E-03 
2.10857E-04 
5.16150E-04 
1.27622E-03 
3.20490E-03 
8.11042E-03 
2.09236E-04 
5.13795E-04 
1.27252E-03 
3.18247E-03 
8.03864E-03 
2.06169E-04 
5.07302E-04 
1.25757E-03 
3.13322E-03 
7.89062E-03 
1.99696E-02 
1.97843E-04 
4.87798E-04 
1.21010E-03 
3.00938E-03 
7.55391E-03 
1.90445E-02 
4.86515E-02 
4.51668E-04 
1.12325E-03 
2.79712E-03 
7.01122E-03 
1.76383E-02 
4.48133E-02 
1.03822E-03 
2.59208E-03 
6.49584E-03 
1.63225E-02 
4.12918E-02 
1.06449E-01 
2.40395E-03 
6.01965E-03 
1.51064E-02 
3.80771E-02 
9.70698E-02 
2.55350E-01 
---
