PdfType: replica
Format: lhagrid1
---
4.34963E-04 7.77181E-04 7.77181E-04 1.38865E-03 1.38865E-03 2.48120E-03 2.48120E-03 2.48120E-03 4.43334E-03 4.43334E-03 4.43334E-03 4.43334E-03 7.92137E-03 7.92137E-03 7.92137E-03 7.92137E-03 1.41537E-02 1.41537E-02 1.41537E-02 1.41537E-02 1.41537E-02 2.52895E-02 2.52895E-02 2.52895E-02 2.52895E-02 2.52895E-02 4.51866E-02 4.51866E-02 4.51866E-02 4.51866E-02 4.51866E-02 4.51866E-02 8.07383E-02 8.07383E-02 8.07383E-02 8.07383E-02 8.07383E-02 8.07383E-02 8.07383E-02 1.44261E-01 1.44261E-01 1.44261E-01 1.44261E-01 1.44261E-01 1.44261E-01 2.57762E-01 2.57762E-01 2.57762E-01 2.57762E-01 2.57762E-01 2.57762E-01 4.60562E-01 4.60562E-01 4.60562E-01 4.60562E-01 4.60562E-01 4.60562E-01 
1.58489E+00 1.58489E+00 2.51189E+00 1.58489E+00 2.51189E+00 1.58489E+00 2.51189E+00 3.98107E+00 1.58489E+00 2.51189E+00 3.98107E+00 6.30957E+00 1.58489E+00 2.51189E+00 3.98107E+00 6.30957E+00 1.58489E+00 2.51189E+00 3.98107E+00 6.30957E+00 9.99999E+00 1.58489E+00 2.51189E+00 3.98107E+00 6.30957E+00 9.99999E+00 1.58489E+00 2.51189E+00 3.98107E+00 6.30957E+00 9.99999E+00 1.58489E+01 1.58489E+00 2.51189E+00 3.98107E+00 6.30957E+00 9.99999E+00 1.58489E+01 2.51189E+01 2.51189E+00 3.98107E+00 6.30957E+00 9.99999E+00 1.58489E+01 2.51189E+01 3.98107E+00 6.30957E+00 9.99999E+00 1.58489E+01 2.51189E+01 3.98107E+01 6.30957E+00 9.99999E+00 1.58489E+01 2.51189E+01 3.98107E+01 6.30957E+01 
90000 
2.19829E-04 
2.18492E-04 
5.23534E-04 
2.17048E-04 
5.21692E-04 
2.15423E-04 
5.20206E-04 
1.27938E-03 
2.13645E-04 
5.18546E-04 
1.27726E-03 
3.22574E-03 
2.11842E-04 
5.16700E-04 
1.27541E-03 
3.21470E-03 
2.10211E-04 
5.14883E-04 
1.27363E-03 
3.19901E-03 
8.09736E-03 
2.08696E-04 
5.12738E-04 
1.27041E-03 
3.17738E-03 
8.02729E-03 
2.05803E-04 
5.06678E-04 
1.25654E-03 
3.13083E-03 
7.88547E-03 
1.99565E-02 
1.97779E-04 
4.88033E-04 
1.21128E-03 
3.01305E-03 
7.56336E-03 
1.90672E-02 
4.86965E-02 
4.53926E-04 
1.12905E-03 
2.81200E-03 
7.04724E-03 
1.77250E-02 
4.50164E-02 
1.04552E-03 
2.60953E-03 
6.53712E-03 
1.64205E-02 
4.15224E-02 
1.06969E-01 
2.41071E-03 
6.03387E-03 
1.51361E-02 
3.81384E-02 
9.71913E-02 
2.55564E-01 
---
