PdfType: replica
Format: lhagrid1
---
4.34963E-04 7.77181E-04 7.77181E-04 1.38865E-03 1.38865E-03 2.48120E-03 2.48120E-03 2.48120E-03 4.43334E-03 4.43334E-03 4.43334E-03 4.43334E-03 7.92137E-03 7.92137E-03 7.92137E-03 7.92137E-03 1.41537E-02 1.41537E-02 1.41537E-02 1.41537E-02 1.41537E-02 2.52895E-02 2.52895E-02 2.52895E-02 2.52895E-02 2.52895E-02 4.51866E-02 4.51866E-02 4.51866E-02 4.51866E-02 4.51866E-02 4.51866E-02 8.07383E-02 8.07383E-02 8.07383E-02 8.07383E-02 8.07383E-02 8.07383E-02 8.07383E-02 1.44261E-01 1.44261E-01 1.44261E-01 1.44261E-01 1.44261E-01 1.44261E-01 2.57762E-01 2.57762E-01 2.57762E-01 2.57762E-01 2.57762E-01 2.57762E-01 4.60562E-01 4.60562E-01 4.60562E-01 4.60562E-01 4.60562E-01 4.60562E-01 
1.58489E+00 1.58489E+00 2.51189E+00 1.58489E+00 2.51189E+00 1.58489E+00 2.51189E+00 3.98107E+00 1.58489E+00 2.51189E+00 3.98107E+00 6.30957E+00 1.58489E+00 2.51189E+00 3.98107E+00 6.30957E+00 1.58489E+00 2.51189E+00 3.98107E+00 6.30957E+00 9.99999E+00 1.58489E+00 2.51189E+00 3.98107E+00 6.30957E+00 9.99999E+00 1.58489E+00 2.51189E+00 3.98107E+00 6.30957E+00 9.99999E+00 1.58489E+01 1.58489E+00 2.51189E+00 3.98107E+00 6.30957E+00 9.99999E+00 1.58489E+01 2.51189E+01 2.51189E+00 3.98107E+00 6.30957E+00 9.99999E+00 1.58489E+01 2.51189E+01 3.98107E+00 6.30957E+00 9.99999E+00 1.58489E+01 2.51189E+01 3.98107E+01 6.30957E+00 9.99999E+00 1.58489E+01 2.51189E+01 3.98107E+01 6.30957E+01 
90000 
2.20024E-04 
2.18839E-04 
5.24098E-04 
2.17643E-04 
5.22757E-04 
2.16384E-04 
5.22040E-04 
1.28320E-03 
2.15108E-04 
5.21436E-04 
1.28333E-03 
3.23886E-03 
2.13919E-04 
5.20869E-04 
1.28423E-03 
3.23353E-03 
2.12888E-04 
5.20267E-04 
1.28505E-03 
3.22363E-03 
8.15236E-03 
2.11591E-04 
5.18545E-04 
1.28272E-03 
3.20443E-03 
8.08709E-03 
2.08017E-04 
5.11127E-04 
1.26594E-03 
3.15193E-03 
7.93179E-03 
2.00589E-02 
1.98700E-04 
4.89941E-04 
1.21546E-03 
3.02263E-03 
7.58563E-03 
1.91176E-02 
4.87944E-02 
4.55411E-04 
1.13287E-03 
2.82098E-03 
7.06997E-03 
1.77803E-02 
4.51412E-02 
1.04913E-03 
2.61776E-03 
6.55506E-03 
1.64599E-02 
4.16079E-02 
1.07141E-01 
2.41460E-03 
6.04474E-03 
1.51659E-02 
3.82180E-02 
9.73940E-02 
2.56021E-01 
---
