PdfType: replica
Format: lhagrid1
---
4.34963E-04 7.77181E-04 7.77181E-04 1.38865E-03 1.38865E-03 2.48120E-03 2.48120E-03 2.48120E-03 4.43334E-03 4.43334E-03 4.43334E-03 4.43334E-03 7.92137E-03 7.92137E-03 7.92137E-03 7.92137E-03 1.41537E-02 1.41537E-02 1.41537E-02 1.41537E-02 1.41537E-02 2.52895E-02 2.52895E-02 2.52895E-02 2.52895E-02 2.52895E-02 4.51866E-02 4.51866E-02 4.51866E-02 4.51866E-02 4.51866E-02 4.51866E-02 8.07383E-02 8.07383E-02 8.07383E-02 8.07383E-02 8.07383E-02 8.07383E-02 8.07383E-02 1.44261E-01 1.44261E-01 1.44261E-01 1.44261E-01 1.44261E-01 1.44261E-01 2.57762E-01 2.57762E-01 2.57762E-01 2.57762E-01 2.57762E-01 2.57762E-01 4.60562E-01 4.60562E-01 4.60562E-01 4.60562E-01 4.60562E-01 4.60562E-01 
1.58489E+00 1.58489E+00 2.51189E+00 1.58489E+00 2.51189E+00 1.58489E+00 2.51189E+00 3.98107E+00 1.58489E+00 2.51189E+00 3.98107E+00 6.30957E+00 1.58489E+00 2.51189E+00 3.98107E+00 6.30957E+00 1.58489E+00 2.51189E+00 3.98107E+00 6.30957E+00 9.99999E+00 1.58489E+00 2.51189E+00 3.98107E+00 6.30957E+00 9.99999E+00 1.58489E+00 2.51189E+00 3.98107E+00 6.30957E+00 9.99999E+00 1.58489E+01 1.58489E+00 2.51189E+00 3.98107E+00 6.30957E+00 9.99999E+00 1.58489E+01 2.51189E+01 2.51189E+00 3.98107E+00 6.30957E+00 9.99999E+00 1.58489E+01 2.51189E+01 3.98107E+00 6.30957E+00 9.99999E+00 1.58489E+01 2.51189E+01 3.98107E+01 6.30957E+00 9.99999E+00 1.58489E+01 2.51189E+01 3.98107E+01 6.30957E+01 
90000 
2.19793E-04 
2.18463E-04 
5.23722E-04 
2.17033E-04 
5.21947E-04 
2.15433E-04 
5.20516E-04 
1.28025E-03 
2.13681E-04 
5.18839E-04 
1.27801E-03 
3.22787E-03 
2.11857E-04 
5.16792E-04 
1.27562E-03 
3.21527E-03 
2.10126E-04 
5.14644E-04 
1.27314E-03 
3.19787E-03 
8.09636E-03 
2.08626E-04 
5.12663E-04 
1.27055E-03 
3.17815E-03 
8.03113E-03 
2.06154E-04 
5.07731E-04 
1.25936E-03 
3.13833E-03 
7.90384E-03 
2.00024E-02 
1.98408E-04 
4.89734E-04 
1.21569E-03 
3.02408E-03 
7.59099E-03 
1.91346E-02 
4.88472E-02 
4.57485E-04 
1.13816E-03 
2.83380E-03 
7.10100E-03 
1.78553E-02 
4.53246E-02 
1.05402E-03 
2.62814E-03 
6.57594E-03 
1.65028E-02 
4.17017E-02 
1.07384E-01 
2.39962E-03 
6.00756E-03 
1.50748E-02 
3.79984E-02 
9.68875E-02 
2.55016E-01 
---
