PdfType: replica
Format: lhagrid1
---
4.34963E-04 7.77181E-04 7.77181E-04 1.38865E-03 1.38865E-03 2.48120E-03 2.48120E-03 2.48120E-03 4.43334E-03 4.43334E-03 4.43334E-03 4.43334E-03 7.92137E-03 7.92137E-03 7.92137E-03 7.92137E-03 1.41537E-02 1.41537E-02 1.41537E-02 1.41537E-02 1.41537E-02 2.52895E-02 2.52895E-02 2.52895E-02 2.52895E-02 2.52895E-02 4.51866E-02 4.51866E-02 4.51866E-02 4.51866E-02 4.51866E-02 4.51866E-02 8.07383E-02 8.07383E-02 8.07383E-02 8.07383E-02 8.07383E-02 8.07383E-02 8.07383E-02 1.44261E-01 1.44261E-01 1.44261E-01 1.44261E-01 1.44261E-01 1.44261E-01 2.57762E-01 2.57762E-01 2.57762E-01 2.57762E-01 2.57762E-01 2.57762E-01 4.60562E-01 4.60562E-01 4.60562E-01 4.60562E-01 4.60562E-01 4.60562E-01 
1.58489E+00 1.58489E+00 2.51189E+00 1.58489E+00 2.51189E+00 1.58489E+00 2.51189E+00 3.98107E+00 1.58489E+00 2.51189E+00 3.98107E+00 6.30957E+00 1.58489E+00 2.51189E+00 3.98107E+00 6.30957E+00 1.58489E+00 2.51189E+00 3.98107E+00 6.30957E+00 9.99999E+00 1.58489E+00 2.51189E+00 3.98107E+00 6.30957E+00 9.99999E+00 1.58489E+00 2.51189E+00 3.98107E+00 6.30957E+00 9.99999E+00 1.58489E+01 1.58489E+00 2.51189E+00 3.98107E+00 6.30957E+00 9.99999E+00 1.58489E+01 2.51189E+01 2.51189E+00 3.98107E+00 6.30957E+00 9.99999E+00 1.58489E+01 2.51189E+01 3.98107E+00 6.30957E+00 9.99999E+00 1.58489E+01 2.51189E+01 3.98107E+01 6.30957E+00 9.99999E+00 1.58489E+01 2.51189E+01 3.98107E+01 6.30957E+01 
90000 
2.20319E-04 
2.19210E-04 
5.24915E-04 
2.18084E-04 
5.23706E-04 
2.16888E-04 
5.23122E-04 
1.28541E-03 
2.15679E-04 
5.22675E-04 
1.28590E-03 
3.24437E-03 
2.14602E-04 
5.22355E-04 
1.28739E-03 
3.24060E-03 
2.13810E-04 
5.22236E-04 
1.28931E-03 
3.23334E-03 
8.17350E-03 
2.12993E-04 
5.21465E-04 
1.28917E-03 
3.21899E-03 
8.12119E-03 
2.10124E-04 
5.15568E-04 
1.27598E-03 
3.17469E-03 
7.98623E-03 
2.01896E-02 
2.01257E-04 
4.95475E-04 
1.22798E-03 
3.05135E-03 
7.65262E-03 
1.92764E-02 
4.91823E-02 
4.58971E-04 
1.14049E-03 
2.83821E-03 
7.10828E-03 
1.78676E-02 
4.53468E-02 
1.05061E-03 
2.62108E-03 
6.56266E-03 
1.64772E-02 
4.16468E-02 
1.07222E-01 
2.40913E-03 
6.02751E-03 
1.51152E-02 
3.80734E-02 
9.69863E-02 
2.54848E-01 
---
