PdfType: replica
Format: lhagrid1
---
4.34963E-04 7.77181E-04 7.77181E-04 1.38865E-03 1.38865E-03 2.48120E-03 2.48120E-03 2.48120E-03 4.43334E-03 4.43334E-03 4.43334E-03 4.43334E-03 7.92137E-03 7.92137E-03 7.92137E-03 7.92137E-03 1.41537E-02 1.41537E-02 1.41537E-02 1.41537E-02 1.41537E-02 2.52895E-02 2.52895E-02 2.52895E-02 2.52895E-02 2.52895E-02 4.51866E-02 4.51866E-02 4.51866E-02 4.51866E-02 4.51866E-02 4.51866E-02 8.07383E-02 8.07383E-02 8.07383E-02 8.07383E-02 8.07383E-02 8.07383E-02 8.07383E-02 1.44261E-01 1.44261E-01 1.44261E-01 1.44261E-01 1.44261E-01 1.44261E-01 2.57762E-01 2.57762E-01 2.57762E-01 2.57762E-01 2.57762E-01 2.57762E-01 4.60562E-01 4.60562E-01 4.60562E-01 4.60562E-01 4.60562E-01 4.60562E-01 
1.58489E+00 1.58489E+00 2.51189E+00 1.58489E+00 2.51189E+00 1.58489E+00 2.51189E+00 3.98107E+00 1.58489E+00 2.51189E+00 3.98107E+00 6.30957E+00 1.58489E+00 2.51189E+00 3.98107E+00 6.30957E+00 1.58489E+00 2.51189E+00 3.98107E+00 6.30957E+00 9.99999E+00 1.58489E+00 2.51189E+00 3.98107E+00 6.30957E+00 9.99999E+00 1.58489E+00 2.51189E+00 3.98107E+00 6.30957E+00 9.99999E+00 1.58489E+01 1.58489E+00 2.51189E+00 3.98107E+00 6.30957E+00 9.99999E+00 1.58489E+01 2.51189E+01 2.51189E+00 3.98107E+00 6.30957E+00 9.99999E+00 1.58489E+01 2.51189E+01 3.98107E+00 6.30957E+00 9.99999E+00 1.58489E+01 2.51189E+01 3.98107E+01 6.30957E+00 9.99999E+00 1.58489E+01 2.51189E+01 3.98107E+01 6.30957E+01 
90000 
2.20423E-04 
2.19118E-04 
5.24781E-04 
2.17662E-04 
5.22970E-04 
2.15970E-04 
5.21417E-04 
1.28188E-03 
2.14072E-04 
5.19525E-04 
1.27928E-03 
3.23042E-03 
2.12116E-04 
5.17291E-04 
1.27664E-03 
3.21737E-03 
2.10423E-04 
5.15312E-04 
1.27474E-03 
3.20143E-03 
8.10478E-03 
2.09369E-04 
5.14392E-04 
1.27471E-03 
3.18774E-03 
8.05429E-03 
2.07791E-04 
5.11354E-04 
1.26759E-03 
3.15708E-03 
7.94717E-03 
2.01052E-02 
2.00290E-04 
4.93335E-04 
1.22293E-03 
3.03900E-03 
7.62240E-03 
1.92029E-02 
4.90071E-02 
4.55965E-04 
1.13391E-03 
2.82275E-03 
7.07301E-03 
1.77860E-02 
4.51572E-02 
1.05124E-03 
2.62504E-03 
6.57508E-03 
1.65151E-02 
4.17616E-02 
1.07585E-01 
2.45059E-03 
6.13777E-03 
1.54045E-02 
3.88262E-02 
9.89331E-02 
2.59859E-01 
---
