PdfType: replica
Format: lhagrid1
---
4.34963E-04 7.77181E-04 7.77181E-04 1.38865E-03 1.38865E-03 2.48120E-03 2.48120E-03 2.48120E-03 4.43334E-03 4.43334E-03 4.43334E-03 4.43334E-03 7.92137E-03 7.92137E-03 7.92137E-03 7.92137E-03 1.41537E-02 1.41537E-02 1.41537E-02 1.41537E-02 1.41537E-02 2.52895E-02 2.52895E-02 2.52895E-02 2.52895E-02 2.52895E-02 4.51866E-02 4.51866E-02 4.51866E-02 4.51866E-02 4.51866E-02 4.51866E-02 8.07383E-02 8.07383E-02 8.07383E-02 8.07383E-02 8.07383E-02 8.07383E-02 8.07383E-02 1.44261E-01 1.44261E-01 1.44261E-01 1.44261E-01 1.44261E-01 1.44261E-01 2.57762E-01 2.57762E-01 2.57762E-01 2.57762E-01 2.57762E-01 2.57762E-01 4.60562E-01 4.60562E-01 4.60562E-01 4.60562E-01 4.60562E-01 4.60562E-01 
1.58489E+00 1.58489E+00 2.51189E+00 1.58489E+00 2.51189E+00 1.58489E+00 2.51189E+00 3.98107E+00 1.58489E+00 2.51189E+00 3.98107E+00 6.30957E+00 1.58489E+00 2.51189E+00 3.98107E+00 6.30957E+00 1.58489E+00 2.51189E+00 3.98107E+00 6.30957E+00 9.99999E+00 1.58489E+00 2.51189E+00 3.98107E+00 6.30957E+00 9.99999E+00 1.58489E+00 2.51189E+00 3.98107E+00 6.30957E+00 9.99999E+00 1.58489E+01 1.58489E+00 2.51189E+00 3.98107E+00 6.30957E+00 9.99999E+00 1.58489E+01 2.51189E+01 2.51189E+00 3.98107E+00 6.30957E+00 9.99999E+00 1.58489E+01 2.51189E+01 3.98107E+00 6.30957E+00 9.99999E+00 1.58489E+01 2.51189E+01 3.98107E+01 6.30957E+00 9.99999E+00 1.58489E+01 2.51189E+01 3.98107E+01 6.30957E+01 
90000 
2.16375E-04 
2.15415E-04 
5.18685E-04 
2.14607E-04 
5.17969E-04 
2.13926E-04 
5.18146E-04 
1.27612E-03 
2.13424E-04 
5.18808E-04 
1.27867E-03 
3.22941E-03 
2.13182E-04 
5.19869E-04 
1.28271E-03 
3.23082E-03 
2.13175E-04 
5.21074E-04 
1.28706E-03 
3.22833E-03 
8.16283E-03 
2.12698E-04 
5.20788E-04 
1.28752E-03 
3.21501E-03 
8.11071E-03 
2.09269E-04 
5.13572E-04 
1.27102E-03 
3.16301E-03 
7.95614E-03 
2.01128E-02 
1.99366E-04 
4.91131E-04 
1.21769E-03 
3.02711E-03 
7.59449E-03 
1.91354E-02 
4.88319E-02 
4.54761E-04 
1.13106E-03 
2.81612E-03 
7.05776E-03 
1.77501E-02 
4.50693E-02 
1.04686E-03 
2.61250E-03 
6.54282E-03 
1.64311E-02 
4.15414E-02 
1.06999E-01 
2.41086E-03 
6.03283E-03 
1.51308E-02 
3.81191E-02 
9.71264E-02 
2.55338E-01 
---
