PdfType: replica
Format: lhagrid1
---
4.34963E-04 7.77181E-04 7.77181E-04 1.38865E-03 1.38865E-03 2.48120E-03 2.48120E-03 2.48120E-03 4.43334E-03 4.43334E-03 4.43334E-03 4.43334E-03 7.92137E-03 7.92137E-03 7.92137E-03 7.92137E-03 1.41537E-02 1.41537E-02 1.41537E-02 1.41537E-02 1.41537E-02 2.52895E-02 2.52895E-02 2.52895E-02 2.52895E-02 2.52895E-02 4.51866E-02 4.51866E-02 4.51866E-02 4.51866E-02 4.51866E-02 4.51866E-02 8.07383E-02 8.07383E-02 8.07383E-02 8.07383E-02 8.07383E-02 8.07383E-02 8.07383E-02 1.44261E-01 1.44261E-01 1.44261E-01 1.44261E-01 1.44261E-01 1.44261E-01 2.57762E-01 2.57762E-01 2.57762E-01 2.57762E-01 2.57762E-01 2.57762E-01 4.60562E-01 4.60562E-01 4.60562E-01 4.60562E-01 4.60562E-01 4.60562E-01 
1.58489E+00 1.58489E+00 2.51189E+00 1.58489E+00 2.51189E+00 1.58489E+00 2.51189E+00 3.98107E+00 1.58489E+00 2.51189E+00 3.98107E+00 6.30957E+00 1.58489E+00 2.51189E+00 3.98107E+00 6.30957E+00 1.58489E+00 2.51189E+00 3.98107E+00 6.30957E+00 9.99999E+00 1.58489E+00 2.51189E+00 3.98107E+00 6.30957E+00 9.99999E+00 1.58489E+00 2.51189E+00 3.98107E+00 6.30957E+00 9.99999E+00 1.58489E+01 1.58489E+00 2.51189E+00 3.98107E+00 6.30957E+00 9.99999E+00 1.58489E+01 2.51189E+01 2.51189E+00 3.98107E+00 6.30957E+00 9.99999E+00 1.58489E+01 2.51189E+01 3.98107E+00 6.30957E+00 9.99999E+00 1.58489E+01 2.51189E+01 3.98107E+01 6.30957E+00 9.99999E+00 1.58489E+01 2.51189E+01 3.98107E+01 6.30957E+01 
90000 
2.20627E-04 
2.19474E-04 
5.25516E-04 
2.18242E-04 
5.24114E-04 
2.16872E-04 
5.23203E-04 
1.28551E-03 
2.15439E-04 
5.22309E-04 
1.28511E-03 
3.24252E-03 
2.14178E-04 
5.21587E-04 
1.28581E-03 
3.23720E-03 
2.13456E-04 
5.21566E-04 
1.28801E-03 
3.23054E-03 
8.16776E-03 
2.13193E-04 
5.21861E-04 
1.29009E-03 
3.22095E-03 
8.12632E-03 
2.10799E-04 
5.16734E-04 
1.27809E-03 
3.17862E-03 
7.99339E-03 
2.02039E-02 
2.00848E-04 
4.94123E-04 
1.22425E-03 
3.04135E-03 
7.62749E-03 
1.92138E-02 
4.90267E-02 
4.56195E-04 
1.13492E-03 
2.82609E-03 
7.08263E-03 
1.78125E-02 
4.52291E-02 
1.05499E-03 
2.63346E-03 
6.59446E-03 
1.65594E-02 
4.18620E-02 
1.07807E-01 
2.43841E-03 
6.10197E-03 
1.53041E-02 
3.85524E-02 
9.82063E-02 
2.58005E-01 
---
