PdfType: replica
Format: lhagrid1
---
4.34963E-04 7.77181E-04 7.77181E-04 1.38865E-03 1.38865E-03 2.48120E-03 2.48120E-03 2.48120E-03 4.43334E-03 4.43334E-03 4.43334E-03 4.43334E-03 7.92137E-03 7.92137E-03 7.92137E-03 7.92137E-03 1.41537E-02 1.41537E-02 1.41537E-02 1.41537E-02 1.41537E-02 2.52895E-02 2.52895E-02 2.52895E-02 2.52895E-02 2.52895E-02 4.51866E-02 4.51866E-02 4.51866E-02 4.51866E-02 4.51866E-02 4.51866E-02 8.07383E-02 8.07383E-02 8.07383E-02 8.07383E-02 8.07383E-02 8.07383E-02 8.07383E-02 1.44261E-01 1.44261E-01 1.44261E-01 1.44261E-01 1.44261E-01 1.44261E-01 2.57762E-01 2.57762E-01 2.57762E-01 2.57762E-01 2.57762E-01 2.57762E-01 4.60562E-01 4.60562E-01 4.60562E-01 4.60562E-01 4.60562E-01 4.60562E-01 
1.58489E+00 1.58489E+00 2.51189E+00 1.58489E+00 2.51189E+00 1.58489E+00 2.51189E+00 3.98107E+00 1.58489E+00 2.51189E+00 3.98107E+00 6.30957E+00 1.58489E+00 2.51189E+00 3.98107E+00 6.30957E+00 1.58489E+00 2.51189E+00 3.98107E+00 6.30957E+00 9.99999E+00 1.58489E+00 2.51189E+00 3.98107E+00 6.30957E+00 9.99999E+00 1.58489E+00 2.51189E+00 3.98107E+00 6.30957E+00 9.99999E+00 1.58489E+01 1.58489E+00 2.51189E+00 3.98107E+00 6.30957E+00 9.99999E+00 1.58489E+01 2.51189E+01 2.51189E+00 3.98107E+00 6.30957E+00 9.99999E+00 1.58489E+01 2.51189E+01 3.98107E+00 6.30957E+00 9.99999E+00 1.58489E+01 2.51189E+01 3.98107E+01 6.30957E+00 9.99999E+00 1.58489E+01 2.51189E+01 3.98107E+01 6.30957E+01 
90000 
2.20464E-04 
2.19405E-04 
5.25351E-04 
2.18385E-04 
5.24397E-04 
2.17408E-04 
5.24296E-04 
1.28778E-03 
2.16620E-04 
5.24733E-04 
1.29029E-03 
3.25300E-03 
2.16280E-04 
5.25902E-04 
1.29505E-03 
3.25667E-03 
2.16573E-04 
5.27908E-04 
1.30154E-03 
3.25961E-03 
8.23133E-03 
2.16749E-04 
5.29020E-04 
1.30530E-03 
3.25420E-03 
8.19929E-03 
2.13471E-04 
5.22223E-04 
1.28995E-03 
3.20536E-03 
8.05326E-03 
2.03393E-02 
2.02420E-04 
4.97692E-04 
1.23254E-03 
3.06107E-03 
7.67424E-03 
1.93258E-02 
4.92985E-02 
4.59834E-04 
1.14301E-03 
2.84440E-03 
7.12471E-03 
1.79105E-02 
4.54624E-02 
1.05405E-03 
2.62909E-03 
6.58008E-03 
1.65168E-02 
4.17418E-02 
1.07472E-01 
2.42145E-03 
6.06400E-03 
1.52184E-02 
3.83564E-02 
9.77423E-02 
2.56791E-01 
---
