PdfType: replica
Format: lhagrid1
---
4.34963E-04 7.77181E-04 7.77181E-04 1.38865E-03 1.38865E-03 2.48120E-03 2.48120E-03 2.48120E-03 4.43334E-03 4.43334E-03 4.43334E-03 4.43334E-03 7.92137E-03 7.92137E-03 7.92137E-03 7.92137E-03 1.41537E-02 1.41537E-02 1.41537E-02 1.41537E-02 1.41537E-02 2.52895E-02 2.52895E-02 2.52895E-02 2.52895E-02 2.52895E-02 4.51866E-02 4.51866E-02 4.51866E-02 4.51866E-02 4.51866E-02 4.51866E-02 8.07383E-02 8.07383E-02 8.07383E-02 8.07383E-02 8.07383E-02 8.07383E-02 8.07383E-02 1.44261E-01 1.44261E-01 1.44261E-01 1.44261E-01 1.44261E-01 1.44261E-01 2.57762E-01 2.57762E-01 2.57762E-01 2.57762E-01 2.57762E-01 2.57762E-01 4.60562E-01 4.60562E-01 4.60562E-01 4.60562E-01 4.60562E-01 4.60562E-01 
1.58489E+00 1.58489E+00 2.51189E+00 1.58489E+00 2.51189E+00 1.58489E+00 2.51189E+00 3.98107E+00 1.58489E+00 2.51189E+00 3.98107E+00 6.30957E+00 1.58489E+00 2.51189E+00 3.98107E+00 6.30957E+00 1.58489E+00 2.51189E+00 3.98107E+00 6.30957E+00 9.99999E+00 1.58489E+00 2.51189E+00 3.98107E+00 6.30957E+00 9.99999E+00 1.58489E+00 2.51189E+00 3.98107E+00 6.30957E+00 9.99999E+00 1.58489E+01 1.58489E+00 2.51189E+00 3.98107E+00 6.30957E+00 9.99999E+00 1.58489E+01 2.51189E+01 2.51189E+00 3.98107E+00 6.30957E+00 9.99999E+00 1.58489E+01 2.51189E+01 3.98107E+00 6.30957E+00 9.99999E+00 1.58489E+01 2.51189E+01 3.98107E+01 6.30957E+00 9.99999E+00 1.58489E+01 2.51189E+01 3.98107E+01 6.30957E+01 
90000 
2.19497E-04 
2.18165E-04 
5.22861E-04 
2.16753E-04 
5.21043E-04 
2.15178E-04 
5.19628E-04 
1.27813E-03 
2.13445E-04 
5.18059E-04 
1.27619E-03 
3.22357E-03 
2.11644E-04 
5.16262E-04 
1.27447E-03 
3.21294E-03 
2.09941E-04 
5.14406E-04 
1.27273E-03 
3.19758E-03 
8.09378E-03 
2.08382E-04 
5.12381E-04 
1.27011E-03 
3.17772E-03 
8.02929E-03 
2.06043E-04 
5.07798E-04 
1.26011E-03 
3.14047E-03 
7.91189E-03 
2.00244E-02 
1.99843E-04 
4.93229E-04 
1.22427E-03 
3.04437E-03 
7.64099E-03 
1.92588E-02 
4.91698E-02 
4.61384E-04 
1.14602E-03 
2.85111E-03 
7.13743E-03 
1.79352E-02 
4.55132E-02 
1.05152E-03 
2.62283E-03 
6.56532E-03 
1.64814E-02 
4.16554E-02 
1.07257E-01 
2.40646E-03 
6.02047E-03 
1.50970E-02 
3.80286E-02 
9.68935E-02 
2.54792E-01 
---
