PdfType: replica
Format: lhagrid1
---
4.34963E-04 7.77181E-04 7.77181E-04 1.38865E-03 1.38865E-03 2.48120E-03 2.48120E-03 2.48120E-03 4.43334E-03 4.43334E-03 4.43334E-03 4.43334E-03 7.92137E-03 7.92137E-03 7.92137E-03 7.92137E-03 1.41537E-02 1.41537E-02 1.41537E-02 1.41537E-02 1.41537E-02 2.52895E-02 2.52895E-02 2.52895E-02 2.52895E-02 2.52895E-02 4.51866E-02 4.51866E-02 4.51866E-02 4.51866E-02 4.51866E-02 4.51866E-02 8.07383E-02 8.07383E-02 8.07383E-02 8.07383E-02 8.07383E-02 8.07383E-02 8.07383E-02 1.44261E-01 1.44261E-01 1.44261E-01 1.44261E-01 1.44261E-01 1.44261E-01 2.57762E-01 2.57762E-01 2.57762E-01 2.57762E-01 2.57762E-01 2.57762E-01 4.60562E-01 4.60562E-01 4.60562E-01 4.60562E-01 4.60562E-01 4.60562E-01 
1.58489E+00 1.58489E+00 2.51189E+00 1.58489E+00 2.51189E+00 1.58489E+00 2.51189E+00 3.98107E+00 1.58489E+00 2.51189E+00 3.98107E+00 6.30957E+00 1.58489E+00 2.51189E+00 3.98107E+00 6.30957E+00 1.58489E+00 2.51189E+00 3.98107E+00 6.30957E+00 9.99999E+00 1.58489E+00 2.51189E+00 3.98107E+00 6.30957E+00 9.99999E+00 1.58489E+00 2.51189E+00 3.98107E+00 6.30957E+00 9.99999E+00 1.58489E+01 1.58489E+00 2.51189E+00 3.98107E+00 6.30957E+00 9.99999E+00 1.58489E+01 2.51189E+01 2.51189E+00 3.98107E+00 6.30957E+00 9.99999E+00 1.58489E+01 2.51189E+01 3.98107E+00 6.30957E+00 9.99999E+00 1.58489E+01 2.51189E+01 3.98107E+01 6.30957E+00 9.99999E+00 1.58489E+01 2.51189E+01 3.98107E+01 6.30957E+01 
90000 
2.19584E-04 
2.18374E-04 
5.23340E-04 
2.17158E-04 
5.21936E-04 
2.15877E-04 
5.21124E-04 
1.28135E-03 
2.14559E-04 
5.20361E-04 
1.28105E-03 
3.23368E-03 
2.13273E-04 
5.19507E-04 
1.28125E-03 
3.22673E-03 
2.12051E-04 
5.18458E-04 
1.28106E-03 
3.21456E-03 
8.13057E-03 
2.10543E-04 
5.16375E-04 
1.27809E-03 
3.19413E-03 
8.06363E-03 
2.07177E-04 
5.09616E-04 
1.26305E-03 
3.14612E-03 
7.91962E-03 
2.00307E-02 
1.98884E-04 
4.90560E-04 
1.21708E-03 
3.02692E-03 
7.59569E-03 
1.91412E-02 
4.88504E-02 
4.56085E-04 
1.13370E-03 
2.82178E-03 
7.06958E-03 
1.77748E-02 
4.51194E-02 
1.04407E-03 
2.60489E-03 
6.52336E-03 
1.63810E-02 
4.14093E-02 
1.06629E-01 
2.39795E-03 
5.99978E-03 
1.50464E-02 
3.79033E-02 
9.65748E-02 
2.53923E-01 
---
