PdfType: replica
Format: lhagrid1
---
4.34963E-04 7.77181E-04 7.77181E-04 1.38865E-03 1.38865E-03 2.48120E-03 2.48120E-03 2.48120E-03 4.43334E-03 4.43334E-03 4.43334E-03 4.43334E-03 7.92137E-03 7.92137E-03 7.92137E-03 7.92137E-03 1.41537E-02 1.41537E-02 1.41537E-02 1.41537E-02 1.41537E-02 2.52895E-02 2.52895E-02 2.52895E-02 2.52895E-02 2.52895E-02 4.51866E-02 4.51866E-02 4.51866E-02 4.51866E-02 4.51866E-02 4.51866E-02 8.07383E-02 8.07383E-02 8.07383E-02 8.07383E-02 8.07383E-02 8.07383E-02 8.07383E-02 1.44261E-01 1.44261E-01 1.44261E-01 1.44261E-01 1.44261E-01 1.44261E-01 2.57762E-01 2.57762E-01 2.57762E-01 2.57762E-01 2.57762E-01 2.57762E-01 4.60562E-01 4.60562E-01 4.60562E-01 4.60562E-01 4.60562E-01 4.60562E-01 
1.58489E+00 1.58489E+00 2.51189E+00 1.58489E+00 2.51189E+00 1.58489E+00 2.51189E+00 3.98107E+00 1.58489E+00 2.51189E+00 3.98107E+00 6.30957E+00 1.58489E+00 2.51189E+00 3.98107E+00 6.30957E+00 1.58489E+00 2.51189E+00 3.98107E+00 6.30957E+00 9.99999E+00 1.58489E+00 2.51189E+00 3.98107E+00 6.30957E+00 9.99999E+00 1.58489E+00 2.51189E+00 3.98107E+00 6.30957E+00 9.99999E+00 1.58489E+01 1.58489E+00 2.51189E+00 3.98107E+00 6.30957E+00 9.99999E+00 1.58489E+01 2.51189E+01 2.51189E+00 3.98107E+00 6.30957E+00 9.99999E+00 1.58489E+01 2.51189E+01 3.98107E+00 6.30957E+00 9.99999E+00 1.58489E+01 2.51189E+01 3.98107E+01 6.30957E+00 9.99999E+00 1.58489E+01 2.51189E+01 3.98107E+01 6.30957E+01 
90000 
2.20238E-04 
2.19037E-04 
5.24644E-04 
2.17779E-04 
5.23169E-04 
2.16401E-04 
5.22188E-04 
1.28333E-03 
2.14941E-04 
5.21167E-04 
1.28257E-03 
3.23642E-03 
2.13517E-04 
5.20029E-04 
1.28222E-03 
3.22867E-03 
2.12239E-04 
5.18791E-04 
1.28160E-03 
3.21560E-03 
8.13185E-03 
2.10781E-04 
5.16631E-04 
1.27828E-03 
3.19401E-03 
8.06295E-03 
2.07245E-04 
5.09329E-04 
1.26179E-03 
3.14220E-03 
7.90959E-03 
2.00075E-02 
1.98112E-04 
4.88519E-04 
1.21193E-03 
3.01430E-03 
7.56507E-03 
1.90688E-02 
4.86927E-02 
4.53265E-04 
1.12741E-03 
2.80751E-03 
7.03706E-03 
1.77012E-02 
4.49599E-02 
1.04289E-03 
2.60198E-03 
6.51654E-03 
1.63652E-02 
4.13777E-02 
1.06610E-01 
2.38585E-03 
5.96817E-03 
1.49653E-02 
3.76995E-02 
9.60833E-02 
2.52878E-01 
---
