PdfType: replica
Format: lhagrid1
---
4.34963E-04 7.77181E-04 7.77181E-04 1.38865E-03 1.38865E-03 2.48120E-03 2.48120E-03 2.48120E-03 4.43334E-03 4.43334E-03 4.43334E-03 4.43334E-03 7.92137E-03 7.92137E-03 7.92137E-03 7.92137E-03 1.41537E-02 1.41537E-02 1.41537E-02 1.41537E-02 1.41537E-02 2.52895E-02 2.52895E-02 2.52895E-02 2.52895E-02 2.52895E-02 4.51866E-02 4.51866E-02 4.51866E-02 4.51866E-02 4.51866E-02 4.51866E-02 8.07383E-02 8.07383E-02 8.07383E-02 8.07383E-02 8.07383E-02 8.07383E-02 8.07383E-02 1.44261E-01 1.44261E-01 1.44261E-01 1.44261E-01 1.44261E-01 1.44261E-01 2.57762E-01 2.57762E-01 2.57762E-01 2.57762E-01 2.57762E-01 2.57762E-01 4.60562E-01 4.60562E-01 4.60562E-01 4.60562E-01 4.60562E-01 4.60562E-01 
1.58489E+00 1.58489E+00 2.51189E+00 1.58489E+00 2.51189E+00 1.58489E+00 2.51189E+00 3.98107E+00 1.58489E+00 2.51189E+00 3.98107E+00 6.30957E+00 1.58489E+00 2.51189E+00 3.98107E+00 6.30957E+00 1.58489E+00 2.51189E+00 3.98107E+00 6.30957E+00 9.99999E+00 1.58489E+00 2.51189E+00 3.98107E+00 6.30957E+00 9.99999E+00 1.58489E+00 2.51189E+00 3.98107E+00 6.30957E+00 9.99999E+00 1.58489E+01 1.58489E+00 2.51189E+00 3.98107E+00 6.30957E+00 9.99999E+00 1.58489E+01 2.51189E+01 2.51189E+00 3.98107E+00 6.30957E+00 9.99999E+00 1.58489E+01 2.51189E+01 3.98107E+00 6.30957E+00 9.99999E+00 1.58489E+01 2.51189E+01 3.98107E+01 6.30957E+00 9.99999E+00 1.58489E+01 2.51189E+01 3.98107E+01 6.30957E+01 
90000 
2.20314E-04 
2.19279E-04 
5.25090E-04 
2.18256E-04 
5.24051E-04 
2.17182E-04 
5.23662E-04 
1.28644E-03 
2.16080E-04 
5.23381E-04 
1.28725E-03 
3.24624E-03 
2.15025E-04 
5.23079E-04 
1.28876E-03 
3.24253E-03 
2.14070E-04 
5.22654E-04 
1.29005E-03 
3.23405E-03 
8.17333E-03 
2.12851E-04 
5.21132E-04 
1.28833E-03 
3.21649E-03 
8.11361E-03 
2.09490E-04 
5.14209E-04 
1.27279E-03 
3.16708E-03 
7.96647E-03 
2.01386E-02 
2.00250E-04 
4.93088E-04 
1.22210E-03 
3.03734E-03 
7.61720E-03 
1.91875E-02 
4.89612E-02 
4.55470E-04 
1.13182E-03 
2.81744E-03 
7.05764E-03 
1.77446E-02 
4.50488E-02 
1.04205E-03 
2.60096E-03 
6.51682E-03 
1.63716E-02 
4.14013E-02 
1.06649E-01 
2.40582E-03 
6.02195E-03 
1.51067E-02 
3.80647E-02 
9.70048E-02 
2.55085E-01 
---
