PdfType: replica
Format: lhagrid1
---
4.34963E-04 7.77181E-04 7.77181E-04 1.38865E-03 1.38865E-03 2.48120E-03 2.48120E-03 2.48120E-03 4.43334E-03 4.43334E-03 4.43334E-03 4.43334E-03 7.92137E-03 7.92137E-03 7.92137E-03 7.92137E-03 1.41537E-02 1.41537E-02 1.41537E-02 1.41537E-02 1.41537E-02 2.52895E-02 2.52895E-02 2.52895E-02 2.52895E-02 2.52895E-02 4.51866E-02 4.51866E-02 4.51866E-02 4.51866E-02 4.51866E-02 4.51866E-02 8.07383E-02 8.07383E-02 8.07383E-02 8.07383E-02 8.07383E-02 8.07383E-02 8.07383E-02 1.44261E-01 1.44261E-01 1.44261E-01 1.44261E-01 1.44261E-01 1.44261E-01 2.57762E-01 2.57762E-01 2.57762E-01 2.57762E-01 2.57762E-01 2.57762E-01 4.60562E-01 4.60562E-01 4.60562E-01 4.60562E-01 4.60562E-01 4.60562E-01 
1.58489E+00 1.58489E+00 2.51189E+00 1.58489E+00 2.51189E+00 1.58489E+00 2.51189E+00 3.98107E+00 1.58489E+00 2.51189E+00 3.98107E+00 6.30957E+00 1.58489E+00 2.51189E+00 3.98107E+00 6.30957E+00 1.58489E+00 2.51189E+00 3.98107E+00 6.30957E+00 9.99999E+00 1.58489E+00 2.51189E+00 3.98107E+00 6.30957E+00 9.99999E+00 1.58489E+00 2.51189E+00 3.98107E+00 6.30957E+00 9.99999E+00 1.58489E+01 1.58489E+00 2.51189E+00 3.98107E+00 6.30957E+00 9.99999E+00 1.58489E+01 2.51189E+01 2.51189E+00 3.98107E+00 6.30957E+00 9.99999E+00 1.58489E+01 2.51189E+01 3.98107E+00 6.30957E+00 9.99999E+00 1.58489E+01 2.51189E+01 3.98107E+01 6.30957E+00 9.99999E+00 1.58489E+01 2.51189E+01 3.98107E+01 6.30957E+01 
90000 
2.20218E-04 
2.19015E-04 
5.24563E-04 
2.17776E-04 
5.23130E-04 
2.16453E-04 
5.22276E-04 
1.28361E-03 
2.15116E-04 
5.21555E-04 
1.28357E-03 
3.23876E-03 
2.13958E-04 
5.21079E-04 
1.28477E-03 
3.23459E-03 
2.13239E-04 
5.21128E-04 
1.28703E-03 
3.22808E-03 
8.16165E-03 
2.12653E-04 
5.20664E-04 
1.28711E-03 
3.21371E-03 
8.10713E-03 
2.09352E-04 
5.13279E-04 
1.26956E-03 
3.15816E-03 
7.94225E-03 
2.00759E-02 
1.98229E-04 
4.87970E-04 
1.20941E-03 
3.00637E-03 
7.54221E-03 
1.90050E-02 
4.85116E-02 
4.49338E-04 
1.11822E-03 
2.78598E-03 
6.98584E-03 
1.75781E-02 
4.46579E-02 
1.03753E-03 
2.59029E-03 
6.49142E-03 
1.63107E-02 
4.12567E-02 
1.06321E-01 
2.40299E-03 
6.01639E-03 
1.50961E-02 
3.80461E-02 
9.69763E-02 
2.55054E-01 
---
