PdfType: replica
Format: lhagrid1
---
4.34963E-04 7.77181E-04 7.77181E-04 1.38865E-03 1.38865E-03 2.48120E-03 2.48120E-03 2.48120E-03 4.43334E-03 4.43334E-03 4.43334E-03 4.43334E-03 7.92137E-03 7.92137E-03 7.92137E-03 7.92137E-03 1.41537E-02 1.41537E-02 1.41537E-02 1.41537E-02 1.41537E-02 2.52895E-02 2.52895E-02 2.52895E-02 2.52895E-02 2.52895E-02 4.51866E-02 4.51866E-02 4.51866E-02 4.51866E-02 4.51866E-02 4.51866E-02 8.07383E-02 8.07383E-02 8.07383E-02 8.07383E-02 8.07383E-02 8.07383E-02 8.07383E-02 1.44261E-01 1.44261E-01 1.44261E-01 1.44261E-01 1.44261E-01 1.44261E-01 2.57762E-01 2.57762E-01 2.57762E-01 2.57762E-01 2.57762E-01 2.57762E-01 4.60562E-01 4.60562E-01 4.60562E-01 4.60562E-01 4.60562E-01 4.60562E-01 
1.58489E+00 1.58489E+00 2.51189E+00 1.58489E+00 2.51189E+00 1.58489E+00 2.51189E+00 3.98107E+00 1.58489E+00 2.51189E+00 3.98107E+00 6.30957E+00 1.58489E+00 2.51189E+00 3.98107E+00 6.30957E+00 1.58489E+00 2.51189E+00 3.98107E+00 6.30957E+00 9.99999E+00 1.58489E+00 2.51189E+00 3.98107E+00 6.30957E+00 9.99999E+00 1.58489E+00 2.51189E+00 3.98107E+00 6.30957E+00 9.99999E+00 1.58489E+01 1.58489E+00 2.51189E+00 3.98107E+00 6.30957E+00 9.99999E+00 1.58489E+01 2.51189E+01 2.51189E+00 3.98107E+00 6.30957E+00 9.99999E+00 1.58489E+01 2.51189E+01 3.98107E+00 6.30957E+00 9.99999E+00 1.58489E+01 2.51189E+01 3.98107E+01 6.30957E+00 9.99999E+00 1.58489E+01 2.51189E+01 3.98107E+01 6.30957E+01 
90000 
2.20897E-04 
2.19813E-04 
5.25889E-04 
2.18671E-04 
5.24641E-04 
2.17401E-04 
5.23910E-04 
1.28673E-03 
2.16040E-04 
5.23163E-04 
1.28663E-03 
3.24550E-03 
2.14714E-04 
5.22364E-04 
1.28717E-03 
3.23988E-03 
2.13587E-04 
5.21653E-04 
1.28797E-03 
3.23040E-03 
8.16795E-03 
2.12492E-04 
5.20492E-04 
1.28719E-03 
3.21494E-03 
8.11340E-03 
2.09745E-04 
5.14936E-04 
1.27477E-03 
3.17227E-03 
7.98168E-03 
2.01860E-02 
2.01308E-04 
4.95423E-04 
1.22752E-03 
3.04946E-03 
7.64742E-03 
1.92655E-02 
4.91832E-02 
4.57348E-04 
1.13606E-03 
2.82643E-03 
7.07849E-03 
1.77944E-02 
4.51794E-02 
1.04424E-03 
2.60684E-03 
6.53009E-03 
1.64032E-02 
4.14834E-02 
1.06897E-01 
2.42403E-03 
6.06889E-03 
1.52272E-02 
3.83727E-02 
9.77866E-02 
2.57035E-01 
---
