PdfType: replica
Format: lhagrid1
---
4.34963E-04 7.77181E-04 7.77181E-04 1.38865E-03 1.38865E-03 2.48120E-03 2.48120E-03 2.48120E-03 4.43334E-03 4.43334E-03 4.43334E-03 4.43334E-03 7.92137E-03 7.92137E-03 7.92137E-03 7.92137E-03 1.41537E-02 1.41537E-02 1.41537E-02 1.41537E-02 1.41537E-02 2.52895E-02 2.52895E-02 2.52895E-02 2.52895E-02 2.52895E-02 4.51866E-02 4.51866E-02 4.51866E-02 4.51866E-02 4.51866E-02 4.51866E-02 8.07383E-02 8.07383E-02 8.07383E-02 8.07383E-02 8.07383E-02 8.07383E-02 8.07383E-02 1.44261E-01 1.44261E-01 1.44261E-01 1.44261E-01 1.44261E-01 1.44261E-01 2.57762E-01 2.57762E-01 2.57762E-01 2.57762E-01 2.57762E-01 2.57762E-01 4.60562E-01 4.60562E-01 4.60562E-01 4.60562E-01 4.60562E-01 4.60562E-01 
1.58489E+00 1.58489E+00 2.51189E+00 1.58489E+00 2.51189E+00 1.58489E+00 2.51189E+00 3.98107E+00 1.58489E+00 2.51189E+00 3.98107E+00 6.30957E+00 1.58489E+00 2.51189E+00 3.98107E+00 6.30957E+00 1.58489E+00 2.51189E+00 3.98107E+00 6.30957E+00 9.99999E+00 1.58489E+00 2.51189E+00 3.98107E+00 6.30957E+00 9.99999E+00 1.58489E+00 2.51189E+00 3.98107E+00 6.30957E+00 9.99999E+00 1.58489E+01 1.58489E+00 2.51189E+00 3.98107E+00 6.30957E+00 9.99999E+00 1.58489E+01 2.51189E+01 2.51189E+00 3.98107E+00 6.30957E+00 9.99999E+00 1.58489E+01 2.51189E+01 3.98107E+00 6.30957E+00 9.99999E+00 1.58489E+01 2.51189E+01 3.98107E+01 6.30957E+00 9.99999E+00 1.58489E+01 2.51189E+01 3.98107E+01 6.30957E+01 
90000 
2.20337E-04 
2.19182E-04 
5.24907E-04 
2.18004E-04 
5.23634E-04 
2.16778E-04 
5.23021E-04 
1.28536E-03 
2.15608E-04 
5.22656E-04 
1.28604E-03 
3.24524E-03 
2.14718E-04 
5.22672E-04 
1.28823E-03 
3.24273E-03 
2.14350E-04 
5.23330E-04 
1.29177E-03 
3.23863E-03 
8.18761E-03 
2.14098E-04 
5.23608E-04 
1.29374E-03 
3.22863E-03 
8.14364E-03 
2.11179E-04 
5.17492E-04 
1.27973E-03 
3.18213E-03 
8.00100E-03 
2.02217E-02 
2.00884E-04 
4.94333E-04 
1.22494E-03 
3.04330E-03 
7.63216E-03 
1.92248E-02 
4.90503E-02 
4.56822E-04 
1.13650E-03 
2.83023E-03 
7.09258E-03 
1.78364E-02 
4.52832E-02 
1.05728E-03 
2.63956E-03 
6.61033E-03 
1.66001E-02 
4.19630E-02 
1.08034E-01 
2.45101E-03 
6.13485E-03 
1.53889E-02 
3.87685E-02 
9.87406E-02 
2.59217E-01 
---
