PdfType: replica
Format: lhagrid1
---
4.34963E-04 7.77181E-04 7.77181E-04 1.38865E-03 1.38865E-03 2.48120E-03 2.48120E-03 2.48120E-03 4.43334E-03 4.43334E-03 4.43334E-03 4.43334E-03 7.92137E-03 7.92137E-03 7.92137E-03 7.92137E-03 1.41537E-02 1.41537E-02 1.41537E-02 1.41537E-02 1.41537E-02 2.52895E-02 2.52895E-02 2.52895E-02 2.52895E-02 2.52895E-02 4.51866E-02 4.51866E-02 4.51866E-02 4.51866E-02 4.51866E-02 4.51866E-02 8.07383E-02 8.07383E-02 8.07383E-02 8.07383E-02 8.07383E-02 8.07383E-02 8.07383E-02 1.44261E-01 1.44261E-01 1.44261E-01 1.44261E-01 1.44261E-01 1.44261E-01 2.57762E-01 2.57762E-01 2.57762E-01 2.57762E-01 2.57762E-01 2.57762E-01 4.60562E-01 4.60562E-01 4.60562E-01 4.60562E-01 4.60562E-01 4.60562E-01 
1.58489E+00 1.58489E+00 2.51189E+00 1.58489E+00 2.51189E+00 1.58489E+00 2.51189E+00 3.98107E+00 1.58489E+00 2.51189E+00 3.98107E+00 6.30957E+00 1.58489E+00 2.51189E+00 3.98107E+00 6.30957E+00 1.58489E+00 2.51189E+00 3.98107E+00 6.30957E+00 9.99999E+00 1.58489E+00 2.51189E+00 3.98107E+00 6.30957E+00 9.99999E+00 1.58489E+00 2.51189E+00 3.98107E+00 6.30957E+00 9.99999E+00 1.58489E+01 1.58489E+00 2.51189E+00 3.98107E+00 6.30957E+00 9.99999E+00 1.58489E+01 2.51189E+01 2.51189E+00 3.98107E+00 6.30957E+00 9.99999E+00 1.58489E+01 2.51189E+01 3.98107E+00 6.30957E+00 9.99999E+00 1.58489E+01 2.51189E+01 3.98107E+01 6.30957E+00 9.99999E+00 1.58489E+01 2.51189E+01 3.98107E+01 6.30957E+01 
90000 
2.20978E-04 
2.19901E-04 
5.26377E-04 
2.18766E-04 
5.25146E-04 
2.17524E-04 
5.24481E-04 
1.28819E-03 
2.16268E-04 
5.23967E-04 
1.28864E-03 
3.25033E-03 
2.15261E-04 
5.23831E-04 
1.29066E-03 
3.24813E-03 
2.14880E-04 
5.24591E-04 
1.29461E-03 
3.24562E-03 
8.20285E-03 
2.14947E-04 
5.25551E-04 
1.29810E-03 
3.23922E-03 
8.16819E-03 
2.12588E-04 
5.20391E-04 
1.28600E-03 
3.19647E-03 
8.03460E-03 
2.03012E-02 
2.02251E-04 
4.97022E-04 
1.23060E-03 
3.05570E-03 
7.66082E-03 
1.92919E-02 
4.92109E-02 
4.57569E-04 
1.13771E-03 
2.83209E-03 
7.09589E-03 
1.78423E-02 
4.52962E-02 
1.05387E-03 
2.63093E-03 
6.58937E-03 
1.65492E-02 
4.18415E-02 
1.07761E-01 
2.44674E-03 
6.12483E-03 
1.53650E-02 
3.87113E-02 
9.86086E-02 
2.58953E-01 
---
