PdfType: replica
Format: lhagrid1
---
4.34963E-04 7.77181E-04 7.77181E-04 1.38865E-03 1.38865E-03 2.48120E-03 2.48120E-03 2.48120E-03 4.43334E-03 4.43334E-03 4.43334E-03 4.43334E-03 7.92137E-03 7.92137E-03 7.92137E-03 7.92137E-03 1.41537E-02 1.41537E-02 1.41537E-02 1.41537E-02 1.41537E-02 2.52895E-02 2.52895E-02 2.52895E-02 2.52895E-02 2.52895E-02 4.51866E-02 4.51866E-02 4.51866E-02 4.51866E-02 4.51866E-02 4.51866E-02 8.07383E-02 8.07383E-02 8.07383E-02 8.07383E-02 8.07383E-02 8.07383E-02 8.07383E-02 1.44261E-01 1.44261E-01 1.44261E-01 1.44261E-01 1.44261E-01 1.44261E-01 2.57762E-01 2.57762E-01 2.57762E-01 2.57762E-01 2.57762E-01 2.57762E-01 4.60562E-01 4.60562E-01 4.60562E-01 4.60562E-01 4.60562E-01 4.60562E-01 
1.58489E+00 1.58489E+00 2.51189E+00 1.58489E+00 2.51189E+00 1.58489E+00 2.51189E+00 3.98107E+00 1.58489E+00 2.51189E+00 3.98107E+00 6.30957E+00 1.58489E+00 2.51189E+00 3.98107E+00 6.30957E+00 1.58489E+00 2.51189E+00 3.98107E+00 6.30957E+00 9.99999E+00 1.58489E+00 2.51189E+00 3.98107E+00 6.30957E+00 9.99999E+00 1.58489E+00 2.51189E+00 3.98107E+00 6.30957E+00 9.99999E+00 1.58489E+01 1.58489E+00 2.51189E+00 3.98107E+00 6.30957E+00 9.99999E+00 1.58489E+01 2.51189E+01 2.51189E+00 3.98107E+00 6.30957E+00 9.99999E+00 1.58489E+01 2.51189E+01 3.98107E+00 6.30957E+00 9.99999E+00 1.58489E+01 2.51189E+01 3.98107E+01 6.30957E+00 9.99999E+00 1.58489E+01 2.51189E+01 3.98107E+01 6.30957E+01 
90000 
2.20068E-04 
2.18820E-04 
5.24252E-04 
2.17480E-04 
5.22585E-04 
2.15948E-04 
5.21256E-04 
1.28139E-03 
2.14206E-04 
5.19638E-04 
1.27934E-03 
3.22950E-03 
2.12330E-04 
5.17629E-04 
1.27716E-03 
3.21805E-03 
2.10572E-04 
5.15581E-04 
1.27496E-03 
3.20182E-03 
8.10158E-03 
2.09194E-04 
5.13653E-04 
1.27209E-03 
3.18079E-03 
8.03357E-03 
2.06507E-04 
5.07498E-04 
1.25719E-03 
3.13043E-03 
7.88090E-03 
1.99377E-02 
1.96780E-04 
4.84889E-04 
1.20262E-03 
2.99067E-03 
7.50661E-03 
1.89244E-02 
4.83386E-02 
4.47761E-04 
1.11458E-03 
2.77784E-03 
6.96609E-03 
1.75314E-02 
4.45556E-02 
1.03486E-03 
2.58316E-03 
6.47338E-03 
1.62658E-02 
4.11487E-02 
1.06088E-01 
2.38435E-03 
5.97072E-03 
1.49836E-02 
3.77692E-02 
9.63039E-02 
2.53504E-01 
---
