PdfType: replica
Format: lhagrid1
---
4.34963E-04 7.77181E-04 7.77181E-04 1.38865E-03 1.38865E-03 2.48120E-03 2.48120E-03 2.48120E-03 4.43334E-03 4.43334E-03 4.43334E-03 4.43334E-03 7.92137E-03 7.92137E-03 7.92137E-03 7.92137E-03 1.41537E-02 1.41537E-02 1.41537E-02 1.41537E-02 1.41537E-02 2.52895E-02 2.52895E-02 2.52895E-02 2.52895E-02 2.52895E-02 4.51866E-02 4.51866E-02 4.51866E-02 4.51866E-02 4.51866E-02 4.51866E-02 8.07383E-02 8.07383E-02 8.07383E-02 8.07383E-02 8.07383E-02 8.07383E-02 8.07383E-02 1.44261E-01 1.44261E-01 1.44261E-01 1.44261E-01 1.44261E-01 1.44261E-01 2.57762E-01 2.57762E-01 2.57762E-01 2.57762E-01 2.57762E-01 2.57762E-01 4.60562E-01 4.60562E-01 4.60562E-01 4.60562E-01 4.60562E-01 4.60562E-01 
1.58489E+00 1.58489E+00 2.51189E+00 1.58489E+00 2.51189E+00 1.58489E+00 2.51189E+00 3.98107E+00 1.58489E+00 2.51189E+00 3.98107E+00 6.30957E+00 1.58489E+00 2.51189E+00 3.98107E+00 6.30957E+00 1.58489E+00 2.51189E+00 3.98107E+00 6.30957E+00 9.99999E+00 1.58489E+00 2.51189E+00 3.98107E+00 6.30957E+00 9.99999E+00 1.58489E+00 2.51189E+00 3.98107E+00 6.30957E+00 9.99999E+00 1.58489E+01 1.58489E+00 2.51189E+00 3.98107E+00 6.30957E+00 9.99999E+00 1.58489E+01 2.51189E+01 2.51189E+00 3.98107E+00 6.30957E+00 9.99999E+00 1.58489E+01 2.51189E+01 3.98107E+00 6.30957E+00 9.99999E+00 1.58489E+01 2.51189E+01 3.98107E+01 6.30957E+00 9.99999E+00 1.58489E+01 2.51189E+01 3.98107E+01 6.30957E+01 
90000 
2.20049E-04 
2.19038E-04 
5.24569E-04 
2.18141E-04 
5.23777E-04 
2.17336E-04 
5.23920E-04 
1.28721E-03 
2.16659E-04 
5.24480E-04 
1.28967E-03 
3.25270E-03 
2.16117E-04 
5.25166E-04 
1.29313E-03 
3.25258E-03 
2.15509E-04 
5.25360E-04 
1.29559E-03 
3.24623E-03 
8.20208E-03 
2.14046E-04 
5.23373E-04 
1.29299E-03 
3.22696E-03 
8.13807E-03 
2.09975E-04 
5.15506E-04 
1.27634E-03 
3.17661E-03 
7.99192E-03 
2.02046E-02 
2.01347E-04 
4.96604E-04 
1.23211E-03 
3.06396E-03 
7.68730E-03 
1.93683E-02 
4.94161E-02 
4.64977E-04 
1.15536E-03 
2.87500E-03 
7.19846E-03 
1.80888E-02 
4.58892E-02 
1.06275E-03 
2.64823E-03 
6.62475E-03 
1.66208E-02 
4.19831E-02 
1.08033E-01 
2.39102E-03 
5.98016E-03 
1.49940E-02 
3.77705E-02 
9.62644E-02 
2.53370E-01 
---
