PdfType: replica
Format: lhagrid1
---
4.34963E-04 7.77181E-04 7.77181E-04 1.38865E-03 1.38865E-03 2.48120E-03 2.48120E-03 2.48120E-03 4.43334E-03 4.43334E-03 4.43334E-03 4.43334E-03 7.92137E-03 7.92137E-03 7.92137E-03 7.92137E-03 1.41537E-02 1.41537E-02 1.41537E-02 1.41537E-02 1.41537E-02 2.52895E-02 2.52895E-02 2.52895E-02 2.52895E-02 2.52895E-02 4.51866E-02 4.51866E-02 4.51866E-02 4.51866E-02 4.51866E-02 4.51866E-02 8.07383E-02 8.07383E-02 8.07383E-02 8.07383E-02 8.07383E-02 8.07383E-02 8.07383E-02 1.44261E-01 1.44261E-01 1.44261E-01 1.44261E-01 1.44261E-01 1.44261E-01 2.57762E-01 2.57762E-01 2.57762E-01 2.57762E-01 2.57762E-01 2.57762E-01 4.60562E-01 4.60562E-01 4.60562E-01 4.60562E-01 4.60562E-01 4.60562E-01 
1.58489E+00 1.58489E+00 2.51189E+00 1.58489E+00 2.51189E+00 1.58489E+00 2.51189E+00 3.98107E+00 1.58489E+00 2.51189E+00 3.98107E+00 6.30957E+00 1.58489E+00 2.51189E+00 3.98107E+00 6.30957E+00 1.58489E+00 2.51189E+00 3.98107E+00 6.30957E+00 9.99999E+00 1.58489E+00 2.51189E+00 3.98107E+00 6.30957E+00 9.99999E+00 1.58489E+00 2.51189E+00 3.98107E+00 6.30957E+00 9.99999E+00 1.58489E+01 1.58489E+00 2.51189E+00 3.98107E+00 6.30957E+00 9.99999E+00 1.58489E+01 2.51189E+01 2.51189E+00 3.98107E+00 6.30957E+00 9.99999E+00 1.58489E+01 2.51189E+01 3.98107E+00 6.30957E+00 9.99999E+00 1.58489E+01 2.51189E+01 3.98107E+01 6.30957E+00 9.99999E+00 1.58489E+01 2.51189E+01 3.98107E+01 6.30957E+01 
90000 
2.19977E-04 
2.18597E-04 
5.23846E-04 
2.17091E-04 
5.21912E-04 
2.15406E-04 
5.20333E-04 
1.27968E-03 
2.13621E-04 
5.18662E-04 
1.27759E-03 
3.22597E-03 
2.11937E-04 
5.17015E-04 
1.27618E-03 
3.21587E-03 
2.10581E-04 
5.15643E-04 
1.27523E-03 
3.20192E-03 
8.10264E-03 
2.09233E-04 
5.13648E-04 
1.27203E-03 
3.18028E-03 
8.03173E-03 
2.05659E-04 
5.06038E-04 
1.25443E-03 
3.12554E-03 
7.86989E-03 
1.99133E-02 
1.96315E-04 
4.84651E-04 
1.20317E-03 
2.99423E-03 
7.51783E-03 
1.89563E-02 
4.84207E-02 
4.50835E-04 
1.12160E-03 
2.79332E-03 
7.00282E-03 
1.76176E-02 
4.47524E-02 
1.03489E-03 
2.58348E-03 
6.47399E-03 
1.62670E-02 
4.11489E-02 
1.06063E-01 
2.40901E-03 
6.03362E-03 
1.51435E-02 
3.81729E-02 
9.73084E-02 
2.55891E-01 
---
