PdfType: replica
Format: lhagrid1
---
4.34963E-04 7.77181E-04 7.77181E-04 1.38865E-03 1.38865E-03 2.48120E-03 2.48120E-03 2.48120E-03 4.43334E-03 4.43334E-03 4.43334E-03 4.43334E-03 7.92137E-03 7.92137E-03 7.92137E-03 7.92137E-03 1.41537E-02 1.41537E-02 1.41537E-02 1.41537E-02 1.41537E-02 2.52895E-02 2.52895E-02 2.52895E-02 2.52895E-02 2.52895E-02 4.51866E-02 4.51866E-02 4.51866E-02 4.51866E-02 4.51866E-02 4.51866E-02 8.07383E-02 8.07383E-02 8.07383E-02 8.07383E-02 8.07383E-02 8.07383E-02 8.07383E-02 1.44261E-01 1.44261E-01 1.44261E-01 1.44261E-01 1.44261E-01 1.44261E-01 2.57762E-01 2.57762E-01 2.57762E-01 2.57762E-01 2.57762E-01 2.57762E-01 4.60562E-01 4.60562E-01 4.60562E-01 4.60562E-01 4.60562E-01 4.60562E-01 
1.58489E+00 1.58489E+00 2.51189E+00 1.58489E+00 2.51189E+00 1.58489E+00 2.51189E+00 3.98107E+00 1.58489E+00 2.51189E+00 3.98107E+00 6.30957E+00 1.58489E+00 2.51189E+00 3.98107E+00 6.30957E+00 1.58489E+00 2.51189E+00 3.98107E+00 6.30957E+00 9.99999E+00 1.58489E+00 2.51189E+00 3.98107E+00 6.30957E+00 9.99999E+00 1.58489E+00 2.51189E+00 3.98107E+00 6.30957E+00 9.99999E+00 1.58489E+01 1.58489E+00 2.51189E+00 3.98107E+00 6.30957E+00 9.99999E+00 1.58489E+01 2.51189E+01 2.51189E+00 3.98107E+00 6.30957E+00 9.99999E+00 1.58489E+01 2.51189E+01 3.98107E+00 6.30957E+00 9.99999E+00 1.58489E+01 2.51189E+01 3.98107E+01 6.30957E+00 9.99999E+00 1.58489E+01 2.51189E+01 3.98107E+01 6.30957E+01 
90000 
2.19894E-04 
2.18846E-04 
5.24361E-04 
2.17845E-04 
5.23410E-04 
2.16874E-04 
5.23248E-04 
1.28584E-03 
2.16019E-04 
5.23456E-04 
1.28768E-03 
3.24857E-03 
2.15429E-04 
5.24027E-04 
1.29097E-03 
3.24853E-03 
2.15168E-04 
5.24850E-04 
1.29477E-03 
3.24498E-03 
8.20153E-03 
2.14594E-04 
5.24445E-04 
1.29525E-03 
3.23169E-03 
8.15019E-03 
2.11110E-04 
5.17285E-04 
1.27921E-03 
3.18094E-03 
7.99872E-03 
2.02197E-02 
2.00921E-04 
4.94470E-04 
1.22525E-03 
3.04413E-03 
7.63398E-03 
1.92305E-02 
4.90805E-02 
4.56882E-04 
1.13586E-03 
2.82745E-03 
7.08330E-03 
1.78096E-02 
4.52168E-02 
1.05056E-03 
2.62165E-03 
6.56432E-03 
1.64828E-02 
4.16691E-02 
1.07335E-01 
2.41447E-03 
6.04032E-03 
1.51469E-02 
3.81555E-02 
9.72223E-02 
2.55680E-01 
---
