PdfType: replica
Format: lhagrid1
---
4.34963E-04 7.77181E-04 7.77181E-04 1.38865E-03 1.38865E-03 2.48120E-03 2.48120E-03 2.48120E-03 4.43334E-03 4.43334E-03 4.43334E-03 4.43334E-03 7.92137E-03 7.92137E-03 7.92137E-03 7.92137E-03 1.41537E-02 1.41537E-02 1.41537E-02 1.41537E-02 1.41537E-02 2.52895E-02 2.52895E-02 2.52895E-02 2.52895E-02 2.52895E-02 4.51866E-02 4.51866E-02 4.51866E-02 4.51866E-02 4.51866E-02 4.51866E-02 8.07383E-02 8.07383E-02 8.07383E-02 8.07383E-02 8.07383E-02 8.07383E-02 8.07383E-02 1.44261E-01 1.44261E-01 1.44261E-01 1.44261E-01 1.44261E-01 1.44261E-01 2.57762E-01 2.57762E-01 2.57762E-01 2.57762E-01 2.57762E-01 2.57762E-01 4.60562E-01 4.60562E-01 4.60562E-01 4.60562E-01 4.60562E-01 4.60562E-01 
1.58489E+00 1.58489E+00 2.51189E+00 1.58489E+00 2.51189E+00 1.58489E+00 2.51189E+00 3.98107E+00 1.58489E+00 2.51189E+00 3.98107E+00 6.30957E+00 1.58489E+00 2.51189E+00 3.98107E+00 6.30957E+00 1.58489E+00 2.51189E+00 3.98107E+00 6.30957E+00 9.99999E+00 1.58489E+00 2.51189E+00 3.98107E+00 6.30957E+00 9.99999E+00 1.58489E+00 2.51189E+00 3.98107E+00 6.30957E+00 9.99999E+00 1.58489E+01 1.58489E+00 2.51189E+00 3.98107E+00 6.30957E+00 9.99999E+00 1.58489E+01 2.51189E+01 2.51189E+00 3.98107E+00 6.30957E+00 9.99999E+00 1.58489E+01 2.51189E+01 3.98107E+00 6.30957E+00 9.99999E+00 1.58489E+01 2.51189E+01 3.98107E+01 6.30957E+00 9.99999E+00 1.58489E+01 2.51189E+01 3.98107E+01 6.30957E+01 
90000 
2.19829E-04 
2.18591E-04 
5.23794E-04 
2.17377E-04 
5.22445E-04 
2.16190E-04 
5.21891E-04 
1.28307E-03 
2.15150E-04 
5.21776E-04 
1.28428E-03 
3.24105E-03 
2.14445E-04 
5.22166E-04 
1.28724E-03 
3.24027E-03 
2.14146E-04 
5.22962E-04 
1.29098E-03 
3.23670E-03 
8.18144E-03 
2.13578E-04 
5.22597E-04 
1.29151E-03 
3.22380E-03 
8.13106E-03 
2.10215E-04 
5.15670E-04 
1.27593E-03 
3.17446E-03 
7.98364E-03 
2.01805E-02 
2.00529E-04 
4.93823E-04 
1.22402E-03 
3.04234E-03 
7.63074E-03 
1.92241E-02 
4.90624E-02 
4.57100E-04 
1.13628E-03 
2.82841E-03 
7.08651E-03 
1.78193E-02 
4.52438E-02 
1.04859E-03 
2.61645E-03 
6.55254E-03 
1.64553E-02 
4.16024E-02 
1.07159E-01 
2.41315E-03 
6.03997E-03 
1.51517E-02 
3.81777E-02 
9.72867E-02 
2.55765E-01 
---
