PdfType: replica
Format: lhagrid1
---
4.34963E-04 7.77181E-04 7.77181E-04 1.38865E-03 1.38865E-03 2.48120E-03 2.48120E-03 2.48120E-03 4.43334E-03 4.43334E-03 4.43334E-03 4.43334E-03 7.92137E-03 7.92137E-03 7.92137E-03 7.92137E-03 1.41537E-02 1.41537E-02 1.41537E-02 1.41537E-02 1.41537E-02 2.52895E-02 2.52895E-02 2.52895E-02 2.52895E-02 2.52895E-02 4.51866E-02 4.51866E-02 4.51866E-02 4.51866E-02 4.51866E-02 4.51866E-02 8.07383E-02 8.07383E-02 8.07383E-02 8.07383E-02 8.07383E-02 8.07383E-02 8.07383E-02 1.44261E-01 1.44261E-01 1.44261E-01 1.44261E-01 1.44261E-01 1.44261E-01 2.57762E-01 2.57762E-01 2.57762E-01 2.57762E-01 2.57762E-01 2.57762E-01 4.60562E-01 4.60562E-01 4.60562E-01 4.60562E-01 4.60562E-01 4.60562E-01 
1.58489E+00 1.58489E+00 2.51189E+00 1.58489E+00 2.51189E+00 1.58489E+00 2.51189E+00 3.98107E+00 1.58489E+00 2.51189E+00 3.98107E+00 6.30957E+00 1.58489E+00 2.51189E+00 3.98107E+00 6.30957E+00 1.58489E+00 2.51189E+00 3.98107E+00 6.30957E+00 9.99999E+00 1.58489E+00 2.51189E+00 3.98107E+00 6.30957E+00 9.99999E+00 1.58489E+00 2.51189E+00 3.98107E+00 6.30957E+00 9.99999E+00 1.58489E+01 1.58489E+00 2.51189E+00 3.98107E+00 6.30957E+00 9.99999E+00 1.58489E+01 2.51189E+01 2.51189E+00 3.98107E+00 6.30957E+00 9.99999E+00 1.58489E+01 2.51189E+01 3.98107E+00 6.30957E+00 9.99999E+00 1.58489E+01 2.51189E+01 3.98107E+01 6.30957E+00 9.99999E+00 1.58489E+01 2.51189E+01 3.98107E+01 6.30957E+01 
90000 
2.19793E-04 
2.18512E-04 
5.23303E-04 
2.17174E-04 
5.21684E-04 
2.15704E-04 
5.20553E-04 
1.27993E-03 
2.14137E-04 
5.19385E-04 
1.27891E-03 
3.22877E-03 
2.12610E-04 
5.18192E-04 
1.27858E-03 
3.22106E-03 
2.11350E-04 
5.17255E-04 
1.27886E-03 
3.21024E-03 
8.12199E-03 
2.10323E-04 
5.16237E-04 
1.27822E-03 
3.19496E-03 
8.06687E-03 
2.07851E-04 
5.11031E-04 
1.26611E-03 
3.15259E-03 
7.93435E-03 
2.00667E-02 
1.99480E-04 
4.91381E-04 
1.21819E-03 
3.02799E-03 
7.59568E-03 
1.91373E-02 
4.88432E-02 
4.54085E-04 
1.12885E-03 
2.81032E-03 
7.04160E-03 
1.77075E-02 
4.49621E-02 
1.04248E-03 
2.60206E-03 
6.51847E-03 
1.63737E-02 
4.14058E-02 
1.06683E-01 
2.40208E-03 
6.01047E-03 
1.50742E-02 
3.79778E-02 
9.67864E-02 
2.54615E-01 
---
