PdfType: replica
Format: lhagrid1
---
4.34963E-04 7.77181E-04 7.77181E-04 1.38865E-03 1.38865E-03 2.48120E-03 2.48120E-03 2.48120E-03 4.43334E-03 4.43334E-03 4.43334E-03 4.43334E-03 7.92137E-03 7.92137E-03 7.92137E-03 7.92137E-03 1.41537E-02 1.41537E-02 1.41537E-02 1.41537E-02 1.41537E-02 2.52895E-02 2.52895E-02 2.52895E-02 2.52895E-02 2.52895E-02 4.51866E-02 4.51866E-02 4.51866E-02 4.51866E-02 4.51866E-02 4.51866E-02 8.07383E-02 8.07383E-02 8.07383E-02 8.07383E-02 8.07383E-02 8.07383E-02 8.07383E-02 1.44261E-01 1.44261E-01 1.44261E-01 1.44261E-01 1.44261E-01 1.44261E-01 2.57762E-01 2.57762E-01 2.57762E-01 2.57762E-01 2.57762E-01 2.57762E-01 4.60562E-01 4.60562E-01 4.60562E-01 4.60562E-01 4.60562E-01 4.60562E-01 
1.58489E+00 1.58489E+00 2.51189E+00 1.58489E+00 2.51189E+00 1.58489E+00 2.51189E+00 3.98107E+00 1.58489E+00 2.51189E+00 3.98107E+00 6.30957E+00 1.58489E+00 2.51189E+00 3.98107E+00 6.30957E+00 1.58489E+00 2.51189E+00 3.98107E+00 6.30957E+00 9.99999E+00 1.58489E+00 2.51189E+00 3.98107E+00 6.30957E+00 9.99999E+00 1.58489E+00 2.51189E+00 3.98107E+00 6.30957E+00 9.99999E+00 1.58489E+01 1.58489E+00 2.51189E+00 3.98107E+00 6.30957E+00 9.99999E+00 1.58489E+01 2.51189E+01 2.51189E+00 3.98107E+00 6.30957E+00 9.99999E+00 1.58489E+01 2.51189E+01 3.98107E+00 6.30957E+00 9.99999E+00 1.58489E+01 2.51189E+01 3.98107E+01 6.30957E+00 9.99999E+00 1.58489E+01 2.51189E+01 3.98107E+01 6.30957E+01 
90000 
2.20202E-04 
2.18992E-04 
5.24638E-04 
2.17748E-04 
5.23234E-04 
2.16440E-04 
5.22449E-04 
1.28423E-03 
2.15167E-04 
5.21861E-04 
1.28444E-03 
3.24152E-03 
2.14139E-04 
5.21578E-04 
1.28599E-03 
3.23765E-03 
2.13569E-04 
5.21829E-04 
1.28867E-03 
3.23179E-03 
8.17145E-03 
2.13062E-04 
5.21658E-04 
1.28972E-03 
3.22018E-03 
8.12403E-03 
2.10119E-04 
5.15586E-04 
1.27587E-03 
3.17447E-03 
7.98361E-03 
2.01801E-02 
2.00489E-04 
4.93681E-04 
1.22364E-03 
3.04096E-03 
7.62721E-03 
1.92132E-02 
4.90166E-02 
4.57043E-04 
1.13659E-03 
2.82936E-03 
7.08950E-03 
1.78260E-02 
4.52487E-02 
1.05211E-03 
2.62505E-03 
6.57176E-03 
1.64988E-02 
4.17008E-02 
1.07372E-01 
2.41659E-03 
6.04739E-03 
1.51681E-02 
3.82151E-02 
9.73758E-02 
2.56002E-01 
---
