PdfType: replica
Format: lhagrid1
---
4.34963E-04 7.77181E-04 7.77181E-04 1.38865E-03 1.38865E-03 2.48120E-03 2.48120E-03 2.48120E-03 4.43334E-03 4.43334E-03 4.43334E-03 4.43334E-03 7.92137E-03 7.92137E-03 7.92137E-03 7.92137E-03 1.41537E-02 1.41537E-02 1.41537E-02 1.41537E-02 1.41537E-02 2.52895E-02 2.52895E-02 2.52895E-02 2.52895E-02 2.52895E-02 4.51866E-02 4.51866E-02 4.51866E-02 4.51866E-02 4.51866E-02 4.51866E-02 8.07383E-02 8.07383E-02 8.07383E-02 8.07383E-02 8.07383E-02 8.07383E-02 8.07383E-02 1.44261E-01 1.44261E-01 1.44261E-01 1.44261E-01 1.44261E-01 1.44261E-01 2.57762E-01 2.57762E-01 2.57762E-01 2.57762E-01 2.57762E-01 2.57762E-01 4.60562E-01 4.60562E-01 4.60562E-01 4.60562E-01 4.60562E-01 4.60562E-01 
1.58489E+00 1.58489E+00 2.51189E+00 1.58489E+00 2.51189E+00 1.58489E+00 2.51189E+00 3.98107E+00 1.58489E+00 2.51189E+00 3.98107E+00 6.30957E+00 1.58489E+00 2.51189E+00 3.98107E+00 6.30957E+00 1.58489E+00 2.51189E+00 3.98107E+00 6.30957E+00 9.99999E+00 1.58489E+00 2.51189E+00 3.98107E+00 6.30957E+00 9.99999E+00 1.58489E+00 2.51189E+00 3.98107E+00 6.30957E+00 9.99999E+00 1.58489E+01 1.58489E+00 2.51189E+00 3.98107E+00 6.30957E+00 9.99999E+00 1.58489E+01 2.51189E+01 2.51189E+00 3.98107E+00 6.30957E+00 9.99999E+00 1.58489E+01 2.51189E+01 3.98107E+00 6.30957E+00 9.99999E+00 1.58489E+01 2.51189E+01 3.98107E+01 6.30957E+00 9.99999E+00 1.58489E+01 2.51189E+01 3.98107E+01 6.30957E+01 
90000 
2.20086E-04 
2.18978E-04 
5.24332E-04 
2.17886E-04 
5.23144E-04 
2.16754E-04 
5.22620E-04 
1.28426E-03 
2.15605E-04 
5.22217E-04 
1.28471E-03 
3.24176E-03 
2.14479E-04 
5.21744E-04 
1.28574E-03 
3.23679E-03 
2.13340E-04 
5.20935E-04 
1.28611E-03 
3.22600E-03 
8.15669E-03 
2.11752E-04 
5.18715E-04 
1.28286E-03 
3.20484E-03 
8.08789E-03 
2.08157E-04 
5.11439E-04 
1.26672E-03 
3.15380E-03 
7.93740E-03 
2.00733E-02 
1.99551E-04 
4.91711E-04 
1.21926E-03 
3.03079E-03 
7.60414E-03 
1.91603E-02 
4.89007E-02 
4.55679E-04 
1.13214E-03 
2.81712E-03 
7.05616E-03 
1.77388E-02 
4.50313E-02 
1.03936E-03 
2.59326E-03 
6.49480E-03 
1.63114E-02 
4.12441E-02 
1.06269E-01 
2.38454E-03 
5.96630E-03 
1.49632E-02 
3.76997E-02 
9.60964E-02 
2.52950E-01 
---
