PdfType: replica
Format: lhagrid1
---
4.34963E-04 7.77181E-04 7.77181E-04 1.38865E-03 1.38865E-03 2.48120E-03 2.48120E-03 2.48120E-03 4.43334E-03 4.43334E-03 4.43334E-03 4.43334E-03 7.92137E-03 7.92137E-03 7.92137E-03 7.92137E-03 1.41537E-02 1.41537E-02 1.41537E-02 1.41537E-02 1.41537E-02 2.52895E-02 2.52895E-02 2.52895E-02 2.52895E-02 2.52895E-02 4.51866E-02 4.51866E-02 4.51866E-02 4.51866E-02 4.51866E-02 4.51866E-02 8.07383E-02 8.07383E-02 8.07383E-02 8.07383E-02 8.07383E-02 8.07383E-02 8.07383E-02 1.44261E-01 1.44261E-01 1.44261E-01 1.44261E-01 1.44261E-01 1.44261E-01 2.57762E-01 2.57762E-01 2.57762E-01 2.57762E-01 2.57762E-01 2.57762E-01 4.60562E-01 4.60562E-01 4.60562E-01 4.60562E-01 4.60562E-01 4.60562E-01 
1.58489E+00 1.58489E+00 2.51189E+00 1.58489E+00 2.51189E+00 1.58489E+00 2.51189E+00 3.98107E+00 1.58489E+00 2.51189E+00 3.98107E+00 6.30957E+00 1.58489E+00 2.51189E+00 3.98107E+00 6.30957E+00 1.58489E+00 2.51189E+00 3.98107E+00 6.30957E+00 9.99999E+00 1.58489E+00 2.51189E+00 3.98107E+00 6.30957E+00 9.99999E+00 1.58489E+00 2.51189E+00 3.98107E+00 6.30957E+00 9.99999E+00 1.58489E+01 1.58489E+00 2.51189E+00 3.98107E+00 6.30957E+00 9.99999E+00 1.58489E+01 2.51189E+01 2.51189E+00 3.98107E+00 6.30957E+00 9.99999E+00 1.58489E+01 2.51189E+01 3.98107E+00 6.30957E+00 9.99999E+00 1.58489E+01 2.51189E+01 3.98107E+01 6.30957E+00 9.99999E+00 1.58489E+01 2.51189E+01 3.98107E+01 6.30957E+01 
90000 
2.20489E-04 
2.19452E-04 
5.25374E-04 
2.18421E-04 
5.24323E-04 
2.17339E-04 
5.23931E-04 
1.28687E-03 
2.16244E-04 
5.23679E-04 
1.28777E-03 
3.24730E-03 
2.15233E-04 
5.23466E-04 
1.28950E-03 
3.24422E-03 
2.14361E-04 
5.23187E-04 
1.29110E-03 
3.23645E-03 
8.17861E-03 
2.13213E-04 
5.21795E-04 
1.28969E-03 
3.21958E-03 
8.12114E-03 
2.09846E-04 
5.14961E-04 
1.27455E-03 
3.17125E-03 
7.97736E-03 
2.01678E-02 
2.00729E-04 
4.94325E-04 
1.22531E-03 
3.04518E-03 
7.63764E-03 
1.92410E-02 
4.91068E-02 
4.57797E-04 
1.13761E-03 
2.83130E-03 
7.09155E-03 
1.78280E-02 
4.52579E-02 
1.04760E-03 
2.61442E-03 
6.54826E-03 
1.64462E-02 
4.15812E-02 
1.07089E-01 
2.42143E-03 
6.06204E-03 
1.52090E-02 
3.83234E-02 
9.76458E-02 
2.56581E-01 
---
