PdfType: replica
Format: lhagrid1
---
4.34963E-04 7.77181E-04 7.77181E-04 1.38865E-03 1.38865E-03 2.48120E-03 2.48120E-03 2.48120E-03 4.43334E-03 4.43334E-03 4.43334E-03 4.43334E-03 7.92137E-03 7.92137E-03 7.92137E-03 7.92137E-03 1.41537E-02 1.41537E-02 1.41537E-02 1.41537E-02 1.41537E-02 2.52895E-02 2.52895E-02 2.52895E-02 2.52895E-02 2.52895E-02 4.51866E-02 4.51866E-02 4.51866E-02 4.51866E-02 4.51866E-02 4.51866E-02 8.07383E-02 8.07383E-02 8.07383E-02 8.07383E-02 8.07383E-02 8.07383E-02 8.07383E-02 1.44261E-01 1.44261E-01 1.44261E-01 1.44261E-01 1.44261E-01 1.44261E-01 2.57762E-01 2.57762E-01 2.57762E-01 2.57762E-01 2.57762E-01 2.57762E-01 4.60562E-01 4.60562E-01 4.60562E-01 4.60562E-01 4.60562E-01 4.60562E-01 
1.58489E+00 1.58489E+00 2.51189E+00 1.58489E+00 2.51189E+00 1.58489E+00 2.51189E+00 3.98107E+00 1.58489E+00 2.51189E+00 3.98107E+00 6.30957E+00 1.58489E+00 2.51189E+00 3.98107E+00 6.30957E+00 1.58489E+00 2.51189E+00 3.98107E+00 6.30957E+00 9.99999E+00 1.58489E+00 2.51189E+00 3.98107E+00 6.30957E+00 9.99999E+00 1.58489E+00 2.51189E+00 3.98107E+00 6.30957E+00 9.99999E+00 1.58489E+01 1.58489E+00 2.51189E+00 3.98107E+00 6.30957E+00 9.99999E+00 1.58489E+01 2.51189E+01 2.51189E+00 3.98107E+00 6.30957E+00 9.99999E+00 1.58489E+01 2.51189E+01 3.98107E+00 6.30957E+00 9.99999E+00 1.58489E+01 2.51189E+01 3.98107E+01 6.30957E+00 9.99999E+00 1.58489E+01 2.51189E+01 3.98107E+01 6.30957E+01 
90000 
2.20159E-04 
2.19140E-04 
5.24960E-04 
2.18141E-04 
5.23948E-04 
2.17086E-04 
5.23556E-04 
1.28644E-03 
2.15951E-04 
5.23152E-04 
1.28688E-03 
3.24615E-03 
2.14707E-04 
5.22406E-04 
1.28732E-03 
3.23981E-03 
2.13253E-04 
5.20943E-04 
1.28633E-03 
3.22618E-03 
8.15719E-03 
2.11260E-04 
5.17976E-04 
1.28171E-03 
3.20244E-03 
8.08347E-03 
2.07747E-04 
5.11137E-04 
1.26706E-03 
3.15576E-03 
7.94486E-03 
2.00987E-02 
2.00440E-04 
4.94387E-04 
1.22651E-03 
3.04955E-03 
7.65076E-03 
1.92770E-02 
4.92001E-02 
4.60887E-04 
1.14419E-03 
2.84612E-03 
7.12360E-03 
1.78978E-02 
4.54086E-02 
1.04542E-03 
2.60764E-03 
6.52933E-03 
1.63947E-02 
4.14408E-02 
1.06696E-01 
2.39136E-03 
5.98332E-03 
1.50048E-02 
3.77988E-02 
9.63166E-02 
2.53327E-01 
---
