PdfType: replica
Format: lhagrid1
---
4.34963E-04 7.77181E-04 7.77181E-04 1.38865E-03 1.38865E-03 2.48120E-03 2.48120E-03 2.48120E-03 4.43334E-03 4.43334E-03 4.43334E-03 4.43334E-03 7.92137E-03 7.92137E-03 7.92137E-03 7.92137E-03 1.41537E-02 1.41537E-02 1.41537E-02 1.41537E-02 1.41537E-02 2.52895E-02 2.52895E-02 2.52895E-02 2.52895E-02 2.52895E-02 4.51866E-02 4.51866E-02 4.51866E-02 4.51866E-02 4.51866E-02 4.51866E-02 8.07383E-02 8.07383E-02 8.07383E-02 8.07383E-02 8.07383E-02 8.07383E-02 8.07383E-02 1.44261E-01 1.44261E-01 1.44261E-01 1.44261E-01 1.44261E-01 1.44261E-01 2.57762E-01 2.57762E-01 2.57762E-01 2.57762E-01 2.57762E-01 2.57762E-01 4.60562E-01 4.60562E-01 4.60562E-01 4.60562E-01 4.60562E-01 4.60562E-01 
1.58489E+00 1.58489E+00 2.51189E+00 1.58489E+00 2.51189E+00 1.58489E+00 2.51189E+00 3.98107E+00 1.58489E+00 2.51189E+00 3.98107E+00 6.30957E+00 1.58489E+00 2.51189E+00 3.98107E+00 6.30957E+00 1.58489E+00 2.51189E+00 3.98107E+00 6.30957E+00 9.99999E+00 1.58489E+00 2.51189E+00 3.98107E+00 6.30957E+00 9.99999E+00 1.58489E+00 2.51189E+00 3.98107E+00 6.30957E+00 9.99999E+00 1.58489E+01 1.58489E+00 2.51189E+00 3.98107E+00 6.30957E+00 9.99999E+00 1.58489E+01 2.51189E+01 2.51189E+00 3.98107E+00 6.30957E+00 9.99999E+00 1.58489E+01 2.51189E+01 3.98107E+00 6.30957E+00 9.99999E+00 1.58489E+01 2.51189E+01 3.98107E+01 6.30957E+00 9.99999E+00 1.58489E+01 2.51189E+01 3.98107E+01 6.30957E+01 
90000 
2.20650E-04 
2.19578E-04 
5.25359E-04 
2.18459E-04 
5.24144E-04 
2.17213E-04 
5.23451E-04 
1.28565E-03 
2.15866E-04 
5.22737E-04 
1.28562E-03 
3.24256E-03 
2.14541E-04 
5.21964E-04 
1.28622E-03 
3.23719E-03 
2.13409E-04 
5.21245E-04 
1.28695E-03 
3.22755E-03 
8.15877E-03 
2.12257E-04 
5.19835E-04 
1.28537E-03 
3.20995E-03 
8.09905E-03 
2.09094E-04 
5.13116E-04 
1.26996E-03 
3.15990E-03 
7.94955E-03 
2.00991E-02 
1.99596E-04 
4.91299E-04 
1.21752E-03 
3.02549E-03 
7.58850E-03 
1.91184E-02 
4.88005E-02 
4.52795E-04 
1.12549E-03 
2.80209E-03 
7.02068E-03 
1.76557E-02 
4.48392E-02 
1.03789E-03 
2.59117E-03 
6.49308E-03 
1.63143E-02 
4.12651E-02 
1.06343E-01 
2.40249E-03 
6.01408E-03 
1.50878E-02 
3.80194E-02 
9.68950E-02 
2.54814E-01 
---
