PdfType: replica
Format: lhagrid1
---
4.34963E-04 7.77181E-04 7.77181E-04 1.38865E-03 1.38865E-03 2.48120E-03 2.48120E-03 2.48120E-03 4.43334E-03 4.43334E-03 4.43334E-03 4.43334E-03 7.92137E-03 7.92137E-03 7.92137E-03 7.92137E-03 1.41537E-02 1.41537E-02 1.41537E-02 1.41537E-02 1.41537E-02 2.52895E-02 2.52895E-02 2.52895E-02 2.52895E-02 2.52895E-02 4.51866E-02 4.51866E-02 4.51866E-02 4.51866E-02 4.51866E-02 4.51866E-02 8.07383E-02 8.07383E-02 8.07383E-02 8.07383E-02 8.07383E-02 8.07383E-02 8.07383E-02 1.44261E-01 1.44261E-01 1.44261E-01 1.44261E-01 1.44261E-01 1.44261E-01 2.57762E-01 2.57762E-01 2.57762E-01 2.57762E-01 2.57762E-01 2.57762E-01 4.60562E-01 4.60562E-01 4.60562E-01 4.60562E-01 4.60562E-01 4.60562E-01 
1.58489E+00 1.58489E+00 2.51189E+00 1.58489E+00 2.51189E+00 1.58489E+00 2.51189E+00 3.98107E+00 1.58489E+00 2.51189E+00 3.98107E+00 6.30957E+00 1.58489E+00 2.51189E+00 3.98107E+00 6.30957E+00 1.58489E+00 2.51189E+00 3.98107E+00 6.30957E+00 9.99999E+00 1.58489E+00 2.51189E+00 3.98107E+00 6.30957E+00 9.99999E+00 1.58489E+00 2.51189E+00 3.98107E+00 6.30957E+00 9.99999E+00 1.58489E+01 1.58489E+00 2.51189E+00 3.98107E+00 6.30957E+00 9.99999E+00 1.58489E+01 2.51189E+01 2.51189E+00 3.98107E+00 6.30957E+00 9.99999E+00 1.58489E+01 2.51189E+01 3.98107E+00 6.30957E+00 9.99999E+00 1.58489E+01 2.51189E+01 3.98107E+01 6.30957E+00 9.99999E+00 1.58489E+01 2.51189E+01 3.98107E+01 6.30957E+01 
90000 
2.17218E-04 
2.16246E-04 
5.19825E-04 
2.15489E-04 
5.19258E-04 
2.14965E-04 
5.19830E-04 
1.27922E-03 
2.14777E-04 
5.21213E-04 
1.28337E-03 
3.23897E-03 
2.15027E-04 
5.23337E-04 
1.28974E-03 
3.24529E-03 
2.15593E-04 
5.25676E-04 
1.29649E-03 
3.24775E-03 
8.20426E-03 
2.15342E-04 
5.25731E-04 
1.29766E-03 
3.23570E-03 
8.15538E-03 
2.11088E-04 
5.16993E-04 
1.27823E-03 
3.17805E-03 
7.98924E-03 
2.01851E-02 
1.99983E-04 
4.92779E-04 
1.22196E-03 
3.03820E-03 
7.62078E-03 
1.91987E-02 
4.89878E-02 
4.58050E-04 
1.13882E-03 
2.83554E-03 
7.10334E-03 
1.78594E-02 
4.53379E-02 
1.05020E-03 
2.61927E-03 
6.55807E-03 
1.64658E-02 
4.16203E-02 
1.07172E-01 
2.40300E-03 
6.01495E-03 
1.50898E-02 
3.80246E-02 
9.69092E-02 
2.54846E-01 
---
