PdfType: replica
Format: lhagrid1
---
4.34963E-04 7.77181E-04 7.77181E-04 1.38865E-03 1.38865E-03 2.48120E-03 2.48120E-03 2.48120E-03 4.43334E-03 4.43334E-03 4.43334E-03 4.43334E-03 7.92137E-03 7.92137E-03 7.92137E-03 7.92137E-03 1.41537E-02 1.41537E-02 1.41537E-02 1.41537E-02 1.41537E-02 2.52895E-02 2.52895E-02 2.52895E-02 2.52895E-02 2.52895E-02 4.51866E-02 4.51866E-02 4.51866E-02 4.51866E-02 4.51866E-02 4.51866E-02 8.07383E-02 8.07383E-02 8.07383E-02 8.07383E-02 8.07383E-02 8.07383E-02 8.07383E-02 1.44261E-01 1.44261E-01 1.44261E-01 1.44261E-01 1.44261E-01 1.44261E-01 2.57762E-01 2.57762E-01 2.57762E-01 2.57762E-01 2.57762E-01 2.57762E-01 4.60562E-01 4.60562E-01 4.60562E-01 4.60562E-01 4.60562E-01 4.60562E-01 
1.58489E+00 1.58489E+00 2.51189E+00 1.58489E+00 2.51189E+00 1.58489E+00 2.51189E+00 3.98107E+00 1.58489E+00 2.51189E+00 3.98107E+00 6.30957E+00 1.58489E+00 2.51189E+00 3.98107E+00 6.30957E+00 1.58489E+00 2.51189E+00 3.98107E+00 6.30957E+00 9.99999E+00 1.58489E+00 2.51189E+00 3.98107E+00 6.30957E+00 9.99999E+00 1.58489E+00 2.51189E+00 3.98107E+00 6.30957E+00 9.99999E+00 1.58489E+01 1.58489E+00 2.51189E+00 3.98107E+00 6.30957E+00 9.99999E+00 1.58489E+01 2.51189E+01 2.51189E+00 3.98107E+00 6.30957E+00 9.99999E+00 1.58489E+01 2.51189E+01 3.98107E+00 6.30957E+00 9.99999E+00 1.58489E+01 2.51189E+01 3.98107E+01 6.30957E+00 9.99999E+00 1.58489E+01 2.51189E+01 3.98107E+01 6.30957E+01 
90000 
2.19884E-04 
2.18615E-04 
5.23707E-04 
2.17311E-04 
5.22163E-04 
2.15932E-04 
5.21212E-04 
1.28150E-03 
2.14564E-04 
5.20411E-04 
1.28123E-03 
3.23439E-03 
2.13390E-04 
5.19851E-04 
1.28218E-03 
3.22929E-03 
2.12616E-04 
5.19765E-04 
1.28417E-03 
3.22200E-03 
8.14963E-03 
2.11935E-04 
5.19352E-04 
1.28475E-03 
3.20939E-03 
8.10000E-03 
2.09139E-04 
5.13602E-04 
1.27163E-03 
3.16511E-03 
7.96310E-03 
2.01344E-02 
2.00081E-04 
4.92880E-04 
1.22201E-03 
3.03734E-03 
7.61969E-03 
1.91978E-02 
4.89894E-02 
4.57099E-04 
1.13661E-03 
2.82920E-03 
7.08850E-03 
1.78227E-02 
4.52420E-02 
1.05046E-03 
2.62085E-03 
6.56122E-03 
1.64727E-02 
4.16364E-02 
1.07216E-01 
2.41525E-03 
6.04493E-03 
1.51635E-02 
3.82059E-02 
9.73528E-02 
2.55912E-01 
---
