PdfType: replica
Format: lhagrid1
---
4.34963E-04 7.77181E-04 7.77181E-04 1.38865E-03 1.38865E-03 2.48120E-03 2.48120E-03 2.48120E-03 4.43334E-03 4.43334E-03 4.43334E-03 4.43334E-03 7.92137E-03 7.92137E-03 7.92137E-03 7.92137E-03 1.41537E-02 1.41537E-02 1.41537E-02 1.41537E-02 1.41537E-02 2.52895E-02 2.52895E-02 2.52895E-02 2.52895E-02 2.52895E-02 4.51866E-02 4.51866E-02 4.51866E-02 4.51866E-02 4.51866E-02 4.51866E-02 8.07383E-02 8.07383E-02 8.07383E-02 8.07383E-02 8.07383E-02 8.07383E-02 8.07383E-02 1.44261E-01 1.44261E-01 1.44261E-01 1.44261E-01 1.44261E-01 1.44261E-01 2.57762E-01 2.57762E-01 2.57762E-01 2.57762E-01 2.57762E-01 2.57762E-01 4.60562E-01 4.60562E-01 4.60562E-01 4.60562E-01 4.60562E-01 4.60562E-01 
1.58489E+00 1.58489E+00 2.51189E+00 1.58489E+00 2.51189E+00 1.58489E+00 2.51189E+00 3.98107E+00 1.58489E+00 2.51189E+00 3.98107E+00 6.30957E+00 1.58489E+00 2.51189E+00 3.98107E+00 6.30957E+00 1.58489E+00 2.51189E+00 3.98107E+00 6.30957E+00 9.99999E+00 1.58489E+00 2.51189E+00 3.98107E+00 6.30957E+00 9.99999E+00 1.58489E+00 2.51189E+00 3.98107E+00 6.30957E+00 9.99999E+00 1.58489E+01 1.58489E+00 2.51189E+00 3.98107E+00 6.30957E+00 9.99999E+00 1.58489E+01 2.51189E+01 2.51189E+00 3.98107E+00 6.30957E+00 9.99999E+00 1.58489E+01 2.51189E+01 3.98107E+00 6.30957E+00 9.99999E+00 1.58489E+01 2.51189E+01 3.98107E+01 6.30957E+00 9.99999E+00 1.58489E+01 2.51189E+01 3.98107E+01 6.30957E+01 
90000 
2.20214E-04 
2.18986E-04 
5.24544E-04 
2.17691E-04 
5.22981E-04 
2.16268E-04 
5.21907E-04 
1.28270E-03 
2.14772E-04 
5.20838E-04 
1.28190E-03 
3.23494E-03 
2.13359E-04 
5.19803E-04 
1.28186E-03 
3.22826E-03 
2.12233E-04 
5.18986E-04 
1.28226E-03 
3.21771E-03 
8.13646E-03 
2.11196E-04 
5.17709E-04 
1.28087E-03 
3.20026E-03 
8.07748E-03 
2.08279E-04 
5.11506E-04 
1.26664E-03 
3.15286E-03 
7.93463E-03 
2.00655E-02 
1.99275E-04 
4.90861E-04 
1.21701E-03 
3.02523E-03 
7.59003E-03 
1.91261E-02 
4.88256E-02 
4.53995E-04 
1.12881E-03 
2.81077E-03 
7.04349E-03 
1.77148E-02 
4.49911E-02 
1.04348E-03 
2.60465E-03 
6.52567E-03 
1.63933E-02 
4.14581E-02 
1.06821E-01 
2.40673E-03 
6.02344E-03 
1.51090E-02 
3.80681E-02 
9.70095E-02 
2.55095E-01 
---
