PdfType: replica
Format: lhagrid1
---
4.34963E-04 7.77181E-04 7.77181E-04 1.38865E-03 1.38865E-03 2.48120E-03 2.48120E-03 2.48120E-03 4.43334E-03 4.43334E-03 4.43334E-03 4.43334E-03 7.92137E-03 7.92137E-03 7.92137E-03 7.92137E-03 1.41537E-02 1.41537E-02 1.41537E-02 1.41537E-02 1.41537E-02 2.52895E-02 2.52895E-02 2.52895E-02 2.52895E-02 2.52895E-02 4.51866E-02 4.51866E-02 4.51866E-02 4.51866E-02 4.51866E-02 4.51866E-02 8.07383E-02 8.07383E-02 8.07383E-02 8.07383E-02 8.07383E-02 8.07383E-02 8.07383E-02 1.44261E-01 1.44261E-01 1.44261E-01 1.44261E-01 1.44261E-01 1.44261E-01 2.57762E-01 2.57762E-01 2.57762E-01 2.57762E-01 2.57762E-01 2.57762E-01 4.60562E-01 4.60562E-01 4.60562E-01 4.60562E-01 4.60562E-01 4.60562E-01 
1.58489E+00 1.58489E+00 2.51189E+00 1.58489E+00 2.51189E+00 1.58489E+00 2.51189E+00 3.98107E+00 1.58489E+00 2.51189E+00 3.98107E+00 6.30957E+00 1.58489E+00 2.51189E+00 3.98107E+00 6.30957E+00 1.58489E+00 2.51189E+00 3.98107E+00 6.30957E+00 9.99999E+00 1.58489E+00 2.51189E+00 3.98107E+00 6.30957E+00 9.99999E+00 1.58489E+00 2.51189E+00 3.98107E+00 6.30957E+00 9.99999E+00 1.58489E+01 1.58489E+00 2.51189E+00 3.98107E+00 6.30957E+00 9.99999E+00 1.58489E+01 2.51189E+01 2.51189E+00 3.98107E+00 6.30957E+00 9.99999E+00 1.58489E+01 2.51189E+01 3.98107E+00 6.30957E+00 9.99999E+00 1.58489E+01 2.51189E+01 3.98107E+01 6.30957E+00 9.99999E+00 1.58489E+01 2.51189E+01 3.98107E+01 6.30957E+01 
90000 
2.19705E-04 
2.18142E-04 
5.23025E-04 
2.16398E-04 
5.20682E-04 
2.14444E-04 
5.18648E-04 
1.27644E-03 
2.12445E-04 
5.16626E-04 
1.27370E-03 
3.21918E-03 
2.10796E-04 
5.15089E-04 
1.27262E-03 
3.20973E-03 
2.10059E-04 
5.14951E-04 
1.27440E-03 
3.20130E-03 
8.10440E-03 
2.10169E-04 
5.15839E-04 
1.27743E-03 
3.19301E-03 
8.06405E-03 
2.08137E-04 
5.11400E-04 
1.26669E-03 
3.15360E-03 
7.93607E-03 
2.00699E-02 
1.98844E-04 
4.90230E-04 
1.21605E-03 
3.02394E-03 
7.58800E-03 
1.91222E-02 
4.88049E-02 
4.55628E-04 
1.13366E-03 
2.82289E-03 
7.07515E-03 
1.77934E-02 
4.51738E-02 
1.05042E-03 
2.62096E-03 
6.56193E-03 
1.64753E-02 
4.16447E-02 
1.07239E-01 
2.42080E-03 
6.05869E-03 
1.51978E-02 
3.82915E-02 
9.75669E-02 
2.56443E-01 
---
