PdfType: replica
Format: lhagrid1
---
4.34963E-04 7.77181E-04 7.77181E-04 1.38865E-03 1.38865E-03 2.48120E-03 2.48120E-03 2.48120E-03 4.43334E-03 4.43334E-03 4.43334E-03 4.43334E-03 7.92137E-03 7.92137E-03 7.92137E-03 7.92137E-03 1.41537E-02 1.41537E-02 1.41537E-02 1.41537E-02 1.41537E-02 2.52895E-02 2.52895E-02 2.52895E-02 2.52895E-02 2.52895E-02 4.51866E-02 4.51866E-02 4.51866E-02 4.51866E-02 4.51866E-02 4.51866E-02 8.07383E-02 8.07383E-02 8.07383E-02 8.07383E-02 8.07383E-02 8.07383E-02 8.07383E-02 1.44261E-01 1.44261E-01 1.44261E-01 1.44261E-01 1.44261E-01 1.44261E-01 2.57762E-01 2.57762E-01 2.57762E-01 2.57762E-01 2.57762E-01 2.57762E-01 4.60562E-01 4.60562E-01 4.60562E-01 4.60562E-01 4.60562E-01 4.60562E-01 
1.58489E+00 1.58489E+00 2.51189E+00 1.58489E+00 2.51189E+00 1.58489E+00 2.51189E+00 3.98107E+00 1.58489E+00 2.51189E+00 3.98107E+00 6.30957E+00 1.58489E+00 2.51189E+00 3.98107E+00 6.30957E+00 1.58489E+00 2.51189E+00 3.98107E+00 6.30957E+00 9.99999E+00 1.58489E+00 2.51189E+00 3.98107E+00 6.30957E+00 9.99999E+00 1.58489E+00 2.51189E+00 3.98107E+00 6.30957E+00 9.99999E+00 1.58489E+01 1.58489E+00 2.51189E+00 3.98107E+00 6.30957E+00 9.99999E+00 1.58489E+01 2.51189E+01 2.51189E+00 3.98107E+00 6.30957E+00 9.99999E+00 1.58489E+01 2.51189E+01 3.98107E+00 6.30957E+00 9.99999E+00 1.58489E+01 2.51189E+01 3.98107E+01 6.30957E+00 9.99999E+00 1.58489E+01 2.51189E+01 3.98107E+01 6.30957E+01 
90000 
2.20630E-04 
2.19442E-04 
5.25084E-04 
2.18149E-04 
5.23541E-04 
2.16646E-04 
5.22331E-04 
1.28330E-03 
2.14925E-04 
5.20835E-04 
1.28162E-03 
3.23368E-03 
2.13086E-04 
5.18991E-04 
1.27993E-03 
3.22334E-03 
2.11374E-04 
5.17111E-04 
1.27818E-03 
3.20828E-03 
8.11654E-03 
2.09834E-04 
5.14934E-04 
1.27482E-03 
3.18672E-03 
8.04676E-03 
2.06575E-04 
5.07781E-04 
1.25791E-03 
3.13266E-03 
7.88560E-03 
1.99514E-02 
1.96711E-04 
4.84852E-04 
1.20262E-03 
2.99107E-03 
7.50789E-03 
1.89298E-02 
4.83670E-02 
4.47636E-04 
1.11433E-03 
2.77679E-03 
6.96451E-03 
1.75296E-02 
4.45571E-02 
1.03537E-03 
2.58541E-03 
6.48013E-03 
1.62851E-02 
4.12027E-02 
1.06236E-01 
2.40705E-03 
6.02936E-03 
1.51345E-02 
3.81550E-02 
9.72788E-02 
2.55885E-01 
---
