PdfType: replica
Format: lhagrid1
---
4.34963E-04 7.77181E-04 7.77181E-04 1.38865E-03 1.38865E-03 2.48120E-03 2.48120E-03 2.48120E-03 4.43334E-03 4.43334E-03 4.43334E-03 4.43334E-03 7.92137E-03 7.92137E-03 7.92137E-03 7.92137E-03 1.41537E-02 1.41537E-02 1.41537E-02 1.41537E-02 1.41537E-02 2.52895E-02 2.52895E-02 2.52895E-02 2.52895E-02 2.52895E-02 4.51866E-02 4.51866E-02 4.51866E-02 4.51866E-02 4.51866E-02 4.51866E-02 8.07383E-02 8.07383E-02 8.07383E-02 8.07383E-02 8.07383E-02 8.07383E-02 8.07383E-02 1.44261E-01 1.44261E-01 1.44261E-01 1.44261E-01 1.44261E-01 1.44261E-01 2.57762E-01 2.57762E-01 2.57762E-01 2.57762E-01 2.57762E-01 2.57762E-01 4.60562E-01 4.60562E-01 4.60562E-01 4.60562E-01 4.60562E-01 4.60562E-01 
1.58489E+00 1.58489E+00 2.51189E+00 1.58489E+00 2.51189E+00 1.58489E+00 2.51189E+00 3.98107E+00 1.58489E+00 2.51189E+00 3.98107E+00 6.30957E+00 1.58489E+00 2.51189E+00 3.98107E+00 6.30957E+00 1.58489E+00 2.51189E+00 3.98107E+00 6.30957E+00 9.99999E+00 1.58489E+00 2.51189E+00 3.98107E+00 6.30957E+00 9.99999E+00 1.58489E+00 2.51189E+00 3.98107E+00 6.30957E+00 9.99999E+00 1.58489E+01 1.58489E+00 2.51189E+00 3.98107E+00 6.30957E+00 9.99999E+00 1.58489E+01 2.51189E+01 2.51189E+00 3.98107E+00 6.30957E+00 9.99999E+00 1.58489E+01 2.51189E+01 3.98107E+00 6.30957E+00 9.99999E+00 1.58489E+01 2.51189E+01 3.98107E+01 6.30957E+00 9.99999E+00 1.58489E+01 2.51189E+01 3.98107E+01 6.30957E+01 
90000 
2.19950E-04 
2.18775E-04 
5.24094E-04 
2.17563E-04 
5.22684E-04 
2.16237E-04 
5.21767E-04 
1.28255E-03 
2.14790E-04 
5.20732E-04 
1.28165E-03 
3.23515E-03 
2.13260E-04 
5.19370E-04 
1.28074E-03 
3.22589E-03 
2.11688E-04 
5.17609E-04 
1.27907E-03 
3.21041E-03 
8.12156E-03 
2.09925E-04 
5.15052E-04 
1.27520E-03 
3.18776E-03 
8.05036E-03 
2.06836E-04 
5.08931E-04 
1.26171E-03 
3.14292E-03 
7.91388E-03 
2.00213E-02 
1.99238E-04 
4.91280E-04 
1.21860E-03 
3.02998E-03 
7.60207E-03 
1.91550E-02 
4.88867E-02 
4.55953E-04 
1.13262E-03 
2.81834E-03 
7.05822E-03 
1.77419E-02 
4.50304E-02 
1.03890E-03 
2.59230E-03 
6.49320E-03 
1.63084E-02 
4.12340E-02 
1.06209E-01 
2.38609E-03 
5.97000E-03 
1.49718E-02 
3.77190E-02 
9.61349E-02 
2.52992E-01 
---
