PdfType: replica
Format: lhagrid1
---
4.34963E-04 7.77181E-04 7.77181E-04 1.38865E-03 1.38865E-03 2.48120E-03 2.48120E-03 2.48120E-03 4.43334E-03 4.43334E-03 4.43334E-03 4.43334E-03 7.92137E-03 7.92137E-03 7.92137E-03 7.92137E-03 1.41537E-02 1.41537E-02 1.41537E-02 1.41537E-02 1.41537E-02 2.52895E-02 2.52895E-02 2.52895E-02 2.52895E-02 2.52895E-02 4.51866E-02 4.51866E-02 4.51866E-02 4.51866E-02 4.51866E-02 4.51866E-02 8.07383E-02 8.07383E-02 8.07383E-02 8.07383E-02 8.07383E-02 8.07383E-02 8.07383E-02 1.44261E-01 1.44261E-01 1.44261E-01 1.44261E-01 1.44261E-01 1.44261E-01 2.57762E-01 2.57762E-01 2.57762E-01 2.57762E-01 2.57762E-01 2.57762E-01 4.60562E-01 4.60562E-01 4.60562E-01 4.60562E-01 4.60562E-01 4.60562E-01 
1.58489E+00 1.58489E+00 2.51189E+00 1.58489E+00 2.51189E+00 1.58489E+00 2.51189E+00 3.98107E+00 1.58489E+00 2.51189E+00 3.98107E+00 6.30957E+00 1.58489E+00 2.51189E+00 3.98107E+00 6.30957E+00 1.58489E+00 2.51189E+00 3.98107E+00 6.30957E+00 9.99999E+00 1.58489E+00 2.51189E+00 3.98107E+00 6.30957E+00 9.99999E+00 1.58489E+00 2.51189E+00 3.98107E+00 6.30957E+00 9.99999E+00 1.58489E+01 1.58489E+00 2.51189E+00 3.98107E+00 6.30957E+00 9.99999E+00 1.58489E+01 2.51189E+01 2.51189E+00 3.98107E+00 6.30957E+00 9.99999E+00 1.58489E+01 2.51189E+01 3.98107E+00 6.30957E+00 9.99999E+00 1.58489E+01 2.51189E+01 3.98107E+01 6.30957E+00 9.99999E+00 1.58489E+01 2.51189E+01 3.98107E+01 6.30957E+01 
90000 
2.20194E-04 
2.19010E-04 
5.24502E-04 
2.17794E-04 
5.23119E-04 
2.16497E-04 
5.22328E-04 
1.28372E-03 
2.15188E-04 
5.21658E-04 
1.28375E-03 
3.23959E-03 
2.14035E-04 
5.21161E-04 
1.28487E-03 
3.23502E-03 
2.13248E-04 
5.21062E-04 
1.28688E-03 
3.22792E-03 
8.16206E-03 
2.12579E-04 
5.20646E-04 
1.28748E-03 
3.21534E-03 
8.11318E-03 
2.09818E-04 
5.14901E-04 
1.27432E-03 
3.17092E-03 
7.97626E-03 
2.01657E-02 
2.00466E-04 
4.93510E-04 
1.22307E-03 
3.03946E-03 
7.62366E-03 
1.92071E-02 
4.90246E-02 
4.56109E-04 
1.13407E-03 
2.82313E-03 
7.07423E-03 
1.77907E-02 
4.51804E-02 
1.04821E-03 
2.61557E-03 
6.54990E-03 
1.64485E-02 
4.15897E-02 
1.07171E-01 
2.40840E-03 
6.02625E-03 
1.51139E-02 
3.80777E-02 
9.70391E-02 
2.55256E-01 
---
