PdfType: replica
Format: lhagrid1
---
4.34963E-04 7.77181E-04 7.77181E-04 1.38865E-03 1.38865E-03 2.48120E-03 2.48120E-03 2.48120E-03 4.43334E-03 4.43334E-03 4.43334E-03 4.43334E-03 7.92137E-03 7.92137E-03 7.92137E-03 7.92137E-03 1.41537E-02 1.41537E-02 1.41537E-02 1.41537E-02 1.41537E-02 2.52895E-02 2.52895E-02 2.52895E-02 2.52895E-02 2.52895E-02 4.51866E-02 4.51866E-02 4.51866E-02 4.51866E-02 4.51866E-02 4.51866E-02 8.07383E-02 8.07383E-02 8.07383E-02 8.07383E-02 8.07383E-02 8.07383E-02 8.07383E-02 1.44261E-01 1.44261E-01 1.44261E-01 1.44261E-01 1.44261E-01 1.44261E-01 2.57762E-01 2.57762E-01 2.57762E-01 2.57762E-01 2.57762E-01 2.57762E-01 4.60562E-01 4.60562E-01 4.60562E-01 4.60562E-01 4.60562E-01 4.60562E-01 
1.58489E+00 1.58489E+00 2.51189E+00 1.58489E+00 2.51189E+00 1.58489E+00 2.51189E+00 3.98107E+00 1.58489E+00 2.51189E+00 3.98107E+00 6.30957E+00 1.58489E+00 2.51189E+00 3.98107E+00 6.30957E+00 1.58489E+00 2.51189E+00 3.98107E+00 6.30957E+00 9.99999E+00 1.58489E+00 2.51189E+00 3.98107E+00 6.30957E+00 9.99999E+00 1.58489E+00 2.51189E+00 3.98107E+00 6.30957E+00 9.99999E+00 1.58489E+01 1.58489E+00 2.51189E+00 3.98107E+00 6.30957E+00 9.99999E+00 1.58489E+01 2.51189E+01 2.51189E+00 3.98107E+00 6.30957E+00 9.99999E+00 1.58489E+01 2.51189E+01 3.98107E+00 6.30957E+00 9.99999E+00 1.58489E+01 2.51189E+01 3.98107E+01 6.30957E+00 9.99999E+00 1.58489E+01 2.51189E+01 3.98107E+01 6.30957E+01 
90000 
2.19637E-04 
2.18409E-04 
5.23239E-04 
2.17141E-04 
5.21738E-04 
2.15753E-04 
5.20715E-04 
1.28029E-03 
2.14251E-04 
5.19588E-04 
1.27925E-03 
3.22938E-03 
2.12706E-04 
5.18240E-04 
1.27844E-03 
3.22041E-03 
2.11253E-04 
5.16771E-04 
1.27739E-03 
3.20633E-03 
8.11245E-03 
2.09762E-04 
5.14657E-04 
1.27416E-03 
3.18477E-03 
8.04222E-03 
2.06407E-04 
5.07523E-04 
1.25763E-03 
3.13215E-03 
7.88496E-03 
1.99475E-02 
1.96991E-04 
4.85843E-04 
1.20545E-03 
2.99855E-03 
7.52607E-03 
1.89717E-02 
4.84479E-02 
4.50233E-04 
1.12020E-03 
2.79053E-03 
6.99562E-03 
1.75997E-02 
4.47084E-02 
1.03657E-03 
2.58726E-03 
6.48264E-03 
1.62866E-02 
4.11928E-02 
1.06156E-01 
2.39729E-03 
6.00338E-03 
1.50659E-02 
3.79756E-02 
9.68125E-02 
2.54689E-01 
---
