PdfType: replica
Format: lhagrid1
---
4.34963E-04 7.77181E-04 7.77181E-04 1.38865E-03 1.38865E-03 2.48120E-03 2.48120E-03 2.48120E-03 4.43334E-03 4.43334E-03 4.43334E-03 4.43334E-03 7.92137E-03 7.92137E-03 7.92137E-03 7.92137E-03 1.41537E-02 1.41537E-02 1.41537E-02 1.41537E-02 1.41537E-02 2.52895E-02 2.52895E-02 2.52895E-02 2.52895E-02 2.52895E-02 4.51866E-02 4.51866E-02 4.51866E-02 4.51866E-02 4.51866E-02 4.51866E-02 8.07383E-02 8.07383E-02 8.07383E-02 8.07383E-02 8.07383E-02 8.07383E-02 8.07383E-02 1.44261E-01 1.44261E-01 1.44261E-01 1.44261E-01 1.44261E-01 1.44261E-01 2.57762E-01 2.57762E-01 2.57762E-01 2.57762E-01 2.57762E-01 2.57762E-01 4.60562E-01 4.60562E-01 4.60562E-01 4.60562E-01 4.60562E-01 4.60562E-01 
1.58489E+00 1.58489E+00 2.51189E+00 1.58489E+00 2.51189E+00 1.58489E+00 2.51189E+00 3.98107E+00 1.58489E+00 2.51189E+00 3.98107E+00 6.30957E+00 1.58489E+00 2.51189E+00 3.98107E+00 6.30957E+00 1.58489E+00 2.51189E+00 3.98107E+00 6.30957E+00 9.99999E+00 1.58489E+00 2.51189E+00 3.98107E+00 6.30957E+00 9.99999E+00 1.58489E+00 2.51189E+00 3.98107E+00 6.30957E+00 9.99999E+00 1.58489E+01 1.58489E+00 2.51189E+00 3.98107E+00 6.30957E+00 9.99999E+00 1.58489E+01 2.51189E+01 2.51189E+00 3.98107E+00 6.30957E+00 9.99999E+00 1.58489E+01 2.51189E+01 3.98107E+00 6.30957E+00 9.99999E+00 1.58489E+01 2.51189E+01 3.98107E+01 6.30957E+00 9.99999E+00 1.58489E+01 2.51189E+01 3.98107E+01 6.30957E+01 
90000 
2.20314E-04 
2.19227E-04 
5.25098E-04 
2.18137E-04 
5.23925E-04 
2.16983E-04 
5.23371E-04 
1.28604E-03 
2.15775E-04 
5.22860E-04 
1.28629E-03 
3.24544E-03 
2.14547E-04 
5.22161E-04 
1.28685E-03 
3.23942E-03 
2.13264E-04 
5.21004E-04 
1.28649E-03 
3.22703E-03 
8.15948E-03 
2.11574E-04 
5.18584E-04 
1.28303E-03 
3.20559E-03 
8.09147E-03 
2.08316E-04 
5.12315E-04 
1.26977E-03 
3.16211E-03 
7.96092E-03 
2.01381E-02 
2.01191E-04 
4.96200E-04 
1.23103E-03 
3.06056E-03 
7.67861E-03 
1.93469E-02 
4.93724E-02 
4.63565E-04 
1.15094E-03 
2.86266E-03 
7.16488E-03 
1.80004E-02 
4.56634E-02 
1.05339E-03 
2.62764E-03 
6.57847E-03 
1.65160E-02 
4.17418E-02 
1.07449E-01 
2.41840E-03 
6.05102E-03 
1.51746E-02 
3.82242E-02 
9.73788E-02 
2.55945E-01 
---
