PdfType: replica
Format: lhagrid1
---
4.34963E-04 7.77181E-04 7.77181E-04 1.38865E-03 1.38865E-03 2.48120E-03 2.48120E-03 2.48120E-03 4.43334E-03 4.43334E-03 4.43334E-03 4.43334E-03 7.92137E-03 7.92137E-03 7.92137E-03 7.92137E-03 1.41537E-02 1.41537E-02 1.41537E-02 1.41537E-02 1.41537E-02 2.52895E-02 2.52895E-02 2.52895E-02 2.52895E-02 2.52895E-02 4.51866E-02 4.51866E-02 4.51866E-02 4.51866E-02 4.51866E-02 4.51866E-02 8.07383E-02 8.07383E-02 8.07383E-02 8.07383E-02 8.07383E-02 8.07383E-02 8.07383E-02 1.44261E-01 1.44261E-01 1.44261E-01 1.44261E-01 1.44261E-01 1.44261E-01 2.57762E-01 2.57762E-01 2.57762E-01 2.57762E-01 2.57762E-01 2.57762E-01 4.60562E-01 4.60562E-01 4.60562E-01 4.60562E-01 4.60562E-01 4.60562E-01 
1.58489E+00 1.58489E+00 2.51189E+00 1.58489E+00 2.51189E+00 1.58489E+00 2.51189E+00 3.98107E+00 1.58489E+00 2.51189E+00 3.98107E+00 6.30957E+00 1.58489E+00 2.51189E+00 3.98107E+00 6.30957E+00 1.58489E+00 2.51189E+00 3.98107E+00 6.30957E+00 9.99999E+00 1.58489E+00 2.51189E+00 3.98107E+00 6.30957E+00 9.99999E+00 1.58489E+00 2.51189E+00 3.98107E+00 6.30957E+00 9.99999E+00 1.58489E+01 1.58489E+00 2.51189E+00 3.98107E+00 6.30957E+00 9.99999E+00 1.58489E+01 2.51189E+01 2.51189E+00 3.98107E+00 6.30957E+00 9.99999E+00 1.58489E+01 2.51189E+01 3.98107E+00 6.30957E+00 9.99999E+00 1.58489E+01 2.51189E+01 3.98107E+01 6.30957E+00 9.99999E+00 1.58489E+01 2.51189E+01 3.98107E+01 6.30957E+01 
90000 
2.20809E-04 
2.19705E-04 
5.25592E-04 
2.18520E-04 
5.24268E-04 
2.17164E-04 
5.23376E-04 
1.28558E-03 
2.15658E-04 
5.22356E-04 
1.28493E-03 
3.24142E-03 
2.14146E-04 
5.21223E-04 
1.28479E-03 
3.23439E-03 
2.12894E-04 
5.20286E-04 
1.28507E-03 
3.22374E-03 
8.15256E-03 
2.11823E-04 
5.19007E-04 
1.28368E-03 
3.20636E-03 
8.09221E-03 
2.08729E-04 
5.12255E-04 
1.26789E-03 
3.15505E-03 
7.93814E-03 
2.00759E-02 
1.98731E-04 
4.89385E-04 
1.21317E-03 
3.01574E-03 
7.56591E-03 
1.90669E-02 
4.86894E-02 
4.51768E-04 
1.12367E-03 
2.79887E-03 
7.01505E-03 
1.76466E-02 
4.48287E-02 
1.03944E-03 
2.59413E-03 
6.49922E-03 
1.63272E-02 
4.12948E-02 
1.06430E-01 
2.39351E-03 
5.99183E-03 
1.50328E-02 
3.78837E-02 
9.65652E-02 
2.54048E-01 
---
