PdfType: replica
Format: lhagrid1
---
4.34963E-04 7.77181E-04 7.77181E-04 1.38865E-03 1.38865E-03 2.48120E-03 2.48120E-03 2.48120E-03 4.43334E-03 4.43334E-03 4.43334E-03 4.43334E-03 7.92137E-03 7.92137E-03 7.92137E-03 7.92137E-03 1.41537E-02 1.41537E-02 1.41537E-02 1.41537E-02 1.41537E-02 2.52895E-02 2.52895E-02 2.52895E-02 2.52895E-02 2.52895E-02 4.51866E-02 4.51866E-02 4.51866E-02 4.51866E-02 4.51866E-02 4.51866E-02 8.07383E-02 8.07383E-02 8.07383E-02 8.07383E-02 8.07383E-02 8.07383E-02 8.07383E-02 1.44261E-01 1.44261E-01 1.44261E-01 1.44261E-01 1.44261E-01 1.44261E-01 2.57762E-01 2.57762E-01 2.57762E-01 2.57762E-01 2.57762E-01 2.57762E-01 4.60562E-01 4.60562E-01 4.60562E-01 4.60562E-01 4.60562E-01 4.60562E-01 
1.58489E+00 1.58489E+00 2.51189E+00 1.58489E+00 2.51189E+00 1.58489E+00 2.51189E+00 3.98107E+00 1.58489E+00 2.51189E+00 3.98107E+00 6.30957E+00 1.58489E+00 2.51189E+00 3.98107E+00 6.30957E+00 1.58489E+00 2.51189E+00 3.98107E+00 6.30957E+00 9.99999E+00 1.58489E+00 2.51189E+00 3.98107E+00 6.30957E+00 9.99999E+00 1.58489E+00 2.51189E+00 3.98107E+00 6.30957E+00 9.99999E+00 1.58489E+01 1.58489E+00 2.51189E+00 3.98107E+00 6.30957E+00 9.99999E+00 1.58489E+01 2.51189E+01 2.51189E+00 3.98107E+00 6.30957E+00 9.99999E+00 1.58489E+01 2.51189E+01 3.98107E+00 6.30957E+00 9.99999E+00 1.58489E+01 2.51189E+01 3.98107E+01 6.30957E+00 9.99999E+00 1.58489E+01 2.51189E+01 3.98107E+01 6.30957E+01 
90000 
2.19907E-04 
2.18494E-04 
5.23729E-04 
2.16949E-04 
5.21726E-04 
2.15227E-04 
5.20080E-04 
1.27934E-03 
2.13430E-04 
5.18391E-04 
1.27721E-03 
3.22601E-03 
2.11808E-04 
5.16876E-04 
1.27608E-03 
3.21646E-03 
2.10685E-04 
5.15972E-04 
1.27613E-03 
3.20451E-03 
8.11055E-03 
2.09802E-04 
5.14851E-04 
1.27472E-03 
3.18640E-03 
8.04669E-03 
2.06541E-04 
5.07731E-04 
1.25797E-03 
3.13301E-03 
7.88668E-03 
1.99515E-02 
1.96604E-04 
4.85155E-04 
1.20427E-03 
2.99645E-03 
7.52320E-03 
1.89686E-02 
4.84411E-02 
4.51248E-04 
1.12361E-03 
2.79981E-03 
7.02146E-03 
1.76683E-02 
4.48838E-02 
1.04547E-03 
2.60969E-03 
6.53755E-03 
1.64219E-02 
4.15278E-02 
1.06993E-01 
2.42223E-03 
6.06526E-03 
1.52202E-02 
3.83599E-02 
9.77606E-02 
2.56944E-01 
---
