PdfType: replica
Format: lhagrid1
---
4.34963E-04 7.77181E-04 7.77181E-04 1.38865E-03 1.38865E-03 2.48120E-03 2.48120E-03 2.48120E-03 4.43334E-03 4.43334E-03 4.43334E-03 4.43334E-03 7.92137E-03 7.92137E-03 7.92137E-03 7.92137E-03 1.41537E-02 1.41537E-02 1.41537E-02 1.41537E-02 1.41537E-02 2.52895E-02 2.52895E-02 2.52895E-02 2.52895E-02 2.52895E-02 4.51866E-02 4.51866E-02 4.51866E-02 4.51866E-02 4.51866E-02 4.51866E-02 8.07383E-02 8.07383E-02 8.07383E-02 8.07383E-02 8.07383E-02 8.07383E-02 8.07383E-02 1.44261E-01 1.44261E-01 1.44261E-01 1.44261E-01 1.44261E-01 1.44261E-01 2.57762E-01 2.57762E-01 2.57762E-01 2.57762E-01 2.57762E-01 2.57762E-01 4.60562E-01 4.60562E-01 4.60562E-01 4.60562E-01 4.60562E-01 4.60562E-01 
1.58489E+00 1.58489E+00 2.51189E+00 1.58489E+00 2.51189E+00 1.58489E+00 2.51189E+00 3.98107E+00 1.58489E+00 2.51189E+00 3.98107E+00 6.30957E+00 1.58489E+00 2.51189E+00 3.98107E+00 6.30957E+00 1.58489E+00 2.51189E+00 3.98107E+00 6.30957E+00 9.99999E+00 1.58489E+00 2.51189E+00 3.98107E+00 6.30957E+00 9.99999E+00 1.58489E+00 2.51189E+00 3.98107E+00 6.30957E+00 9.99999E+00 1.58489E+01 1.58489E+00 2.51189E+00 3.98107E+00 6.30957E+00 9.99999E+00 1.58489E+01 2.51189E+01 2.51189E+00 3.98107E+00 6.30957E+00 9.99999E+00 1.58489E+01 2.51189E+01 3.98107E+00 6.30957E+00 9.99999E+00 1.58489E+01 2.51189E+01 3.98107E+01 6.30957E+00 9.99999E+00 1.58489E+01 2.51189E+01 3.98107E+01 6.30957E+01 
90000 
2.20171E-04 
2.18769E-04 
5.23853E-04 
2.17229E-04 
5.21909E-04 
2.15520E-04 
5.20372E-04 
1.27964E-03 
2.13779E-04 
5.18898E-04 
1.27808E-03 
3.22786E-03 
2.12325E-04 
5.17824E-04 
1.27804E-03 
3.22082E-03 
2.11561E-04 
5.17747E-04 
1.28005E-03 
3.21332E-03 
8.13152E-03 
2.11256E-04 
5.17953E-04 
1.28176E-03 
3.20252E-03 
8.08539E-03 
2.08703E-04 
5.12480E-04 
1.26885E-03 
3.15805E-03 
7.94631E-03 
2.00982E-02 
1.99157E-04 
4.90640E-04 
1.21656E-03 
3.02407E-03 
7.58744E-03 
1.91218E-02 
4.88278E-02 
4.54345E-04 
1.13023E-03 
2.81421E-03 
7.05293E-03 
1.77389E-02 
4.50512E-02 
1.04676E-03 
2.61267E-03 
6.54284E-03 
1.64316E-02 
4.15476E-02 
1.07043E-01 
2.42600E-03 
6.07444E-03 
1.52425E-02 
3.84139E-02 
9.78922E-02 
2.57272E-01 
---
