PdfType: replica
Format: lhagrid1
---
4.34963E-04 7.77181E-04 7.77181E-04 1.38865E-03 1.38865E-03 2.48120E-03 2.48120E-03 2.48120E-03 4.43334E-03 4.43334E-03 4.43334E-03 4.43334E-03 7.92137E-03 7.92137E-03 7.92137E-03 7.92137E-03 1.41537E-02 1.41537E-02 1.41537E-02 1.41537E-02 1.41537E-02 2.52895E-02 2.52895E-02 2.52895E-02 2.52895E-02 2.52895E-02 4.51866E-02 4.51866E-02 4.51866E-02 4.51866E-02 4.51866E-02 4.51866E-02 8.07383E-02 8.07383E-02 8.07383E-02 8.07383E-02 8.07383E-02 8.07383E-02 8.07383E-02 1.44261E-01 1.44261E-01 1.44261E-01 1.44261E-01 1.44261E-01 1.44261E-01 2.57762E-01 2.57762E-01 2.57762E-01 2.57762E-01 2.57762E-01 2.57762E-01 4.60562E-01 4.60562E-01 4.60562E-01 4.60562E-01 4.60562E-01 4.60562E-01 
1.58489E+00 1.58489E+00 2.51189E+00 1.58489E+00 2.51189E+00 1.58489E+00 2.51189E+00 3.98107E+00 1.58489E+00 2.51189E+00 3.98107E+00 6.30957E+00 1.58489E+00 2.51189E+00 3.98107E+00 6.30957E+00 1.58489E+00 2.51189E+00 3.98107E+00 6.30957E+00 9.99999E+00 1.58489E+00 2.51189E+00 3.98107E+00 6.30957E+00 9.99999E+00 1.58489E+00 2.51189E+00 3.98107E+00 6.30957E+00 9.99999E+00 1.58489E+01 1.58489E+00 2.51189E+00 3.98107E+00 6.30957E+00 9.99999E+00 1.58489E+01 2.51189E+01 2.51189E+00 3.98107E+00 6.30957E+00 9.99999E+00 1.58489E+01 2.51189E+01 3.98107E+00 6.30957E+00 9.99999E+00 1.58489E+01 2.51189E+01 3.98107E+01 6.30957E+00 9.99999E+00 1.58489E+01 2.51189E+01 3.98107E+01 6.30957E+01 
90000 
2.20464E-04 
2.19403E-04 
5.25407E-04 
2.18347E-04 
5.24309E-04 
2.17249E-04 
5.23883E-04 
1.28703E-03 
2.16166E-04 
5.23653E-04 
1.28795E-03 
3.24850E-03 
2.15240E-04 
5.23614E-04 
1.29002E-03 
3.24594E-03 
2.14616E-04 
5.23807E-04 
1.29257E-03 
3.23993E-03 
8.18829E-03 
2.13879E-04 
5.23080E-04 
1.29232E-03 
3.22494E-03 
8.13325E-03 
2.10493E-04 
5.15866E-04 
1.27584E-03 
3.17274E-03 
7.97814E-03 
2.01647E-02 
2.00052E-04 
4.92405E-04 
1.22023E-03 
3.03250E-03 
7.60483E-03 
1.91565E-02 
4.88853E-02 
4.54476E-04 
1.12988E-03 
2.81368E-03 
7.04954E-03 
1.77273E-02 
4.50141E-02 
1.04302E-03 
2.60279E-03 
6.52042E-03 
1.63788E-02 
4.14176E-02 
1.06699E-01 
2.39737E-03 
6.00035E-03 
1.50517E-02 
3.79256E-02 
9.66543E-02 
2.54209E-01 
---
