PdfType: replica
Format: lhagrid1
---
4.34963E-04 7.77181E-04 7.77181E-04 1.38865E-03 1.38865E-03 2.48120E-03 2.48120E-03 2.48120E-03 4.43334E-03 4.43334E-03 4.43334E-03 4.43334E-03 7.92137E-03 7.92137E-03 7.92137E-03 7.92137E-03 1.41537E-02 1.41537E-02 1.41537E-02 1.41537E-02 1.41537E-02 2.52895E-02 2.52895E-02 2.52895E-02 2.52895E-02 2.52895E-02 4.51866E-02 4.51866E-02 4.51866E-02 4.51866E-02 4.51866E-02 4.51866E-02 8.07383E-02 8.07383E-02 8.07383E-02 8.07383E-02 8.07383E-02 8.07383E-02 8.07383E-02 1.44261E-01 1.44261E-01 1.44261E-01 1.44261E-01 1.44261E-01 1.44261E-01 2.57762E-01 2.57762E-01 2.57762E-01 2.57762E-01 2.57762E-01 2.57762E-01 4.60562E-01 4.60562E-01 4.60562E-01 4.60562E-01 4.60562E-01 4.60562E-01 
1.58489E+00 1.58489E+00 2.51189E+00 1.58489E+00 2.51189E+00 1.58489E+00 2.51189E+00 3.98107E+00 1.58489E+00 2.51189E+00 3.98107E+00 6.30957E+00 1.58489E+00 2.51189E+00 3.98107E+00 6.30957E+00 1.58489E+00 2.51189E+00 3.98107E+00 6.30957E+00 9.99999E+00 1.58489E+00 2.51189E+00 3.98107E+00 6.30957E+00 9.99999E+00 1.58489E+00 2.51189E+00 3.98107E+00 6.30957E+00 9.99999E+00 1.58489E+01 1.58489E+00 2.51189E+00 3.98107E+00 6.30957E+00 9.99999E+00 1.58489E+01 2.51189E+01 2.51189E+00 3.98107E+00 6.30957E+00 9.99999E+00 1.58489E+01 2.51189E+01 3.98107E+00 6.30957E+00 9.99999E+00 1.58489E+01 2.51189E+01 3.98107E+01 6.30957E+00 9.99999E+00 1.58489E+01 2.51189E+01 3.98107E+01 6.30957E+01 
90000 
2.19724E-04 
2.18574E-04 
5.23719E-04 
2.17419E-04 
5.22422E-04 
2.16183E-04 
5.21683E-04 
1.28251E-03 
2.14853E-04 
5.20894E-04 
1.28213E-03 
3.23644E-03 
2.13442E-04 
5.19811E-04 
1.28184E-03 
3.22855E-03 
2.11951E-04 
5.18287E-04 
1.28071E-03 
3.21457E-03 
8.13211E-03 
2.10188E-04 
5.15800E-04 
1.27704E-03 
3.19282E-03 
8.06256E-03 
2.07047E-04 
5.09589E-04 
1.26342E-03 
3.14787E-03 
7.92665E-03 
2.00558E-02 
1.99572E-04 
4.92308E-04 
1.22157E-03 
3.03784E-03 
7.62437E-03 
1.92163E-02 
4.90537E-02 
4.59174E-04 
1.14112E-03 
2.83946E-03 
7.11213E-03 
1.78781E-02 
4.53755E-02 
1.04948E-03 
2.61743E-03 
6.55199E-03 
1.64479E-02 
4.15708E-02 
1.07046E-01 
2.40051E-03 
6.00706E-03 
1.50667E-02 
3.79606E-02 
9.67406E-02 
2.54449E-01 
---
