PdfType: replica
Format: lhagrid1
---
4.34963E-04 7.77181E-04 7.77181E-04 1.38865E-03 1.38865E-03 2.48120E-03 2.48120E-03 2.48120E-03 4.43334E-03 4.43334E-03 4.43334E-03 4.43334E-03 7.92137E-03 7.92137E-03 7.92137E-03 7.92137E-03 1.41537E-02 1.41537E-02 1.41537E-02 1.41537E-02 1.41537E-02 2.52895E-02 2.52895E-02 2.52895E-02 2.52895E-02 2.52895E-02 4.51866E-02 4.51866E-02 4.51866E-02 4.51866E-02 4.51866E-02 4.51866E-02 8.07383E-02 8.07383E-02 8.07383E-02 8.07383E-02 8.07383E-02 8.07383E-02 8.07383E-02 1.44261E-01 1.44261E-01 1.44261E-01 1.44261E-01 1.44261E-01 1.44261E-01 2.57762E-01 2.57762E-01 2.57762E-01 2.57762E-01 2.57762E-01 2.57762E-01 4.60562E-01 4.60562E-01 4.60562E-01 4.60562E-01 4.60562E-01 4.60562E-01 
1.58489E+00 1.58489E+00 2.51189E+00 1.58489E+00 2.51189E+00 1.58489E+00 2.51189E+00 3.98107E+00 1.58489E+00 2.51189E+00 3.98107E+00 6.30957E+00 1.58489E+00 2.51189E+00 3.98107E+00 6.30957E+00 1.58489E+00 2.51189E+00 3.98107E+00 6.30957E+00 9.99999E+00 1.58489E+00 2.51189E+00 3.98107E+00 6.30957E+00 9.99999E+00 1.58489E+00 2.51189E+00 3.98107E+00 6.30957E+00 9.99999E+00 1.58489E+01 1.58489E+00 2.51189E+00 3.98107E+00 6.30957E+00 9.99999E+00 1.58489E+01 2.51189E+01 2.51189E+00 3.98107E+00 6.30957E+00 9.99999E+00 1.58489E+01 2.51189E+01 3.98107E+00 6.30957E+00 9.99999E+00 1.58489E+01 2.51189E+01 3.98107E+01 6.30957E+00 9.99999E+00 1.58489E+01 2.51189E+01 3.98107E+01 6.30957E+01 
90000 
2.20067E-04 
2.18857E-04 
5.24089E-04 
2.17599E-04 
5.22622E-04 
2.16233E-04 
5.21675E-04 
1.28232E-03 
2.14795E-04 
5.20715E-04 
1.28166E-03 
3.23546E-03 
2.13394E-04 
5.19677E-04 
1.28152E-03 
3.22792E-03 
2.12159E-04 
5.18639E-04 
1.28143E-03 
3.21585E-03 
8.13546E-03 
2.10886E-04 
5.17024E-04 
1.27948E-03 
3.19722E-03 
8.07247E-03 
2.07899E-04 
5.10938E-04 
1.26578E-03 
3.15146E-03 
7.93255E-03 
2.00655E-02 
1.99368E-04 
4.91291E-04 
1.21831E-03 
3.02859E-03 
7.59839E-03 
1.91468E-02 
4.88750E-02 
4.54938E-04 
1.13111E-03 
2.81605E-03 
7.05605E-03 
1.77441E-02 
4.50560E-02 
1.04627E-03 
2.61243E-03 
6.54539E-03 
1.64435E-02 
4.15856E-02 
1.07140E-01 
2.43106E-03 
6.08519E-03 
1.52653E-02 
3.84628E-02 
9.80021E-02 
2.57565E-01 
---
