PdfType: replica
Format: lhagrid1
---
4.34963E-04 7.77181E-04 7.77181E-04 1.38865E-03 1.38865E-03 2.48120E-03 2.48120E-03 2.48120E-03 4.43334E-03 4.43334E-03 4.43334E-03 4.43334E-03 7.92137E-03 7.92137E-03 7.92137E-03 7.92137E-03 1.41537E-02 1.41537E-02 1.41537E-02 1.41537E-02 1.41537E-02 2.52895E-02 2.52895E-02 2.52895E-02 2.52895E-02 2.52895E-02 4.51866E-02 4.51866E-02 4.51866E-02 4.51866E-02 4.51866E-02 4.51866E-02 8.07383E-02 8.07383E-02 8.07383E-02 8.07383E-02 8.07383E-02 8.07383E-02 8.07383E-02 1.44261E-01 1.44261E-01 1.44261E-01 1.44261E-01 1.44261E-01 1.44261E-01 2.57762E-01 2.57762E-01 2.57762E-01 2.57762E-01 2.57762E-01 2.57762E-01 4.60562E-01 4.60562E-01 4.60562E-01 4.60562E-01 4.60562E-01 4.60562E-01 
1.58489E+00 1.58489E+00 2.51189E+00 1.58489E+00 2.51189E+00 1.58489E+00 2.51189E+00 3.98107E+00 1.58489E+00 2.51189E+00 3.98107E+00 6.30957E+00 1.58489E+00 2.51189E+00 3.98107E+00 6.30957E+00 1.58489E+00 2.51189E+00 3.98107E+00 6.30957E+00 9.99999E+00 1.58489E+00 2.51189E+00 3.98107E+00 6.30957E+00 9.99999E+00 1.58489E+00 2.51189E+00 3.98107E+00 6.30957E+00 9.99999E+00 1.58489E+01 1.58489E+00 2.51189E+00 3.98107E+00 6.30957E+00 9.99999E+00 1.58489E+01 2.51189E+01 2.51189E+00 3.98107E+00 6.30957E+00 9.99999E+00 1.58489E+01 2.51189E+01 3.98107E+00 6.30957E+00 9.99999E+00 1.58489E+01 2.51189E+01 3.98107E+01 6.30957E+00 9.99999E+00 1.58489E+01 2.51189E+01 3.98107E+01 6.30957E+01 
90000 
2.21062E-04 
2.19837E-04 
5.25869E-04 
2.18457E-04 
5.24165E-04 
2.16815E-04 
5.22712E-04 
1.28419E-03 
2.14923E-04 
5.20922E-04 
1.28191E-03 
3.23530E-03 
2.12941E-04 
5.18825E-04 
1.27971E-03 
3.22383E-03 
2.11195E-04 
5.16866E-04 
1.27776E-03 
3.20823E-03 
8.11831E-03 
2.09767E-04 
5.14816E-04 
1.27456E-03 
3.18661E-03 
8.04774E-03 
2.06627E-04 
5.07807E-04 
1.25789E-03 
3.13261E-03 
7.88653E-03 
1.99566E-02 
1.96801E-04 
4.85063E-04 
1.20321E-03 
2.99239E-03 
7.51213E-03 
1.89419E-02 
4.83993E-02 
4.48327E-04 
1.11606E-03 
2.78093E-03 
6.97464E-03 
1.75541E-02 
4.46161E-02 
1.03715E-03 
2.58964E-03 
6.48983E-03 
1.63077E-02 
4.12564E-02 
1.06368E-01 
2.40809E-03 
6.03114E-03 
1.51373E-02 
3.81584E-02 
9.72770E-02 
2.55838E-01 
---
