PdfType: replica
Format: lhagrid1
---
4.34963E-04 7.77181E-04 7.77181E-04 1.38865E-03 1.38865E-03 2.48120E-03 2.48120E-03 2.48120E-03 4.43334E-03 4.43334E-03 4.43334E-03 4.43334E-03 7.92137E-03 7.92137E-03 7.92137E-03 7.92137E-03 1.41537E-02 1.41537E-02 1.41537E-02 1.41537E-02 1.41537E-02 2.52895E-02 2.52895E-02 2.52895E-02 2.52895E-02 2.52895E-02 4.51866E-02 4.51866E-02 4.51866E-02 4.51866E-02 4.51866E-02 4.51866E-02 8.07383E-02 8.07383E-02 8.07383E-02 8.07383E-02 8.07383E-02 8.07383E-02 8.07383E-02 1.44261E-01 1.44261E-01 1.44261E-01 1.44261E-01 1.44261E-01 1.44261E-01 2.57762E-01 2.57762E-01 2.57762E-01 2.57762E-01 2.57762E-01 2.57762E-01 4.60562E-01 4.60562E-01 4.60562E-01 4.60562E-01 4.60562E-01 4.60562E-01 
1.58489E+00 1.58489E+00 2.51189E+00 1.58489E+00 2.51189E+00 1.58489E+00 2.51189E+00 3.98107E+00 1.58489E+00 2.51189E+00 3.98107E+00 6.30957E+00 1.58489E+00 2.51189E+00 3.98107E+00 6.30957E+00 1.58489E+00 2.51189E+00 3.98107E+00 6.30957E+00 9.99999E+00 1.58489E+00 2.51189E+00 3.98107E+00 6.30957E+00 9.99999E+00 1.58489E+00 2.51189E+00 3.98107E+00 6.30957E+00 9.99999E+00 1.58489E+01 1.58489E+00 2.51189E+00 3.98107E+00 6.30957E+00 9.99999E+00 1.58489E+01 2.51189E+01 2.51189E+00 3.98107E+00 6.30957E+00 9.99999E+00 1.58489E+01 2.51189E+01 3.98107E+00 6.30957E+00 9.99999E+00 1.58489E+01 2.51189E+01 3.98107E+01 6.30957E+00 9.99999E+00 1.58489E+01 2.51189E+01 3.98107E+01 6.30957E+01 
90000 
2.19357E-04 
2.17942E-04 
5.22693E-04 
2.16443E-04 
5.20782E-04 
2.14828E-04 
5.19317E-04 
1.27790E-03 
2.13177E-04 
5.17865E-04 
1.27618E-03 
3.22398E-03 
2.11653E-04 
5.16481E-04 
1.27523E-03 
3.21451E-03 
2.10408E-04 
5.15339E-04 
1.27479E-03 
3.20153E-03 
8.10451E-03 
2.09193E-04 
5.13800E-04 
1.27282E-03 
3.18299E-03 
8.04048E-03 
2.06243E-04 
5.07726E-04 
1.25891E-03 
3.13681E-03 
7.89856E-03 
1.99863E-02 
1.98041E-04 
4.88656E-04 
1.21266E-03 
3.01611E-03 
7.57025E-03 
1.90811E-02 
4.87111E-02 
4.54517E-04 
1.13000E-03 
2.81248E-03 
7.04693E-03 
1.77193E-02 
4.49842E-02 
1.04226E-03 
2.60206E-03 
6.51804E-03 
1.63725E-02 
4.14046E-02 
1.06697E-01 
2.40697E-03 
6.02148E-03 
1.51003E-02 
3.80416E-02 
9.69468E-02 
2.55024E-01 
---
