PdfType: replica
Format: lhagrid1
---
4.34963E-04 7.77181E-04 7.77181E-04 1.38865E-03 1.38865E-03 2.48120E-03 2.48120E-03 2.48120E-03 4.43334E-03 4.43334E-03 4.43334E-03 4.43334E-03 7.92137E-03 7.92137E-03 7.92137E-03 7.92137E-03 1.41537E-02 1.41537E-02 1.41537E-02 1.41537E-02 1.41537E-02 2.52895E-02 2.52895E-02 2.52895E-02 2.52895E-02 2.52895E-02 4.51866E-02 4.51866E-02 4.51866E-02 4.51866E-02 4.51866E-02 4.51866E-02 8.07383E-02 8.07383E-02 8.07383E-02 8.07383E-02 8.07383E-02 8.07383E-02 8.07383E-02 1.44261E-01 1.44261E-01 1.44261E-01 1.44261E-01 1.44261E-01 1.44261E-01 2.57762E-01 2.57762E-01 2.57762E-01 2.57762E-01 2.57762E-01 2.57762E-01 4.60562E-01 4.60562E-01 4.60562E-01 4.60562E-01 4.60562E-01 4.60562E-01 
1.58489E+00 1.58489E+00 2.51189E+00 1.58489E+00 2.51189E+00 1.58489E+00 2.51189E+00 3.98107E+00 1.58489E+00 2.51189E+00 3.98107E+00 6.30957E+00 1.58489E+00 2.51189E+00 3.98107E+00 6.30957E+00 1.58489E+00 2.51189E+00 3.98107E+00 6.30957E+00 9.99999E+00 1.58489E+00 2.51189E+00 3.98107E+00 6.30957E+00 9.99999E+00 1.58489E+00 2.51189E+00 3.98107E+00 6.30957E+00 9.99999E+00 1.58489E+01 1.58489E+00 2.51189E+00 3.98107E+00 6.30957E+00 9.99999E+00 1.58489E+01 2.51189E+01 2.51189E+00 3.98107E+00 6.30957E+00 9.99999E+00 1.58489E+01 2.51189E+01 3.98107E+00 6.30957E+00 9.99999E+00 1.58489E+01 2.51189E+01 3.98107E+01 6.30957E+00 9.99999E+00 1.58489E+01 2.51189E+01 3.98107E+01 6.30957E+01 
90000 
2.19757E-04 
2.18542E-04 
5.23686E-04 
2.17302E-04 
5.22290E-04 
2.16000E-04 
5.21487E-04 
1.28219E-03 
2.14707E-04 
5.20814E-04 
1.28217E-03 
3.23664E-03 
2.13567E-04 
5.20273E-04 
1.28309E-03 
3.23139E-03 
2.12710E-04 
5.19956E-04 
1.28454E-03 
3.22279E-03 
8.15151E-03 
2.11811E-04 
5.19100E-04 
1.28426E-03 
3.20831E-03 
8.09813E-03 
2.08988E-04 
5.13482E-04 
1.27176E-03 
3.16594E-03 
7.96652E-03 
2.01465E-02 
2.00604E-04 
4.94264E-04 
1.22545E-03 
3.04586E-03 
7.64008E-03 
1.92477E-02 
4.91184E-02 
4.58597E-04 
1.13954E-03 
2.83528E-03 
7.10099E-03 
1.78491E-02 
4.53024E-02 
1.04820E-03 
2.61455E-03 
6.54464E-03 
1.64295E-02 
4.15269E-02 
1.06955E-01 
2.39843E-03 
6.00018E-03 
1.50464E-02 
3.79041E-02 
9.65949E-02 
2.54129E-01 
---
