PdfType: replica
Format: lhagrid1
---
4.34963E-04 7.77181E-04 7.77181E-04 1.38865E-03 1.38865E-03 2.48120E-03 2.48120E-03 2.48120E-03 4.43334E-03 4.43334E-03 4.43334E-03 4.43334E-03 7.92137E-03 7.92137E-03 7.92137E-03 7.92137E-03 1.41537E-02 1.41537E-02 1.41537E-02 1.41537E-02 1.41537E-02 2.52895E-02 2.52895E-02 2.52895E-02 2.52895E-02 2.52895E-02 4.51866E-02 4.51866E-02 4.51866E-02 4.51866E-02 4.51866E-02 4.51866E-02 8.07383E-02 8.07383E-02 8.07383E-02 8.07383E-02 8.07383E-02 8.07383E-02 8.07383E-02 1.44261E-01 1.44261E-01 1.44261E-01 1.44261E-01 1.44261E-01 1.44261E-01 2.57762E-01 2.57762E-01 2.57762E-01 2.57762E-01 2.57762E-01 2.57762E-01 4.60562E-01 4.60562E-01 4.60562E-01 4.60562E-01 4.60562E-01 4.60562E-01 
1.58489E+00 1.58489E+00 2.51189E+00 1.58489E+00 2.51189E+00 1.58489E+00 2.51189E+00 3.98107E+00 1.58489E+00 2.51189E+00 3.98107E+00 6.30957E+00 1.58489E+00 2.51189E+00 3.98107E+00 6.30957E+00 1.58489E+00 2.51189E+00 3.98107E+00 6.30957E+00 9.99999E+00 1.58489E+00 2.51189E+00 3.98107E+00 6.30957E+00 9.99999E+00 1.58489E+00 2.51189E+00 3.98107E+00 6.30957E+00 9.99999E+00 1.58489E+01 1.58489E+00 2.51189E+00 3.98107E+00 6.30957E+00 9.99999E+00 1.58489E+01 2.51189E+01 2.51189E+00 3.98107E+00 6.30957E+00 9.99999E+00 1.58489E+01 2.51189E+01 3.98107E+00 6.30957E+00 9.99999E+00 1.58489E+01 2.51189E+01 3.98107E+01 6.30957E+00 9.99999E+00 1.58489E+01 2.51189E+01 3.98107E+01 6.30957E+01 
90000 
2.19885E-04 
2.18519E-04 
5.23829E-04 
2.17068E-04 
5.22015E-04 
2.15515E-04 
5.20721E-04 
1.28069E-03 
2.13998E-04 
5.19609E-04 
1.27981E-03 
3.23145E-03 
2.12795E-04 
5.18937E-04 
1.28050E-03 
3.22588E-03 
2.12184E-04 
5.19045E-04 
1.28276E-03 
3.21894E-03 
8.14202E-03 
2.11702E-04 
5.18815E-04 
1.28348E-03 
3.20618E-03 
8.09176E-03 
2.08667E-04 
5.12499E-04 
1.26901E-03 
3.15889E-03 
7.94777E-03 
2.00955E-02 
1.99296E-04 
4.91266E-04 
1.21844E-03 
3.02928E-03 
7.60073E-03 
1.91520E-02 
4.88726E-02 
4.56464E-04 
1.13483E-03 
2.82424E-03 
7.07546E-03 
1.77883E-02 
4.51499E-02 
1.04528E-03 
2.60793E-03 
6.52914E-03 
1.63929E-02 
4.14382E-02 
1.06723E-01 
2.40541E-03 
6.01889E-03 
1.50955E-02 
3.80308E-02 
9.69098E-02 
2.54835E-01 
---
