PdfType: replica
Format: lhagrid1
---
4.34963E-04 7.77181E-04 7.77181E-04 1.38865E-03 1.38865E-03 2.48120E-03 2.48120E-03 2.48120E-03 4.43334E-03 4.43334E-03 4.43334E-03 4.43334E-03 7.92137E-03 7.92137E-03 7.92137E-03 7.92137E-03 1.41537E-02 1.41537E-02 1.41537E-02 1.41537E-02 1.41537E-02 2.52895E-02 2.52895E-02 2.52895E-02 2.52895E-02 2.52895E-02 4.51866E-02 4.51866E-02 4.51866E-02 4.51866E-02 4.51866E-02 4.51866E-02 8.07383E-02 8.07383E-02 8.07383E-02 8.07383E-02 8.07383E-02 8.07383E-02 8.07383E-02 1.44261E-01 1.44261E-01 1.44261E-01 1.44261E-01 1.44261E-01 1.44261E-01 2.57762E-01 2.57762E-01 2.57762E-01 2.57762E-01 2.57762E-01 2.57762E-01 4.60562E-01 4.60562E-01 4.60562E-01 4.60562E-01 4.60562E-01 4.60562E-01 
1.58489E+00 1.58489E+00 2.51189E+00 1.58489E+00 2.51189E+00 1.58489E+00 2.51189E+00 3.98107E+00 1.58489E+00 2.51189E+00 3.98107E+00 6.30957E+00 1.58489E+00 2.51189E+00 3.98107E+00 6.30957E+00 1.58489E+00 2.51189E+00 3.98107E+00 6.30957E+00 9.99999E+00 1.58489E+00 2.51189E+00 3.98107E+00 6.30957E+00 9.99999E+00 1.58489E+00 2.51189E+00 3.98107E+00 6.30957E+00 9.99999E+00 1.58489E+01 1.58489E+00 2.51189E+00 3.98107E+00 6.30957E+00 9.99999E+00 1.58489E+01 2.51189E+01 2.51189E+00 3.98107E+00 6.30957E+00 9.99999E+00 1.58489E+01 2.51189E+01 3.98107E+00 6.30957E+00 9.99999E+00 1.58489E+01 2.51189E+01 3.98107E+01 6.30957E+00 9.99999E+00 1.58489E+01 2.51189E+01 3.98107E+01 6.30957E+01 
90000 
2.20325E-04 
2.19292E-04 
5.25073E-04 
2.18303E-04 
5.24083E-04 
2.17314E-04 
5.23855E-04 
1.28692E-03 
2.16363E-04 
5.23879E-04 
1.28832E-03 
3.24918E-03 
2.15517E-04 
5.24003E-04 
1.29067E-03 
3.24707E-03 
2.14739E-04 
5.23902E-04 
1.29253E-03 
3.23957E-03 
8.18611E-03 
2.13426E-04 
5.22085E-04 
1.28997E-03 
3.21977E-03 
8.12004E-03 
2.09491E-04 
5.13896E-04 
1.27160E-03 
3.16360E-03 
7.95736E-03 
2.01140E-02 
1.99625E-04 
4.91599E-04 
1.21862E-03 
3.02882E-03 
7.59756E-03 
1.91407E-02 
4.88429E-02 
4.54458E-04 
1.12969E-03 
2.81266E-03 
7.04677E-03 
1.77193E-02 
4.49890E-02 
1.04229E-03 
2.60170E-03 
6.51851E-03 
1.63756E-02 
4.14116E-02 
1.06678E-01 
2.40426E-03 
6.01757E-03 
1.50947E-02 
3.80321E-02 
9.69138E-02 
2.54808E-01 
---
