PdfType: replica
Format: lhagrid1
---
4.34963E-04 7.77181E-04 7.77181E-04 1.38865E-03 1.38865E-03 2.48120E-03 2.48120E-03 2.48120E-03 4.43334E-03 4.43334E-03 4.43334E-03 4.43334E-03 7.92137E-03 7.92137E-03 7.92137E-03 7.92137E-03 1.41537E-02 1.41537E-02 1.41537E-02 1.41537E-02 1.41537E-02 2.52895E-02 2.52895E-02 2.52895E-02 2.52895E-02 2.52895E-02 4.51866E-02 4.51866E-02 4.51866E-02 4.51866E-02 4.51866E-02 4.51866E-02 8.07383E-02 8.07383E-02 8.07383E-02 8.07383E-02 8.07383E-02 8.07383E-02 8.07383E-02 1.44261E-01 1.44261E-01 1.44261E-01 1.44261E-01 1.44261E-01 1.44261E-01 2.57762E-01 2.57762E-01 2.57762E-01 2.57762E-01 2.57762E-01 2.57762E-01 4.60562E-01 4.60562E-01 4.60562E-01 4.60562E-01 4.60562E-01 4.60562E-01 
1.58489E+00 1.58489E+00 2.51189E+00 1.58489E+00 2.51189E+00 1.58489E+00 2.51189E+00 3.98107E+00 1.58489E+00 2.51189E+00 3.98107E+00 6.30957E+00 1.58489E+00 2.51189E+00 3.98107E+00 6.30957E+00 1.58489E+00 2.51189E+00 3.98107E+00 6.30957E+00 9.99999E+00 1.58489E+00 2.51189E+00 3.98107E+00 6.30957E+00 9.99999E+00 1.58489E+00 2.51189E+00 3.98107E+00 6.30957E+00 9.99999E+00 1.58489E+01 1.58489E+00 2.51189E+00 3.98107E+00 6.30957E+00 9.99999E+00 1.58489E+01 2.51189E+01 2.51189E+00 3.98107E+00 6.30957E+00 9.99999E+00 1.58489E+01 2.51189E+01 3.98107E+00 6.30957E+00 9.99999E+00 1.58489E+01 2.51189E+01 3.98107E+01 6.30957E+00 9.99999E+00 1.58489E+01 2.51189E+01 3.98107E+01 6.30957E+01 
90000 
2.20237E-04 
2.19077E-04 
5.24448E-04 
2.17889E-04 
5.23156E-04 
2.16627E-04 
5.22479E-04 
1.28393E-03 
2.15368E-04 
5.21934E-04 
1.28420E-03 
3.24083E-03 
2.14287E-04 
5.21530E-04 
1.28545E-03 
3.23606E-03 
2.13547E-04 
5.21370E-04 
1.28720E-03 
3.22765E-03 
8.16128E-03 
2.12710E-04 
5.20515E-04 
1.28687E-03 
3.21263E-03 
8.10685E-03 
2.09468E-04 
5.14133E-04 
1.27277E-03 
3.16712E-03 
7.96737E-03 
2.01437E-02 
2.00232E-04 
4.93352E-04 
1.22314E-03 
3.04041E-03 
7.62509E-03 
1.92074E-02 
4.90085E-02 
4.57097E-04 
1.13602E-03 
2.82719E-03 
7.08154E-03 
1.78020E-02 
4.51840E-02 
1.04631E-03 
2.61024E-03 
6.53507E-03 
1.64076E-02 
4.14740E-02 
1.06814E-01 
2.39697E-03 
5.99613E-03 
1.50355E-02 
3.78763E-02 
9.65295E-02 
2.54017E-01 
---
