PdfType: replica
Format: lhagrid1
---
4.34963E-04 7.77181E-04 7.77181E-04 1.38865E-03 1.38865E-03 2.48120E-03 2.48120E-03 2.48120E-03 4.43334E-03 4.43334E-03 4.43334E-03 4.43334E-03 7.92137E-03 7.92137E-03 7.92137E-03 7.92137E-03 1.41537E-02 1.41537E-02 1.41537E-02 1.41537E-02 1.41537E-02 2.52895E-02 2.52895E-02 2.52895E-02 2.52895E-02 2.52895E-02 4.51866E-02 4.51866E-02 4.51866E-02 4.51866E-02 4.51866E-02 4.51866E-02 8.07383E-02 8.07383E-02 8.07383E-02 8.07383E-02 8.07383E-02 8.07383E-02 8.07383E-02 1.44261E-01 1.44261E-01 1.44261E-01 1.44261E-01 1.44261E-01 1.44261E-01 2.57762E-01 2.57762E-01 2.57762E-01 2.57762E-01 2.57762E-01 2.57762E-01 4.60562E-01 4.60562E-01 4.60562E-01 4.60562E-01 4.60562E-01 4.60562E-01 
1.58489E+00 1.58489E+00 2.51189E+00 1.58489E+00 2.51189E+00 1.58489E+00 2.51189E+00 3.98107E+00 1.58489E+00 2.51189E+00 3.98107E+00 6.30957E+00 1.58489E+00 2.51189E+00 3.98107E+00 6.30957E+00 1.58489E+00 2.51189E+00 3.98107E+00 6.30957E+00 9.99999E+00 1.58489E+00 2.51189E+00 3.98107E+00 6.30957E+00 9.99999E+00 1.58489E+00 2.51189E+00 3.98107E+00 6.30957E+00 9.99999E+00 1.58489E+01 1.58489E+00 2.51189E+00 3.98107E+00 6.30957E+00 9.99999E+00 1.58489E+01 2.51189E+01 2.51189E+00 3.98107E+00 6.30957E+00 9.99999E+00 1.58489E+01 2.51189E+01 3.98107E+00 6.30957E+00 9.99999E+00 1.58489E+01 2.51189E+01 3.98107E+01 6.30957E+00 9.99999E+00 1.58489E+01 2.51189E+01 3.98107E+01 6.30957E+01 
90000 
2.19884E-04 
2.18611E-04 
5.23663E-04 
2.17329E-04 
5.22164E-04 
2.16025E-04 
5.21369E-04 
1.28171E-03 
2.14821E-04 
5.20929E-04 
1.28230E-03 
3.23587E-03 
2.13939E-04 
5.21003E-04 
1.28465E-03 
3.23413E-03 
2.13540E-04 
5.21666E-04 
1.28816E-03 
3.23028E-03 
8.16606E-03 
2.13011E-04 
5.21372E-04 
1.28870E-03 
3.21732E-03 
8.11521E-03 
2.09548E-04 
5.14002E-04 
1.27172E-03 
3.16419E-03 
7.95780E-03 
2.01143E-02 
1.99145E-04 
4.90511E-04 
1.21604E-03 
3.02325E-03 
7.58459E-03 
1.91109E-02 
4.87745E-02 
4.53850E-04 
1.12885E-03 
2.81097E-03 
7.04539E-03 
1.77204E-02 
4.49995E-02 
1.04326E-03 
2.60197E-03 
6.51485E-03 
1.63574E-02 
4.13490E-02 
1.06505E-01 
2.37701E-03 
5.94731E-03 
1.49156E-02 
3.75794E-02 
9.57827E-02 
2.52057E-01 
---
