PdfType: replica
Format: lhagrid1
---
4.34963E-04 7.77181E-04 7.77181E-04 1.38865E-03 1.38865E-03 2.48120E-03 2.48120E-03 2.48120E-03 4.43334E-03 4.43334E-03 4.43334E-03 4.43334E-03 7.92137E-03 7.92137E-03 7.92137E-03 7.92137E-03 1.41537E-02 1.41537E-02 1.41537E-02 1.41537E-02 1.41537E-02 2.52895E-02 2.52895E-02 2.52895E-02 2.52895E-02 2.52895E-02 4.51866E-02 4.51866E-02 4.51866E-02 4.51866E-02 4.51866E-02 4.51866E-02 8.07383E-02 8.07383E-02 8.07383E-02 8.07383E-02 8.07383E-02 8.07383E-02 8.07383E-02 1.44261E-01 1.44261E-01 1.44261E-01 1.44261E-01 1.44261E-01 1.44261E-01 2.57762E-01 2.57762E-01 2.57762E-01 2.57762E-01 2.57762E-01 2.57762E-01 4.60562E-01 4.60562E-01 4.60562E-01 4.60562E-01 4.60562E-01 4.60562E-01 
1.58489E+00 1.58489E+00 2.51189E+00 1.58489E+00 2.51189E+00 1.58489E+00 2.51189E+00 3.98107E+00 1.58489E+00 2.51189E+00 3.98107E+00 6.30957E+00 1.58489E+00 2.51189E+00 3.98107E+00 6.30957E+00 1.58489E+00 2.51189E+00 3.98107E+00 6.30957E+00 9.99999E+00 1.58489E+00 2.51189E+00 3.98107E+00 6.30957E+00 9.99999E+00 1.58489E+00 2.51189E+00 3.98107E+00 6.30957E+00 9.99999E+00 1.58489E+01 1.58489E+00 2.51189E+00 3.98107E+00 6.30957E+00 9.99999E+00 1.58489E+01 2.51189E+01 2.51189E+00 3.98107E+00 6.30957E+00 9.99999E+00 1.58489E+01 2.51189E+01 3.98107E+00 6.30957E+00 9.99999E+00 1.58489E+01 2.51189E+01 3.98107E+01 6.30957E+00 9.99999E+00 1.58489E+01 2.51189E+01 3.98107E+01 6.30957E+01 
90000 
2.15781E-04 
2.14876E-04 
5.17894E-04 
2.14200E-04 
5.17380E-04 
2.13739E-04 
5.17900E-04 
1.27582E-03 
2.13497E-04 
5.18971E-04 
1.27903E-03 
3.23071E-03 
2.13392E-04 
5.20172E-04 
1.28311E-03 
3.23185E-03 
2.13057E-04 
5.20582E-04 
1.28554E-03 
3.22484E-03 
8.15318E-03 
2.11568E-04 
5.18297E-04 
1.28195E-03 
3.20258E-03 
8.08227E-03 
2.07520E-04 
5.10421E-04 
1.26522E-03 
3.15145E-03 
7.93473E-03 
2.00704E-02 
1.99854E-04 
4.93449E-04 
1.22507E-03 
3.04737E-03 
7.64885E-03 
1.92773E-02 
4.91975E-02 
4.62944E-04 
1.14986E-03 
2.86059E-03 
7.16129E-03 
1.79940E-02 
4.56509E-02 
1.05358E-03 
2.62682E-03 
6.57421E-03 
1.65007E-02 
4.16957E-02 
1.07335E-01 
2.39296E-03 
5.98478E-03 
1.50043E-02 
3.77918E-02 
9.63034E-02 
2.53417E-01 
---
