PdfType: replica
Format: lhagrid1
---
4.34963E-04 7.77181E-04 7.77181E-04 1.38865E-03 1.38865E-03 2.48120E-03 2.48120E-03 2.48120E-03 4.43334E-03 4.43334E-03 4.43334E-03 4.43334E-03 7.92137E-03 7.92137E-03 7.92137E-03 7.92137E-03 1.41537E-02 1.41537E-02 1.41537E-02 1.41537E-02 1.41537E-02 2.52895E-02 2.52895E-02 2.52895E-02 2.52895E-02 2.52895E-02 4.51866E-02 4.51866E-02 4.51866E-02 4.51866E-02 4.51866E-02 4.51866E-02 8.07383E-02 8.07383E-02 8.07383E-02 8.07383E-02 8.07383E-02 8.07383E-02 8.07383E-02 1.44261E-01 1.44261E-01 1.44261E-01 1.44261E-01 1.44261E-01 1.44261E-01 2.57762E-01 2.57762E-01 2.57762E-01 2.57762E-01 2.57762E-01 2.57762E-01 4.60562E-01 4.60562E-01 4.60562E-01 4.60562E-01 4.60562E-01 4.60562E-01 
1.58489E+00 1.58489E+00 2.51189E+00 1.58489E+00 2.51189E+00 1.58489E+00 2.51189E+00 3.98107E+00 1.58489E+00 2.51189E+00 3.98107E+00 6.30957E+00 1.58489E+00 2.51189E+00 3.98107E+00 6.30957E+00 1.58489E+00 2.51189E+00 3.98107E+00 6.30957E+00 9.99999E+00 1.58489E+00 2.51189E+00 3.98107E+00 6.30957E+00 9.99999E+00 1.58489E+00 2.51189E+00 3.98107E+00 6.30957E+00 9.99999E+00 1.58489E+01 1.58489E+00 2.51189E+00 3.98107E+00 6.30957E+00 9.99999E+00 1.58489E+01 2.51189E+01 2.51189E+00 3.98107E+00 6.30957E+00 9.99999E+00 1.58489E+01 2.51189E+01 3.98107E+00 6.30957E+00 9.99999E+00 1.58489E+01 2.51189E+01 3.98107E+01 6.30957E+00 9.99999E+00 1.58489E+01 2.51189E+01 3.98107E+01 6.30957E+01 
90000 
2.19944E-04 
2.18725E-04 
5.24042E-04 
2.17476E-04 
5.22589E-04 
2.16143E-04 
5.21710E-04 
1.28262E-03 
2.14783E-04 
5.20923E-04 
1.28237E-03 
3.23671E-03 
2.13541E-04 
5.20253E-04 
1.28311E-03 
3.23128E-03 
2.12601E-04 
5.19890E-04 
1.28455E-03 
3.22306E-03 
8.15149E-03 
2.11773E-04 
5.19205E-04 
1.28460E-03 
3.20934E-03 
8.09965E-03 
2.09139E-04 
5.13695E-04 
1.27194E-03 
3.16588E-03 
7.96512E-03 
2.01391E-02 
2.00392E-04 
4.93450E-04 
1.22310E-03 
3.03950E-03 
7.62392E-03 
1.92063E-02 
4.90083E-02 
4.56569E-04 
1.13500E-03 
2.82507E-03 
7.07763E-03 
1.77951E-02 
4.51746E-02 
1.04850E-03 
2.61613E-03 
6.55035E-03 
1.64470E-02 
4.15761E-02 
1.07084E-01 
2.40238E-03 
6.00961E-03 
1.50692E-02 
3.79593E-02 
9.67263E-02 
2.54418E-01 
---
