PdfType: replica
Format: lhagrid1
---
4.34963E-04 7.77181E-04 7.77181E-04 1.38865E-03 1.38865E-03 2.48120E-03 2.48120E-03 2.48120E-03 4.43334E-03 4.43334E-03 4.43334E-03 4.43334E-03 7.92137E-03 7.92137E-03 7.92137E-03 7.92137E-03 1.41537E-02 1.41537E-02 1.41537E-02 1.41537E-02 1.41537E-02 2.52895E-02 2.52895E-02 2.52895E-02 2.52895E-02 2.52895E-02 4.51866E-02 4.51866E-02 4.51866E-02 4.51866E-02 4.51866E-02 4.51866E-02 8.07383E-02 8.07383E-02 8.07383E-02 8.07383E-02 8.07383E-02 8.07383E-02 8.07383E-02 1.44261E-01 1.44261E-01 1.44261E-01 1.44261E-01 1.44261E-01 1.44261E-01 2.57762E-01 2.57762E-01 2.57762E-01 2.57762E-01 2.57762E-01 2.57762E-01 4.60562E-01 4.60562E-01 4.60562E-01 4.60562E-01 4.60562E-01 4.60562E-01 
1.58489E+00 1.58489E+00 2.51189E+00 1.58489E+00 2.51189E+00 1.58489E+00 2.51189E+00 3.98107E+00 1.58489E+00 2.51189E+00 3.98107E+00 6.30957E+00 1.58489E+00 2.51189E+00 3.98107E+00 6.30957E+00 1.58489E+00 2.51189E+00 3.98107E+00 6.30957E+00 9.99999E+00 1.58489E+00 2.51189E+00 3.98107E+00 6.30957E+00 9.99999E+00 1.58489E+00 2.51189E+00 3.98107E+00 6.30957E+00 9.99999E+00 1.58489E+01 1.58489E+00 2.51189E+00 3.98107E+00 6.30957E+00 9.99999E+00 1.58489E+01 2.51189E+01 2.51189E+00 3.98107E+00 6.30957E+00 9.99999E+00 1.58489E+01 2.51189E+01 3.98107E+00 6.30957E+00 9.99999E+00 1.58489E+01 2.51189E+01 3.98107E+01 6.30957E+00 9.99999E+00 1.58489E+01 2.51189E+01 3.98107E+01 6.30957E+01 
90000 
2.20101E-04 
2.18985E-04 
5.24482E-04 
2.17860E-04 
5.23234E-04 
2.16657E-04 
5.22586E-04 
1.28424E-03 
2.15404E-04 
5.22000E-04 
1.28438E-03 
3.24095E-03 
2.14193E-04 
5.21392E-04 
1.28523E-03 
3.23578E-03 
2.13145E-04 
5.20819E-04 
1.28627E-03 
3.22663E-03 
8.15849E-03 
2.12089E-04 
5.19743E-04 
1.28570E-03 
3.21161E-03 
8.10514E-03 
2.09493E-04 
5.14595E-04 
1.27440E-03 
3.17192E-03 
7.98133E-03 
2.01805E-02 
2.01619E-04 
4.96503E-04 
1.23060E-03 
3.05802E-03 
7.66852E-03 
1.93143E-02 
4.92741E-02 
4.60208E-04 
1.14275E-03 
2.84297E-03 
7.11742E-03 
1.78857E-02 
4.53847E-02 
1.04737E-03 
2.61264E-03 
6.54222E-03 
1.64275E-02 
4.15265E-02 
1.06939E-01 
2.39261E-03 
5.98499E-03 
1.50067E-02 
3.78005E-02 
9.63244E-02 
2.53419E-01 
---
