PdfType: replica
Format: lhagrid1
---
4.34963E-04 7.77181E-04 7.77181E-04 1.38865E-03 1.38865E-03 2.48120E-03 2.48120E-03 2.48120E-03 4.43334E-03 4.43334E-03 4.43334E-03 4.43334E-03 7.92137E-03 7.92137E-03 7.92137E-03 7.92137E-03 1.41537E-02 1.41537E-02 1.41537E-02 1.41537E-02 1.41537E-02 2.52895E-02 2.52895E-02 2.52895E-02 2.52895E-02 2.52895E-02 4.51866E-02 4.51866E-02 4.51866E-02 4.51866E-02 4.51866E-02 4.51866E-02 8.07383E-02 8.07383E-02 8.07383E-02 8.07383E-02 8.07383E-02 8.07383E-02 8.07383E-02 1.44261E-01 1.44261E-01 1.44261E-01 1.44261E-01 1.44261E-01 1.44261E-01 2.57762E-01 2.57762E-01 2.57762E-01 2.57762E-01 2.57762E-01 2.57762E-01 4.60562E-01 4.60562E-01 4.60562E-01 4.60562E-01 4.60562E-01 4.60562E-01 
1.58489E+00 1.58489E+00 2.51189E+00 1.58489E+00 2.51189E+00 1.58489E+00 2.51189E+00 3.98107E+00 1.58489E+00 2.51189E+00 3.98107E+00 6.30957E+00 1.58489E+00 2.51189E+00 3.98107E+00 6.30957E+00 1.58489E+00 2.51189E+00 3.98107E+00 6.30957E+00 9.99999E+00 1.58489E+00 2.51189E+00 3.98107E+00 6.30957E+00 9.99999E+00 1.58489E+00 2.51189E+00 3.98107E+00 6.30957E+00 9.99999E+00 1.58489E+01 1.58489E+00 2.51189E+00 3.98107E+00 6.30957E+00 9.99999E+00 1.58489E+01 2.51189E+01 2.51189E+00 3.98107E+00 6.30957E+00 9.99999E+00 1.58489E+01 2.51189E+01 3.98107E+00 6.30957E+00 9.99999E+00 1.58489E+01 2.51189E+01 3.98107E+01 6.30957E+00 9.99999E+00 1.58489E+01 2.51189E+01 3.98107E+01 6.30957E+01 
90000 
2.19557E-04 
2.18237E-04 
5.23255E-04 
2.16877E-04 
5.21589E-04 
2.15446E-04 
5.20500E-04 
1.28032E-03 
2.14035E-04 
5.19598E-04 
1.27982E-03 
3.23178E-03 
2.12859E-04 
5.19053E-04 
1.28080E-03 
3.22687E-03 
2.12207E-04 
5.19235E-04 
1.28333E-03 
3.22061E-03 
8.14663E-03 
2.11894E-04 
5.19370E-04 
1.28482E-03 
3.20906E-03 
8.09862E-03 
2.09287E-04 
5.13534E-04 
1.27098E-03 
3.16200E-03 
7.95427E-03 
2.01096E-02 
1.99252E-04 
4.90847E-04 
1.21717E-03 
3.02577E-03 
7.59114E-03 
1.91270E-02 
4.88094E-02 
4.55079E-04 
1.13238E-03 
2.82118E-03 
7.07082E-03 
1.77842E-02 
4.51563E-02 
1.05313E-03 
2.62969E-03 
6.58892E-03 
1.65529E-02 
4.18569E-02 
1.07789E-01 
2.45091E-03 
6.13635E-03 
1.53961E-02 
3.87934E-02 
9.88206E-02 
2.59471E-01 
---
