PdfType: replica
Format: lhagrid1
---
4.34963E-04 7.77181E-04 7.77181E-04 1.38865E-03 1.38865E-03 2.48120E-03 2.48120E-03 2.48120E-03 4.43334E-03 4.43334E-03 4.43334E-03 4.43334E-03 7.92137E-03 7.92137E-03 7.92137E-03 7.92137E-03 1.41537E-02 1.41537E-02 1.41537E-02 1.41537E-02 1.41537E-02 2.52895E-02 2.52895E-02 2.52895E-02 2.52895E-02 2.52895E-02 4.51866E-02 4.51866E-02 4.51866E-02 4.51866E-02 4.51866E-02 4.51866E-02 8.07383E-02 8.07383E-02 8.07383E-02 8.07383E-02 8.07383E-02 8.07383E-02 8.07383E-02 1.44261E-01 1.44261E-01 1.44261E-01 1.44261E-01 1.44261E-01 1.44261E-01 2.57762E-01 2.57762E-01 2.57762E-01 2.57762E-01 2.57762E-01 2.57762E-01 4.60562E-01 4.60562E-01 4.60562E-01 4.60562E-01 4.60562E-01 4.60562E-01 
1.58489E+00 1.58489E+00 2.51189E+00 1.58489E+00 2.51189E+00 1.58489E+00 2.51189E+00 3.98107E+00 1.58489E+00 2.51189E+00 3.98107E+00 6.30957E+00 1.58489E+00 2.51189E+00 3.98107E+00 6.30957E+00 1.58489E+00 2.51189E+00 3.98107E+00 6.30957E+00 9.99999E+00 1.58489E+00 2.51189E+00 3.98107E+00 6.30957E+00 9.99999E+00 1.58489E+00 2.51189E+00 3.98107E+00 6.30957E+00 9.99999E+00 1.58489E+01 1.58489E+00 2.51189E+00 3.98107E+00 6.30957E+00 9.99999E+00 1.58489E+01 2.51189E+01 2.51189E+00 3.98107E+00 6.30957E+00 9.99999E+00 1.58489E+01 2.51189E+01 3.98107E+00 6.30957E+00 9.99999E+00 1.58489E+01 2.51189E+01 3.98107E+01 6.30957E+00 9.99999E+00 1.58489E+01 2.51189E+01 3.98107E+01 6.30957E+01 
90000 
2.20355E-04 
2.19266E-04 
5.24947E-04 
2.18179E-04 
5.23792E-04 
2.17040E-04 
5.23288E-04 
1.28565E-03 
2.15887E-04 
5.22911E-04 
1.28624E-03 
3.24468E-03 
2.14807E-04 
5.22550E-04 
1.28760E-03 
3.24049E-03 
2.13841E-04 
5.22098E-04 
1.28885E-03 
3.23173E-03 
8.16991E-03 
2.12599E-04 
5.20622E-04 
1.28736E-03 
3.21484E-03 
8.11163E-03 
2.09370E-04 
5.14241E-04 
1.27338E-03 
3.16947E-03 
7.97438E-03 
2.01631E-02 
2.00903E-04 
4.94928E-04 
1.22697E-03 
3.04960E-03 
7.64864E-03 
1.92675E-02 
4.91642E-02 
4.58847E-04 
1.13991E-03 
2.83639E-03 
7.10338E-03 
1.78550E-02 
4.53158E-02 
1.04811E-03 
2.61549E-03 
6.55050E-03 
1.64507E-02 
4.15893E-02 
1.07101E-01 
2.41632E-03 
6.04695E-03 
1.51668E-02 
3.82100E-02 
9.73542E-02 
2.55901E-01 
---
