PdfType: replica
Format: lhagrid1
---
4.34963E-04 7.77181E-04 7.77181E-04 1.38865E-03 1.38865E-03 2.48120E-03 2.48120E-03 2.48120E-03 4.43334E-03 4.43334E-03 4.43334E-03 4.43334E-03 7.92137E-03 7.92137E-03 7.92137E-03 7.92137E-03 1.41537E-02 1.41537E-02 1.41537E-02 1.41537E-02 1.41537E-02 2.52895E-02 2.52895E-02 2.52895E-02 2.52895E-02 2.52895E-02 4.51866E-02 4.51866E-02 4.51866E-02 4.51866E-02 4.51866E-02 4.51866E-02 8.07383E-02 8.07383E-02 8.07383E-02 8.07383E-02 8.07383E-02 8.07383E-02 8.07383E-02 1.44261E-01 1.44261E-01 1.44261E-01 1.44261E-01 1.44261E-01 1.44261E-01 2.57762E-01 2.57762E-01 2.57762E-01 2.57762E-01 2.57762E-01 2.57762E-01 4.60562E-01 4.60562E-01 4.60562E-01 4.60562E-01 4.60562E-01 4.60562E-01 
1.58489E+00 1.58489E+00 2.51189E+00 1.58489E+00 2.51189E+00 1.58489E+00 2.51189E+00 3.98107E+00 1.58489E+00 2.51189E+00 3.98107E+00 6.30957E+00 1.58489E+00 2.51189E+00 3.98107E+00 6.30957E+00 1.58489E+00 2.51189E+00 3.98107E+00 6.30957E+00 9.99999E+00 1.58489E+00 2.51189E+00 3.98107E+00 6.30957E+00 9.99999E+00 1.58489E+00 2.51189E+00 3.98107E+00 6.30957E+00 9.99999E+00 1.58489E+01 1.58489E+00 2.51189E+00 3.98107E+00 6.30957E+00 9.99999E+00 1.58489E+01 2.51189E+01 2.51189E+00 3.98107E+00 6.30957E+00 9.99999E+00 1.58489E+01 2.51189E+01 3.98107E+00 6.30957E+00 9.99999E+00 1.58489E+01 2.51189E+01 3.98107E+01 6.30957E+00 9.99999E+00 1.58489E+01 2.51189E+01 3.98107E+01 6.30957E+01 
90000 
2.20379E-04 
2.19180E-04 
5.24824E-04 
2.17922E-04 
5.23327E-04 
2.16530E-04 
5.22304E-04 
1.28353E-03 
2.15016E-04 
5.21178E-04 
1.28253E-03 
3.23628E-03 
2.13460E-04 
5.19811E-04 
1.28169E-03 
3.22740E-03 
2.11937E-04 
5.18157E-04 
1.28022E-03 
3.21253E-03 
8.12513E-03 
2.10163E-04 
5.15420E-04 
1.27567E-03 
3.18826E-03 
8.04943E-03 
2.06441E-04 
5.07687E-04 
1.25817E-03 
3.13403E-03 
7.89039E-03 
1.99611E-02 
1.97428E-04 
4.87028E-04 
1.20851E-03 
3.00649E-03 
7.54645E-03 
1.90234E-02 
4.85770E-02 
4.51912E-04 
1.12395E-03 
2.79936E-03 
7.01702E-03 
1.76522E-02 
4.48385E-02 
1.03804E-03 
2.59135E-03 
6.49464E-03 
1.63200E-02 
4.12818E-02 
1.06382E-01 
2.40763E-03 
6.03018E-03 
1.51347E-02 
3.81494E-02 
9.72400E-02 
2.55657E-01 
---
