PdfType: replica
Format: lhagrid1
---
4.34963E-04 7.77181E-04 7.77181E-04 1.38865E-03 1.38865E-03 2.48120E-03 2.48120E-03 2.48120E-03 4.43334E-03 4.43334E-03 4.43334E-03 4.43334E-03 7.92137E-03 7.92137E-03 7.92137E-03 7.92137E-03 1.41537E-02 1.41537E-02 1.41537E-02 1.41537E-02 1.41537E-02 2.52895E-02 2.52895E-02 2.52895E-02 2.52895E-02 2.52895E-02 4.51866E-02 4.51866E-02 4.51866E-02 4.51866E-02 4.51866E-02 4.51866E-02 8.07383E-02 8.07383E-02 8.07383E-02 8.07383E-02 8.07383E-02 8.07383E-02 8.07383E-02 1.44261E-01 1.44261E-01 1.44261E-01 1.44261E-01 1.44261E-01 1.44261E-01 2.57762E-01 2.57762E-01 2.57762E-01 2.57762E-01 2.57762E-01 2.57762E-01 4.60562E-01 4.60562E-01 4.60562E-01 4.60562E-01 4.60562E-01 4.60562E-01 
1.58489E+00 1.58489E+00 2.51189E+00 1.58489E+00 2.51189E+00 1.58489E+00 2.51189E+00 3.98107E+00 1.58489E+00 2.51189E+00 3.98107E+00 6.30957E+00 1.58489E+00 2.51189E+00 3.98107E+00 6.30957E+00 1.58489E+00 2.51189E+00 3.98107E+00 6.30957E+00 9.99999E+00 1.58489E+00 2.51189E+00 3.98107E+00 6.30957E+00 9.99999E+00 1.58489E+00 2.51189E+00 3.98107E+00 6.30957E+00 9.99999E+00 1.58489E+01 1.58489E+00 2.51189E+00 3.98107E+00 6.30957E+00 9.99999E+00 1.58489E+01 2.51189E+01 2.51189E+00 3.98107E+00 6.30957E+00 9.99999E+00 1.58489E+01 2.51189E+01 3.98107E+00 6.30957E+00 9.99999E+00 1.58489E+01 2.51189E+01 3.98107E+01 6.30957E+00 9.99999E+00 1.58489E+01 2.51189E+01 3.98107E+01 6.30957E+01 
90000 
2.20063E-04 
2.18745E-04 
5.24128E-04 
2.17321E-04 
5.22341E-04 
2.15715E-04 
5.20918E-04 
1.28090E-03 
2.13963E-04 
5.19323E-04 
1.27895E-03 
3.22952E-03 
2.12223E-04 
5.17603E-04 
1.27745E-03 
3.21929E-03 
2.10803E-04 
5.16236E-04 
1.27676E-03 
3.20630E-03 
8.11450E-03 
2.09848E-04 
5.15298E-04 
1.27629E-03 
3.19123E-03 
8.06003E-03 
2.07667E-04 
5.10675E-04 
1.26541E-03 
3.15146E-03 
7.93289E-03 
2.00667E-02 
1.99378E-04 
4.91274E-04 
1.21821E-03 
3.02852E-03 
7.59870E-03 
1.91477E-02 
4.88695E-02 
4.55198E-04 
1.13212E-03 
2.81873E-03 
7.06420E-03 
1.77659E-02 
4.51070E-02 
1.04822E-03 
2.61636E-03 
6.55312E-03 
1.64585E-02 
4.16137E-02 
1.07191E-01 
2.42433E-03 
6.06845E-03 
1.52238E-02 
3.83607E-02 
9.77553E-02 
2.57006E-01 
---
