PdfType: replica
Format: lhagrid1
---
4.34963E-04 7.77181E-04 7.77181E-04 1.38865E-03 1.38865E-03 2.48120E-03 2.48120E-03 2.48120E-03 4.43334E-03 4.43334E-03 4.43334E-03 4.43334E-03 7.92137E-03 7.92137E-03 7.92137E-03 7.92137E-03 1.41537E-02 1.41537E-02 1.41537E-02 1.41537E-02 1.41537E-02 2.52895E-02 2.52895E-02 2.52895E-02 2.52895E-02 2.52895E-02 4.51866E-02 4.51866E-02 4.51866E-02 4.51866E-02 4.51866E-02 4.51866E-02 8.07383E-02 8.07383E-02 8.07383E-02 8.07383E-02 8.07383E-02 8.07383E-02 8.07383E-02 1.44261E-01 1.44261E-01 1.44261E-01 1.44261E-01 1.44261E-01 1.44261E-01 2.57762E-01 2.57762E-01 2.57762E-01 2.57762E-01 2.57762E-01 2.57762E-01 4.60562E-01 4.60562E-01 4.60562E-01 4.60562E-01 4.60562E-01 4.60562E-01 
1.58489E+00 1.58489E+00 2.51189E+00 1.58489E+00 2.51189E+00 1.58489E+00 2.51189E+00 3.98107E+00 1.58489E+00 2.51189E+00 3.98107E+00 6.30957E+00 1.58489E+00 2.51189E+00 3.98107E+00 6.30957E+00 1.58489E+00 2.51189E+00 3.98107E+00 6.30957E+00 9.99999E+00 1.58489E+00 2.51189E+00 3.98107E+00 6.30957E+00 9.99999E+00 1.58489E+00 2.51189E+00 3.98107E+00 6.30957E+00 9.99999E+00 1.58489E+01 1.58489E+00 2.51189E+00 3.98107E+00 6.30957E+00 9.99999E+00 1.58489E+01 2.51189E+01 2.51189E+00 3.98107E+00 6.30957E+00 9.99999E+00 1.58489E+01 2.51189E+01 3.98107E+00 6.30957E+00 9.99999E+00 1.58489E+01 2.51189E+01 3.98107E+01 6.30957E+00 9.99999E+00 1.58489E+01 2.51189E+01 3.98107E+01 6.30957E+01 
90000 
2.19886E-04 
2.18689E-04 
5.23978E-04 
2.17497E-04 
5.22618E-04 
2.16272E-04 
5.21941E-04 
1.28300E-03 
2.15085E-04 
5.21489E-04 
1.28344E-03 
3.23886E-03 
2.14076E-04 
5.21246E-04 
1.28502E-03 
3.23518E-03 
2.13343E-04 
5.21186E-04 
1.28698E-03 
3.22774E-03 
8.16018E-03 
2.12444E-04 
5.20213E-04 
1.28631E-03 
3.21206E-03 
8.10438E-03 
2.09243E-04 
5.13673E-04 
1.27170E-03 
3.16474E-03 
7.96203E-03 
2.01287E-02 
2.00179E-04 
4.93227E-04 
1.22298E-03 
3.04006E-03 
7.62563E-03 
1.92101E-02 
4.90101E-02 
4.57771E-04 
1.13767E-03 
2.83148E-03 
7.09187E-03 
1.78267E-02 
4.52406E-02 
1.04719E-03 
2.61200E-03 
6.53939E-03 
1.64176E-02 
4.14934E-02 
1.06820E-01 
2.39558E-03 
5.99376E-03 
1.50312E-02 
3.78653E-02 
9.64802E-02 
2.53692E-01 
---
