PdfType: replica
Format: lhagrid1
---
4.34963E-04 7.77181E-04 7.77181E-04 1.38865E-03 1.38865E-03 2.48120E-03 2.48120E-03 2.48120E-03 4.43334E-03 4.43334E-03 4.43334E-03 4.43334E-03 7.92137E-03 7.92137E-03 7.92137E-03 7.92137E-03 1.41537E-02 1.41537E-02 1.41537E-02 1.41537E-02 1.41537E-02 2.52895E-02 2.52895E-02 2.52895E-02 2.52895E-02 2.52895E-02 4.51866E-02 4.51866E-02 4.51866E-02 4.51866E-02 4.51866E-02 4.51866E-02 8.07383E-02 8.07383E-02 8.07383E-02 8.07383E-02 8.07383E-02 8.07383E-02 8.07383E-02 1.44261E-01 1.44261E-01 1.44261E-01 1.44261E-01 1.44261E-01 1.44261E-01 2.57762E-01 2.57762E-01 2.57762E-01 2.57762E-01 2.57762E-01 2.57762E-01 4.60562E-01 4.60562E-01 4.60562E-01 4.60562E-01 4.60562E-01 4.60562E-01 
1.58489E+00 1.58489E+00 2.51189E+00 1.58489E+00 2.51189E+00 1.58489E+00 2.51189E+00 3.98107E+00 1.58489E+00 2.51189E+00 3.98107E+00 6.30957E+00 1.58489E+00 2.51189E+00 3.98107E+00 6.30957E+00 1.58489E+00 2.51189E+00 3.98107E+00 6.30957E+00 9.99999E+00 1.58489E+00 2.51189E+00 3.98107E+00 6.30957E+00 9.99999E+00 1.58489E+00 2.51189E+00 3.98107E+00 6.30957E+00 9.99999E+00 1.58489E+01 1.58489E+00 2.51189E+00 3.98107E+00 6.30957E+00 9.99999E+00 1.58489E+01 2.51189E+01 2.51189E+00 3.98107E+00 6.30957E+00 9.99999E+00 1.58489E+01 2.51189E+01 3.98107E+00 6.30957E+00 9.99999E+00 1.58489E+01 2.51189E+01 3.98107E+01 6.30957E+00 9.99999E+00 1.58489E+01 2.51189E+01 3.98107E+01 6.30957E+01 
90000 
2.19676E-04 
2.18328E-04 
5.23321E-04 
2.16960E-04 
5.21672E-04 
2.15581E-04 
5.20754E-04 
1.28083E-03 
2.14358E-04 
5.20321E-04 
1.28146E-03 
3.23536E-03 
2.13598E-04 
5.20702E-04 
1.28452E-03 
3.23504E-03 
2.13570E-04 
5.22165E-04 
1.28981E-03 
3.23497E-03 
8.17849E-03 
2.13713E-04 
5.23223E-04 
1.29330E-03 
3.22837E-03 
8.14192E-03 
2.11050E-04 
5.17463E-04 
1.27991E-03 
3.18330E-03 
8.00359E-03 
2.02243E-02 
2.01193E-04 
4.95189E-04 
1.22702E-03 
3.04891E-03 
7.64546E-03 
1.92558E-02 
4.91185E-02 
4.58179E-04 
1.13869E-03 
2.83386E-03 
7.09809E-03 
1.78428E-02 
4.52829E-02 
1.04792E-03 
2.61347E-03 
6.54246E-03 
1.64244E-02 
4.15108E-02 
1.06883E-01 
2.39318E-03 
5.98739E-03 
1.50149E-02 
3.78254E-02 
9.63918E-02 
2.53559E-01 
---
