PdfType: replica
Format: lhagrid1
---
4.34963E-04 7.77181E-04 7.77181E-04 1.38865E-03 1.38865E-03 2.48120E-03 2.48120E-03 2.48120E-03 4.43334E-03 4.43334E-03 4.43334E-03 4.43334E-03 7.92137E-03 7.92137E-03 7.92137E-03 7.92137E-03 1.41537E-02 1.41537E-02 1.41537E-02 1.41537E-02 1.41537E-02 2.52895E-02 2.52895E-02 2.52895E-02 2.52895E-02 2.52895E-02 4.51866E-02 4.51866E-02 4.51866E-02 4.51866E-02 4.51866E-02 4.51866E-02 8.07383E-02 8.07383E-02 8.07383E-02 8.07383E-02 8.07383E-02 8.07383E-02 8.07383E-02 1.44261E-01 1.44261E-01 1.44261E-01 1.44261E-01 1.44261E-01 1.44261E-01 2.57762E-01 2.57762E-01 2.57762E-01 2.57762E-01 2.57762E-01 2.57762E-01 4.60562E-01 4.60562E-01 4.60562E-01 4.60562E-01 4.60562E-01 4.60562E-01 
1.58489E+00 1.58489E+00 2.51189E+00 1.58489E+00 2.51189E+00 1.58489E+00 2.51189E+00 3.98107E+00 1.58489E+00 2.51189E+00 3.98107E+00 6.30957E+00 1.58489E+00 2.51189E+00 3.98107E+00 6.30957E+00 1.58489E+00 2.51189E+00 3.98107E+00 6.30957E+00 9.99999E+00 1.58489E+00 2.51189E+00 3.98107E+00 6.30957E+00 9.99999E+00 1.58489E+00 2.51189E+00 3.98107E+00 6.30957E+00 9.99999E+00 1.58489E+01 1.58489E+00 2.51189E+00 3.98107E+00 6.30957E+00 9.99999E+00 1.58489E+01 2.51189E+01 2.51189E+00 3.98107E+00 6.30957E+00 9.99999E+00 1.58489E+01 2.51189E+01 3.98107E+00 6.30957E+00 9.99999E+00 1.58489E+01 2.51189E+01 3.98107E+01 6.30957E+00 9.99999E+00 1.58489E+01 2.51189E+01 3.98107E+01 6.30957E+01 
90000 
2.20237E-04 
2.19063E-04 
5.24496E-04 
2.17884E-04 
5.23181E-04 
2.16675E-04 
5.22570E-04 
1.28418E-03 
2.15535E-04 
5.22272E-04 
1.28502E-03 
3.24228E-03 
2.14653E-04 
5.22370E-04 
1.28743E-03 
3.24048E-03 
2.14160E-04 
5.22893E-04 
1.29074E-03 
3.23608E-03 
8.17991E-03 
2.13558E-04 
5.22573E-04 
1.29154E-03 
3.22368E-03 
8.13123E-03 
2.10504E-04 
5.16299E-04 
1.27746E-03 
3.17752E-03 
7.99124E-03 
2.01992E-02 
2.01128E-04 
4.95070E-04 
1.22675E-03 
3.04819E-03 
7.64313E-03 
1.92508E-02 
4.91237E-02 
4.57336E-04 
1.13630E-03 
2.82815E-03 
7.08306E-03 
1.78058E-02 
4.52012E-02 
1.04610E-03 
2.61016E-03 
6.53724E-03 
1.64176E-02 
4.15076E-02 
1.06909E-01 
2.40048E-03 
6.00666E-03 
1.50649E-02 
3.79544E-02 
9.67253E-02 
2.54440E-01 
---
