PdfType: replica
Format: lhagrid1
---
4.34963E-04 7.77181E-04 7.77181E-04 1.38865E-03 1.38865E-03 2.48120E-03 2.48120E-03 2.48120E-03 4.43334E-03 4.43334E-03 4.43334E-03 4.43334E-03 7.92137E-03 7.92137E-03 7.92137E-03 7.92137E-03 1.41537E-02 1.41537E-02 1.41537E-02 1.41537E-02 1.41537E-02 2.52895E-02 2.52895E-02 2.52895E-02 2.52895E-02 2.52895E-02 4.51866E-02 4.51866E-02 4.51866E-02 4.51866E-02 4.51866E-02 4.51866E-02 8.07383E-02 8.07383E-02 8.07383E-02 8.07383E-02 8.07383E-02 8.07383E-02 8.07383E-02 1.44261E-01 1.44261E-01 1.44261E-01 1.44261E-01 1.44261E-01 1.44261E-01 2.57762E-01 2.57762E-01 2.57762E-01 2.57762E-01 2.57762E-01 2.57762E-01 4.60562E-01 4.60562E-01 4.60562E-01 4.60562E-01 4.60562E-01 4.60562E-01 
1.58489E+00 1.58489E+00 2.51189E+00 1.58489E+00 2.51189E+00 1.58489E+00 2.51189E+00 3.98107E+00 1.58489E+00 2.51189E+00 3.98107E+00 6.30957E+00 1.58489E+00 2.51189E+00 3.98107E+00 6.30957E+00 1.58489E+00 2.51189E+00 3.98107E+00 6.30957E+00 9.99999E+00 1.58489E+00 2.51189E+00 3.98107E+00 6.30957E+00 9.99999E+00 1.58489E+00 2.51189E+00 3.98107E+00 6.30957E+00 9.99999E+00 1.58489E+01 1.58489E+00 2.51189E+00 3.98107E+00 6.30957E+00 9.99999E+00 1.58489E+01 2.51189E+01 2.51189E+00 3.98107E+00 6.30957E+00 9.99999E+00 1.58489E+01 2.51189E+01 3.98107E+00 6.30957E+00 9.99999E+00 1.58489E+01 2.51189E+01 3.98107E+01 6.30957E+00 9.99999E+00 1.58489E+01 2.51189E+01 3.98107E+01 6.30957E+01 
90000 
2.20447E-04 
2.19372E-04 
5.25329E-04 
2.18319E-04 
5.24268E-04 
2.17272E-04 
5.23972E-04 
1.28718E-03 
2.16336E-04 
5.24034E-04 
1.28872E-03 
3.25031E-03 
2.15685E-04 
5.24468E-04 
1.29170E-03 
3.24955E-03 
2.15377E-04 
5.25114E-04 
1.29504E-03 
3.24481E-03 
8.19819E-03 
2.14624E-04 
5.24226E-04 
1.29436E-03 
3.22872E-03 
8.14071E-03 
2.10588E-04 
5.15952E-04 
1.27591E-03 
3.17273E-03 
7.97761E-03 
2.01606E-02 
1.99895E-04 
4.92236E-04 
1.22014E-03 
3.03237E-03 
7.60559E-03 
1.91592E-02 
4.88847E-02 
4.55376E-04 
1.13227E-03 
2.81879E-03 
7.06245E-03 
1.77583E-02 
4.50842E-02 
1.04611E-03 
2.61098E-03 
6.53922E-03 
1.64230E-02 
4.15231E-02 
1.06954E-01 
2.42068E-03 
6.06020E-03 
1.52050E-02 
3.83168E-02 
9.76462E-02 
2.56682E-01 
---
