PdfType: replica
Format: lhagrid1
---
4.34963E-04 7.77181E-04 7.77181E-04 1.38865E-03 1.38865E-03 2.48120E-03 2.48120E-03 2.48120E-03 4.43334E-03 4.43334E-03 4.43334E-03 4.43334E-03 7.92137E-03 7.92137E-03 7.92137E-03 7.92137E-03 1.41537E-02 1.41537E-02 1.41537E-02 1.41537E-02 1.41537E-02 2.52895E-02 2.52895E-02 2.52895E-02 2.52895E-02 2.52895E-02 4.51866E-02 4.51866E-02 4.51866E-02 4.51866E-02 4.51866E-02 4.51866E-02 8.07383E-02 8.07383E-02 8.07383E-02 8.07383E-02 8.07383E-02 8.07383E-02 8.07383E-02 1.44261E-01 1.44261E-01 1.44261E-01 1.44261E-01 1.44261E-01 1.44261E-01 2.57762E-01 2.57762E-01 2.57762E-01 2.57762E-01 2.57762E-01 2.57762E-01 4.60562E-01 4.60562E-01 4.60562E-01 4.60562E-01 4.60562E-01 4.60562E-01 
1.58489E+00 1.58489E+00 2.51189E+00 1.58489E+00 2.51189E+00 1.58489E+00 2.51189E+00 3.98107E+00 1.58489E+00 2.51189E+00 3.98107E+00 6.30957E+00 1.58489E+00 2.51189E+00 3.98107E+00 6.30957E+00 1.58489E+00 2.51189E+00 3.98107E+00 6.30957E+00 9.99999E+00 1.58489E+00 2.51189E+00 3.98107E+00 6.30957E+00 9.99999E+00 1.58489E+00 2.51189E+00 3.98107E+00 6.30957E+00 9.99999E+00 1.58489E+01 1.58489E+00 2.51189E+00 3.98107E+00 6.30957E+00 9.99999E+00 1.58489E+01 2.51189E+01 2.51189E+00 3.98107E+00 6.30957E+00 9.99999E+00 1.58489E+01 2.51189E+01 3.98107E+00 6.30957E+00 9.99999E+00 1.58489E+01 2.51189E+01 3.98107E+01 6.30957E+00 9.99999E+00 1.58489E+01 2.51189E+01 3.98107E+01 6.30957E+01 
90000 
2.18676E-04 
2.17026E-04 
5.21051E-04 
2.15253E-04 
5.18592E-04 
2.13326E-04 
5.16508E-04 
1.27215E-03 
2.11362E-04 
5.14468E-04 
1.26930E-03 
3.20890E-03 
2.09651E-04 
5.12830E-04 
1.26799E-03 
3.19936E-03 
2.08680E-04 
5.12406E-04 
1.26925E-03 
3.19054E-03 
8.07852E-03 
2.08635E-04 
5.13144E-04 
1.27199E-03 
3.18190E-03 
8.03780E-03 
2.07081E-04 
5.09340E-04 
1.26225E-03 
3.14373E-03 
7.91322E-03 
2.00126E-02 
1.98257E-04 
4.88917E-04 
1.21304E-03 
3.01709E-03 
7.57178E-03 
1.90813E-02 
4.86876E-02 
4.54991E-04 
1.13167E-03 
2.81802E-03 
7.06168E-03 
1.77570E-02 
4.50719E-02 
1.04352E-03 
2.60283E-03 
6.51765E-03 
1.63658E-02 
4.13704E-02 
1.06534E-01 
2.39159E-03 
5.98676E-03 
1.50201E-02 
3.78530E-02 
9.64934E-02 
2.53894E-01 
---
