PdfType: replica
Format: lhagrid1
---
4.34963E-04 7.77181E-04 7.77181E-04 1.38865E-03 1.38865E-03 2.48120E-03 2.48120E-03 2.48120E-03 4.43334E-03 4.43334E-03 4.43334E-03 4.43334E-03 7.92137E-03 7.92137E-03 7.92137E-03 7.92137E-03 1.41537E-02 1.41537E-02 1.41537E-02 1.41537E-02 1.41537E-02 2.52895E-02 2.52895E-02 2.52895E-02 2.52895E-02 2.52895E-02 4.51866E-02 4.51866E-02 4.51866E-02 4.51866E-02 4.51866E-02 4.51866E-02 8.07383E-02 8.07383E-02 8.07383E-02 8.07383E-02 8.07383E-02 8.07383E-02 8.07383E-02 1.44261E-01 1.44261E-01 1.44261E-01 1.44261E-01 1.44261E-01 1.44261E-01 2.57762E-01 2.57762E-01 2.57762E-01 2.57762E-01 2.57762E-01 2.57762E-01 4.60562E-01 4.60562E-01 4.60562E-01 4.60562E-01 4.60562E-01 4.60562E-01 
1.58489E+00 1.58489E+00 2.51189E+00 1.58489E+00 2.51189E+00 1.58489E+00 2.51189E+00 3.98107E+00 1.58489E+00 2.51189E+00 3.98107E+00 6.30957E+00 1.58489E+00 2.51189E+00 3.98107E+00 6.30957E+00 1.58489E+00 2.51189E+00 3.98107E+00 6.30957E+00 9.99999E+00 1.58489E+00 2.51189E+00 3.98107E+00 6.30957E+00 9.99999E+00 1.58489E+00 2.51189E+00 3.98107E+00 6.30957E+00 9.99999E+00 1.58489E+01 1.58489E+00 2.51189E+00 3.98107E+00 6.30957E+00 9.99999E+00 1.58489E+01 2.51189E+01 2.51189E+00 3.98107E+00 6.30957E+00 9.99999E+00 1.58489E+01 2.51189E+01 3.98107E+00 6.30957E+00 9.99999E+00 1.58489E+01 2.51189E+01 3.98107E+01 6.30957E+00 9.99999E+00 1.58489E+01 2.51189E+01 3.98107E+01 6.30957E+01 
90000 
2.19981E-04 
2.18796E-04 
5.23960E-04 
2.17576E-04 
5.22560E-04 
2.16248E-04 
5.21681E-04 
1.28230E-03 
2.14825E-04 
5.20753E-04 
1.28171E-03 
3.23458E-03 
2.13384E-04 
5.19655E-04 
1.28148E-03 
3.22684E-03 
2.12012E-04 
5.18383E-04 
1.28092E-03 
3.21391E-03 
8.12926E-03 
2.10486E-04 
5.16270E-04 
1.27786E-03 
3.19311E-03 
8.06123E-03 
2.07194E-04 
5.09470E-04 
1.26241E-03 
3.14364E-03 
7.91254E-03 
2.00138E-02 
1.98453E-04 
4.89186E-04 
1.21319E-03 
3.01679E-03 
7.56857E-03 
1.90720E-02 
4.86883E-02 
4.52427E-04 
1.12472E-03 
2.80072E-03 
7.01807E-03 
1.76504E-02 
4.48245E-02 
1.03783E-03 
2.59112E-03 
6.49402E-03 
1.63182E-02 
4.12759E-02 
1.06360E-01 
2.40294E-03 
6.01535E-03 
1.50914E-02 
3.80292E-02 
9.69228E-02 
2.54900E-01 
---
