PdfType: replica
Format: lhagrid1
---
4.34963E-04 7.77181E-04 7.77181E-04 1.38865E-03 1.38865E-03 2.48120E-03 2.48120E-03 2.48120E-03 4.43334E-03 4.43334E-03 4.43334E-03 4.43334E-03 7.92137E-03 7.92137E-03 7.92137E-03 7.92137E-03 1.41537E-02 1.41537E-02 1.41537E-02 1.41537E-02 1.41537E-02 2.52895E-02 2.52895E-02 2.52895E-02 2.52895E-02 2.52895E-02 4.51866E-02 4.51866E-02 4.51866E-02 4.51866E-02 4.51866E-02 4.51866E-02 8.07383E-02 8.07383E-02 8.07383E-02 8.07383E-02 8.07383E-02 8.07383E-02 8.07383E-02 1.44261E-01 1.44261E-01 1.44261E-01 1.44261E-01 1.44261E-01 1.44261E-01 2.57762E-01 2.57762E-01 2.57762E-01 2.57762E-01 2.57762E-01 2.57762E-01 4.60562E-01 4.60562E-01 4.60562E-01 4.60562E-01 4.60562E-01 4.60562E-01 
1.58489E+00 1.58489E+00 2.51189E+00 1.58489E+00 2.51189E+00 1.58489E+00 2.51189E+00 3.98107E+00 1.58489E+00 2.51189E+00 3.98107E+00 6.30957E+00 1.58489E+00 2.51189E+00 3.98107E+00 6.30957E+00 1.58489E+00 2.51189E+00 3.98107E+00 6.30957E+00 9.99999E+00 1.58489E+00 2.51189E+00 3.98107E+00 6.30957E+00 9.99999E+00 1.58489E+00 2.51189E+00 3.98107E+00 6.30957E+00 9.99999E+00 1.58489E+01 1.58489E+00 2.51189E+00 3.98107E+00 6.30957E+00 9.99999E+00 1.58489E+01 2.51189E+01 2.51189E+00 3.98107E+00 6.30957E+00 9.99999E+00 1.58489E+01 2.51189E+01 3.98107E+00 6.30957E+00 9.99999E+00 1.58489E+01 2.51189E+01 3.98107E+01 6.30957E+00 9.99999E+00 1.58489E+01 2.51189E+01 3.98107E+01 6.30957E+01 
90000 
2.20233E-04 
2.19130E-04 
5.24849E-04 
2.18046E-04 
5.23708E-04 
2.16942E-04 
5.23284E-04 
1.28591E-03 
2.15875E-04 
5.23095E-04 
1.28688E-03 
3.24703E-03 
2.14959E-04 
5.23071E-04 
1.28893E-03 
3.24423E-03 
2.14264E-04 
5.23126E-04 
1.29118E-03 
3.23753E-03 
8.18357E-03 
2.13375E-04 
5.22233E-04 
1.29080E-03 
3.22268E-03 
8.12949E-03 
2.10353E-04 
5.16115E-04 
1.27726E-03 
3.17775E-03 
7.99324E-03 
2.02048E-02 
2.01625E-04 
4.96327E-04 
1.22994E-03 
3.05574E-03 
7.66274E-03 
1.92988E-02 
4.92259E-02 
4.59828E-04 
1.14199E-03 
2.84060E-03 
7.11183E-03 
1.78713E-02 
4.53462E-02 
1.04668E-03 
2.61026E-03 
6.53357E-03 
1.64012E-02 
4.14551E-02 
1.06778E-01 
2.38724E-03 
5.97185E-03 
1.49750E-02 
3.77257E-02 
9.61565E-02 
2.53105E-01 
---
