PdfType: replica
Format: lhagrid1
---
4.34963E-04 7.77181E-04 7.77181E-04 1.38865E-03 1.38865E-03 2.48120E-03 2.48120E-03 2.48120E-03 4.43334E-03 4.43334E-03 4.43334E-03 4.43334E-03 7.92137E-03 7.92137E-03 7.92137E-03 7.92137E-03 1.41537E-02 1.41537E-02 1.41537E-02 1.41537E-02 1.41537E-02 2.52895E-02 2.52895E-02 2.52895E-02 2.52895E-02 2.52895E-02 4.51866E-02 4.51866E-02 4.51866E-02 4.51866E-02 4.51866E-02 4.51866E-02 8.07383E-02 8.07383E-02 8.07383E-02 8.07383E-02 8.07383E-02 8.07383E-02 8.07383E-02 1.44261E-01 1.44261E-01 1.44261E-01 1.44261E-01 1.44261E-01 1.44261E-01 2.57762E-01 2.57762E-01 2.57762E-01 2.57762E-01 2.57762E-01 2.57762E-01 4.60562E-01 4.60562E-01 4.60562E-01 4.60562E-01 4.60562E-01 4.60562E-01 
1.58489E+00 1.58489E+00 2.51189E+00 1.58489E+00 2.51189E+00 1.58489E+00 2.51189E+00 3.98107E+00 1.58489E+00 2.51189E+00 3.98107E+00 6.30957E+00 1.58489E+00 2.51189E+00 3.98107E+00 6.30957E+00 1.58489E+00 2.51189E+00 3.98107E+00 6.30957E+00 9.99999E+00 1.58489E+00 2.51189E+00 3.98107E+00 6.30957E+00 9.99999E+00 1.58489E+00 2.51189E+00 3.98107E+00 6.30957E+00 9.99999E+00 1.58489E+01 1.58489E+00 2.51189E+00 3.98107E+00 6.30957E+00 9.99999E+00 1.58489E+01 2.51189E+01 2.51189E+00 3.98107E+00 6.30957E+00 9.99999E+00 1.58489E+01 2.51189E+01 3.98107E+00 6.30957E+00 9.99999E+00 1.58489E+01 2.51189E+01 3.98107E+01 6.30957E+00 9.99999E+00 1.58489E+01 2.51189E+01 3.98107E+01 6.30957E+01 
90000 
2.20307E-04 
2.19266E-04 
5.25077E-04 
2.18251E-04 
5.24042E-04 
2.17209E-04 
5.23694E-04 
1.28654E-03 
2.16163E-04 
5.23497E-04 
1.28745E-03 
3.24731E-03 
2.15160E-04 
5.23249E-04 
1.28895E-03 
3.24344E-03 
2.14137E-04 
5.22572E-04 
1.28946E-03 
3.23290E-03 
8.17067E-03 
2.12488E-04 
5.19977E-04 
1.28510E-03 
3.20873E-03 
8.09461E-03 
2.08207E-04 
5.11015E-04 
1.26498E-03 
3.14820E-03 
7.92178E-03 
2.00311E-02 
1.98268E-04 
4.88634E-04 
1.21191E-03 
3.01317E-03 
7.56138E-03 
1.90561E-02 
4.86436E-02 
4.52680E-04 
1.12557E-03 
2.80277E-03 
7.02307E-03 
1.76620E-02 
4.48502E-02 
1.03837E-03 
2.59178E-03 
6.49353E-03 
1.63131E-02 
4.12566E-02 
1.06302E-01 
2.39646E-03 
5.99914E-03 
1.50508E-02 
3.79277E-02 
9.66720E-02 
2.54303E-01 
---
