PdfType: replica
Format: lhagrid1
---
4.34963E-04 7.77181E-04 7.77181E-04 1.38865E-03 1.38865E-03 2.48120E-03 2.48120E-03 2.48120E-03 4.43334E-03 4.43334E-03 4.43334E-03 4.43334E-03 7.92137E-03 7.92137E-03 7.92137E-03 7.92137E-03 1.41537E-02 1.41537E-02 1.41537E-02 1.41537E-02 1.41537E-02 2.52895E-02 2.52895E-02 2.52895E-02 2.52895E-02 2.52895E-02 4.51866E-02 4.51866E-02 4.51866E-02 4.51866E-02 4.51866E-02 4.51866E-02 8.07383E-02 8.07383E-02 8.07383E-02 8.07383E-02 8.07383E-02 8.07383E-02 8.07383E-02 1.44261E-01 1.44261E-01 1.44261E-01 1.44261E-01 1.44261E-01 1.44261E-01 2.57762E-01 2.57762E-01 2.57762E-01 2.57762E-01 2.57762E-01 2.57762E-01 4.60562E-01 4.60562E-01 4.60562E-01 4.60562E-01 4.60562E-01 4.60562E-01 
1.58489E+00 1.58489E+00 2.51189E+00 1.58489E+00 2.51189E+00 1.58489E+00 2.51189E+00 3.98107E+00 1.58489E+00 2.51189E+00 3.98107E+00 6.30957E+00 1.58489E+00 2.51189E+00 3.98107E+00 6.30957E+00 1.58489E+00 2.51189E+00 3.98107E+00 6.30957E+00 9.99999E+00 1.58489E+00 2.51189E+00 3.98107E+00 6.30957E+00 9.99999E+00 1.58489E+00 2.51189E+00 3.98107E+00 6.30957E+00 9.99999E+00 1.58489E+01 1.58489E+00 2.51189E+00 3.98107E+00 6.30957E+00 9.99999E+00 1.58489E+01 2.51189E+01 2.51189E+00 3.98107E+00 6.30957E+00 9.99999E+00 1.58489E+01 2.51189E+01 3.98107E+00 6.30957E+00 9.99999E+00 1.58489E+01 2.51189E+01 3.98107E+01 6.30957E+00 9.99999E+00 1.58489E+01 2.51189E+01 3.98107E+01 6.30957E+01 
90000 
2.20015E-04 
2.18770E-04 
5.24201E-04 
2.17461E-04 
5.22595E-04 
2.16008E-04 
5.21437E-04 
1.28193E-03 
2.14428E-04 
5.20165E-04 
1.28062E-03 
3.23236E-03 
2.12821E-04 
5.18705E-04 
1.27961E-03 
3.22318E-03 
2.11339E-04 
5.17172E-04 
1.27844E-03 
3.20912E-03 
8.11823E-03 
2.09841E-04 
5.15025E-04 
1.27518E-03 
3.18778E-03 
8.04923E-03 
2.06657E-04 
5.08297E-04 
1.25975E-03 
3.13795E-03 
7.90007E-03 
1.99855E-02 
1.97907E-04 
4.88084E-04 
1.21098E-03 
3.01227E-03 
7.56041E-03 
1.90576E-02 
4.86619E-02 
4.52832E-04 
1.12648E-03 
2.80607E-03 
7.03424E-03 
1.76962E-02 
4.49504E-02 
1.04362E-03 
2.60539E-03 
6.52940E-03 
1.64061E-02 
4.14955E-02 
1.06912E-01 
2.41757E-03 
6.05340E-03 
1.51894E-02 
3.82786E-02 
9.75409E-02 
2.56319E-01 
---
