PdfType: replica
Format: lhagrid1
---
4.34963E-04 7.77181E-04 7.77181E-04 1.38865E-03 1.38865E-03 2.48120E-03 2.48120E-03 2.48120E-03 4.43334E-03 4.43334E-03 4.43334E-03 4.43334E-03 7.92137E-03 7.92137E-03 7.92137E-03 7.92137E-03 1.41537E-02 1.41537E-02 1.41537E-02 1.41537E-02 1.41537E-02 2.52895E-02 2.52895E-02 2.52895E-02 2.52895E-02 2.52895E-02 4.51866E-02 4.51866E-02 4.51866E-02 4.51866E-02 4.51866E-02 4.51866E-02 8.07383E-02 8.07383E-02 8.07383E-02 8.07383E-02 8.07383E-02 8.07383E-02 8.07383E-02 1.44261E-01 1.44261E-01 1.44261E-01 1.44261E-01 1.44261E-01 1.44261E-01 2.57762E-01 2.57762E-01 2.57762E-01 2.57762E-01 2.57762E-01 2.57762E-01 4.60562E-01 4.60562E-01 4.60562E-01 4.60562E-01 4.60562E-01 4.60562E-01 
1.58489E+00 1.58489E+00 2.51189E+00 1.58489E+00 2.51189E+00 1.58489E+00 2.51189E+00 3.98107E+00 1.58489E+00 2.51189E+00 3.98107E+00 6.30957E+00 1.58489E+00 2.51189E+00 3.98107E+00 6.30957E+00 1.58489E+00 2.51189E+00 3.98107E+00 6.30957E+00 9.99999E+00 1.58489E+00 2.51189E+00 3.98107E+00 6.30957E+00 9.99999E+00 1.58489E+00 2.51189E+00 3.98107E+00 6.30957E+00 9.99999E+00 1.58489E+01 1.58489E+00 2.51189E+00 3.98107E+00 6.30957E+00 9.99999E+00 1.58489E+01 2.51189E+01 2.51189E+00 3.98107E+00 6.30957E+00 9.99999E+00 1.58489E+01 2.51189E+01 3.98107E+00 6.30957E+00 9.99999E+00 1.58489E+01 2.51189E+01 3.98107E+01 6.30957E+00 9.99999E+00 1.58489E+01 2.51189E+01 3.98107E+01 6.30957E+01 
90000 
2.19543E-04 
2.18316E-04 
5.23192E-04 
2.17114E-04 
5.21815E-04 
2.15899E-04 
5.21142E-04 
1.28149E-03 
2.14718E-04 
5.20669E-04 
1.28177E-03 
3.23605E-03 
2.13632E-04 
5.20235E-04 
1.28282E-03 
3.23080E-03 
2.12604E-04 
5.19566E-04 
1.28336E-03 
3.22002E-03 
8.14345E-03 
2.11132E-04 
5.17488E-04 
1.28030E-03 
3.19896E-03 
8.07439E-03 
2.07550E-04 
5.10233E-04 
1.26422E-03 
3.14811E-03 
7.92429E-03 
2.00406E-02 
1.99049E-04 
4.90899E-04 
1.21796E-03 
3.02840E-03 
7.59994E-03 
1.91514E-02 
4.88679E-02 
4.56940E-04 
1.13582E-03 
2.82678E-03 
7.08082E-03 
1.77999E-02 
4.51734E-02 
1.04579E-03 
2.60958E-03 
6.53463E-03 
1.64092E-02 
4.14807E-02 
1.06805E-01 
2.42048E-03 
6.06329E-03 
1.52197E-02 
3.83661E-02 
9.77803E-02 
2.56920E-01 
---
