PdfType: replica
Format: lhagrid1
---
4.34963E-04 7.77181E-04 7.77181E-04 1.38865E-03 1.38865E-03 2.48120E-03 2.48120E-03 2.48120E-03 4.43334E-03 4.43334E-03 4.43334E-03 4.43334E-03 7.92137E-03 7.92137E-03 7.92137E-03 7.92137E-03 1.41537E-02 1.41537E-02 1.41537E-02 1.41537E-02 1.41537E-02 2.52895E-02 2.52895E-02 2.52895E-02 2.52895E-02 2.52895E-02 4.51866E-02 4.51866E-02 4.51866E-02 4.51866E-02 4.51866E-02 4.51866E-02 8.07383E-02 8.07383E-02 8.07383E-02 8.07383E-02 8.07383E-02 8.07383E-02 8.07383E-02 1.44261E-01 1.44261E-01 1.44261E-01 1.44261E-01 1.44261E-01 1.44261E-01 2.57762E-01 2.57762E-01 2.57762E-01 2.57762E-01 2.57762E-01 2.57762E-01 4.60562E-01 4.60562E-01 4.60562E-01 4.60562E-01 4.60562E-01 4.60562E-01 
1.58489E+00 1.58489E+00 2.51189E+00 1.58489E+00 2.51189E+00 1.58489E+00 2.51189E+00 3.98107E+00 1.58489E+00 2.51189E+00 3.98107E+00 6.30957E+00 1.58489E+00 2.51189E+00 3.98107E+00 6.30957E+00 1.58489E+00 2.51189E+00 3.98107E+00 6.30957E+00 9.99999E+00 1.58489E+00 2.51189E+00 3.98107E+00 6.30957E+00 9.99999E+00 1.58489E+00 2.51189E+00 3.98107E+00 6.30957E+00 9.99999E+00 1.58489E+01 1.58489E+00 2.51189E+00 3.98107E+00 6.30957E+00 9.99999E+00 1.58489E+01 2.51189E+01 2.51189E+00 3.98107E+00 6.30957E+00 9.99999E+00 1.58489E+01 2.51189E+01 3.98107E+00 6.30957E+00 9.99999E+00 1.58489E+01 2.51189E+01 3.98107E+01 6.30957E+00 9.99999E+00 1.58489E+01 2.51189E+01 3.98107E+01 6.30957E+01 
90000 
2.20108E-04 
2.19029E-04 
5.24405E-04 
2.17978E-04 
5.23310E-04 
2.16898E-04 
5.22920E-04 
1.28491E-03 
2.15808E-04 
5.22691E-04 
1.28580E-03 
3.24397E-03 
2.14764E-04 
5.22461E-04 
1.28748E-03 
3.24040E-03 
2.13786E-04 
5.22093E-04 
1.28901E-03 
3.23236E-03 
8.17175E-03 
2.12589E-04 
5.20847E-04 
1.28821E-03 
3.21719E-03 
8.11774E-03 
2.09804E-04 
5.15454E-04 
1.27654E-03 
3.17714E-03 
7.99344E-03 
2.02106E-02 
2.02143E-04 
4.97719E-04 
1.23340E-03 
3.06434E-03 
7.68293E-03 
1.93486E-02 
4.93639E-02 
4.60803E-04 
1.14368E-03 
2.84417E-03 
7.11840E-03 
1.78846E-02 
4.53774E-02 
1.04498E-03 
2.60732E-03 
6.52943E-03 
1.63970E-02 
4.14534E-02 
1.06760E-01 
2.40297E-03 
6.01294E-03 
1.50805E-02 
3.79925E-02 
9.68146E-02 
2.54626E-01 
---
