PdfType: replica
Format: lhagrid1
---
4.34963E-04 7.77181E-04 7.77181E-04 1.38865E-03 1.38865E-03 2.48120E-03 2.48120E-03 2.48120E-03 4.43334E-03 4.43334E-03 4.43334E-03 4.43334E-03 7.92137E-03 7.92137E-03 7.92137E-03 7.92137E-03 1.41537E-02 1.41537E-02 1.41537E-02 1.41537E-02 1.41537E-02 2.52895E-02 2.52895E-02 2.52895E-02 2.52895E-02 2.52895E-02 4.51866E-02 4.51866E-02 4.51866E-02 4.51866E-02 4.51866E-02 4.51866E-02 8.07383E-02 8.07383E-02 8.07383E-02 8.07383E-02 8.07383E-02 8.07383E-02 8.07383E-02 1.44261E-01 1.44261E-01 1.44261E-01 1.44261E-01 1.44261E-01 1.44261E-01 2.57762E-01 2.57762E-01 2.57762E-01 2.57762E-01 2.57762E-01 2.57762E-01 4.60562E-01 4.60562E-01 4.60562E-01 4.60562E-01 4.60562E-01 4.60562E-01 
1.58489E+00 1.58489E+00 2.51189E+00 1.58489E+00 2.51189E+00 1.58489E+00 2.51189E+00 3.98107E+00 1.58489E+00 2.51189E+00 3.98107E+00 6.30957E+00 1.58489E+00 2.51189E+00 3.98107E+00 6.30957E+00 1.58489E+00 2.51189E+00 3.98107E+00 6.30957E+00 9.99999E+00 1.58489E+00 2.51189E+00 3.98107E+00 6.30957E+00 9.99999E+00 1.58489E+00 2.51189E+00 3.98107E+00 6.30957E+00 9.99999E+00 1.58489E+01 1.58489E+00 2.51189E+00 3.98107E+00 6.30957E+00 9.99999E+00 1.58489E+01 2.51189E+01 2.51189E+00 3.98107E+00 6.30957E+00 9.99999E+00 1.58489E+01 2.51189E+01 3.98107E+00 6.30957E+00 9.99999E+00 1.58489E+01 2.51189E+01 3.98107E+01 6.30957E+00 9.99999E+00 1.58489E+01 2.51189E+01 3.98107E+01 6.30957E+01 
90000 
2.20375E-04 
2.19223E-04 
5.25025E-04 
2.18057E-04 
5.23757E-04 
2.16851E-04 
5.23169E-04 
1.28553E-03 
2.15714E-04 
5.22856E-04 
1.28634E-03 
3.24497E-03 
2.14866E-04 
5.22942E-04 
1.28869E-03 
3.24301E-03 
2.14497E-04 
5.23569E-04 
1.29212E-03 
3.23890E-03 
8.18535E-03 
2.14038E-04 
5.23394E-04 
1.29301E-03 
3.22680E-03 
8.13697E-03 
2.10625E-04 
5.16240E-04 
1.27664E-03 
3.17511E-03 
7.98285E-03 
2.01724E-02 
2.00029E-04 
4.92349E-04 
1.22014E-03 
3.03194E-03 
7.60476E-03 
1.91574E-02 
4.88780E-02 
4.54862E-04 
1.13157E-03 
2.81749E-03 
7.06140E-03 
1.77592E-02 
4.50923E-02 
1.04969E-03 
2.61929E-03 
6.55775E-03 
1.64647E-02 
4.16187E-02 
1.07185E-01 
2.40972E-03 
6.02857E-03 
1.51176E-02 
3.80816E-02 
9.70293E-02 
2.55132E-01 
---
