PdfType: replica
Format: lhagrid1
---
4.34963E-04 7.77181E-04 7.77181E-04 1.38865E-03 1.38865E-03 2.48120E-03 2.48120E-03 2.48120E-03 4.43334E-03 4.43334E-03 4.43334E-03 4.43334E-03 7.92137E-03 7.92137E-03 7.92137E-03 7.92137E-03 1.41537E-02 1.41537E-02 1.41537E-02 1.41537E-02 1.41537E-02 2.52895E-02 2.52895E-02 2.52895E-02 2.52895E-02 2.52895E-02 4.51866E-02 4.51866E-02 4.51866E-02 4.51866E-02 4.51866E-02 4.51866E-02 8.07383E-02 8.07383E-02 8.07383E-02 8.07383E-02 8.07383E-02 8.07383E-02 8.07383E-02 1.44261E-01 1.44261E-01 1.44261E-01 1.44261E-01 1.44261E-01 1.44261E-01 2.57762E-01 2.57762E-01 2.57762E-01 2.57762E-01 2.57762E-01 2.57762E-01 4.60562E-01 4.60562E-01 4.60562E-01 4.60562E-01 4.60562E-01 4.60562E-01 
1.58489E+00 1.58489E+00 2.51189E+00 1.58489E+00 2.51189E+00 1.58489E+00 2.51189E+00 3.98107E+00 1.58489E+00 2.51189E+00 3.98107E+00 6.30957E+00 1.58489E+00 2.51189E+00 3.98107E+00 6.30957E+00 1.58489E+00 2.51189E+00 3.98107E+00 6.30957E+00 9.99999E+00 1.58489E+00 2.51189E+00 3.98107E+00 6.30957E+00 9.99999E+00 1.58489E+00 2.51189E+00 3.98107E+00 6.30957E+00 9.99999E+00 1.58489E+01 1.58489E+00 2.51189E+00 3.98107E+00 6.30957E+00 9.99999E+00 1.58489E+01 2.51189E+01 2.51189E+00 3.98107E+00 6.30957E+00 9.99999E+00 1.58489E+01 2.51189E+01 3.98107E+00 6.30957E+00 9.99999E+00 1.58489E+01 2.51189E+01 3.98107E+01 6.30957E+00 9.99999E+00 1.58489E+01 2.51189E+01 3.98107E+01 6.30957E+01 
90000 
2.19402E-04 
2.18091E-04 
5.23055E-04 
2.16770E-04 
5.21444E-04 
2.15412E-04 
5.20470E-04 
1.28016E-03 
2.14100E-04 
5.19710E-04 
1.27991E-03 
3.23127E-03 
2.12965E-04 
5.19140E-04 
1.28068E-03 
3.22587E-03 
2.12051E-04 
5.18621E-04 
1.28150E-03 
3.21581E-03 
8.13199E-03 
2.10826E-04 
5.16899E-04 
1.27906E-03 
3.19604E-03 
8.06700E-03 
2.07363E-04 
5.09806E-04 
1.26326E-03 
3.14596E-03 
7.91934E-03 
2.00286E-02 
1.98863E-04 
4.90597E-04 
1.21741E-03 
3.02777E-03 
7.59876E-03 
1.91502E-02 
4.88742E-02 
4.57357E-04 
1.13662E-03 
2.82871E-03 
7.08505E-03 
1.78098E-02 
4.51992E-02 
1.04395E-03 
2.60404E-03 
6.52020E-03 
1.63713E-02 
4.13819E-02 
1.06554E-01 
2.39499E-03 
5.99325E-03 
1.50318E-02 
3.78712E-02 
9.65065E-02 
2.53802E-01 
---
