PdfType: replica
Format: lhagrid1
---
4.34963E-04 7.77181E-04 7.77181E-04 1.38865E-03 1.38865E-03 2.48120E-03 2.48120E-03 2.48120E-03 4.43334E-03 4.43334E-03 4.43334E-03 4.43334E-03 7.92137E-03 7.92137E-03 7.92137E-03 7.92137E-03 1.41537E-02 1.41537E-02 1.41537E-02 1.41537E-02 1.41537E-02 2.52895E-02 2.52895E-02 2.52895E-02 2.52895E-02 2.52895E-02 4.51866E-02 4.51866E-02 4.51866E-02 4.51866E-02 4.51866E-02 4.51866E-02 8.07383E-02 8.07383E-02 8.07383E-02 8.07383E-02 8.07383E-02 8.07383E-02 8.07383E-02 1.44261E-01 1.44261E-01 1.44261E-01 1.44261E-01 1.44261E-01 1.44261E-01 2.57762E-01 2.57762E-01 2.57762E-01 2.57762E-01 2.57762E-01 2.57762E-01 4.60562E-01 4.60562E-01 4.60562E-01 4.60562E-01 4.60562E-01 4.60562E-01 
1.58489E+00 1.58489E+00 2.51189E+00 1.58489E+00 2.51189E+00 1.58489E+00 2.51189E+00 3.98107E+00 1.58489E+00 2.51189E+00 3.98107E+00 6.30957E+00 1.58489E+00 2.51189E+00 3.98107E+00 6.30957E+00 1.58489E+00 2.51189E+00 3.98107E+00 6.30957E+00 9.99999E+00 1.58489E+00 2.51189E+00 3.98107E+00 6.30957E+00 9.99999E+00 1.58489E+00 2.51189E+00 3.98107E+00 6.30957E+00 9.99999E+00 1.58489E+01 1.58489E+00 2.51189E+00 3.98107E+00 6.30957E+00 9.99999E+00 1.58489E+01 2.51189E+01 2.51189E+00 3.98107E+00 6.30957E+00 9.99999E+00 1.58489E+01 2.51189E+01 3.98107E+00 6.30957E+00 9.99999E+00 1.58489E+01 2.51189E+01 3.98107E+01 6.30957E+00 9.99999E+00 1.58489E+01 2.51189E+01 3.98107E+01 6.30957E+01 
90000 
2.20130E-04 
2.18918E-04 
5.24449E-04 
2.17671E-04 
5.22986E-04 
2.16337E-04 
5.22090E-04 
1.28330E-03 
2.14972E-04 
5.21279E-04 
1.28300E-03 
3.23799E-03 
2.13724E-04 
5.20569E-04 
1.28361E-03 
3.23236E-03 
2.12775E-04 
5.20115E-04 
1.28477E-03 
3.22330E-03 
8.15085E-03 
2.11874E-04 
5.19128E-04 
1.28398E-03 
3.20717E-03 
8.09344E-03 
2.08850E-04 
5.12672E-04 
1.26910E-03 
3.15823E-03 
7.94590E-03 
2.00898E-02 
1.99337E-04 
4.90948E-04 
1.21713E-03 
3.02521E-03 
7.58932E-03 
1.91217E-02 
4.87979E-02 
4.54173E-04 
1.12943E-03 
2.81214E-03 
7.04682E-03 
1.77213E-02 
4.49961E-02 
1.04441E-03 
2.60661E-03 
6.52875E-03 
1.63976E-02 
4.14615E-02 
1.06811E-01 
2.40983E-03 
6.03189E-03 
1.51319E-02 
3.81299E-02 
9.71769E-02 
2.55559E-01 
---
