PdfType: replica
Format: lhagrid1
---
4.34963E-04 7.77181E-04 7.77181E-04 1.38865E-03 1.38865E-03 2.48120E-03 2.48120E-03 2.48120E-03 4.43334E-03 4.43334E-03 4.43334E-03 4.43334E-03 7.92137E-03 7.92137E-03 7.92137E-03 7.92137E-03 1.41537E-02 1.41537E-02 1.41537E-02 1.41537E-02 1.41537E-02 2.52895E-02 2.52895E-02 2.52895E-02 2.52895E-02 2.52895E-02 4.51866E-02 4.51866E-02 4.51866E-02 4.51866E-02 4.51866E-02 4.51866E-02 8.07383E-02 8.07383E-02 8.07383E-02 8.07383E-02 8.07383E-02 8.07383E-02 8.07383E-02 1.44261E-01 1.44261E-01 1.44261E-01 1.44261E-01 1.44261E-01 1.44261E-01 2.57762E-01 2.57762E-01 2.57762E-01 2.57762E-01 2.57762E-01 2.57762E-01 4.60562E-01 4.60562E-01 4.60562E-01 4.60562E-01 4.60562E-01 4.60562E-01 
1.58489E+00 1.58489E+00 2.51189E+00 1.58489E+00 2.51189E+00 1.58489E+00 2.51189E+00 3.98107E+00 1.58489E+00 2.51189E+00 3.98107E+00 6.30957E+00 1.58489E+00 2.51189E+00 3.98107E+00 6.30957E+00 1.58489E+00 2.51189E+00 3.98107E+00 6.30957E+00 9.99999E+00 1.58489E+00 2.51189E+00 3.98107E+00 6.30957E+00 9.99999E+00 1.58489E+00 2.51189E+00 3.98107E+00 6.30957E+00 9.99999E+00 1.58489E+01 1.58489E+00 2.51189E+00 3.98107E+00 6.30957E+00 9.99999E+00 1.58489E+01 2.51189E+01 2.51189E+00 3.98107E+00 6.30957E+00 9.99999E+00 1.58489E+01 2.51189E+01 3.98107E+00 6.30957E+00 9.99999E+00 1.58489E+01 2.51189E+01 3.98107E+01 6.30957E+00 9.99999E+00 1.58489E+01 2.51189E+01 3.98107E+01 6.30957E+01 
90000 
2.19676E-04 
2.18482E-04 
5.23469E-04 
2.17283E-04 
5.22106E-04 
2.16015E-04 
5.21320E-04 
1.28182E-03 
2.14674E-04 
5.20517E-04 
1.28141E-03 
3.23491E-03 
2.13267E-04 
5.19434E-04 
1.28110E-03 
3.22674E-03 
2.11745E-04 
5.17826E-04 
1.27973E-03 
3.21203E-03 
8.12715E-03 
2.09825E-04 
5.15008E-04 
1.27530E-03 
3.18853E-03 
8.05275E-03 
2.06431E-04 
5.08318E-04 
1.26066E-03 
3.14156E-03 
7.91173E-03 
2.00211E-02 
1.98973E-04 
4.91117E-04 
1.21898E-03 
3.03225E-03 
7.61069E-03 
1.91828E-02 
4.89711E-02 
4.58611E-04 
1.13961E-03 
2.83583E-03 
7.10239E-03 
1.78523E-02 
4.53051E-02 
1.04593E-03 
2.60770E-03 
6.52701E-03 
1.63841E-02 
4.14081E-02 
1.06630E-01 
2.38167E-03 
5.96528E-03 
1.49742E-02 
3.77570E-02 
9.62999E-02 
2.53533E-01 
---
