PdfType: replica
Format: lhagrid1
---
4.34963E-04 7.77181E-04 7.77181E-04 1.38865E-03 1.38865E-03 2.48120E-03 2.48120E-03 2.48120E-03 4.43334E-03 4.43334E-03 4.43334E-03 4.43334E-03 7.92137E-03 7.92137E-03 7.92137E-03 7.92137E-03 1.41537E-02 1.41537E-02 1.41537E-02 1.41537E-02 1.41537E-02 2.52895E-02 2.52895E-02 2.52895E-02 2.52895E-02 2.52895E-02 4.51866E-02 4.51866E-02 4.51866E-02 4.51866E-02 4.51866E-02 4.51866E-02 8.07383E-02 8.07383E-02 8.07383E-02 8.07383E-02 8.07383E-02 8.07383E-02 8.07383E-02 1.44261E-01 1.44261E-01 1.44261E-01 1.44261E-01 1.44261E-01 1.44261E-01 2.57762E-01 2.57762E-01 2.57762E-01 2.57762E-01 2.57762E-01 2.57762E-01 4.60562E-01 4.60562E-01 4.60562E-01 4.60562E-01 4.60562E-01 4.60562E-01 
1.58489E+00 1.58489E+00 2.51189E+00 1.58489E+00 2.51189E+00 1.58489E+00 2.51189E+00 3.98107E+00 1.58489E+00 2.51189E+00 3.98107E+00 6.30957E+00 1.58489E+00 2.51189E+00 3.98107E+00 6.30957E+00 1.58489E+00 2.51189E+00 3.98107E+00 6.30957E+00 9.99999E+00 1.58489E+00 2.51189E+00 3.98107E+00 6.30957E+00 9.99999E+00 1.58489E+00 2.51189E+00 3.98107E+00 6.30957E+00 9.99999E+00 1.58489E+01 1.58489E+00 2.51189E+00 3.98107E+00 6.30957E+00 9.99999E+00 1.58489E+01 2.51189E+01 2.51189E+00 3.98107E+00 6.30957E+00 9.99999E+00 1.58489E+01 2.51189E+01 3.98107E+00 6.30957E+00 9.99999E+00 1.58489E+01 2.51189E+01 3.98107E+01 6.30957E+00 9.99999E+00 1.58489E+01 2.51189E+01 3.98107E+01 6.30957E+01 
90000 
2.20267E-04 
2.19165E-04 
5.25090E-04 
2.18068E-04 
5.23948E-04 
2.16951E-04 
5.23517E-04 
1.28637E-03 
2.15912E-04 
5.23386E-04 
1.28754E-03 
3.24752E-03 
2.15152E-04 
5.23631E-04 
1.29021E-03 
3.24627E-03 
2.14828E-04 
5.24320E-04 
1.29376E-03 
3.24243E-03 
8.19233E-03 
2.14361E-04 
5.24104E-04 
1.29464E-03 
3.23034E-03 
8.14481E-03 
2.10997E-04 
5.17179E-04 
1.27908E-03 
3.18105E-03 
7.99752E-03 
2.02066E-02 
2.00829E-04 
4.94426E-04 
1.22535E-03 
3.04501E-03 
7.63628E-03 
1.92329E-02 
4.90531E-02 
4.57727E-04 
1.13806E-03 
2.83277E-03 
7.09697E-03 
1.78425E-02 
4.52849E-02 
1.05167E-03 
2.62367E-03 
6.56811E-03 
1.64889E-02 
4.16718E-02 
1.07275E-01 
2.41198E-03 
6.03427E-03 
1.51316E-02 
3.81144E-02 
9.70961E-02 
2.55192E-01 
---
