PdfType: replica
Format: lhagrid1
---
4.34963E-04 7.77181E-04 7.77181E-04 1.38865E-03 1.38865E-03 2.48120E-03 2.48120E-03 2.48120E-03 4.43334E-03 4.43334E-03 4.43334E-03 4.43334E-03 7.92137E-03 7.92137E-03 7.92137E-03 7.92137E-03 1.41537E-02 1.41537E-02 1.41537E-02 1.41537E-02 1.41537E-02 2.52895E-02 2.52895E-02 2.52895E-02 2.52895E-02 2.52895E-02 4.51866E-02 4.51866E-02 4.51866E-02 4.51866E-02 4.51866E-02 4.51866E-02 8.07383E-02 8.07383E-02 8.07383E-02 8.07383E-02 8.07383E-02 8.07383E-02 8.07383E-02 1.44261E-01 1.44261E-01 1.44261E-01 1.44261E-01 1.44261E-01 1.44261E-01 2.57762E-01 2.57762E-01 2.57762E-01 2.57762E-01 2.57762E-01 2.57762E-01 4.60562E-01 4.60562E-01 4.60562E-01 4.60562E-01 4.60562E-01 4.60562E-01 
1.58489E+00 1.58489E+00 2.51189E+00 1.58489E+00 2.51189E+00 1.58489E+00 2.51189E+00 3.98107E+00 1.58489E+00 2.51189E+00 3.98107E+00 6.30957E+00 1.58489E+00 2.51189E+00 3.98107E+00 6.30957E+00 1.58489E+00 2.51189E+00 3.98107E+00 6.30957E+00 9.99999E+00 1.58489E+00 2.51189E+00 3.98107E+00 6.30957E+00 9.99999E+00 1.58489E+00 2.51189E+00 3.98107E+00 6.30957E+00 9.99999E+00 1.58489E+01 1.58489E+00 2.51189E+00 3.98107E+00 6.30957E+00 9.99999E+00 1.58489E+01 2.51189E+01 2.51189E+00 3.98107E+00 6.30957E+00 9.99999E+00 1.58489E+01 2.51189E+01 3.98107E+00 6.30957E+00 9.99999E+00 1.58489E+01 2.51189E+01 3.98107E+01 6.30957E+00 9.99999E+00 1.58489E+01 2.51189E+01 3.98107E+01 6.30957E+01 
90000 
2.19953E-04 
2.18763E-04 
5.23981E-04 
2.17552E-04 
5.22566E-04 
2.16251E-04 
5.21714E-04 
1.28240E-03 
2.14872E-04 
5.20844E-04 
1.28187E-03 
3.23587E-03 
2.13467E-04 
5.19764E-04 
1.28159E-03 
3.22792E-03 
2.12055E-04 
5.18338E-04 
1.28062E-03 
3.21395E-03 
8.13000E-03 
2.10350E-04 
5.15893E-04 
1.27698E-03 
3.19186E-03 
8.05982E-03 
2.07053E-04 
5.09396E-04 
1.26277E-03 
3.14564E-03 
7.92076E-03 
2.00396E-02 
1.99289E-04 
4.91585E-04 
1.21975E-03 
3.03330E-03 
7.61253E-03 
1.91861E-02 
4.89787E-02 
4.57669E-04 
1.13760E-03 
2.83142E-03 
7.09318E-03 
1.78339E-02 
4.52739E-02 
1.04936E-03 
2.61885E-03 
6.55893E-03 
1.64720E-02 
4.16452E-02 
1.07263E-01 
2.41857E-03 
6.05115E-03 
1.51746E-02 
3.82246E-02 
9.73862E-02 
2.56013E-01 
---
