PdfType: replica
Format: lhagrid1
---
4.34963E-04 7.77181E-04 7.77181E-04 1.38865E-03 1.38865E-03 2.48120E-03 2.48120E-03 2.48120E-03 4.43334E-03 4.43334E-03 4.43334E-03 4.43334E-03 7.92137E-03 7.92137E-03 7.92137E-03 7.92137E-03 1.41537E-02 1.41537E-02 1.41537E-02 1.41537E-02 1.41537E-02 2.52895E-02 2.52895E-02 2.52895E-02 2.52895E-02 2.52895E-02 4.51866E-02 4.51866E-02 4.51866E-02 4.51866E-02 4.51866E-02 4.51866E-02 8.07383E-02 8.07383E-02 8.07383E-02 8.07383E-02 8.07383E-02 8.07383E-02 8.07383E-02 1.44261E-01 1.44261E-01 1.44261E-01 1.44261E-01 1.44261E-01 1.44261E-01 2.57762E-01 2.57762E-01 2.57762E-01 2.57762E-01 2.57762E-01 2.57762E-01 4.60562E-01 4.60562E-01 4.60562E-01 4.60562E-01 4.60562E-01 4.60562E-01 
1.58489E+00 1.58489E+00 2.51189E+00 1.58489E+00 2.51189E+00 1.58489E+00 2.51189E+00 3.98107E+00 1.58489E+00 2.51189E+00 3.98107E+00 6.30957E+00 1.58489E+00 2.51189E+00 3.98107E+00 6.30957E+00 1.58489E+00 2.51189E+00 3.98107E+00 6.30957E+00 9.99999E+00 1.58489E+00 2.51189E+00 3.98107E+00 6.30957E+00 9.99999E+00 1.58489E+00 2.51189E+00 3.98107E+00 6.30957E+00 9.99999E+00 1.58489E+01 1.58489E+00 2.51189E+00 3.98107E+00 6.30957E+00 9.99999E+00 1.58489E+01 2.51189E+01 2.51189E+00 3.98107E+00 6.30957E+00 9.99999E+00 1.58489E+01 2.51189E+01 3.98107E+00 6.30957E+00 9.99999E+00 1.58489E+01 2.51189E+01 3.98107E+01 6.30957E+00 9.99999E+00 1.58489E+01 2.51189E+01 3.98107E+01 6.30957E+01 
90000 
2.20332E-04 
2.19147E-04 
5.24603E-04 
2.17900E-04 
5.23128E-04 
2.16509E-04 
5.22119E-04 
1.28302E-03 
2.14984E-04 
5.20998E-04 
1.28205E-03 
3.23542E-03 
2.13410E-04 
5.19649E-04 
1.28129E-03 
3.22686E-03 
2.11904E-04 
5.18088E-04 
1.28006E-03 
3.21260E-03 
8.12547E-03 
2.10275E-04 
5.15671E-04 
1.27622E-03 
3.18972E-03 
8.05334E-03 
2.06917E-04 
5.08612E-04 
1.26014E-03 
3.13802E-03 
7.90018E-03 
1.99855E-02 
1.98133E-04 
4.88312E-04 
1.21104E-03 
3.01104E-03 
7.55592E-03 
1.90438E-02 
4.86291E-02 
4.51674E-04 
1.12267E-03 
2.79499E-03 
7.00304E-03 
1.76119E-02 
4.47319E-02 
1.03267E-03 
2.57744E-03 
6.45822E-03 
1.62260E-02 
4.10433E-02 
1.05794E-01 
2.37947E-03 
5.95663E-03 
1.49445E-02 
3.76619E-02 
9.60063E-02 
2.52627E-01 
---
