PdfType: replica
Format: lhagrid1
---
4.34963E-04 7.77181E-04 7.77181E-04 1.38865E-03 1.38865E-03 2.48120E-03 2.48120E-03 2.48120E-03 4.43334E-03 4.43334E-03 4.43334E-03 4.43334E-03 7.92137E-03 7.92137E-03 7.92137E-03 7.92137E-03 1.41537E-02 1.41537E-02 1.41537E-02 1.41537E-02 1.41537E-02 2.52895E-02 2.52895E-02 2.52895E-02 2.52895E-02 2.52895E-02 4.51866E-02 4.51866E-02 4.51866E-02 4.51866E-02 4.51866E-02 4.51866E-02 8.07383E-02 8.07383E-02 8.07383E-02 8.07383E-02 8.07383E-02 8.07383E-02 8.07383E-02 1.44261E-01 1.44261E-01 1.44261E-01 1.44261E-01 1.44261E-01 1.44261E-01 2.57762E-01 2.57762E-01 2.57762E-01 2.57762E-01 2.57762E-01 2.57762E-01 4.60562E-01 4.60562E-01 4.60562E-01 4.60562E-01 4.60562E-01 4.60562E-01 
1.58489E+00 1.58489E+00 2.51189E+00 1.58489E+00 2.51189E+00 1.58489E+00 2.51189E+00 3.98107E+00 1.58489E+00 2.51189E+00 3.98107E+00 6.30957E+00 1.58489E+00 2.51189E+00 3.98107E+00 6.30957E+00 1.58489E+00 2.51189E+00 3.98107E+00 6.30957E+00 9.99999E+00 1.58489E+00 2.51189E+00 3.98107E+00 6.30957E+00 9.99999E+00 1.58489E+00 2.51189E+00 3.98107E+00 6.30957E+00 9.99999E+00 1.58489E+01 1.58489E+00 2.51189E+00 3.98107E+00 6.30957E+00 9.99999E+00 1.58489E+01 2.51189E+01 2.51189E+00 3.98107E+00 6.30957E+00 9.99999E+00 1.58489E+01 2.51189E+01 3.98107E+00 6.30957E+00 9.99999E+00 1.58489E+01 2.51189E+01 3.98107E+01 6.30957E+00 9.99999E+00 1.58489E+01 2.51189E+01 3.98107E+01 6.30957E+01 
90000 
2.19842E-04 
2.18722E-04 
5.23952E-04 
2.17674E-04 
5.22881E-04 
2.16681E-04 
5.22670E-04 
1.28461E-03 
2.15818E-04 
5.22875E-04 
1.28639E-03 
3.24549E-03 
2.15177E-04 
5.23382E-04 
1.28952E-03 
3.24480E-03 
2.14689E-04 
5.23819E-04 
1.29249E-03 
3.23947E-03 
8.18699E-03 
2.13603E-04 
5.22494E-04 
1.29106E-03 
3.22239E-03 
8.12691E-03 
2.09726E-04 
5.14662E-04 
1.27375E-03 
3.16952E-03 
7.97212E-03 
2.01514E-02 
2.00203E-04 
4.93283E-04 
1.22305E-03 
3.04047E-03 
7.62663E-03 
1.92133E-02 
4.90228E-02 
4.57565E-04 
1.13708E-03 
2.82995E-03 
7.08870E-03 
1.78206E-02 
4.52317E-02 
1.04550E-03 
2.60855E-03 
6.53321E-03 
1.64076E-02 
4.14803E-02 
1.06813E-01 
2.41481E-03 
6.04927E-03 
1.51849E-02 
3.82790E-02 
9.75587E-02 
2.56330E-01 
---
