PdfType: replica
Format: lhagrid1
---
4.34963E-04 7.77181E-04 7.77181E-04 1.38865E-03 1.38865E-03 2.48120E-03 2.48120E-03 2.48120E-03 4.43334E-03 4.43334E-03 4.43334E-03 4.43334E-03 7.92137E-03 7.92137E-03 7.92137E-03 7.92137E-03 1.41537E-02 1.41537E-02 1.41537E-02 1.41537E-02 1.41537E-02 2.52895E-02 2.52895E-02 2.52895E-02 2.52895E-02 2.52895E-02 4.51866E-02 4.51866E-02 4.51866E-02 4.51866E-02 4.51866E-02 4.51866E-02 8.07383E-02 8.07383E-02 8.07383E-02 8.07383E-02 8.07383E-02 8.07383E-02 8.07383E-02 1.44261E-01 1.44261E-01 1.44261E-01 1.44261E-01 1.44261E-01 1.44261E-01 2.57762E-01 2.57762E-01 2.57762E-01 2.57762E-01 2.57762E-01 2.57762E-01 4.60562E-01 4.60562E-01 4.60562E-01 4.60562E-01 4.60562E-01 4.60562E-01 
1.58489E+00 1.58489E+00 2.51189E+00 1.58489E+00 2.51189E+00 1.58489E+00 2.51189E+00 3.98107E+00 1.58489E+00 2.51189E+00 3.98107E+00 6.30957E+00 1.58489E+00 2.51189E+00 3.98107E+00 6.30957E+00 1.58489E+00 2.51189E+00 3.98107E+00 6.30957E+00 9.99999E+00 1.58489E+00 2.51189E+00 3.98107E+00 6.30957E+00 9.99999E+00 1.58489E+00 2.51189E+00 3.98107E+00 6.30957E+00 9.99999E+00 1.58489E+01 1.58489E+00 2.51189E+00 3.98107E+00 6.30957E+00 9.99999E+00 1.58489E+01 2.51189E+01 2.51189E+00 3.98107E+00 6.30957E+00 9.99999E+00 1.58489E+01 2.51189E+01 3.98107E+00 6.30957E+00 9.99999E+00 1.58489E+01 2.51189E+01 3.98107E+01 6.30957E+00 9.99999E+00 1.58489E+01 2.51189E+01 3.98107E+01 6.30957E+01 
90000 
2.20931E-04 
2.19784E-04 
5.25938E-04 
2.18536E-04 
5.24523E-04 
2.17122E-04 
5.23543E-04 
1.28611E-03 
2.15614E-04 
5.22503E-04 
1.28539E-03 
3.24347E-03 
2.14225E-04 
5.21505E-04 
1.28546E-03 
3.23663E-03 
2.13242E-04 
5.20931E-04 
1.28643E-03 
3.22708E-03 
8.16176E-03 
2.12455E-04 
5.20204E-04 
1.28633E-03 
3.21259E-03 
8.10816E-03 
2.09474E-04 
5.14032E-04 
1.27224E-03 
3.16579E-03 
7.96479E-03 
2.01426E-02 
1.99811E-04 
4.92106E-04 
1.22005E-03 
3.03225E-03 
7.60784E-03 
1.91719E-02 
4.89451E-02 
4.55869E-04 
1.13417E-03 
2.82422E-03 
7.07836E-03 
1.78030E-02 
4.52105E-02 
1.05366E-03 
2.63061E-03 
6.58831E-03 
1.65465E-02 
4.18358E-02 
1.07754E-01 
2.45005E-03 
6.13480E-03 
1.53937E-02 
3.87920E-02 
9.88312E-02 
2.59563E-01 
---
