PdfType: replica
Format: lhagrid1
---
4.34963E-04 7.77181E-04 7.77181E-04 1.38865E-03 1.38865E-03 2.48120E-03 2.48120E-03 2.48120E-03 4.43334E-03 4.43334E-03 4.43334E-03 4.43334E-03 7.92137E-03 7.92137E-03 7.92137E-03 7.92137E-03 1.41537E-02 1.41537E-02 1.41537E-02 1.41537E-02 1.41537E-02 2.52895E-02 2.52895E-02 2.52895E-02 2.52895E-02 2.52895E-02 4.51866E-02 4.51866E-02 4.51866E-02 4.51866E-02 4.51866E-02 4.51866E-02 8.07383E-02 8.07383E-02 8.07383E-02 8.07383E-02 8.07383E-02 8.07383E-02 8.07383E-02 1.44261E-01 1.44261E-01 1.44261E-01 1.44261E-01 1.44261E-01 1.44261E-01 2.57762E-01 2.57762E-01 2.57762E-01 2.57762E-01 2.57762E-01 2.57762E-01 4.60562E-01 4.60562E-01 4.60562E-01 4.60562E-01 4.60562E-01 4.60562E-01 
1.58489E+00 1.58489E+00 2.51189E+00 1.58489E+00 2.51189E+00 1.58489E+00 2.51189E+00 3.98107E+00 1.58489E+00 2.51189E+00 3.98107E+00 6.30957E+00 1.58489E+00 2.51189E+00 3.98107E+00 6.30957E+00 1.58489E+00 2.51189E+00 3.98107E+00 6.30957E+00 9.99999E+00 1.58489E+00 2.51189E+00 3.98107E+00 6.30957E+00 9.99999E+00 1.58489E+00 2.51189E+00 3.98107E+00 6.30957E+00 9.99999E+00 1.58489E+01 1.58489E+00 2.51189E+00 3.98107E+00 6.30957E+00 9.99999E+00 1.58489E+01 2.51189E+01 2.51189E+00 3.98107E+00 6.30957E+00 9.99999E+00 1.58489E+01 2.51189E+01 3.98107E+00 6.30957E+00 9.99999E+00 1.58489E+01 2.51189E+01 3.98107E+01 6.30957E+00 9.99999E+00 1.58489E+01 2.51189E+01 3.98107E+01 6.30957E+01 
90000 
2.19514E-04 
2.18189E-04 
5.23224E-04 
2.16841E-04 
5.21551E-04 
2.15456E-04 
5.20520E-04 
1.28032E-03 
2.14143E-04 
5.19768E-04 
1.28007E-03 
3.23244E-03 
2.13091E-04 
5.19386E-04 
1.28126E-03 
3.22781E-03 
2.12399E-04 
5.19321E-04 
1.28302E-03 
3.21952E-03 
8.14221E-03 
2.11462E-04 
5.18123E-04 
1.28163E-03 
3.20156E-03 
8.08021E-03 
2.08028E-04 
5.11058E-04 
1.26588E-03 
3.15127E-03 
7.93123E-03 
2.00553E-02 
1.99285E-04 
4.91415E-04 
1.21909E-03 
3.03114E-03 
7.60532E-03 
1.91616E-02 
4.88837E-02 
4.57177E-04 
1.13581E-03 
2.82647E-03 
7.07801E-03 
1.77894E-02 
4.51390E-02 
1.04299E-03 
2.60312E-03 
6.52070E-03 
1.63782E-02 
4.14104E-02 
1.06648E-01 
2.40330E-03 
6.01190E-03 
1.50744E-02 
3.79706E-02 
9.67489E-02 
2.54455E-01 
---
