PdfType: replica
Format: lhagrid1
---
4.34963E-04 7.77181E-04 7.77181E-04 1.38865E-03 1.38865E-03 2.48120E-03 2.48120E-03 2.48120E-03 4.43334E-03 4.43334E-03 4.43334E-03 4.43334E-03 7.92137E-03 7.92137E-03 7.92137E-03 7.92137E-03 1.41537E-02 1.41537E-02 1.41537E-02 1.41537E-02 1.41537E-02 2.52895E-02 2.52895E-02 2.52895E-02 2.52895E-02 2.52895E-02 4.51866E-02 4.51866E-02 4.51866E-02 4.51866E-02 4.51866E-02 4.51866E-02 8.07383E-02 8.07383E-02 8.07383E-02 8.07383E-02 8.07383E-02 8.07383E-02 8.07383E-02 1.44261E-01 1.44261E-01 1.44261E-01 1.44261E-01 1.44261E-01 1.44261E-01 2.57762E-01 2.57762E-01 2.57762E-01 2.57762E-01 2.57762E-01 2.57762E-01 4.60562E-01 4.60562E-01 4.60562E-01 4.60562E-01 4.60562E-01 4.60562E-01 
1.58489E+00 1.58489E+00 2.51189E+00 1.58489E+00 2.51189E+00 1.58489E+00 2.51189E+00 3.98107E+00 1.58489E+00 2.51189E+00 3.98107E+00 6.30957E+00 1.58489E+00 2.51189E+00 3.98107E+00 6.30957E+00 1.58489E+00 2.51189E+00 3.98107E+00 6.30957E+00 9.99999E+00 1.58489E+00 2.51189E+00 3.98107E+00 6.30957E+00 9.99999E+00 1.58489E+00 2.51189E+00 3.98107E+00 6.30957E+00 9.99999E+00 1.58489E+01 1.58489E+00 2.51189E+00 3.98107E+00 6.30957E+00 9.99999E+00 1.58489E+01 2.51189E+01 2.51189E+00 3.98107E+00 6.30957E+00 9.99999E+00 1.58489E+01 2.51189E+01 3.98107E+00 6.30957E+00 9.99999E+00 1.58489E+01 2.51189E+01 3.98107E+01 6.30957E+00 9.99999E+00 1.58489E+01 2.51189E+01 3.98107E+01 6.30957E+01 
90000 
2.20079E-04 
2.18846E-04 
5.24236E-04 
2.17574E-04 
5.22725E-04 
2.16205E-04 
5.21761E-04 
1.28254E-03 
2.14789E-04 
5.20836E-04 
1.28198E-03 
3.23561E-03 
2.13453E-04 
5.19924E-04 
1.28215E-03 
3.22894E-03 
2.12344E-04 
5.19146E-04 
1.28265E-03 
3.21852E-03 
8.13984E-03 
2.11241E-04 
5.17898E-04 
1.28154E-03 
3.20224E-03 
8.08306E-03 
2.08399E-04 
5.12149E-04 
1.26861E-03 
3.15865E-03 
7.94898E-03 
2.01011E-02 
1.99995E-04 
4.92745E-04 
1.22169E-03 
3.03687E-03 
7.61838E-03 
1.91943E-02 
4.89803E-02 
4.56414E-04 
1.13442E-03 
2.82332E-03 
7.07345E-03 
1.77851E-02 
4.51504E-02 
1.04558E-03 
2.60921E-03 
6.53481E-03 
1.64117E-02 
4.14946E-02 
1.06892E-01 
2.40819E-03 
6.02609E-03 
1.51139E-02 
3.80780E-02 
9.70366E-02 
2.55221E-01 
---
