PdfType: replica
Format: lhagrid1
---
4.34963E-04 7.77181E-04 7.77181E-04 1.38865E-03 1.38865E-03 2.48120E-03 2.48120E-03 2.48120E-03 4.43334E-03 4.43334E-03 4.43334E-03 4.43334E-03 7.92137E-03 7.92137E-03 7.92137E-03 7.92137E-03 1.41537E-02 1.41537E-02 1.41537E-02 1.41537E-02 1.41537E-02 2.52895E-02 2.52895E-02 2.52895E-02 2.52895E-02 2.52895E-02 4.51866E-02 4.51866E-02 4.51866E-02 4.51866E-02 4.51866E-02 4.51866E-02 8.07383E-02 8.07383E-02 8.07383E-02 8.07383E-02 8.07383E-02 8.07383E-02 8.07383E-02 1.44261E-01 1.44261E-01 1.44261E-01 1.44261E-01 1.44261E-01 1.44261E-01 2.57762E-01 2.57762E-01 2.57762E-01 2.57762E-01 2.57762E-01 2.57762E-01 4.60562E-01 4.60562E-01 4.60562E-01 4.60562E-01 4.60562E-01 4.60562E-01 
1.58489E+00 1.58489E+00 2.51189E+00 1.58489E+00 2.51189E+00 1.58489E+00 2.51189E+00 3.98107E+00 1.58489E+00 2.51189E+00 3.98107E+00 6.30957E+00 1.58489E+00 2.51189E+00 3.98107E+00 6.30957E+00 1.58489E+00 2.51189E+00 3.98107E+00 6.30957E+00 9.99999E+00 1.58489E+00 2.51189E+00 3.98107E+00 6.30957E+00 9.99999E+00 1.58489E+00 2.51189E+00 3.98107E+00 6.30957E+00 9.99999E+00 1.58489E+01 1.58489E+00 2.51189E+00 3.98107E+00 6.30957E+00 9.99999E+00 1.58489E+01 2.51189E+01 2.51189E+00 3.98107E+00 6.30957E+00 9.99999E+00 1.58489E+01 2.51189E+01 3.98107E+00 6.30957E+00 9.99999E+00 1.58489E+01 2.51189E+01 3.98107E+01 6.30957E+00 9.99999E+00 1.58489E+01 2.51189E+01 3.98107E+01 6.30957E+01 
90000 
2.20041E-04 
2.18997E-04 
5.24423E-04 
2.17970E-04 
5.23342E-04 
2.16879E-04 
5.22877E-04 
1.28475E-03 
2.15708E-04 
5.22406E-04 
1.28504E-03 
3.24196E-03 
2.14453E-04 
5.21653E-04 
1.28547E-03 
3.23566E-03 
2.13063E-04 
5.20340E-04 
1.28483E-03 
3.22270E-03 
8.14873E-03 
2.11218E-04 
5.17693E-04 
1.28090E-03 
3.20032E-03 
8.07848E-03 
2.07742E-04 
5.10939E-04 
1.26641E-03 
3.15389E-03 
7.94030E-03 
2.00860E-02 
2.00096E-04 
4.93601E-04 
1.22480E-03 
3.04564E-03 
7.64243E-03 
1.92587E-02 
4.91549E-02 
4.60589E-04 
1.14445E-03 
2.84819E-03 
7.13224E-03 
1.79259E-02 
4.54905E-02 
1.05369E-03 
2.62928E-03 
6.58425E-03 
1.65335E-02 
4.17912E-02 
1.07578E-01 
2.42699E-03 
6.07316E-03 
1.52310E-02 
3.83661E-02 
9.77247E-02 
2.56714E-01 
---
