PdfType: replica
Format: lhagrid1
---
4.34963E-04 7.77181E-04 7.77181E-04 1.38865E-03 1.38865E-03 2.48120E-03 2.48120E-03 2.48120E-03 4.43334E-03 4.43334E-03 4.43334E-03 4.43334E-03 7.92137E-03 7.92137E-03 7.92137E-03 7.92137E-03 1.41537E-02 1.41537E-02 1.41537E-02 1.41537E-02 1.41537E-02 2.52895E-02 2.52895E-02 2.52895E-02 2.52895E-02 2.52895E-02 4.51866E-02 4.51866E-02 4.51866E-02 4.51866E-02 4.51866E-02 4.51866E-02 8.07383E-02 8.07383E-02 8.07383E-02 8.07383E-02 8.07383E-02 8.07383E-02 8.07383E-02 1.44261E-01 1.44261E-01 1.44261E-01 1.44261E-01 1.44261E-01 1.44261E-01 2.57762E-01 2.57762E-01 2.57762E-01 2.57762E-01 2.57762E-01 2.57762E-01 4.60562E-01 4.60562E-01 4.60562E-01 4.60562E-01 4.60562E-01 4.60562E-01 
1.58489E+00 1.58489E+00 2.51189E+00 1.58489E+00 2.51189E+00 1.58489E+00 2.51189E+00 3.98107E+00 1.58489E+00 2.51189E+00 3.98107E+00 6.30957E+00 1.58489E+00 2.51189E+00 3.98107E+00 6.30957E+00 1.58489E+00 2.51189E+00 3.98107E+00 6.30957E+00 9.99999E+00 1.58489E+00 2.51189E+00 3.98107E+00 6.30957E+00 9.99999E+00 1.58489E+00 2.51189E+00 3.98107E+00 6.30957E+00 9.99999E+00 1.58489E+01 1.58489E+00 2.51189E+00 3.98107E+00 6.30957E+00 9.99999E+00 1.58489E+01 2.51189E+01 2.51189E+00 3.98107E+00 6.30957E+00 9.99999E+00 1.58489E+01 2.51189E+01 3.98107E+00 6.30957E+00 9.99999E+00 1.58489E+01 2.51189E+01 3.98107E+01 6.30957E+00 9.99999E+00 1.58489E+01 2.51189E+01 3.98107E+01 6.30957E+01 
90000 
2.20665E-04 
2.19554E-04 
5.25508E-04 
2.18406E-04 
5.24227E-04 
2.17155E-04 
5.23510E-04 
1.28606E-03 
2.15835E-04 
5.22822E-04 
1.28603E-03 
3.24444E-03 
2.14547E-04 
5.22078E-04 
1.28662E-03 
3.23869E-03 
2.13399E-04 
5.21278E-04 
1.28714E-03 
3.22830E-03 
8.16281E-03 
2.12138E-04 
5.19692E-04 
1.28534E-03 
3.21029E-03 
8.10200E-03 
2.09086E-04 
5.13490E-04 
1.27157E-03 
3.16476E-03 
7.96408E-03 
2.01425E-02 
2.00567E-04 
4.94031E-04 
1.22476E-03 
3.04419E-03 
7.63573E-03 
1.92384E-02 
4.91124E-02 
4.57578E-04 
1.13705E-03 
2.83060E-03 
7.09001E-03 
1.78257E-02 
4.52592E-02 
1.04860E-03 
2.61765E-03 
6.55876E-03 
1.64775E-02 
4.16714E-02 
1.07356E-01 
2.42471E-03 
6.06910E-03 
1.52244E-02 
3.83593E-02 
9.77445E-02 
2.56958E-01 
---
