PdfType: replica
Format: lhagrid1
---
4.34963E-04 7.77181E-04 7.77181E-04 1.38865E-03 1.38865E-03 2.48120E-03 2.48120E-03 2.48120E-03 4.43334E-03 4.43334E-03 4.43334E-03 4.43334E-03 7.92137E-03 7.92137E-03 7.92137E-03 7.92137E-03 1.41537E-02 1.41537E-02 1.41537E-02 1.41537E-02 1.41537E-02 2.52895E-02 2.52895E-02 2.52895E-02 2.52895E-02 2.52895E-02 4.51866E-02 4.51866E-02 4.51866E-02 4.51866E-02 4.51866E-02 4.51866E-02 8.07383E-02 8.07383E-02 8.07383E-02 8.07383E-02 8.07383E-02 8.07383E-02 8.07383E-02 1.44261E-01 1.44261E-01 1.44261E-01 1.44261E-01 1.44261E-01 1.44261E-01 2.57762E-01 2.57762E-01 2.57762E-01 2.57762E-01 2.57762E-01 2.57762E-01 4.60562E-01 4.60562E-01 4.60562E-01 4.60562E-01 4.60562E-01 4.60562E-01 
1.58489E+00 1.58489E+00 2.51189E+00 1.58489E+00 2.51189E+00 1.58489E+00 2.51189E+00 3.98107E+00 1.58489E+00 2.51189E+00 3.98107E+00 6.30957E+00 1.58489E+00 2.51189E+00 3.98107E+00 6.30957E+00 1.58489E+00 2.51189E+00 3.98107E+00 6.30957E+00 9.99999E+00 1.58489E+00 2.51189E+00 3.98107E+00 6.30957E+00 9.99999E+00 1.58489E+00 2.51189E+00 3.98107E+00 6.30957E+00 9.99999E+00 1.58489E+01 1.58489E+00 2.51189E+00 3.98107E+00 6.30957E+00 9.99999E+00 1.58489E+01 2.51189E+01 2.51189E+00 3.98107E+00 6.30957E+00 9.99999E+00 1.58489E+01 2.51189E+01 3.98107E+00 6.30957E+00 9.99999E+00 1.58489E+01 2.51189E+01 3.98107E+01 6.30957E+00 9.99999E+00 1.58489E+01 2.51189E+01 3.98107E+01 6.30957E+01 
90000 
2.20314E-04 
2.19179E-04 
5.24842E-04 
2.18035E-04 
5.23585E-04 
2.16852E-04 
5.22994E-04 
1.28513E-03 
2.15706E-04 
5.22622E-04 
1.28571E-03 
3.24421E-03 
2.14736E-04 
5.22449E-04 
1.28742E-03 
3.24069E-03 
2.14005E-04 
5.22373E-04 
1.28932E-03 
3.23298E-03 
8.17327E-03 
2.12983E-04 
5.21163E-04 
1.28820E-03 
3.21619E-03 
8.11455E-03 
2.09587E-04 
5.14354E-04 
1.27321E-03 
3.16818E-03 
7.97069E-03 
2.01527E-02 
2.00592E-04 
4.94103E-04 
1.22488E-03 
3.04440E-03 
7.63553E-03 
1.92343E-02 
4.90787E-02 
4.57765E-04 
1.13717E-03 
2.82975E-03 
7.08654E-03 
1.78125E-02 
4.52080E-02 
1.04428E-03 
2.60551E-03 
6.52551E-03 
1.63879E-02 
4.14310E-02 
1.06703E-01 
2.39736E-03 
5.99823E-03 
1.50425E-02 
3.78954E-02 
9.65715E-02 
2.54044E-01 
---
