PdfType: replica
Format: lhagrid1
---
4.34963E-04 7.77181E-04 7.77181E-04 1.38865E-03 1.38865E-03 2.48120E-03 2.48120E-03 2.48120E-03 4.43334E-03 4.43334E-03 4.43334E-03 4.43334E-03 7.92137E-03 7.92137E-03 7.92137E-03 7.92137E-03 1.41537E-02 1.41537E-02 1.41537E-02 1.41537E-02 1.41537E-02 2.52895E-02 2.52895E-02 2.52895E-02 2.52895E-02 2.52895E-02 4.51866E-02 4.51866E-02 4.51866E-02 4.51866E-02 4.51866E-02 4.51866E-02 8.07383E-02 8.07383E-02 8.07383E-02 8.07383E-02 8.07383E-02 8.07383E-02 8.07383E-02 1.44261E-01 1.44261E-01 1.44261E-01 1.44261E-01 1.44261E-01 1.44261E-01 2.57762E-01 2.57762E-01 2.57762E-01 2.57762E-01 2.57762E-01 2.57762E-01 4.60562E-01 4.60562E-01 4.60562E-01 4.60562E-01 4.60562E-01 4.60562E-01 
1.58489E+00 1.58489E+00 2.51189E+00 1.58489E+00 2.51189E+00 1.58489E+00 2.51189E+00 3.98107E+00 1.58489E+00 2.51189E+00 3.98107E+00 6.30957E+00 1.58489E+00 2.51189E+00 3.98107E+00 6.30957E+00 1.58489E+00 2.51189E+00 3.98107E+00 6.30957E+00 9.99999E+00 1.58489E+00 2.51189E+00 3.98107E+00 6.30957E+00 9.99999E+00 1.58489E+00 2.51189E+00 3.98107E+00 6.30957E+00 9.99999E+00 1.58489E+01 1.58489E+00 2.51189E+00 3.98107E+00 6.30957E+00 9.99999E+00 1.58489E+01 2.51189E+01 2.51189E+00 3.98107E+00 6.30957E+00 9.99999E+00 1.58489E+01 2.51189E+01 3.98107E+00 6.30957E+00 9.99999E+00 1.58489E+01 2.51189E+01 3.98107E+01 6.30957E+00 9.99999E+00 1.58489E+01 2.51189E+01 3.98107E+01 6.30957E+01 
90000 
2.19882E-04 
2.18669E-04 
5.23858E-04 
2.17434E-04 
5.22455E-04 
2.16134E-04 
5.21659E-04 
1.28235E-03 
2.14833E-04 
5.20985E-04 
1.28233E-03 
3.23651E-03 
2.13671E-04 
5.20407E-04 
1.28318E-03 
3.23119E-03 
2.12783E-04 
5.19995E-04 
1.28439E-03 
3.22197E-03 
8.14724E-03 
2.11850E-04 
5.18977E-04 
1.28370E-03 
3.20619E-03 
8.09178E-03 
2.08914E-04 
5.13028E-04 
1.27037E-03 
3.16163E-03 
7.95539E-03 
2.01159E-02 
2.00119E-04 
4.92969E-04 
1.22220E-03 
3.03759E-03 
7.61939E-03 
1.91960E-02 
4.89891E-02 
4.56652E-04 
1.13523E-03 
2.82578E-03 
7.07890E-03 
1.77977E-02 
4.51811E-02 
1.04927E-03 
2.61869E-03 
6.55750E-03 
1.64664E-02 
4.16262E-02 
1.07195E-01 
2.41877E-03 
6.05213E-03 
1.51780E-02 
3.82349E-02 
9.74122E-02 
2.56058E-01 
---
