PdfType: replica
Format: lhagrid1
---
4.34963E-04 7.77181E-04 7.77181E-04 1.38865E-03 1.38865E-03 2.48120E-03 2.48120E-03 2.48120E-03 4.43334E-03 4.43334E-03 4.43334E-03 4.43334E-03 7.92137E-03 7.92137E-03 7.92137E-03 7.92137E-03 1.41537E-02 1.41537E-02 1.41537E-02 1.41537E-02 1.41537E-02 2.52895E-02 2.52895E-02 2.52895E-02 2.52895E-02 2.52895E-02 4.51866E-02 4.51866E-02 4.51866E-02 4.51866E-02 4.51866E-02 4.51866E-02 8.07383E-02 8.07383E-02 8.07383E-02 8.07383E-02 8.07383E-02 8.07383E-02 8.07383E-02 1.44261E-01 1.44261E-01 1.44261E-01 1.44261E-01 1.44261E-01 1.44261E-01 2.57762E-01 2.57762E-01 2.57762E-01 2.57762E-01 2.57762E-01 2.57762E-01 4.60562E-01 4.60562E-01 4.60562E-01 4.60562E-01 4.60562E-01 4.60562E-01 
1.58489E+00 1.58489E+00 2.51189E+00 1.58489E+00 2.51189E+00 1.58489E+00 2.51189E+00 3.98107E+00 1.58489E+00 2.51189E+00 3.98107E+00 6.30957E+00 1.58489E+00 2.51189E+00 3.98107E+00 6.30957E+00 1.58489E+00 2.51189E+00 3.98107E+00 6.30957E+00 9.99999E+00 1.58489E+00 2.51189E+00 3.98107E+00 6.30957E+00 9.99999E+00 1.58489E+00 2.51189E+00 3.98107E+00 6.30957E+00 9.99999E+00 1.58489E+01 1.58489E+00 2.51189E+00 3.98107E+00 6.30957E+00 9.99999E+00 1.58489E+01 2.51189E+01 2.51189E+00 3.98107E+00 6.30957E+00 9.99999E+00 1.58489E+01 2.51189E+01 3.98107E+00 6.30957E+00 9.99999E+00 1.58489E+01 2.51189E+01 3.98107E+01 6.30957E+00 9.99999E+00 1.58489E+01 2.51189E+01 3.98107E+01 6.30957E+01 
90000 
2.15313E-04 
2.14468E-04 
5.17004E-04 
2.13935E-04 
5.16753E-04 
2.13725E-04 
5.17770E-04 
1.27564E-03 
2.13869E-04 
5.19644E-04 
1.28054E-03 
3.23465E-03 
2.14298E-04 
5.21990E-04 
1.28709E-03 
3.24091E-03 
2.14628E-04 
5.23828E-04 
1.29267E-03 
3.24062E-03 
8.19015E-03 
2.13802E-04 
5.22966E-04 
1.29227E-03 
3.22547E-03 
8.13503E-03 
2.10106E-04 
5.15899E-04 
1.27750E-03 
3.17905E-03 
7.99861E-03 
2.02195E-02 
2.02217E-04 
4.98631E-04 
1.23697E-03 
3.07464E-03 
7.71255E-03 
1.94266E-02 
4.95437E-02 
4.66939E-04 
1.15924E-03 
2.88278E-03 
7.21316E-03 
1.81158E-02 
4.59345E-02 
1.06088E-03 
2.64544E-03 
6.61945E-03 
1.66114E-02 
4.19650E-02 
1.07968E-01 
2.42369E-03 
6.06279E-03 
1.52013E-02 
3.82854E-02 
9.75151E-02 
2.56214E-01 
---
