PdfType: replica
Format: lhagrid1
---
4.34963E-04 7.77181E-04 7.77181E-04 1.38865E-03 1.38865E-03 2.48120E-03 2.48120E-03 2.48120E-03 4.43334E-03 4.43334E-03 4.43334E-03 4.43334E-03 7.92137E-03 7.92137E-03 7.92137E-03 7.92137E-03 1.41537E-02 1.41537E-02 1.41537E-02 1.41537E-02 1.41537E-02 2.52895E-02 2.52895E-02 2.52895E-02 2.52895E-02 2.52895E-02 4.51866E-02 4.51866E-02 4.51866E-02 4.51866E-02 4.51866E-02 4.51866E-02 8.07383E-02 8.07383E-02 8.07383E-02 8.07383E-02 8.07383E-02 8.07383E-02 8.07383E-02 1.44261E-01 1.44261E-01 1.44261E-01 1.44261E-01 1.44261E-01 1.44261E-01 2.57762E-01 2.57762E-01 2.57762E-01 2.57762E-01 2.57762E-01 2.57762E-01 4.60562E-01 4.60562E-01 4.60562E-01 4.60562E-01 4.60562E-01 4.60562E-01 
1.58489E+00 1.58489E+00 2.51189E+00 1.58489E+00 2.51189E+00 1.58489E+00 2.51189E+00 3.98107E+00 1.58489E+00 2.51189E+00 3.98107E+00 6.30957E+00 1.58489E+00 2.51189E+00 3.98107E+00 6.30957E+00 1.58489E+00 2.51189E+00 3.98107E+00 6.30957E+00 9.99999E+00 1.58489E+00 2.51189E+00 3.98107E+00 6.30957E+00 9.99999E+00 1.58489E+00 2.51189E+00 3.98107E+00 6.30957E+00 9.99999E+00 1.58489E+01 1.58489E+00 2.51189E+00 3.98107E+00 6.30957E+00 9.99999E+00 1.58489E+01 2.51189E+01 2.51189E+00 3.98107E+00 6.30957E+00 9.99999E+00 1.58489E+01 2.51189E+01 3.98107E+00 6.30957E+00 9.99999E+00 1.58489E+01 2.51189E+01 3.98107E+01 6.30957E+00 9.99999E+00 1.58489E+01 2.51189E+01 3.98107E+01 6.30957E+01 
90000 
2.20316E-04 
2.19293E-04 
5.25072E-04 
2.18294E-04 
5.24085E-04 
2.17261E-04 
5.23779E-04 
1.28671E-03 
2.16216E-04 
5.23590E-04 
1.28764E-03 
3.24770E-03 
2.15201E-04 
5.23296E-04 
1.28905E-03 
3.24336E-03 
2.14158E-04 
5.22570E-04 
1.28956E-03 
3.23266E-03 
8.17097E-03 
2.12545E-04 
5.20225E-04 
1.28613E-03 
3.21114E-03 
8.10220E-03 
2.08689E-04 
5.12655E-04 
1.26978E-03 
3.16087E-03 
7.95450E-03 
2.01161E-02 
2.00083E-04 
4.93414E-04 
1.22401E-03 
3.04370E-03 
7.63597E-03 
1.92402E-02 
4.91077E-02 
4.59437E-04 
1.14153E-03 
2.84101E-03 
7.11478E-03 
1.78839E-02 
4.53922E-02 
1.04976E-03 
2.61878E-03 
6.55783E-03 
1.64671E-02 
4.16269E-02 
1.07194E-01 
2.40653E-03 
6.02097E-03 
1.50989E-02 
3.80346E-02 
9.69093E-02 
2.54819E-01 
---
