PdfType: replica
Format: lhagrid1
---
4.34963E-04 7.77181E-04 7.77181E-04 1.38865E-03 1.38865E-03 2.48120E-03 2.48120E-03 2.48120E-03 4.43334E-03 4.43334E-03 4.43334E-03 4.43334E-03 7.92137E-03 7.92137E-03 7.92137E-03 7.92137E-03 1.41537E-02 1.41537E-02 1.41537E-02 1.41537E-02 1.41537E-02 2.52895E-02 2.52895E-02 2.52895E-02 2.52895E-02 2.52895E-02 4.51866E-02 4.51866E-02 4.51866E-02 4.51866E-02 4.51866E-02 4.51866E-02 8.07383E-02 8.07383E-02 8.07383E-02 8.07383E-02 8.07383E-02 8.07383E-02 8.07383E-02 1.44261E-01 1.44261E-01 1.44261E-01 1.44261E-01 1.44261E-01 1.44261E-01 2.57762E-01 2.57762E-01 2.57762E-01 2.57762E-01 2.57762E-01 2.57762E-01 4.60562E-01 4.60562E-01 4.60562E-01 4.60562E-01 4.60562E-01 4.60562E-01 
1.58489E+00 1.58489E+00 2.51189E+00 1.58489E+00 2.51189E+00 1.58489E+00 2.51189E+00 3.98107E+00 1.58489E+00 2.51189E+00 3.98107E+00 6.30957E+00 1.58489E+00 2.51189E+00 3.98107E+00 6.30957E+00 1.58489E+00 2.51189E+00 3.98107E+00 6.30957E+00 9.99999E+00 1.58489E+00 2.51189E+00 3.98107E+00 6.30957E+00 9.99999E+00 1.58489E+00 2.51189E+00 3.98107E+00 6.30957E+00 9.99999E+00 1.58489E+01 1.58489E+00 2.51189E+00 3.98107E+00 6.30957E+00 9.99999E+00 1.58489E+01 2.51189E+01 2.51189E+00 3.98107E+00 6.30957E+00 9.99999E+00 1.58489E+01 2.51189E+01 3.98107E+00 6.30957E+00 9.99999E+00 1.58489E+01 2.51189E+01 3.98107E+01 6.30957E+00 9.99999E+00 1.58489E+01 2.51189E+01 3.98107E+01 6.30957E+01 
90000 
2.20250E-04 
2.19076E-04 
5.24387E-04 
2.17858E-04 
5.22997E-04 
2.16526E-04 
5.22128E-04 
1.28315E-03 
2.15106E-04 
5.21229E-04 
1.28264E-03 
3.23727E-03 
2.13682E-04 
5.20180E-04 
1.28249E-03 
3.22983E-03 
2.12321E-04 
5.18915E-04 
1.28188E-03 
3.21682E-03 
8.13705E-03 
2.10721E-04 
5.16597E-04 
1.27829E-03 
3.19462E-03 
8.06557E-03 
2.07228E-04 
5.09377E-04 
1.26199E-03 
3.14276E-03 
7.91194E-03 
2.00167E-02 
1.98475E-04 
4.89251E-04 
1.21351E-03 
3.01718E-03 
7.57194E-03 
1.90850E-02 
4.87331E-02 
4.53513E-04 
1.12728E-03 
2.80578E-03 
7.02974E-03 
1.76769E-02 
4.48870E-02 
1.03700E-03 
2.58759E-03 
6.48092E-03 
1.62775E-02 
4.11608E-02 
1.06062E-01 
2.38713E-03 
5.97518E-03 
1.49901E-02 
3.77756E-02 
9.62942E-02 
2.53385E-01 
---
