PdfType: replica
Format: lhagrid1
---
4.34963E-04 7.77181E-04 7.77181E-04 1.38865E-03 1.38865E-03 2.48120E-03 2.48120E-03 2.48120E-03 4.43334E-03 4.43334E-03 4.43334E-03 4.43334E-03 7.92137E-03 7.92137E-03 7.92137E-03 7.92137E-03 1.41537E-02 1.41537E-02 1.41537E-02 1.41537E-02 1.41537E-02 2.52895E-02 2.52895E-02 2.52895E-02 2.52895E-02 2.52895E-02 4.51866E-02 4.51866E-02 4.51866E-02 4.51866E-02 4.51866E-02 4.51866E-02 8.07383E-02 8.07383E-02 8.07383E-02 8.07383E-02 8.07383E-02 8.07383E-02 8.07383E-02 1.44261E-01 1.44261E-01 1.44261E-01 1.44261E-01 1.44261E-01 1.44261E-01 2.57762E-01 2.57762E-01 2.57762E-01 2.57762E-01 2.57762E-01 2.57762E-01 4.60562E-01 4.60562E-01 4.60562E-01 4.60562E-01 4.60562E-01 4.60562E-01 
1.58489E+00 1.58489E+00 2.51189E+00 1.58489E+00 2.51189E+00 1.58489E+00 2.51189E+00 3.98107E+00 1.58489E+00 2.51189E+00 3.98107E+00 6.30957E+00 1.58489E+00 2.51189E+00 3.98107E+00 6.30957E+00 1.58489E+00 2.51189E+00 3.98107E+00 6.30957E+00 9.99999E+00 1.58489E+00 2.51189E+00 3.98107E+00 6.30957E+00 9.99999E+00 1.58489E+00 2.51189E+00 3.98107E+00 6.30957E+00 9.99999E+00 1.58489E+01 1.58489E+00 2.51189E+00 3.98107E+00 6.30957E+00 9.99999E+00 1.58489E+01 2.51189E+01 2.51189E+00 3.98107E+00 6.30957E+00 9.99999E+00 1.58489E+01 2.51189E+01 3.98107E+00 6.30957E+00 9.99999E+00 1.58489E+01 2.51189E+01 3.98107E+01 6.30957E+00 9.99999E+00 1.58489E+01 2.51189E+01 3.98107E+01 6.30957E+01 
90000 
2.20225E-04 
2.19098E-04 
5.24847E-04 
2.17942E-04 
5.23525E-04 
2.16686E-04 
5.22739E-04 
1.28458E-03 
2.15348E-04 
5.21930E-04 
1.28420E-03 
3.24004E-03 
2.14001E-04 
5.20969E-04 
1.28423E-03 
3.23304E-03 
2.12724E-04 
5.19832E-04 
1.28393E-03 
3.22080E-03 
8.14414E-03 
2.11292E-04 
5.17877E-04 
1.28129E-03 
3.20084E-03 
8.07918E-03 
2.08163E-04 
5.11519E-04 
1.26713E-03 
3.15430E-03 
7.93869E-03 
2.00772E-02 
1.99768E-04 
4.92215E-04 
1.22045E-03 
3.03362E-03 
7.60937E-03 
1.91710E-02 
4.89296E-02 
4.55611E-04 
1.13209E-03 
2.81803E-03 
7.05821E-03 
1.77448E-02 
4.50495E-02 
1.04266E-03 
2.60344E-03 
6.52418E-03 
1.63927E-02 
4.14597E-02 
1.06802E-01 
2.42444E-03 
6.07001E-03 
1.52295E-02 
3.83754E-02 
9.77776E-02 
2.56919E-01 
---
