PdfType: replica
Format: lhagrid1
---
4.34963E-04 7.77181E-04 7.77181E-04 1.38865E-03 1.38865E-03 2.48120E-03 2.48120E-03 2.48120E-03 4.43334E-03 4.43334E-03 4.43334E-03 4.43334E-03 7.92137E-03 7.92137E-03 7.92137E-03 7.92137E-03 1.41537E-02 1.41537E-02 1.41537E-02 1.41537E-02 1.41537E-02 2.52895E-02 2.52895E-02 2.52895E-02 2.52895E-02 2.52895E-02 4.51866E-02 4.51866E-02 4.51866E-02 4.51866E-02 4.51866E-02 4.51866E-02 8.07383E-02 8.07383E-02 8.07383E-02 8.07383E-02 8.07383E-02 8.07383E-02 8.07383E-02 1.44261E-01 1.44261E-01 1.44261E-01 1.44261E-01 1.44261E-01 1.44261E-01 2.57762E-01 2.57762E-01 2.57762E-01 2.57762E-01 2.57762E-01 2.57762E-01 4.60562E-01 4.60562E-01 4.60562E-01 4.60562E-01 4.60562E-01 4.60562E-01 
1.58489E+00 1.58489E+00 2.51189E+00 1.58489E+00 2.51189E+00 1.58489E+00 2.51189E+00 3.98107E+00 1.58489E+00 2.51189E+00 3.98107E+00 6.30957E+00 1.58489E+00 2.51189E+00 3.98107E+00 6.30957E+00 1.58489E+00 2.51189E+00 3.98107E+00 6.30957E+00 9.99999E+00 1.58489E+00 2.51189E+00 3.98107E+00 6.30957E+00 9.99999E+00 1.58489E+00 2.51189E+00 3.98107E+00 6.30957E+00 9.99999E+00 1.58489E+01 1.58489E+00 2.51189E+00 3.98107E+00 6.30957E+00 9.99999E+00 1.58489E+01 2.51189E+01 2.51189E+00 3.98107E+00 6.30957E+00 9.99999E+00 1.58489E+01 2.51189E+01 3.98107E+00 6.30957E+00 9.99999E+00 1.58489E+01 2.51189E+01 3.98107E+01 6.30957E+00 9.99999E+00 1.58489E+01 2.51189E+01 3.98107E+01 6.30957E+01 
90000 
2.20273E-04 
2.19092E-04 
5.24624E-04 
2.17874E-04 
5.23253E-04 
2.16574E-04 
5.22468E-04 
1.28410E-03 
2.15260E-04 
5.21795E-04 
1.28410E-03 
3.24087E-03 
2.14096E-04 
5.21261E-04 
1.28511E-03 
3.23578E-03 
2.13254E-04 
5.21030E-04 
1.28680E-03 
3.22777E-03 
8.16335E-03 
2.12435E-04 
5.20342E-04 
1.28688E-03 
3.21401E-03 
8.11112E-03 
2.09566E-04 
5.14530E-04 
1.27379E-03 
3.17005E-03 
7.97508E-03 
2.01652E-02 
2.00584E-04 
4.93983E-04 
1.22448E-03 
3.04314E-03 
7.63277E-03 
1.92283E-02 
4.90646E-02 
4.57245E-04 
1.13684E-03 
2.82988E-03 
7.09015E-03 
1.78271E-02 
4.52524E-02 
1.05211E-03 
2.62578E-03 
6.57537E-03 
1.65110E-02 
4.17360E-02 
1.07457E-01 
2.42293E-03 
6.06165E-03 
1.52002E-02 
3.82861E-02 
9.75245E-02 
2.56248E-01 
---
