PdfType: replica
Format: lhagrid1
---
4.34963E-04 7.77181E-04 7.77181E-04 1.38865E-03 1.38865E-03 2.48120E-03 2.48120E-03 2.48120E-03 4.43334E-03 4.43334E-03 4.43334E-03 4.43334E-03 7.92137E-03 7.92137E-03 7.92137E-03 7.92137E-03 1.41537E-02 1.41537E-02 1.41537E-02 1.41537E-02 1.41537E-02 2.52895E-02 2.52895E-02 2.52895E-02 2.52895E-02 2.52895E-02 4.51866E-02 4.51866E-02 4.51866E-02 4.51866E-02 4.51866E-02 4.51866E-02 8.07383E-02 8.07383E-02 8.07383E-02 8.07383E-02 8.07383E-02 8.07383E-02 8.07383E-02 1.44261E-01 1.44261E-01 1.44261E-01 1.44261E-01 1.44261E-01 1.44261E-01 2.57762E-01 2.57762E-01 2.57762E-01 2.57762E-01 2.57762E-01 2.57762E-01 4.60562E-01 4.60562E-01 4.60562E-01 4.60562E-01 4.60562E-01 4.60562E-01 
1.58489E+00 1.58489E+00 2.51189E+00 1.58489E+00 2.51189E+00 1.58489E+00 2.51189E+00 3.98107E+00 1.58489E+00 2.51189E+00 3.98107E+00 6.30957E+00 1.58489E+00 2.51189E+00 3.98107E+00 6.30957E+00 1.58489E+00 2.51189E+00 3.98107E+00 6.30957E+00 9.99999E+00 1.58489E+00 2.51189E+00 3.98107E+00 6.30957E+00 9.99999E+00 1.58489E+00 2.51189E+00 3.98107E+00 6.30957E+00 9.99999E+00 1.58489E+01 1.58489E+00 2.51189E+00 3.98107E+00 6.30957E+00 9.99999E+00 1.58489E+01 2.51189E+01 2.51189E+00 3.98107E+00 6.30957E+00 9.99999E+00 1.58489E+01 2.51189E+01 3.98107E+00 6.30957E+00 9.99999E+00 1.58489E+01 2.51189E+01 3.98107E+01 6.30957E+00 9.99999E+00 1.58489E+01 2.51189E+01 3.98107E+01 6.30957E+01 
90000 
2.19835E-04 
2.18647E-04 
5.23780E-04 
2.17452E-04 
5.22392E-04 
2.16188E-04 
5.21592E-04 
1.28222E-03 
2.14861E-04 
5.20795E-04 
1.28179E-03 
3.23569E-03 
2.13488E-04 
5.19742E-04 
1.28149E-03 
3.22756E-03 
2.12002E-04 
5.18128E-04 
1.28004E-03 
3.21234E-03 
8.12623E-03 
2.10016E-04 
5.15095E-04 
1.27513E-03 
3.18728E-03 
8.04906E-03 
2.06373E-04 
5.08016E-04 
1.25990E-03 
3.13906E-03 
7.90614E-03 
2.00055E-02 
1.98928E-04 
4.91150E-04 
1.21934E-03 
3.03317E-03 
7.61332E-03 
1.91893E-02 
4.89833E-02 
4.59274E-04 
1.14123E-03 
2.84007E-03 
7.11223E-03 
1.78760E-02 
4.53651E-02 
1.04923E-03 
2.61754E-03 
6.55401E-03 
1.64562E-02 
4.15965E-02 
1.07106E-01 
2.40782E-03 
6.02412E-03 
1.51067E-02 
3.80543E-02 
9.69629E-02 
2.54992E-01 
---
