PdfType: replica
Format: lhagrid1
---
4.34963E-04 7.77181E-04 7.77181E-04 1.38865E-03 1.38865E-03 2.48120E-03 2.48120E-03 2.48120E-03 4.43334E-03 4.43334E-03 4.43334E-03 4.43334E-03 7.92137E-03 7.92137E-03 7.92137E-03 7.92137E-03 1.41537E-02 1.41537E-02 1.41537E-02 1.41537E-02 1.41537E-02 2.52895E-02 2.52895E-02 2.52895E-02 2.52895E-02 2.52895E-02 4.51866E-02 4.51866E-02 4.51866E-02 4.51866E-02 4.51866E-02 4.51866E-02 8.07383E-02 8.07383E-02 8.07383E-02 8.07383E-02 8.07383E-02 8.07383E-02 8.07383E-02 1.44261E-01 1.44261E-01 1.44261E-01 1.44261E-01 1.44261E-01 1.44261E-01 2.57762E-01 2.57762E-01 2.57762E-01 2.57762E-01 2.57762E-01 2.57762E-01 4.60562E-01 4.60562E-01 4.60562E-01 4.60562E-01 4.60562E-01 4.60562E-01 
1.58489E+00 1.58489E+00 2.51189E+00 1.58489E+00 2.51189E+00 1.58489E+00 2.51189E+00 3.98107E+00 1.58489E+00 2.51189E+00 3.98107E+00 6.30957E+00 1.58489E+00 2.51189E+00 3.98107E+00 6.30957E+00 1.58489E+00 2.51189E+00 3.98107E+00 6.30957E+00 9.99999E+00 1.58489E+00 2.51189E+00 3.98107E+00 6.30957E+00 9.99999E+00 1.58489E+00 2.51189E+00 3.98107E+00 6.30957E+00 9.99999E+00 1.58489E+01 1.58489E+00 2.51189E+00 3.98107E+00 6.30957E+00 9.99999E+00 1.58489E+01 2.51189E+01 2.51189E+00 3.98107E+00 6.30957E+00 9.99999E+00 1.58489E+01 2.51189E+01 3.98107E+00 6.30957E+00 9.99999E+00 1.58489E+01 2.51189E+01 3.98107E+01 6.30957E+00 9.99999E+00 1.58489E+01 2.51189E+01 3.98107E+01 6.30957E+01 
90000 
2.19690E-04 
2.18426E-04 
5.23442E-04 
2.17150E-04 
5.21951E-04 
2.15820E-04 
5.21082E-04 
1.28119E-03 
2.14493E-04 
5.20355E-04 
1.28108E-03 
3.23353E-03 
2.13315E-04 
5.19782E-04 
1.28200E-03 
3.22855E-03 
2.12505E-04 
5.19620E-04 
1.28385E-03 
3.22091E-03 
8.14463E-03 
2.11962E-04 
5.19383E-04 
1.28474E-03 
3.20853E-03 
8.09660E-03 
2.09431E-04 
5.13877E-04 
1.27176E-03 
3.16395E-03 
7.95841E-03 
2.01182E-02 
1.99617E-04 
4.91425E-04 
1.21794E-03 
3.02698E-03 
7.59190E-03 
1.91262E-02 
4.88150E-02 
4.53606E-04 
1.12817E-03 
2.80963E-03 
7.04122E-03 
1.77098E-02 
4.49782E-02 
1.04412E-03 
2.60587E-03 
6.52763E-03 
1.63963E-02 
4.14617E-02 
1.06821E-01 
2.41213E-03 
6.04053E-03 
1.51592E-02 
3.82092E-02 
9.73943E-02 
2.56109E-01 
---
