PdfType: replica
Format: lhagrid1
---
4.34963E-04 7.77181E-04 7.77181E-04 1.38865E-03 1.38865E-03 2.48120E-03 2.48120E-03 2.48120E-03 4.43334E-03 4.43334E-03 4.43334E-03 4.43334E-03 7.92137E-03 7.92137E-03 7.92137E-03 7.92137E-03 1.41537E-02 1.41537E-02 1.41537E-02 1.41537E-02 1.41537E-02 2.52895E-02 2.52895E-02 2.52895E-02 2.52895E-02 2.52895E-02 4.51866E-02 4.51866E-02 4.51866E-02 4.51866E-02 4.51866E-02 4.51866E-02 8.07383E-02 8.07383E-02 8.07383E-02 8.07383E-02 8.07383E-02 8.07383E-02 8.07383E-02 1.44261E-01 1.44261E-01 1.44261E-01 1.44261E-01 1.44261E-01 1.44261E-01 2.57762E-01 2.57762E-01 2.57762E-01 2.57762E-01 2.57762E-01 2.57762E-01 4.60562E-01 4.60562E-01 4.60562E-01 4.60562E-01 4.60562E-01 4.60562E-01 
1.58489E+00 1.58489E+00 2.51189E+00 1.58489E+00 2.51189E+00 1.58489E+00 2.51189E+00 3.98107E+00 1.58489E+00 2.51189E+00 3.98107E+00 6.30957E+00 1.58489E+00 2.51189E+00 3.98107E+00 6.30957E+00 1.58489E+00 2.51189E+00 3.98107E+00 6.30957E+00 9.99999E+00 1.58489E+00 2.51189E+00 3.98107E+00 6.30957E+00 9.99999E+00 1.58489E+00 2.51189E+00 3.98107E+00 6.30957E+00 9.99999E+00 1.58489E+01 1.58489E+00 2.51189E+00 3.98107E+00 6.30957E+00 9.99999E+00 1.58489E+01 2.51189E+01 2.51189E+00 3.98107E+00 6.30957E+00 9.99999E+00 1.58489E+01 2.51189E+01 3.98107E+00 6.30957E+00 9.99999E+00 1.58489E+01 2.51189E+01 3.98107E+01 6.30957E+00 9.99999E+00 1.58489E+01 2.51189E+01 3.98107E+01 6.30957E+01 
90000 
2.20457E-04 
2.19366E-04 
5.25029E-04 
2.18230E-04 
5.23797E-04 
2.16970E-04 
5.23068E-04 
1.28510E-03 
2.15596E-04 
5.22260E-04 
1.28479E-03 
3.24163E-03 
2.14180E-04 
5.21220E-04 
1.28470E-03 
3.23425E-03 
2.12791E-04 
5.19903E-04 
1.28407E-03 
3.22127E-03 
8.14710E-03 
2.11176E-04 
5.17653E-04 
1.28087E-03 
3.20036E-03 
8.07944E-03 
2.07874E-04 
5.11069E-04 
1.26634E-03 
3.15344E-03 
7.93804E-03 
2.00823E-02 
1.99694E-04 
4.92269E-04 
1.22089E-03 
3.03546E-03 
7.61570E-03 
1.91918E-02 
4.90025E-02 
4.56803E-04 
1.13507E-03 
2.82486E-03 
7.07582E-03 
1.77897E-02 
4.51670E-02 
1.04413E-03 
2.60628E-03 
6.52932E-03 
1.64019E-02 
4.14783E-02 
1.06860E-01 
2.42118E-03 
6.06185E-03 
1.52095E-02 
3.83268E-02 
9.76588E-02 
2.56616E-01 
---
