PdfType: replica
Format: lhagrid1
---
4.34963E-04 7.77181E-04 7.77181E-04 1.38865E-03 1.38865E-03 2.48120E-03 2.48120E-03 2.48120E-03 4.43334E-03 4.43334E-03 4.43334E-03 4.43334E-03 7.92137E-03 7.92137E-03 7.92137E-03 7.92137E-03 1.41537E-02 1.41537E-02 1.41537E-02 1.41537E-02 1.41537E-02 2.52895E-02 2.52895E-02 2.52895E-02 2.52895E-02 2.52895E-02 4.51866E-02 4.51866E-02 4.51866E-02 4.51866E-02 4.51866E-02 4.51866E-02 8.07383E-02 8.07383E-02 8.07383E-02 8.07383E-02 8.07383E-02 8.07383E-02 8.07383E-02 1.44261E-01 1.44261E-01 1.44261E-01 1.44261E-01 1.44261E-01 1.44261E-01 2.57762E-01 2.57762E-01 2.57762E-01 2.57762E-01 2.57762E-01 2.57762E-01 4.60562E-01 4.60562E-01 4.60562E-01 4.60562E-01 4.60562E-01 4.60562E-01 
1.58489E+00 1.58489E+00 2.51189E+00 1.58489E+00 2.51189E+00 1.58489E+00 2.51189E+00 3.98107E+00 1.58489E+00 2.51189E+00 3.98107E+00 6.30957E+00 1.58489E+00 2.51189E+00 3.98107E+00 6.30957E+00 1.58489E+00 2.51189E+00 3.98107E+00 6.30957E+00 9.99999E+00 1.58489E+00 2.51189E+00 3.98107E+00 6.30957E+00 9.99999E+00 1.58489E+00 2.51189E+00 3.98107E+00 6.30957E+00 9.99999E+00 1.58489E+01 1.58489E+00 2.51189E+00 3.98107E+00 6.30957E+00 9.99999E+00 1.58489E+01 2.51189E+01 2.51189E+00 3.98107E+00 6.30957E+00 9.99999E+00 1.58489E+01 2.51189E+01 3.98107E+00 6.30957E+00 9.99999E+00 1.58489E+01 2.51189E+01 3.98107E+01 6.30957E+00 9.99999E+00 1.58489E+01 2.51189E+01 3.98107E+01 6.30957E+01 
90000 
2.20665E-04 
2.19441E-04 
5.25136E-04 
2.18110E-04 
5.23561E-04 
2.16602E-04 
5.22391E-04 
1.28352E-03 
2.14977E-04 
5.21144E-04 
1.28245E-03 
3.23597E-03 
2.13451E-04 
5.19964E-04 
1.28224E-03 
3.22901E-03 
2.12377E-04 
5.19332E-04 
1.28313E-03 
3.21966E-03 
8.14258E-03 
2.11664E-04 
5.18662E-04 
1.28284E-03 
3.20450E-03 
8.08718E-03 
2.08678E-04 
5.11906E-04 
1.26659E-03 
3.15155E-03 
7.92800E-03 
2.00473E-02 
1.97959E-04 
4.87252E-04 
1.20757E-03 
3.00152E-03 
7.53081E-03 
1.89802E-02 
4.84745E-02 
4.48111E-04 
1.11522E-03 
2.77829E-03 
6.96714E-03 
1.75334E-02 
4.45595E-02 
1.03492E-03 
2.58431E-03 
6.47666E-03 
1.62751E-02 
4.11751E-02 
1.06161E-01 
2.40774E-03 
6.03061E-03 
1.51367E-02 
3.81582E-02 
9.72790E-02 
2.55848E-01 
---
