PdfType: replica
Format: lhagrid1
---
4.34963E-04 7.77181E-04 7.77181E-04 1.38865E-03 1.38865E-03 2.48120E-03 2.48120E-03 2.48120E-03 4.43334E-03 4.43334E-03 4.43334E-03 4.43334E-03 7.92137E-03 7.92137E-03 7.92137E-03 7.92137E-03 1.41537E-02 1.41537E-02 1.41537E-02 1.41537E-02 1.41537E-02 2.52895E-02 2.52895E-02 2.52895E-02 2.52895E-02 2.52895E-02 4.51866E-02 4.51866E-02 4.51866E-02 4.51866E-02 4.51866E-02 4.51866E-02 8.07383E-02 8.07383E-02 8.07383E-02 8.07383E-02 8.07383E-02 8.07383E-02 8.07383E-02 1.44261E-01 1.44261E-01 1.44261E-01 1.44261E-01 1.44261E-01 1.44261E-01 2.57762E-01 2.57762E-01 2.57762E-01 2.57762E-01 2.57762E-01 2.57762E-01 4.60562E-01 4.60562E-01 4.60562E-01 4.60562E-01 4.60562E-01 4.60562E-01 
1.58489E+00 1.58489E+00 2.51189E+00 1.58489E+00 2.51189E+00 1.58489E+00 2.51189E+00 3.98107E+00 1.58489E+00 2.51189E+00 3.98107E+00 6.30957E+00 1.58489E+00 2.51189E+00 3.98107E+00 6.30957E+00 1.58489E+00 2.51189E+00 3.98107E+00 6.30957E+00 9.99999E+00 1.58489E+00 2.51189E+00 3.98107E+00 6.30957E+00 9.99999E+00 1.58489E+00 2.51189E+00 3.98107E+00 6.30957E+00 9.99999E+00 1.58489E+01 1.58489E+00 2.51189E+00 3.98107E+00 6.30957E+00 9.99999E+00 1.58489E+01 2.51189E+01 2.51189E+00 3.98107E+00 6.30957E+00 9.99999E+00 1.58489E+01 2.51189E+01 3.98107E+00 6.30957E+00 9.99999E+00 1.58489E+01 2.51189E+01 3.98107E+01 6.30957E+00 9.99999E+00 1.58489E+01 2.51189E+01 3.98107E+01 6.30957E+01 
90000 
2.20309E-04 
2.19184E-04 
5.24972E-04 
2.18040E-04 
5.23711E-04 
2.16816E-04 
5.23019E-04 
1.28517E-03 
2.15535E-04 
5.22330E-04 
1.28505E-03 
3.24210E-03 
2.14252E-04 
5.21457E-04 
1.28519E-03 
3.23514E-03 
2.12973E-04 
5.20207E-04 
1.28451E-03 
3.22177E-03 
8.14634E-03 
2.11283E-04 
5.17588E-04 
1.28021E-03 
3.19790E-03 
8.07129E-03 
2.07375E-04 
5.09505E-04 
1.26199E-03 
3.14210E-03 
7.90824E-03 
2.00031E-02 
1.97863E-04 
4.87801E-04 
1.20996E-03 
3.00916E-03 
7.55130E-03 
1.90331E-02 
4.86041E-02 
4.51428E-04 
1.12275E-03 
2.79625E-03 
7.00903E-03 
1.76324E-02 
4.47941E-02 
1.03782E-03 
2.59091E-03 
6.49290E-03 
1.63149E-02 
4.12723E-02 
1.06403E-01 
2.40196E-03 
6.01286E-03 
1.50857E-02 
3.80193E-02 
9.69274E-02 
2.55116E-01 
---
