PdfType: replica
Format: lhagrid1
---
4.34963E-04 7.77181E-04 7.77181E-04 1.38865E-03 1.38865E-03 2.48120E-03 2.48120E-03 2.48120E-03 4.43334E-03 4.43334E-03 4.43334E-03 4.43334E-03 7.92137E-03 7.92137E-03 7.92137E-03 7.92137E-03 1.41537E-02 1.41537E-02 1.41537E-02 1.41537E-02 1.41537E-02 2.52895E-02 2.52895E-02 2.52895E-02 2.52895E-02 2.52895E-02 4.51866E-02 4.51866E-02 4.51866E-02 4.51866E-02 4.51866E-02 4.51866E-02 8.07383E-02 8.07383E-02 8.07383E-02 8.07383E-02 8.07383E-02 8.07383E-02 8.07383E-02 1.44261E-01 1.44261E-01 1.44261E-01 1.44261E-01 1.44261E-01 1.44261E-01 2.57762E-01 2.57762E-01 2.57762E-01 2.57762E-01 2.57762E-01 2.57762E-01 4.60562E-01 4.60562E-01 4.60562E-01 4.60562E-01 4.60562E-01 4.60562E-01 
1.58489E+00 1.58489E+00 2.51189E+00 1.58489E+00 2.51189E+00 1.58489E+00 2.51189E+00 3.98107E+00 1.58489E+00 2.51189E+00 3.98107E+00 6.30957E+00 1.58489E+00 2.51189E+00 3.98107E+00 6.30957E+00 1.58489E+00 2.51189E+00 3.98107E+00 6.30957E+00 9.99999E+00 1.58489E+00 2.51189E+00 3.98107E+00 6.30957E+00 9.99999E+00 1.58489E+00 2.51189E+00 3.98107E+00 6.30957E+00 9.99999E+00 1.58489E+01 1.58489E+00 2.51189E+00 3.98107E+00 6.30957E+00 9.99999E+00 1.58489E+01 2.51189E+01 2.51189E+00 3.98107E+00 6.30957E+00 9.99999E+00 1.58489E+01 2.51189E+01 3.98107E+00 6.30957E+00 9.99999E+00 1.58489E+01 2.51189E+01 3.98107E+01 6.30957E+00 9.99999E+00 1.58489E+01 2.51189E+01 3.98107E+01 6.30957E+01 
90000 
2.19555E-04 
2.18277E-04 
5.23172E-04 
2.17028E-04 
5.21748E-04 
2.15811E-04 
5.21127E-04 
1.28144E-03 
2.14761E-04 
5.20963E-04 
1.28251E-03 
3.23729E-03 
2.14087E-04 
5.21364E-04 
1.28543E-03 
3.23635E-03 
2.13899E-04 
5.22333E-04 
1.28954E-03 
3.23342E-03 
8.17297E-03 
2.13534E-04 
5.22436E-04 
1.29119E-03 
3.22310E-03 
8.12925E-03 
2.10435E-04 
5.16278E-04 
1.27756E-03 
3.17854E-03 
7.99356E-03 
2.01997E-02 
2.01216E-04 
4.95600E-04 
1.22852E-03 
3.05304E-03 
7.65705E-03 
1.92858E-02 
4.91884E-02 
4.60310E-04 
1.14366E-03 
2.84497E-03 
7.12432E-03 
1.79047E-02 
4.54316E-02 
1.04987E-03 
2.61767E-03 
6.55009E-03 
1.64383E-02 
4.15368E-02 
1.06938E-01 
2.39131E-03 
5.98327E-03 
1.50060E-02 
3.78059E-02 
9.63442E-02 
2.53403E-01 
---
