PdfType: replica
Format: lhagrid1
---
4.34963E-04 7.77181E-04 7.77181E-04 1.38865E-03 1.38865E-03 2.48120E-03 2.48120E-03 2.48120E-03 4.43334E-03 4.43334E-03 4.43334E-03 4.43334E-03 7.92137E-03 7.92137E-03 7.92137E-03 7.92137E-03 1.41537E-02 1.41537E-02 1.41537E-02 1.41537E-02 1.41537E-02 2.52895E-02 2.52895E-02 2.52895E-02 2.52895E-02 2.52895E-02 4.51866E-02 4.51866E-02 4.51866E-02 4.51866E-02 4.51866E-02 4.51866E-02 8.07383E-02 8.07383E-02 8.07383E-02 8.07383E-02 8.07383E-02 8.07383E-02 8.07383E-02 1.44261E-01 1.44261E-01 1.44261E-01 1.44261E-01 1.44261E-01 1.44261E-01 2.57762E-01 2.57762E-01 2.57762E-01 2.57762E-01 2.57762E-01 2.57762E-01 4.60562E-01 4.60562E-01 4.60562E-01 4.60562E-01 4.60562E-01 4.60562E-01 
1.58489E+00 1.58489E+00 2.51189E+00 1.58489E+00 2.51189E+00 1.58489E+00 2.51189E+00 3.98107E+00 1.58489E+00 2.51189E+00 3.98107E+00 6.30957E+00 1.58489E+00 2.51189E+00 3.98107E+00 6.30957E+00 1.58489E+00 2.51189E+00 3.98107E+00 6.30957E+00 9.99999E+00 1.58489E+00 2.51189E+00 3.98107E+00 6.30957E+00 9.99999E+00 1.58489E+00 2.51189E+00 3.98107E+00 6.30957E+00 9.99999E+00 1.58489E+01 1.58489E+00 2.51189E+00 3.98107E+00 6.30957E+00 9.99999E+00 1.58489E+01 2.51189E+01 2.51189E+00 3.98107E+00 6.30957E+00 9.99999E+00 1.58489E+01 2.51189E+01 3.98107E+00 6.30957E+00 9.99999E+00 1.58489E+01 2.51189E+01 3.98107E+01 6.30957E+00 9.99999E+00 1.58489E+01 2.51189E+01 3.98107E+01 6.30957E+01 
90000 
2.19599E-04 
2.18386E-04 
5.23584E-04 
2.17212E-04 
5.22274E-04 
2.16063E-04 
5.21726E-04 
1.28303E-03 
2.15013E-04 
5.21494E-04 
1.28381E-03 
3.24105E-03 
2.14144E-04 
5.21451E-04 
1.28563E-03 
3.23728E-03 
2.13388E-04 
5.21244E-04 
1.28707E-03 
3.22825E-03 
8.16392E-03 
2.12068E-04 
5.19383E-04 
1.28440E-03 
3.20800E-03 
8.09548E-03 
2.08261E-04 
5.11728E-04 
1.26754E-03 
3.15596E-03 
7.94207E-03 
2.00822E-02 
1.99451E-04 
4.91929E-04 
1.22043E-03 
3.03517E-03 
7.61532E-03 
1.91859E-02 
4.89357E-02 
4.58206E-04 
1.13859E-03 
2.83351E-03 
7.09657E-03 
1.78361E-02 
4.52484E-02 
1.04558E-03 
2.60727E-03 
6.52732E-03 
1.63863E-02 
4.14105E-02 
1.06591E-01 
2.38028E-03 
5.95439E-03 
1.49309E-02 
3.76134E-02 
9.58643E-02 
2.52303E-01 
---
