PdfType: replica
Format: lhagrid1
---
4.34963E-04 7.77181E-04 7.77181E-04 1.38865E-03 1.38865E-03 2.48120E-03 2.48120E-03 2.48120E-03 4.43334E-03 4.43334E-03 4.43334E-03 4.43334E-03 7.92137E-03 7.92137E-03 7.92137E-03 7.92137E-03 1.41537E-02 1.41537E-02 1.41537E-02 1.41537E-02 1.41537E-02 2.52895E-02 2.52895E-02 2.52895E-02 2.52895E-02 2.52895E-02 4.51866E-02 4.51866E-02 4.51866E-02 4.51866E-02 4.51866E-02 4.51866E-02 8.07383E-02 8.07383E-02 8.07383E-02 8.07383E-02 8.07383E-02 8.07383E-02 8.07383E-02 1.44261E-01 1.44261E-01 1.44261E-01 1.44261E-01 1.44261E-01 1.44261E-01 2.57762E-01 2.57762E-01 2.57762E-01 2.57762E-01 2.57762E-01 2.57762E-01 4.60562E-01 4.60562E-01 4.60562E-01 4.60562E-01 4.60562E-01 4.60562E-01 
1.58489E+00 1.58489E+00 2.51189E+00 1.58489E+00 2.51189E+00 1.58489E+00 2.51189E+00 3.98107E+00 1.58489E+00 2.51189E+00 3.98107E+00 6.30957E+00 1.58489E+00 2.51189E+00 3.98107E+00 6.30957E+00 1.58489E+00 2.51189E+00 3.98107E+00 6.30957E+00 9.99999E+00 1.58489E+00 2.51189E+00 3.98107E+00 6.30957E+00 9.99999E+00 1.58489E+00 2.51189E+00 3.98107E+00 6.30957E+00 9.99999E+00 1.58489E+01 1.58489E+00 2.51189E+00 3.98107E+00 6.30957E+00 9.99999E+00 1.58489E+01 2.51189E+01 2.51189E+00 3.98107E+00 6.30957E+00 9.99999E+00 1.58489E+01 2.51189E+01 3.98107E+00 6.30957E+00 9.99999E+00 1.58489E+01 2.51189E+01 3.98107E+01 6.30957E+00 9.99999E+00 1.58489E+01 2.51189E+01 3.98107E+01 6.30957E+01 
90000 
2.20699E-04 
2.19712E-04 
5.25797E-04 
2.18736E-04 
5.24865E-04 
2.17716E-04 
5.24611E-04 
1.28835E-03 
2.16690E-04 
5.24499E-04 
1.28950E-03 
3.25209E-03 
2.15745E-04 
5.24406E-04 
1.29144E-03 
3.24913E-03 
2.14919E-04 
5.24217E-04 
1.29326E-03 
3.24165E-03 
8.19318E-03 
2.13807E-04 
5.23002E-04 
1.29241E-03 
3.22619E-03 
8.13833E-03 
2.10649E-04 
5.16841E-04 
1.27902E-03 
3.18220E-03 
8.00416E-03 
2.02356E-02 
2.02067E-04 
4.97274E-04 
1.23194E-03 
3.06037E-03 
7.67282E-03 
1.93231E-02 
4.92988E-02 
4.59336E-04 
1.14040E-03 
2.83621E-03 
7.10071E-03 
1.78439E-02 
4.52802E-02 
1.04404E-03 
2.60519E-03 
6.52426E-03 
1.63842E-02 
4.14218E-02 
1.06687E-01 
2.40324E-03 
6.01257E-03 
1.50777E-02 
3.79825E-02 
9.67877E-02 
2.54584E-01 
---
