PdfType: replica
Format: lhagrid1
---
4.34963E-04 7.77181E-04 7.77181E-04 1.38865E-03 1.38865E-03 2.48120E-03 2.48120E-03 2.48120E-03 4.43334E-03 4.43334E-03 4.43334E-03 4.43334E-03 7.92137E-03 7.92137E-03 7.92137E-03 7.92137E-03 1.41537E-02 1.41537E-02 1.41537E-02 1.41537E-02 1.41537E-02 2.52895E-02 2.52895E-02 2.52895E-02 2.52895E-02 2.52895E-02 4.51866E-02 4.51866E-02 4.51866E-02 4.51866E-02 4.51866E-02 4.51866E-02 8.07383E-02 8.07383E-02 8.07383E-02 8.07383E-02 8.07383E-02 8.07383E-02 8.07383E-02 1.44261E-01 1.44261E-01 1.44261E-01 1.44261E-01 1.44261E-01 1.44261E-01 2.57762E-01 2.57762E-01 2.57762E-01 2.57762E-01 2.57762E-01 2.57762E-01 4.60562E-01 4.60562E-01 4.60562E-01 4.60562E-01 4.60562E-01 4.60562E-01 
1.58489E+00 1.58489E+00 2.51189E+00 1.58489E+00 2.51189E+00 1.58489E+00 2.51189E+00 3.98107E+00 1.58489E+00 2.51189E+00 3.98107E+00 6.30957E+00 1.58489E+00 2.51189E+00 3.98107E+00 6.30957E+00 1.58489E+00 2.51189E+00 3.98107E+00 6.30957E+00 9.99999E+00 1.58489E+00 2.51189E+00 3.98107E+00 6.30957E+00 9.99999E+00 1.58489E+00 2.51189E+00 3.98107E+00 6.30957E+00 9.99999E+00 1.58489E+01 1.58489E+00 2.51189E+00 3.98107E+00 6.30957E+00 9.99999E+00 1.58489E+01 2.51189E+01 2.51189E+00 3.98107E+00 6.30957E+00 9.99999E+00 1.58489E+01 2.51189E+01 3.98107E+00 6.30957E+00 9.99999E+00 1.58489E+01 2.51189E+01 3.98107E+01 6.30957E+00 9.99999E+00 1.58489E+01 2.51189E+01 3.98107E+01 6.30957E+01 
90000 
2.19925E-04 
2.18687E-04 
5.23875E-04 
2.17406E-04 
5.22324E-04 
2.16009E-04 
5.21266E-04 
1.28144E-03 
2.14506E-04 
5.20117E-04 
1.28033E-03 
3.23168E-03 
2.12951E-04 
5.18707E-04 
1.27934E-03 
3.22226E-03 
2.11389E-04 
5.16973E-04 
1.27771E-03 
3.20689E-03 
8.11285E-03 
2.09583E-04 
5.14306E-04 
1.27348E-03 
3.18355E-03 
8.03950E-03 
2.06158E-04 
5.07384E-04 
1.25797E-03 
3.13416E-03 
7.89170E-03 
1.99658E-02 
1.97912E-04 
4.88243E-04 
1.21149E-03 
3.01336E-03 
7.56277E-03 
1.90622E-02 
4.86689E-02 
4.53140E-04 
1.12675E-03 
2.80537E-03 
7.03052E-03 
1.76824E-02 
4.49061E-02 
1.04041E-03 
2.59708E-03 
6.50673E-03 
1.63459E-02 
4.13396E-02 
1.06525E-01 
2.40448E-03 
6.01804E-03 
1.50962E-02 
3.80387E-02 
9.69457E-02 
2.54985E-01 
---
