PdfType: replica
Format: lhagrid1
---
4.34963E-04 7.77181E-04 7.77181E-04 1.38865E-03 1.38865E-03 2.48120E-03 2.48120E-03 2.48120E-03 4.43334E-03 4.43334E-03 4.43334E-03 4.43334E-03 7.92137E-03 7.92137E-03 7.92137E-03 7.92137E-03 1.41537E-02 1.41537E-02 1.41537E-02 1.41537E-02 1.41537E-02 2.52895E-02 2.52895E-02 2.52895E-02 2.52895E-02 2.52895E-02 4.51866E-02 4.51866E-02 4.51866E-02 4.51866E-02 4.51866E-02 4.51866E-02 8.07383E-02 8.07383E-02 8.07383E-02 8.07383E-02 8.07383E-02 8.07383E-02 8.07383E-02 1.44261E-01 1.44261E-01 1.44261E-01 1.44261E-01 1.44261E-01 1.44261E-01 2.57762E-01 2.57762E-01 2.57762E-01 2.57762E-01 2.57762E-01 2.57762E-01 4.60562E-01 4.60562E-01 4.60562E-01 4.60562E-01 4.60562E-01 4.60562E-01 
1.58489E+00 1.58489E+00 2.51189E+00 1.58489E+00 2.51189E+00 1.58489E+00 2.51189E+00 3.98107E+00 1.58489E+00 2.51189E+00 3.98107E+00 6.30957E+00 1.58489E+00 2.51189E+00 3.98107E+00 6.30957E+00 1.58489E+00 2.51189E+00 3.98107E+00 6.30957E+00 9.99999E+00 1.58489E+00 2.51189E+00 3.98107E+00 6.30957E+00 9.99999E+00 1.58489E+00 2.51189E+00 3.98107E+00 6.30957E+00 9.99999E+00 1.58489E+01 1.58489E+00 2.51189E+00 3.98107E+00 6.30957E+00 9.99999E+00 1.58489E+01 2.51189E+01 2.51189E+00 3.98107E+00 6.30957E+00 9.99999E+00 1.58489E+01 2.51189E+01 3.98107E+00 6.30957E+00 9.99999E+00 1.58489E+01 2.51189E+01 3.98107E+01 6.30957E+00 9.99999E+00 1.58489E+01 2.51189E+01 3.98107E+01 6.30957E+01 
90000 
2.20381E-04 
2.19185E-04 
5.24713E-04 
2.17907E-04 
5.23244E-04 
2.16482E-04 
5.22236E-04 
1.28343E-03 
2.14971E-04 
5.21192E-04 
1.28271E-03 
3.23727E-03 
2.13567E-04 
5.20201E-04 
1.28281E-03 
3.23049E-03 
2.12557E-04 
5.19646E-04 
1.28384E-03 
3.22112E-03 
8.14725E-03 
2.11805E-04 
5.19006E-04 
1.28384E-03 
3.20683E-03 
8.09379E-03 
2.08989E-04 
5.12960E-04 
1.26966E-03 
3.15935E-03 
7.94800E-03 
2.00976E-02 
1.99196E-04 
4.90419E-04 
1.21554E-03 
3.02069E-03 
7.57744E-03 
1.90928E-02 
4.87403E-02 
4.52426E-04 
1.12546E-03 
2.80248E-03 
7.02401E-03 
1.76674E-02 
4.48733E-02 
1.04364E-03 
2.60512E-03 
6.52437E-03 
1.63858E-02 
4.14336E-02 
1.06765E-01 
2.40773E-03 
6.02430E-03 
1.51082E-02 
3.80613E-02 
9.69907E-02 
2.55104E-01 
---
