PdfType: replica
Format: lhagrid1
---
4.34963E-04 7.77181E-04 7.77181E-04 1.38865E-03 1.38865E-03 2.48120E-03 2.48120E-03 2.48120E-03 4.43334E-03 4.43334E-03 4.43334E-03 4.43334E-03 7.92137E-03 7.92137E-03 7.92137E-03 7.92137E-03 1.41537E-02 1.41537E-02 1.41537E-02 1.41537E-02 1.41537E-02 2.52895E-02 2.52895E-02 2.52895E-02 2.52895E-02 2.52895E-02 4.51866E-02 4.51866E-02 4.51866E-02 4.51866E-02 4.51866E-02 4.51866E-02 8.07383E-02 8.07383E-02 8.07383E-02 8.07383E-02 8.07383E-02 8.07383E-02 8.07383E-02 1.44261E-01 1.44261E-01 1.44261E-01 1.44261E-01 1.44261E-01 1.44261E-01 2.57762E-01 2.57762E-01 2.57762E-01 2.57762E-01 2.57762E-01 2.57762E-01 4.60562E-01 4.60562E-01 4.60562E-01 4.60562E-01 4.60562E-01 4.60562E-01 
1.58489E+00 1.58489E+00 2.51189E+00 1.58489E+00 2.51189E+00 1.58489E+00 2.51189E+00 3.98107E+00 1.58489E+00 2.51189E+00 3.98107E+00 6.30957E+00 1.58489E+00 2.51189E+00 3.98107E+00 6.30957E+00 1.58489E+00 2.51189E+00 3.98107E+00 6.30957E+00 9.99999E+00 1.58489E+00 2.51189E+00 3.98107E+00 6.30957E+00 9.99999E+00 1.58489E+00 2.51189E+00 3.98107E+00 6.30957E+00 9.99999E+00 1.58489E+01 1.58489E+00 2.51189E+00 3.98107E+00 6.30957E+00 9.99999E+00 1.58489E+01 2.51189E+01 2.51189E+00 3.98107E+00 6.30957E+00 9.99999E+00 1.58489E+01 2.51189E+01 3.98107E+00 6.30957E+00 9.99999E+00 1.58489E+01 2.51189E+01 3.98107E+01 6.30957E+00 9.99999E+00 1.58489E+01 2.51189E+01 3.98107E+01 6.30957E+01 
90000 
2.20731E-04 
2.19649E-04 
5.25872E-04 
2.18526E-04 
5.24708E-04 
2.17325E-04 
5.24168E-04 
1.28757E-03 
2.16159E-04 
5.23851E-04 
1.28846E-03 
3.24946E-03 
2.15299E-04 
5.23968E-04 
1.29099E-03 
3.24812E-03 
2.15069E-04 
5.24916E-04 
1.29525E-03 
3.24601E-03 
8.20212E-03 
2.15071E-04 
5.25680E-04 
1.29830E-03 
3.23879E-03 
8.16580E-03 
2.12248E-04 
5.19753E-04 
1.28468E-03 
3.19351E-03 
8.02647E-03 
2.02790E-02 
2.01659E-04 
4.95943E-04 
1.22839E-03 
3.05121E-03 
7.64997E-03 
1.92658E-02 
4.91476E-02 
4.57435E-04 
1.13770E-03 
2.83252E-03 
7.09761E-03 
1.78476E-02 
4.53104E-02 
1.05567E-03 
2.63480E-03 
6.59730E-03 
1.65652E-02 
4.18719E-02 
1.07806E-01 
2.43724E-03 
6.09958E-03 
1.52991E-02 
3.85410E-02 
9.81679E-02 
2.57796E-01 
---
