PdfType: replica
Format: lhagrid1
---
4.34963E-04 7.77181E-04 7.77181E-04 1.38865E-03 1.38865E-03 2.48120E-03 2.48120E-03 2.48120E-03 4.43334E-03 4.43334E-03 4.43334E-03 4.43334E-03 7.92137E-03 7.92137E-03 7.92137E-03 7.92137E-03 1.41537E-02 1.41537E-02 1.41537E-02 1.41537E-02 1.41537E-02 2.52895E-02 2.52895E-02 2.52895E-02 2.52895E-02 2.52895E-02 4.51866E-02 4.51866E-02 4.51866E-02 4.51866E-02 4.51866E-02 4.51866E-02 8.07383E-02 8.07383E-02 8.07383E-02 8.07383E-02 8.07383E-02 8.07383E-02 8.07383E-02 1.44261E-01 1.44261E-01 1.44261E-01 1.44261E-01 1.44261E-01 1.44261E-01 2.57762E-01 2.57762E-01 2.57762E-01 2.57762E-01 2.57762E-01 2.57762E-01 4.60562E-01 4.60562E-01 4.60562E-01 4.60562E-01 4.60562E-01 4.60562E-01 
1.58489E+00 1.58489E+00 2.51189E+00 1.58489E+00 2.51189E+00 1.58489E+00 2.51189E+00 3.98107E+00 1.58489E+00 2.51189E+00 3.98107E+00 6.30957E+00 1.58489E+00 2.51189E+00 3.98107E+00 6.30957E+00 1.58489E+00 2.51189E+00 3.98107E+00 6.30957E+00 9.99999E+00 1.58489E+00 2.51189E+00 3.98107E+00 6.30957E+00 9.99999E+00 1.58489E+00 2.51189E+00 3.98107E+00 6.30957E+00 9.99999E+00 1.58489E+01 1.58489E+00 2.51189E+00 3.98107E+00 6.30957E+00 9.99999E+00 1.58489E+01 2.51189E+01 2.51189E+00 3.98107E+00 6.30957E+00 9.99999E+00 1.58489E+01 2.51189E+01 3.98107E+00 6.30957E+00 9.99999E+00 1.58489E+01 2.51189E+01 3.98107E+01 6.30957E+00 9.99999E+00 1.58489E+01 2.51189E+01 3.98107E+01 6.30957E+01 
90000 
2.20321E-04 
2.19172E-04 
5.24784E-04 
2.17999E-04 
5.23486E-04 
2.16758E-04 
5.22817E-04 
1.28466E-03 
2.15523E-04 
5.22318E-04 
1.28507E-03 
3.24240E-03 
2.14467E-04 
5.22027E-04 
1.28663E-03 
3.23882E-03 
2.13770E-04 
5.22071E-04 
1.28888E-03 
3.23212E-03 
8.17058E-03 
2.13072E-04 
5.21492E-04 
1.28906E-03 
3.21827E-03 
8.11906E-03 
2.10066E-04 
5.15245E-04 
1.27491E-03 
3.17159E-03 
7.97750E-03 
2.01664E-02 
2.00585E-04 
4.93761E-04 
1.22366E-03 
3.04059E-03 
7.62578E-03 
1.92098E-02 
4.90183E-02 
4.56371E-04 
1.13449E-03 
2.82400E-03 
7.07493E-03 
1.77889E-02 
4.51617E-02 
1.04810E-03 
2.61600E-03 
6.55206E-03 
1.64554E-02 
4.16046E-02 
1.07158E-01 
2.42162E-03 
6.06042E-03 
1.52011E-02 
3.82972E-02 
9.75761E-02 
2.56470E-01 
---
