PdfType: replica
Format: lhagrid1
---
4.34963E-04 7.77181E-04 7.77181E-04 1.38865E-03 1.38865E-03 2.48120E-03 2.48120E-03 2.48120E-03 4.43334E-03 4.43334E-03 4.43334E-03 4.43334E-03 7.92137E-03 7.92137E-03 7.92137E-03 7.92137E-03 1.41537E-02 1.41537E-02 1.41537E-02 1.41537E-02 1.41537E-02 2.52895E-02 2.52895E-02 2.52895E-02 2.52895E-02 2.52895E-02 4.51866E-02 4.51866E-02 4.51866E-02 4.51866E-02 4.51866E-02 4.51866E-02 8.07383E-02 8.07383E-02 8.07383E-02 8.07383E-02 8.07383E-02 8.07383E-02 8.07383E-02 1.44261E-01 1.44261E-01 1.44261E-01 1.44261E-01 1.44261E-01 1.44261E-01 2.57762E-01 2.57762E-01 2.57762E-01 2.57762E-01 2.57762E-01 2.57762E-01 4.60562E-01 4.60562E-01 4.60562E-01 4.60562E-01 4.60562E-01 4.60562E-01 
1.58489E+00 1.58489E+00 2.51189E+00 1.58489E+00 2.51189E+00 1.58489E+00 2.51189E+00 3.98107E+00 1.58489E+00 2.51189E+00 3.98107E+00 6.30957E+00 1.58489E+00 2.51189E+00 3.98107E+00 6.30957E+00 1.58489E+00 2.51189E+00 3.98107E+00 6.30957E+00 9.99999E+00 1.58489E+00 2.51189E+00 3.98107E+00 6.30957E+00 9.99999E+00 1.58489E+00 2.51189E+00 3.98107E+00 6.30957E+00 9.99999E+00 1.58489E+01 1.58489E+00 2.51189E+00 3.98107E+00 6.30957E+00 9.99999E+00 1.58489E+01 2.51189E+01 2.51189E+00 3.98107E+00 6.30957E+00 9.99999E+00 1.58489E+01 2.51189E+01 3.98107E+00 6.30957E+00 9.99999E+00 1.58489E+01 2.51189E+01 3.98107E+01 6.30957E+00 9.99999E+00 1.58489E+01 2.51189E+01 3.98107E+01 6.30957E+01 
90000 
2.20314E-04 
2.18959E-04 
5.24288E-04 
2.17474E-04 
5.22439E-04 
2.15826E-04 
5.21009E-04 
1.28094E-03 
2.14143E-04 
5.19632E-04 
1.27958E-03 
3.23068E-03 
2.12722E-04 
5.18590E-04 
1.27957E-03 
3.22364E-03 
2.11905E-04 
5.18348E-04 
1.28116E-03 
3.21520E-03 
8.13456E-03 
2.11333E-04 
5.17961E-04 
1.28153E-03 
3.20151E-03 
8.08178E-03 
2.08243E-04 
5.11419E-04 
1.26631E-03 
3.15219E-03 
7.93167E-03 
2.00613E-02 
1.98342E-04 
4.88893E-04 
1.21259E-03 
3.01520E-03 
7.56655E-03 
1.90723E-02 
4.87096E-02 
4.53130E-04 
1.12741E-03 
2.80751E-03 
7.03755E-03 
1.77033E-02 
4.49697E-02 
1.04400E-03 
2.60571E-03 
6.52605E-03 
1.63908E-02 
4.14484E-02 
1.06807E-01 
2.42027E-03 
6.06039E-03 
1.52079E-02 
3.83285E-02 
9.76833E-02 
2.56774E-01 
---
