PdfType: replica
Format: lhagrid1
---
4.34963E-04 7.77181E-04 7.77181E-04 1.38865E-03 1.38865E-03 2.48120E-03 2.48120E-03 2.48120E-03 4.43334E-03 4.43334E-03 4.43334E-03 4.43334E-03 7.92137E-03 7.92137E-03 7.92137E-03 7.92137E-03 1.41537E-02 1.41537E-02 1.41537E-02 1.41537E-02 1.41537E-02 2.52895E-02 2.52895E-02 2.52895E-02 2.52895E-02 2.52895E-02 4.51866E-02 4.51866E-02 4.51866E-02 4.51866E-02 4.51866E-02 4.51866E-02 8.07383E-02 8.07383E-02 8.07383E-02 8.07383E-02 8.07383E-02 8.07383E-02 8.07383E-02 1.44261E-01 1.44261E-01 1.44261E-01 1.44261E-01 1.44261E-01 1.44261E-01 2.57762E-01 2.57762E-01 2.57762E-01 2.57762E-01 2.57762E-01 2.57762E-01 4.60562E-01 4.60562E-01 4.60562E-01 4.60562E-01 4.60562E-01 4.60562E-01 
1.58489E+00 1.58489E+00 2.51189E+00 1.58489E+00 2.51189E+00 1.58489E+00 2.51189E+00 3.98107E+00 1.58489E+00 2.51189E+00 3.98107E+00 6.30957E+00 1.58489E+00 2.51189E+00 3.98107E+00 6.30957E+00 1.58489E+00 2.51189E+00 3.98107E+00 6.30957E+00 9.99999E+00 1.58489E+00 2.51189E+00 3.98107E+00 6.30957E+00 9.99999E+00 1.58489E+00 2.51189E+00 3.98107E+00 6.30957E+00 9.99999E+00 1.58489E+01 1.58489E+00 2.51189E+00 3.98107E+00 6.30957E+00 9.99999E+00 1.58489E+01 2.51189E+01 2.51189E+00 3.98107E+00 6.30957E+00 9.99999E+00 1.58489E+01 2.51189E+01 3.98107E+00 6.30957E+00 9.99999E+00 1.58489E+01 2.51189E+01 3.98107E+01 6.30957E+00 9.99999E+00 1.58489E+01 2.51189E+01 3.98107E+01 6.30957E+01 
90000 
2.19753E-04 
2.18424E-04 
5.23455E-04 
2.16995E-04 
5.21647E-04 
2.15392E-04 
5.20202E-04 
1.27942E-03 
2.13642E-04 
5.18579E-04 
1.27734E-03 
3.22606E-03 
2.11854E-04 
5.16725E-04 
1.27544E-03 
3.21472E-03 
2.10186E-04 
5.14793E-04 
1.27339E-03 
3.19832E-03 
8.09544E-03 
2.08561E-04 
5.12467E-04 
1.26989E-03 
3.17618E-03 
8.02464E-03 
2.05692E-04 
5.06629E-04 
1.25675E-03 
3.13178E-03 
7.88845E-03 
1.99646E-02 
1.98173E-04 
4.89071E-04 
1.21387E-03 
3.01951E-03 
7.57897E-03 
1.91054E-02 
4.87919E-02 
4.55147E-04 
1.13173E-03 
2.81811E-03 
7.06146E-03 
1.77588E-02 
4.50980E-02 
1.04665E-03 
2.61316E-03 
6.54766E-03 
1.64500E-02 
4.16024E-02 
1.07177E-01 
2.42986E-03 
6.08376E-03 
1.52650E-02 
3.84684E-02 
9.80232E-02 
2.57579E-01 
---
