PdfType: replica
Format: lhagrid1
---
4.34963E-04 7.77181E-04 7.77181E-04 1.38865E-03 1.38865E-03 2.48120E-03 2.48120E-03 2.48120E-03 4.43334E-03 4.43334E-03 4.43334E-03 4.43334E-03 7.92137E-03 7.92137E-03 7.92137E-03 7.92137E-03 1.41537E-02 1.41537E-02 1.41537E-02 1.41537E-02 1.41537E-02 2.52895E-02 2.52895E-02 2.52895E-02 2.52895E-02 2.52895E-02 4.51866E-02 4.51866E-02 4.51866E-02 4.51866E-02 4.51866E-02 4.51866E-02 8.07383E-02 8.07383E-02 8.07383E-02 8.07383E-02 8.07383E-02 8.07383E-02 8.07383E-02 1.44261E-01 1.44261E-01 1.44261E-01 1.44261E-01 1.44261E-01 1.44261E-01 2.57762E-01 2.57762E-01 2.57762E-01 2.57762E-01 2.57762E-01 2.57762E-01 4.60562E-01 4.60562E-01 4.60562E-01 4.60562E-01 4.60562E-01 4.60562E-01 
1.58489E+00 1.58489E+00 2.51189E+00 1.58489E+00 2.51189E+00 1.58489E+00 2.51189E+00 3.98107E+00 1.58489E+00 2.51189E+00 3.98107E+00 6.30957E+00 1.58489E+00 2.51189E+00 3.98107E+00 6.30957E+00 1.58489E+00 2.51189E+00 3.98107E+00 6.30957E+00 9.99999E+00 1.58489E+00 2.51189E+00 3.98107E+00 6.30957E+00 9.99999E+00 1.58489E+00 2.51189E+00 3.98107E+00 6.30957E+00 9.99999E+00 1.58489E+01 1.58489E+00 2.51189E+00 3.98107E+00 6.30957E+00 9.99999E+00 1.58489E+01 2.51189E+01 2.51189E+00 3.98107E+00 6.30957E+00 9.99999E+00 1.58489E+01 2.51189E+01 3.98107E+00 6.30957E+00 9.99999E+00 1.58489E+01 2.51189E+01 3.98107E+01 6.30957E+00 9.99999E+00 1.58489E+01 2.51189E+01 3.98107E+01 6.30957E+01 
90000 
2.20250E-04 
2.18970E-04 
5.24538E-04 
2.17633E-04 
5.22946E-04 
2.16240E-04 
5.21997E-04 
1.28334E-03 
2.14957E-04 
5.21416E-04 
1.28361E-03 
3.24057E-03 
2.14098E-04 
5.21519E-04 
1.28601E-03 
3.23853E-03 
2.13925E-04 
5.22584E-04 
1.29038E-03 
3.23612E-03 
8.18306E-03 
2.13777E-04 
5.23091E-04 
1.29280E-03 
3.22708E-03 
8.14025E-03 
2.10712E-04 
5.16836E-04 
1.27873E-03 
3.18090E-03 
7.99912E-03 
2.02174E-02 
2.01118E-04 
4.95298E-04 
1.22777E-03 
3.05085E-03 
7.65168E-03 
1.92726E-02 
4.91544E-02 
4.59633E-04 
1.14239E-03 
2.84265E-03 
7.11939E-03 
1.78933E-02 
4.53970E-02 
1.05359E-03 
2.62908E-03 
6.58168E-03 
1.65232E-02 
4.17582E-02 
1.07487E-01 
2.42358E-03 
6.06177E-03 
1.51976E-02 
3.82748E-02 
9.74901E-02 
2.56180E-01 
---
