PdfType: replica
Format: lhagrid1
---
4.34963E-04 7.77181E-04 7.77181E-04 1.38865E-03 1.38865E-03 2.48120E-03 2.48120E-03 2.48120E-03 4.43334E-03 4.43334E-03 4.43334E-03 4.43334E-03 7.92137E-03 7.92137E-03 7.92137E-03 7.92137E-03 1.41537E-02 1.41537E-02 1.41537E-02 1.41537E-02 1.41537E-02 2.52895E-02 2.52895E-02 2.52895E-02 2.52895E-02 2.52895E-02 4.51866E-02 4.51866E-02 4.51866E-02 4.51866E-02 4.51866E-02 4.51866E-02 8.07383E-02 8.07383E-02 8.07383E-02 8.07383E-02 8.07383E-02 8.07383E-02 8.07383E-02 1.44261E-01 1.44261E-01 1.44261E-01 1.44261E-01 1.44261E-01 1.44261E-01 2.57762E-01 2.57762E-01 2.57762E-01 2.57762E-01 2.57762E-01 2.57762E-01 4.60562E-01 4.60562E-01 4.60562E-01 4.60562E-01 4.60562E-01 4.60562E-01 
1.58489E+00 1.58489E+00 2.51189E+00 1.58489E+00 2.51189E+00 1.58489E+00 2.51189E+00 3.98107E+00 1.58489E+00 2.51189E+00 3.98107E+00 6.30957E+00 1.58489E+00 2.51189E+00 3.98107E+00 6.30957E+00 1.58489E+00 2.51189E+00 3.98107E+00 6.30957E+00 9.99999E+00 1.58489E+00 2.51189E+00 3.98107E+00 6.30957E+00 9.99999E+00 1.58489E+00 2.51189E+00 3.98107E+00 6.30957E+00 9.99999E+00 1.58489E+01 1.58489E+00 2.51189E+00 3.98107E+00 6.30957E+00 9.99999E+00 1.58489E+01 2.51189E+01 2.51189E+00 3.98107E+00 6.30957E+00 9.99999E+00 1.58489E+01 2.51189E+01 3.98107E+00 6.30957E+00 9.99999E+00 1.58489E+01 2.51189E+01 3.98107E+01 6.30957E+00 9.99999E+00 1.58489E+01 2.51189E+01 3.98107E+01 6.30957E+01 
90000 
2.19990E-04 
2.18863E-04 
5.24592E-04 
2.17753E-04 
5.23370E-04 
2.16608E-04 
5.22801E-04 
1.28498E-03 
2.15449E-04 
5.22341E-04 
1.28531E-03 
3.24290E-03 
2.14316E-04 
5.21791E-04 
1.28615E-03 
3.23757E-03 
2.13177E-04 
5.20904E-04 
1.28633E-03 
3.22653E-03 
8.15637E-03 
2.11663E-04 
5.18809E-04 
1.28345E-03 
3.20649E-03 
8.09137E-03 
2.08435E-04 
5.12393E-04 
1.26943E-03 
3.16085E-03 
7.95463E-03 
2.01125E-02 
2.00621E-04 
4.94384E-04 
1.22581E-03 
3.04695E-03 
7.64259E-03 
1.92509E-02 
4.91033E-02 
4.58822E-04 
1.13930E-03 
2.83394E-03 
7.09533E-03 
1.78301E-02 
4.52375E-02 
1.04234E-03 
2.60011E-03 
6.51102E-03 
1.63495E-02 
4.13301E-02 
1.06438E-01 
2.38432E-03 
5.96498E-03 
1.49583E-02 
3.76842E-02 
9.60517E-02 
2.52837E-01 
---
