PdfType: replica
Format: lhagrid1
---
4.34963E-04 7.77181E-04 7.77181E-04 1.38865E-03 1.38865E-03 2.48120E-03 2.48120E-03 2.48120E-03 4.43334E-03 4.43334E-03 4.43334E-03 4.43334E-03 7.92137E-03 7.92137E-03 7.92137E-03 7.92137E-03 1.41537E-02 1.41537E-02 1.41537E-02 1.41537E-02 1.41537E-02 2.52895E-02 2.52895E-02 2.52895E-02 2.52895E-02 2.52895E-02 4.51866E-02 4.51866E-02 4.51866E-02 4.51866E-02 4.51866E-02 4.51866E-02 8.07383E-02 8.07383E-02 8.07383E-02 8.07383E-02 8.07383E-02 8.07383E-02 8.07383E-02 1.44261E-01 1.44261E-01 1.44261E-01 1.44261E-01 1.44261E-01 1.44261E-01 2.57762E-01 2.57762E-01 2.57762E-01 2.57762E-01 2.57762E-01 2.57762E-01 4.60562E-01 4.60562E-01 4.60562E-01 4.60562E-01 4.60562E-01 4.60562E-01 
1.58489E+00 1.58489E+00 2.51189E+00 1.58489E+00 2.51189E+00 1.58489E+00 2.51189E+00 3.98107E+00 1.58489E+00 2.51189E+00 3.98107E+00 6.30957E+00 1.58489E+00 2.51189E+00 3.98107E+00 6.30957E+00 1.58489E+00 2.51189E+00 3.98107E+00 6.30957E+00 9.99999E+00 1.58489E+00 2.51189E+00 3.98107E+00 6.30957E+00 9.99999E+00 1.58489E+00 2.51189E+00 3.98107E+00 6.30957E+00 9.99999E+00 1.58489E+01 1.58489E+00 2.51189E+00 3.98107E+00 6.30957E+00 9.99999E+00 1.58489E+01 2.51189E+01 2.51189E+00 3.98107E+00 6.30957E+00 9.99999E+00 1.58489E+01 2.51189E+01 3.98107E+00 6.30957E+00 9.99999E+00 1.58489E+01 2.51189E+01 3.98107E+01 6.30957E+00 9.99999E+00 1.58489E+01 2.51189E+01 3.98107E+01 6.30957E+01 
90000 
2.20282E-04 
2.19261E-04 
5.25147E-04 
2.18280E-04 
5.24178E-04 
2.17291E-04 
5.23942E-04 
1.28716E-03 
2.16334E-04 
5.23930E-04 
1.28850E-03 
3.24934E-03 
2.15484E-04 
5.24017E-04 
1.29079E-03 
3.24725E-03 
2.14738E-04 
5.23994E-04 
1.29292E-03 
3.24061E-03 
8.18899E-03 
2.13580E-04 
5.22622E-04 
1.29154E-03 
3.22404E-03 
8.13117E-03 
2.10045E-04 
5.15465E-04 
1.27570E-03 
3.17428E-03 
7.98395E-03 
2.01817E-02 
2.00783E-04 
4.94507E-04 
1.22582E-03 
3.04668E-03 
7.64176E-03 
1.92511E-02 
4.91238E-02 
4.58350E-04 
1.13918E-03 
2.83529E-03 
7.10239E-03 
1.78560E-02 
4.53274E-02 
1.05037E-03 
2.62043E-03 
6.56139E-03 
1.64750E-02 
4.16459E-02 
1.07249E-01 
2.40701E-03 
6.02222E-03 
1.51024E-02 
3.80444E-02 
9.69362E-02 
2.54886E-01 
---
