PdfType: replica
Format: lhagrid1
---
4.34963E-04 7.77181E-04 7.77181E-04 1.38865E-03 1.38865E-03 2.48120E-03 2.48120E-03 2.48120E-03 4.43334E-03 4.43334E-03 4.43334E-03 4.43334E-03 7.92137E-03 7.92137E-03 7.92137E-03 7.92137E-03 1.41537E-02 1.41537E-02 1.41537E-02 1.41537E-02 1.41537E-02 2.52895E-02 2.52895E-02 2.52895E-02 2.52895E-02 2.52895E-02 4.51866E-02 4.51866E-02 4.51866E-02 4.51866E-02 4.51866E-02 4.51866E-02 8.07383E-02 8.07383E-02 8.07383E-02 8.07383E-02 8.07383E-02 8.07383E-02 8.07383E-02 1.44261E-01 1.44261E-01 1.44261E-01 1.44261E-01 1.44261E-01 1.44261E-01 2.57762E-01 2.57762E-01 2.57762E-01 2.57762E-01 2.57762E-01 2.57762E-01 4.60562E-01 4.60562E-01 4.60562E-01 4.60562E-01 4.60562E-01 4.60562E-01 
1.58489E+00 1.58489E+00 2.51189E+00 1.58489E+00 2.51189E+00 1.58489E+00 2.51189E+00 3.98107E+00 1.58489E+00 2.51189E+00 3.98107E+00 6.30957E+00 1.58489E+00 2.51189E+00 3.98107E+00 6.30957E+00 1.58489E+00 2.51189E+00 3.98107E+00 6.30957E+00 9.99999E+00 1.58489E+00 2.51189E+00 3.98107E+00 6.30957E+00 9.99999E+00 1.58489E+00 2.51189E+00 3.98107E+00 6.30957E+00 9.99999E+00 1.58489E+01 1.58489E+00 2.51189E+00 3.98107E+00 6.30957E+00 9.99999E+00 1.58489E+01 2.51189E+01 2.51189E+00 3.98107E+00 6.30957E+00 9.99999E+00 1.58489E+01 2.51189E+01 3.98107E+00 6.30957E+00 9.99999E+00 1.58489E+01 2.51189E+01 3.98107E+01 6.30957E+00 9.99999E+00 1.58489E+01 2.51189E+01 3.98107E+01 6.30957E+01 
90000 
2.19623E-04 
2.18463E-04 
5.23682E-04 
2.17329E-04 
5.22421E-04 
2.16167E-04 
5.21814E-04 
1.28303E-03 
2.14981E-04 
5.21278E-04 
1.28313E-03 
3.23900E-03 
2.13740E-04 
5.20478E-04 
1.28333E-03 
3.23188E-03 
2.12278E-04 
5.18921E-04 
1.28202E-03 
3.21717E-03 
8.13819E-03 
2.10148E-04 
5.15703E-04 
1.27692E-03 
3.19234E-03 
8.06177E-03 
2.06616E-04 
5.09139E-04 
1.26338E-03 
3.14898E-03 
7.93231E-03 
2.00742E-02 
2.00439E-04 
4.95201E-04 
1.22977E-03 
3.05961E-03 
7.67968E-03 
1.93556E-02 
4.94011E-02 
4.65922E-04 
1.15684E-03 
2.87729E-03 
7.20126E-03 
1.80904E-02 
4.58840E-02 
1.05825E-03 
2.63873E-03 
6.60432E-03 
1.65766E-02 
4.18855E-02 
1.07800E-01 
2.41110E-03 
6.02954E-03 
1.51146E-02 
3.80628E-02 
9.69603E-02 
2.54941E-01 
---
