PdfType: replica
Format: lhagrid1
---
4.34963E-04 7.77181E-04 7.77181E-04 1.38865E-03 1.38865E-03 2.48120E-03 2.48120E-03 2.48120E-03 4.43334E-03 4.43334E-03 4.43334E-03 4.43334E-03 7.92137E-03 7.92137E-03 7.92137E-03 7.92137E-03 1.41537E-02 1.41537E-02 1.41537E-02 1.41537E-02 1.41537E-02 2.52895E-02 2.52895E-02 2.52895E-02 2.52895E-02 2.52895E-02 4.51866E-02 4.51866E-02 4.51866E-02 4.51866E-02 4.51866E-02 4.51866E-02 8.07383E-02 8.07383E-02 8.07383E-02 8.07383E-02 8.07383E-02 8.07383E-02 8.07383E-02 1.44261E-01 1.44261E-01 1.44261E-01 1.44261E-01 1.44261E-01 1.44261E-01 2.57762E-01 2.57762E-01 2.57762E-01 2.57762E-01 2.57762E-01 2.57762E-01 4.60562E-01 4.60562E-01 4.60562E-01 4.60562E-01 4.60562E-01 4.60562E-01 
1.58489E+00 1.58489E+00 2.51189E+00 1.58489E+00 2.51189E+00 1.58489E+00 2.51189E+00 3.98107E+00 1.58489E+00 2.51189E+00 3.98107E+00 6.30957E+00 1.58489E+00 2.51189E+00 3.98107E+00 6.30957E+00 1.58489E+00 2.51189E+00 3.98107E+00 6.30957E+00 9.99999E+00 1.58489E+00 2.51189E+00 3.98107E+00 6.30957E+00 9.99999E+00 1.58489E+00 2.51189E+00 3.98107E+00 6.30957E+00 9.99999E+00 1.58489E+01 1.58489E+00 2.51189E+00 3.98107E+00 6.30957E+00 9.99999E+00 1.58489E+01 2.51189E+01 2.51189E+00 3.98107E+00 6.30957E+00 9.99999E+00 1.58489E+01 2.51189E+01 3.98107E+00 6.30957E+00 9.99999E+00 1.58489E+01 2.51189E+01 3.98107E+01 6.30957E+00 9.99999E+00 1.58489E+01 2.51189E+01 3.98107E+01 6.30957E+01 
90000 
2.20474E-04 
2.19433E-04 
5.25017E-04 
2.18396E-04 
5.23985E-04 
2.17304E-04 
5.23608E-04 
1.28616E-03 
2.16194E-04 
5.23353E-04 
1.28704E-03 
3.24616E-03 
2.15156E-04 
5.23115E-04 
1.28870E-03 
3.24253E-03 
2.14235E-04 
5.22801E-04 
1.29029E-03 
3.23450E-03 
8.17655E-03 
2.13013E-04 
5.21402E-04 
1.28895E-03 
3.21798E-03 
8.11847E-03 
2.09623E-04 
5.14605E-04 
1.27381E-03 
3.16971E-03 
7.97327E-03 
2.01597E-02 
2.00516E-04 
4.93704E-04 
1.22353E-03 
3.04027E-03 
7.62447E-03 
1.92072E-02 
4.90270E-02 
4.55948E-04 
1.13288E-03 
2.81901E-03 
7.06086E-03 
1.77516E-02 
4.50716E-02 
1.04192E-03 
2.60090E-03 
6.51510E-03 
1.63657E-02 
4.13899E-02 
1.06666E-01 
2.42172E-03 
6.06570E-03 
1.52246E-02 
3.83779E-02 
9.78257E-02 
2.57190E-01 
---
