PdfType: replica
Format: lhagrid1
---
4.34963E-04 7.77181E-04 7.77181E-04 1.38865E-03 1.38865E-03 2.48120E-03 2.48120E-03 2.48120E-03 4.43334E-03 4.43334E-03 4.43334E-03 4.43334E-03 7.92137E-03 7.92137E-03 7.92137E-03 7.92137E-03 1.41537E-02 1.41537E-02 1.41537E-02 1.41537E-02 1.41537E-02 2.52895E-02 2.52895E-02 2.52895E-02 2.52895E-02 2.52895E-02 4.51866E-02 4.51866E-02 4.51866E-02 4.51866E-02 4.51866E-02 4.51866E-02 8.07383E-02 8.07383E-02 8.07383E-02 8.07383E-02 8.07383E-02 8.07383E-02 8.07383E-02 1.44261E-01 1.44261E-01 1.44261E-01 1.44261E-01 1.44261E-01 1.44261E-01 2.57762E-01 2.57762E-01 2.57762E-01 2.57762E-01 2.57762E-01 2.57762E-01 4.60562E-01 4.60562E-01 4.60562E-01 4.60562E-01 4.60562E-01 4.60562E-01 
1.58489E+00 1.58489E+00 2.51189E+00 1.58489E+00 2.51189E+00 1.58489E+00 2.51189E+00 3.98107E+00 1.58489E+00 2.51189E+00 3.98107E+00 6.30957E+00 1.58489E+00 2.51189E+00 3.98107E+00 6.30957E+00 1.58489E+00 2.51189E+00 3.98107E+00 6.30957E+00 9.99999E+00 1.58489E+00 2.51189E+00 3.98107E+00 6.30957E+00 9.99999E+00 1.58489E+00 2.51189E+00 3.98107E+00 6.30957E+00 9.99999E+00 1.58489E+01 1.58489E+00 2.51189E+00 3.98107E+00 6.30957E+00 9.99999E+00 1.58489E+01 2.51189E+01 2.51189E+00 3.98107E+00 6.30957E+00 9.99999E+00 1.58489E+01 2.51189E+01 3.98107E+00 6.30957E+00 9.99999E+00 1.58489E+01 2.51189E+01 3.98107E+01 6.30957E+00 9.99999E+00 1.58489E+01 2.51189E+01 3.98107E+01 6.30957E+01 
90000 
2.19878E-04 
2.18715E-04 
5.24088E-04 
2.17533E-04 
5.22735E-04 
2.16261E-04 
5.21919E-04 
1.28296E-03 
2.14894E-04 
5.21035E-04 
1.28238E-03 
3.23652E-03 
2.13450E-04 
5.19829E-04 
1.28179E-03 
3.22796E-03 
2.11895E-04 
5.18088E-04 
1.28014E-03 
3.21269E-03 
8.12612E-03 
2.09960E-04 
5.15210E-04 
1.27565E-03 
3.18908E-03 
8.05309E-03 
2.06622E-04 
5.08737E-04 
1.26167E-03 
3.14387E-03 
7.91733E-03 
2.00324E-02 
1.99410E-04 
4.92107E-04 
1.22128E-03 
3.03758E-03 
7.62334E-03 
1.92133E-02 
4.90479E-02 
4.59033E-04 
1.14045E-03 
2.83762E-03 
7.10672E-03 
1.78639E-02 
4.53424E-02 
1.04725E-03 
2.61242E-03 
6.54127E-03 
1.64246E-02 
4.15207E-02 
1.06946E-01 
2.39884E-03 
6.00126E-03 
1.50490E-02 
3.79106E-02 
9.66110E-02 
2.54174E-01 
---
