PdfType: replica
Format: lhagrid1
---
4.34963E-04 7.77181E-04 7.77181E-04 1.38865E-03 1.38865E-03 2.48120E-03 2.48120E-03 2.48120E-03 4.43334E-03 4.43334E-03 4.43334E-03 4.43334E-03 7.92137E-03 7.92137E-03 7.92137E-03 7.92137E-03 1.41537E-02 1.41537E-02 1.41537E-02 1.41537E-02 1.41537E-02 2.52895E-02 2.52895E-02 2.52895E-02 2.52895E-02 2.52895E-02 4.51866E-02 4.51866E-02 4.51866E-02 4.51866E-02 4.51866E-02 4.51866E-02 8.07383E-02 8.07383E-02 8.07383E-02 8.07383E-02 8.07383E-02 8.07383E-02 8.07383E-02 1.44261E-01 1.44261E-01 1.44261E-01 1.44261E-01 1.44261E-01 1.44261E-01 2.57762E-01 2.57762E-01 2.57762E-01 2.57762E-01 2.57762E-01 2.57762E-01 4.60562E-01 4.60562E-01 4.60562E-01 4.60562E-01 4.60562E-01 4.60562E-01 
1.58489E+00 1.58489E+00 2.51189E+00 1.58489E+00 2.51189E+00 1.58489E+00 2.51189E+00 3.98107E+00 1.58489E+00 2.51189E+00 3.98107E+00 6.30957E+00 1.58489E+00 2.51189E+00 3.98107E+00 6.30957E+00 1.58489E+00 2.51189E+00 3.98107E+00 6.30957E+00 9.99999E+00 1.58489E+00 2.51189E+00 3.98107E+00 6.30957E+00 9.99999E+00 1.58489E+00 2.51189E+00 3.98107E+00 6.30957E+00 9.99999E+00 1.58489E+01 1.58489E+00 2.51189E+00 3.98107E+00 6.30957E+00 9.99999E+00 1.58489E+01 2.51189E+01 2.51189E+00 3.98107E+00 6.30957E+00 9.99999E+00 1.58489E+01 2.51189E+01 3.98107E+00 6.30957E+00 9.99999E+00 1.58489E+01 2.51189E+01 3.98107E+01 6.30957E+00 9.99999E+00 1.58489E+01 2.51189E+01 3.98107E+01 6.30957E+01 
90000 
2.19755E-04 
2.18439E-04 
5.23562E-04 
2.17058E-04 
5.21835E-04 
2.15560E-04 
5.20607E-04 
1.28028E-03 
2.14010E-04 
5.19423E-04 
1.27922E-03 
3.22970E-03 
2.12581E-04 
5.18365E-04 
1.27913E-03 
3.22263E-03 
2.11510E-04 
5.17717E-04 
1.27996E-03 
3.21285E-03 
8.12754E-03 
2.10684E-04 
5.17004E-04 
1.27996E-03 
3.19870E-03 
8.07550E-03 
2.08313E-04 
5.12079E-04 
1.26872E-03 
3.15861E-03 
7.94934E-03 
2.01027E-02 
2.00177E-04 
4.93243E-04 
1.22304E-03 
3.04032E-03 
7.62619E-03 
1.92126E-02 
4.90265E-02 
4.57076E-04 
1.13625E-03 
2.82914E-03 
7.08758E-03 
1.78206E-02 
4.52392E-02 
1.05157E-03 
2.62448E-03 
6.57396E-03 
1.65106E-02 
4.17392E-02 
1.07466E-01 
2.41334E-03 
6.03635E-03 
1.51341E-02 
3.81162E-02 
9.71009E-02 
2.55286E-01 
---
