PdfType: replica
Format: lhagrid1
---
4.34963E-04 7.77181E-04 7.77181E-04 1.38865E-03 1.38865E-03 2.48120E-03 2.48120E-03 2.48120E-03 4.43334E-03 4.43334E-03 4.43334E-03 4.43334E-03 7.92137E-03 7.92137E-03 7.92137E-03 7.92137E-03 1.41537E-02 1.41537E-02 1.41537E-02 1.41537E-02 1.41537E-02 2.52895E-02 2.52895E-02 2.52895E-02 2.52895E-02 2.52895E-02 4.51866E-02 4.51866E-02 4.51866E-02 4.51866E-02 4.51866E-02 4.51866E-02 8.07383E-02 8.07383E-02 8.07383E-02 8.07383E-02 8.07383E-02 8.07383E-02 8.07383E-02 1.44261E-01 1.44261E-01 1.44261E-01 1.44261E-01 1.44261E-01 1.44261E-01 2.57762E-01 2.57762E-01 2.57762E-01 2.57762E-01 2.57762E-01 2.57762E-01 4.60562E-01 4.60562E-01 4.60562E-01 4.60562E-01 4.60562E-01 4.60562E-01 
1.58489E+00 1.58489E+00 2.51189E+00 1.58489E+00 2.51189E+00 1.58489E+00 2.51189E+00 3.98107E+00 1.58489E+00 2.51189E+00 3.98107E+00 6.30957E+00 1.58489E+00 2.51189E+00 3.98107E+00 6.30957E+00 1.58489E+00 2.51189E+00 3.98107E+00 6.30957E+00 9.99999E+00 1.58489E+00 2.51189E+00 3.98107E+00 6.30957E+00 9.99999E+00 1.58489E+00 2.51189E+00 3.98107E+00 6.30957E+00 9.99999E+00 1.58489E+01 1.58489E+00 2.51189E+00 3.98107E+00 6.30957E+00 9.99999E+00 1.58489E+01 2.51189E+01 2.51189E+00 3.98107E+00 6.30957E+00 9.99999E+00 1.58489E+01 2.51189E+01 3.98107E+00 6.30957E+00 9.99999E+00 1.58489E+01 2.51189E+01 3.98107E+01 6.30957E+00 9.99999E+00 1.58489E+01 2.51189E+01 3.98107E+01 6.30957E+01 
90000 
2.20386E-04 
2.19222E-04 
5.24820E-04 
2.17999E-04 
5.23442E-04 
2.16660E-04 
5.22572E-04 
1.28423E-03 
2.15254E-04 
5.21698E-04 
1.28378E-03 
3.23996E-03 
2.13915E-04 
5.20787E-04 
1.28394E-03 
3.23298E-03 
2.12780E-04 
5.19905E-04 
1.28412E-03 
3.22147E-03 
8.14859E-03 
2.11510E-04 
5.18177E-04 
1.28176E-03 
3.20184E-03 
8.08239E-03 
2.08047E-04 
5.11016E-04 
1.26554E-03 
3.15051E-03 
7.92877E-03 
2.00553E-02 
1.98651E-04 
4.89637E-04 
1.21437E-03 
3.01965E-03 
7.57675E-03 
1.90949E-02 
4.87532E-02 
4.53452E-04 
1.12778E-03 
2.80846E-03 
7.03885E-03 
1.77048E-02 
4.49665E-02 
1.04357E-03 
2.60498E-03 
6.52641E-03 
1.63951E-02 
4.14634E-02 
1.06841E-01 
2.41263E-03 
6.03890E-03 
1.51494E-02 
3.81731E-02 
9.72786E-02 
2.55760E-01 
---
