PdfType: replica
Format: lhagrid1
---
4.34963E-04 7.77181E-04 7.77181E-04 1.38865E-03 1.38865E-03 2.48120E-03 2.48120E-03 2.48120E-03 4.43334E-03 4.43334E-03 4.43334E-03 4.43334E-03 7.92137E-03 7.92137E-03 7.92137E-03 7.92137E-03 1.41537E-02 1.41537E-02 1.41537E-02 1.41537E-02 1.41537E-02 2.52895E-02 2.52895E-02 2.52895E-02 2.52895E-02 2.52895E-02 4.51866E-02 4.51866E-02 4.51866E-02 4.51866E-02 4.51866E-02 4.51866E-02 8.07383E-02 8.07383E-02 8.07383E-02 8.07383E-02 8.07383E-02 8.07383E-02 8.07383E-02 1.44261E-01 1.44261E-01 1.44261E-01 1.44261E-01 1.44261E-01 1.44261E-01 2.57762E-01 2.57762E-01 2.57762E-01 2.57762E-01 2.57762E-01 2.57762E-01 4.60562E-01 4.60562E-01 4.60562E-01 4.60562E-01 4.60562E-01 4.60562E-01 
1.58489E+00 1.58489E+00 2.51189E+00 1.58489E+00 2.51189E+00 1.58489E+00 2.51189E+00 3.98107E+00 1.58489E+00 2.51189E+00 3.98107E+00 6.30957E+00 1.58489E+00 2.51189E+00 3.98107E+00 6.30957E+00 1.58489E+00 2.51189E+00 3.98107E+00 6.30957E+00 9.99999E+00 1.58489E+00 2.51189E+00 3.98107E+00 6.30957E+00 9.99999E+00 1.58489E+00 2.51189E+00 3.98107E+00 6.30957E+00 9.99999E+00 1.58489E+01 1.58489E+00 2.51189E+00 3.98107E+00 6.30957E+00 9.99999E+00 1.58489E+01 2.51189E+01 2.51189E+00 3.98107E+00 6.30957E+00 9.99999E+00 1.58489E+01 2.51189E+01 3.98107E+00 6.30957E+00 9.99999E+00 1.58489E+01 2.51189E+01 3.98107E+01 6.30957E+00 9.99999E+00 1.58489E+01 2.51189E+01 3.98107E+01 6.30957E+01 
90000 
2.19382E-04 
2.18077E-04 
5.22874E-04 
2.16757E-04 
5.21275E-04 
2.15381E-04 
5.20261E-04 
1.27976E-03 
2.13988E-04 
5.19311E-04 
1.27902E-03 
3.23004E-03 
2.12639E-04 
5.18268E-04 
1.27872E-03 
3.22181E-03 
2.11317E-04 
5.16939E-04 
1.27782E-03 
3.20775E-03 
8.11718E-03 
2.09638E-04 
5.14480E-04 
1.27400E-03 
3.18516E-03 
8.04478E-03 
2.06253E-04 
5.07785E-04 
1.25930E-03 
3.13788E-03 
7.90264E-03 
1.99970E-02 
1.98573E-04 
4.90199E-04 
1.21689E-03 
3.02716E-03 
7.59857E-03 
1.91530E-02 
4.88917E-02 
4.57804E-04 
1.13828E-03 
2.83359E-03 
7.09886E-03 
1.78473E-02 
4.52972E-02 
1.05183E-03 
2.62450E-03 
6.57134E-03 
1.64990E-02 
4.17004E-02 
1.07345E-01 
2.41723E-03 
6.04756E-03 
1.51650E-02 
3.81984E-02 
9.73063E-02 
2.55716E-01 
---
