PdfType: replica
Format: lhagrid1
---
4.34963E-04 7.77181E-04 7.77181E-04 1.38865E-03 1.38865E-03 2.48120E-03 2.48120E-03 2.48120E-03 4.43334E-03 4.43334E-03 4.43334E-03 4.43334E-03 7.92137E-03 7.92137E-03 7.92137E-03 7.92137E-03 1.41537E-02 1.41537E-02 1.41537E-02 1.41537E-02 1.41537E-02 2.52895E-02 2.52895E-02 2.52895E-02 2.52895E-02 2.52895E-02 4.51866E-02 4.51866E-02 4.51866E-02 4.51866E-02 4.51866E-02 4.51866E-02 8.07383E-02 8.07383E-02 8.07383E-02 8.07383E-02 8.07383E-02 8.07383E-02 8.07383E-02 1.44261E-01 1.44261E-01 1.44261E-01 1.44261E-01 1.44261E-01 1.44261E-01 2.57762E-01 2.57762E-01 2.57762E-01 2.57762E-01 2.57762E-01 2.57762E-01 4.60562E-01 4.60562E-01 4.60562E-01 4.60562E-01 4.60562E-01 4.60562E-01 
1.58489E+00 1.58489E+00 2.51189E+00 1.58489E+00 2.51189E+00 1.58489E+00 2.51189E+00 3.98107E+00 1.58489E+00 2.51189E+00 3.98107E+00 6.30957E+00 1.58489E+00 2.51189E+00 3.98107E+00 6.30957E+00 1.58489E+00 2.51189E+00 3.98107E+00 6.30957E+00 9.99999E+00 1.58489E+00 2.51189E+00 3.98107E+00 6.30957E+00 9.99999E+00 1.58489E+00 2.51189E+00 3.98107E+00 6.30957E+00 9.99999E+00 1.58489E+01 1.58489E+00 2.51189E+00 3.98107E+00 6.30957E+00 9.99999E+00 1.58489E+01 2.51189E+01 2.51189E+00 3.98107E+00 6.30957E+00 9.99999E+00 1.58489E+01 2.51189E+01 3.98107E+00 6.30957E+00 9.99999E+00 1.58489E+01 2.51189E+01 3.98107E+01 6.30957E+00 9.99999E+00 1.58489E+01 2.51189E+01 3.98107E+01 6.30957E+01 
90000 
2.19579E-04 
2.18247E-04 
5.23371E-04 
2.16878E-04 
5.21668E-04 
2.15438E-04 
5.20538E-04 
1.28041E-03 
2.14002E-04 
5.19546E-04 
1.27967E-03 
3.23136E-03 
2.12719E-04 
5.18718E-04 
1.27997E-03 
3.22487E-03 
2.11715E-04 
5.18115E-04 
1.28074E-03 
3.21484E-03 
8.13252E-03 
2.10662E-04 
5.16871E-04 
1.27947E-03 
3.19787E-03 
8.07316E-03 
2.07727E-04 
5.10839E-04 
1.26591E-03 
3.15269E-03 
7.93582E-03 
2.00708E-02 
1.99485E-04 
4.92007E-04 
1.22074E-03 
3.03571E-03 
7.61802E-03 
1.91969E-02 
4.89844E-02 
4.58471E-04 
1.13989E-03 
2.83753E-03 
7.10865E-03 
1.78714E-02 
4.53550E-02 
1.05283E-03 
2.62679E-03 
6.57718E-03 
1.65140E-02 
4.17391E-02 
1.07451E-01 
2.41916E-03 
6.05205E-03 
1.51757E-02 
3.82250E-02 
9.73820E-02 
2.55995E-01 
---
