PdfType: replica
Format: lhagrid1
---
4.34963E-04 7.77181E-04 7.77181E-04 1.38865E-03 1.38865E-03 2.48120E-03 2.48120E-03 2.48120E-03 4.43334E-03 4.43334E-03 4.43334E-03 4.43334E-03 7.92137E-03 7.92137E-03 7.92137E-03 7.92137E-03 1.41537E-02 1.41537E-02 1.41537E-02 1.41537E-02 1.41537E-02 2.52895E-02 2.52895E-02 2.52895E-02 2.52895E-02 2.52895E-02 4.51866E-02 4.51866E-02 4.51866E-02 4.51866E-02 4.51866E-02 4.51866E-02 8.07383E-02 8.07383E-02 8.07383E-02 8.07383E-02 8.07383E-02 8.07383E-02 8.07383E-02 1.44261E-01 1.44261E-01 1.44261E-01 1.44261E-01 1.44261E-01 1.44261E-01 2.57762E-01 2.57762E-01 2.57762E-01 2.57762E-01 2.57762E-01 2.57762E-01 4.60562E-01 4.60562E-01 4.60562E-01 4.60562E-01 4.60562E-01 4.60562E-01 
1.58489E+00 1.58489E+00 2.51189E+00 1.58489E+00 2.51189E+00 1.58489E+00 2.51189E+00 3.98107E+00 1.58489E+00 2.51189E+00 3.98107E+00 6.30957E+00 1.58489E+00 2.51189E+00 3.98107E+00 6.30957E+00 1.58489E+00 2.51189E+00 3.98107E+00 6.30957E+00 9.99999E+00 1.58489E+00 2.51189E+00 3.98107E+00 6.30957E+00 9.99999E+00 1.58489E+00 2.51189E+00 3.98107E+00 6.30957E+00 9.99999E+00 1.58489E+01 1.58489E+00 2.51189E+00 3.98107E+00 6.30957E+00 9.99999E+00 1.58489E+01 2.51189E+01 2.51189E+00 3.98107E+00 6.30957E+00 9.99999E+00 1.58489E+01 2.51189E+01 3.98107E+00 6.30957E+00 9.99999E+00 1.58489E+01 2.51189E+01 3.98107E+01 6.30957E+00 9.99999E+00 1.58489E+01 2.51189E+01 3.98107E+01 6.30957E+01 
90000 
2.20581E-04 
2.19446E-04 
5.25322E-04 
2.18256E-04 
5.23965E-04 
2.16930E-04 
5.23103E-04 
1.28529E-03 
2.15484E-04 
5.22166E-04 
1.28474E-03 
3.24131E-03 
2.14008E-04 
5.21050E-04 
1.28455E-03 
3.23387E-03 
2.12615E-04 
5.19775E-04 
1.28403E-03 
3.22139E-03 
8.14693E-03 
2.11093E-04 
5.17662E-04 
1.28099E-03 
3.20082E-03 
8.07952E-03 
2.07833E-04 
5.10893E-04 
1.26567E-03 
3.15152E-03 
7.93200E-03 
2.00639E-02 
1.99199E-04 
4.90917E-04 
1.21742E-03 
3.02674E-03 
7.59397E-03 
1.91370E-02 
4.88581E-02 
4.54598E-04 
1.13016E-03 
2.81380E-03 
7.05041E-03 
1.77304E-02 
4.50237E-02 
1.04395E-03 
2.60656E-03 
6.53163E-03 
1.64105E-02 
4.15032E-02 
1.06915E-01 
2.42450E-03 
6.07019E-03 
1.52302E-02 
3.83775E-02 
9.77755E-02 
2.56834E-01 
---
