PdfType: replica
Format: lhagrid1
---
4.34963E-04 7.77181E-04 7.77181E-04 1.38865E-03 1.38865E-03 2.48120E-03 2.48120E-03 2.48120E-03 4.43334E-03 4.43334E-03 4.43334E-03 4.43334E-03 7.92137E-03 7.92137E-03 7.92137E-03 7.92137E-03 1.41537E-02 1.41537E-02 1.41537E-02 1.41537E-02 1.41537E-02 2.52895E-02 2.52895E-02 2.52895E-02 2.52895E-02 2.52895E-02 4.51866E-02 4.51866E-02 4.51866E-02 4.51866E-02 4.51866E-02 4.51866E-02 8.07383E-02 8.07383E-02 8.07383E-02 8.07383E-02 8.07383E-02 8.07383E-02 8.07383E-02 1.44261E-01 1.44261E-01 1.44261E-01 1.44261E-01 1.44261E-01 1.44261E-01 2.57762E-01 2.57762E-01 2.57762E-01 2.57762E-01 2.57762E-01 2.57762E-01 4.60562E-01 4.60562E-01 4.60562E-01 4.60562E-01 4.60562E-01 4.60562E-01 
1.58489E+00 1.58489E+00 2.51189E+00 1.58489E+00 2.51189E+00 1.58489E+00 2.51189E+00 3.98107E+00 1.58489E+00 2.51189E+00 3.98107E+00 6.30957E+00 1.58489E+00 2.51189E+00 3.98107E+00 6.30957E+00 1.58489E+00 2.51189E+00 3.98107E+00 6.30957E+00 9.99999E+00 1.58489E+00 2.51189E+00 3.98107E+00 6.30957E+00 9.99999E+00 1.58489E+00 2.51189E+00 3.98107E+00 6.30957E+00 9.99999E+00 1.58489E+01 1.58489E+00 2.51189E+00 3.98107E+00 6.30957E+00 9.99999E+00 1.58489E+01 2.51189E+01 2.51189E+00 3.98107E+00 6.30957E+00 9.99999E+00 1.58489E+01 2.51189E+01 3.98107E+00 6.30957E+00 9.99999E+00 1.58489E+01 2.51189E+01 3.98107E+01 6.30957E+00 9.99999E+00 1.58489E+01 2.51189E+01 3.98107E+01 6.30957E+01 
90000 
2.20490E-04 
2.19449E-04 
5.25283E-04 
2.18382E-04 
5.24125E-04 
2.17189E-04 
5.23467E-04 
1.28585E-03 
2.15827E-04 
5.22617E-04 
1.28534E-03 
3.24260E-03 
2.14260E-04 
5.21217E-04 
1.28438E-03 
3.23330E-03 
2.12421E-04 
5.18962E-04 
1.28169E-03 
3.21583E-03 
8.13260E-03 
2.10088E-04 
5.15304E-04 
1.27555E-03 
3.18840E-03 
8.05102E-03 
2.06420E-04 
5.08096E-04 
1.25995E-03 
3.13901E-03 
7.90574E-03 
2.00057E-02 
1.98979E-04 
4.90908E-04 
1.21818E-03 
3.02937E-03 
7.60295E-03 
1.91637E-02 
4.89361E-02 
4.56875E-04 
1.13510E-03 
2.82483E-03 
7.07487E-03 
1.77860E-02 
4.51562E-02 
1.04343E-03 
2.60487E-03 
6.52640E-03 
1.63960E-02 
4.14660E-02 
1.06833E-01 
2.42035E-03 
6.05921E-03 
1.52017E-02 
3.83056E-02 
9.76082E-02 
2.56546E-01 
---
