PdfType: replica
Format: lhagrid1
---
4.34963E-04 7.77181E-04 7.77181E-04 1.38865E-03 1.38865E-03 2.48120E-03 2.48120E-03 2.48120E-03 4.43334E-03 4.43334E-03 4.43334E-03 4.43334E-03 7.92137E-03 7.92137E-03 7.92137E-03 7.92137E-03 1.41537E-02 1.41537E-02 1.41537E-02 1.41537E-02 1.41537E-02 2.52895E-02 2.52895E-02 2.52895E-02 2.52895E-02 2.52895E-02 4.51866E-02 4.51866E-02 4.51866E-02 4.51866E-02 4.51866E-02 4.51866E-02 8.07383E-02 8.07383E-02 8.07383E-02 8.07383E-02 8.07383E-02 8.07383E-02 8.07383E-02 1.44261E-01 1.44261E-01 1.44261E-01 1.44261E-01 1.44261E-01 1.44261E-01 2.57762E-01 2.57762E-01 2.57762E-01 2.57762E-01 2.57762E-01 2.57762E-01 4.60562E-01 4.60562E-01 4.60562E-01 4.60562E-01 4.60562E-01 4.60562E-01 
1.58489E+00 1.58489E+00 2.51189E+00 1.58489E+00 2.51189E+00 1.58489E+00 2.51189E+00 3.98107E+00 1.58489E+00 2.51189E+00 3.98107E+00 6.30957E+00 1.58489E+00 2.51189E+00 3.98107E+00 6.30957E+00 1.58489E+00 2.51189E+00 3.98107E+00 6.30957E+00 9.99999E+00 1.58489E+00 2.51189E+00 3.98107E+00 6.30957E+00 9.99999E+00 1.58489E+00 2.51189E+00 3.98107E+00 6.30957E+00 9.99999E+00 1.58489E+01 1.58489E+00 2.51189E+00 3.98107E+00 6.30957E+00 9.99999E+00 1.58489E+01 2.51189E+01 2.51189E+00 3.98107E+00 6.30957E+00 9.99999E+00 1.58489E+01 2.51189E+01 3.98107E+00 6.30957E+00 9.99999E+00 1.58489E+01 2.51189E+01 3.98107E+01 6.30957E+00 9.99999E+00 1.58489E+01 2.51189E+01 3.98107E+01 6.30957E+01 
90000 
2.20240E-04 
2.19073E-04 
5.24931E-04 
2.17849E-04 
5.23524E-04 
2.16497E-04 
5.22594E-04 
1.28445E-03 
2.15046E-04 
5.21598E-04 
1.28376E-03 
3.23903E-03 
2.13608E-04 
5.20471E-04 
1.28350E-03 
3.23155E-03 
2.12317E-04 
5.19310E-04 
1.28319E-03 
3.21965E-03 
8.14165E-03 
2.10985E-04 
5.17577E-04 
1.28104E-03 
3.20135E-03 
8.08075E-03 
2.08047E-04 
5.11601E-04 
1.26767E-03 
3.15689E-03 
7.94566E-03 
2.00959E-02 
1.99920E-04 
4.92823E-04 
1.22236E-03 
3.03898E-03 
7.62530E-03 
1.92155E-02 
4.90469E-02 
4.57992E-04 
1.13872E-03 
2.83457E-03 
7.10200E-03 
1.78576E-02 
4.53359E-02 
1.05350E-03 
2.62953E-03 
6.58542E-03 
1.65379E-02 
4.18078E-02 
1.07649E-01 
2.43772E-03 
6.10132E-03 
1.53043E-02 
3.85547E-02 
9.82012E-02 
2.57861E-01 
---
