PdfType: replica
Format: lhagrid1
---
4.34963E-04 7.77181E-04 7.77181E-04 1.38865E-03 1.38865E-03 2.48120E-03 2.48120E-03 2.48120E-03 4.43334E-03 4.43334E-03 4.43334E-03 4.43334E-03 7.92137E-03 7.92137E-03 7.92137E-03 7.92137E-03 1.41537E-02 1.41537E-02 1.41537E-02 1.41537E-02 1.41537E-02 2.52895E-02 2.52895E-02 2.52895E-02 2.52895E-02 2.52895E-02 4.51866E-02 4.51866E-02 4.51866E-02 4.51866E-02 4.51866E-02 4.51866E-02 8.07383E-02 8.07383E-02 8.07383E-02 8.07383E-02 8.07383E-02 8.07383E-02 8.07383E-02 1.44261E-01 1.44261E-01 1.44261E-01 1.44261E-01 1.44261E-01 1.44261E-01 2.57762E-01 2.57762E-01 2.57762E-01 2.57762E-01 2.57762E-01 2.57762E-01 4.60562E-01 4.60562E-01 4.60562E-01 4.60562E-01 4.60562E-01 4.60562E-01 
1.58489E+00 1.58489E+00 2.51189E+00 1.58489E+00 2.51189E+00 1.58489E+00 2.51189E+00 3.98107E+00 1.58489E+00 2.51189E+00 3.98107E+00 6.30957E+00 1.58489E+00 2.51189E+00 3.98107E+00 6.30957E+00 1.58489E+00 2.51189E+00 3.98107E+00 6.30957E+00 9.99999E+00 1.58489E+00 2.51189E+00 3.98107E+00 6.30957E+00 9.99999E+00 1.58489E+00 2.51189E+00 3.98107E+00 6.30957E+00 9.99999E+00 1.58489E+01 1.58489E+00 2.51189E+00 3.98107E+00 6.30957E+00 9.99999E+00 1.58489E+01 2.51189E+01 2.51189E+00 3.98107E+00 6.30957E+00 9.99999E+00 1.58489E+01 2.51189E+01 3.98107E+00 6.30957E+00 9.99999E+00 1.58489E+01 2.51189E+01 3.98107E+01 6.30957E+00 9.99999E+00 1.58489E+01 2.51189E+01 3.98107E+01 6.30957E+01 
90000 
2.20153E-04 
2.18987E-04 
5.24641E-04 
2.17818E-04 
5.23322E-04 
2.16610E-04 
5.22658E-04 
1.28454E-03 
2.15423E-04 
5.22165E-04 
1.28483E-03 
3.24206E-03 
2.14355E-04 
5.21729E-04 
1.28588E-03 
3.23702E-03 
2.13402E-04 
5.21113E-04 
1.28651E-03 
3.22633E-03 
8.15694E-03 
2.11991E-04 
5.19018E-04 
1.28334E-03 
3.20482E-03 
8.08731E-03 
2.08157E-04 
5.11250E-04 
1.26616E-03 
3.15183E-03 
7.93187E-03 
2.00585E-02 
1.99039E-04 
4.90752E-04 
1.21732E-03 
3.02708E-03 
7.59476E-03 
1.91371E-02 
4.88440E-02 
4.55682E-04 
1.13255E-03 
2.81927E-03 
7.06220E-03 
1.77555E-02 
4.50755E-02 
1.04232E-03 
2.60014E-03 
6.51153E-03 
1.63518E-02 
4.13411E-02 
1.06499E-01 
2.37987E-03 
5.95330E-03 
1.49282E-02 
3.76076E-02 
9.58608E-02 
2.52381E-01 
---
