PdfType: replica
Format: lhagrid1
---
4.34963E-04 7.77181E-04 7.77181E-04 1.38865E-03 1.38865E-03 2.48120E-03 2.48120E-03 2.48120E-03 4.43334E-03 4.43334E-03 4.43334E-03 4.43334E-03 7.92137E-03 7.92137E-03 7.92137E-03 7.92137E-03 1.41537E-02 1.41537E-02 1.41537E-02 1.41537E-02 1.41537E-02 2.52895E-02 2.52895E-02 2.52895E-02 2.52895E-02 2.52895E-02 4.51866E-02 4.51866E-02 4.51866E-02 4.51866E-02 4.51866E-02 4.51866E-02 8.07383E-02 8.07383E-02 8.07383E-02 8.07383E-02 8.07383E-02 8.07383E-02 8.07383E-02 1.44261E-01 1.44261E-01 1.44261E-01 1.44261E-01 1.44261E-01 1.44261E-01 2.57762E-01 2.57762E-01 2.57762E-01 2.57762E-01 2.57762E-01 2.57762E-01 4.60562E-01 4.60562E-01 4.60562E-01 4.60562E-01 4.60562E-01 4.60562E-01 
1.58489E+00 1.58489E+00 2.51189E+00 1.58489E+00 2.51189E+00 1.58489E+00 2.51189E+00 3.98107E+00 1.58489E+00 2.51189E+00 3.98107E+00 6.30957E+00 1.58489E+00 2.51189E+00 3.98107E+00 6.30957E+00 1.58489E+00 2.51189E+00 3.98107E+00 6.30957E+00 9.99999E+00 1.58489E+00 2.51189E+00 3.98107E+00 6.30957E+00 9.99999E+00 1.58489E+00 2.51189E+00 3.98107E+00 6.30957E+00 9.99999E+00 1.58489E+01 1.58489E+00 2.51189E+00 3.98107E+00 6.30957E+00 9.99999E+00 1.58489E+01 2.51189E+01 2.51189E+00 3.98107E+00 6.30957E+00 9.99999E+00 1.58489E+01 2.51189E+01 3.98107E+00 6.30957E+00 9.99999E+00 1.58489E+01 2.51189E+01 3.98107E+01 6.30957E+00 9.99999E+00 1.58489E+01 2.51189E+01 3.98107E+01 6.30957E+01 
90000 
2.20894E-04 
2.19890E-04 
5.26044E-04 
2.18872E-04 
5.25048E-04 
2.17780E-04 
5.24687E-04 
1.28837E-03 
2.16662E-04 
5.24433E-04 
1.28927E-03 
3.25121E-03 
2.15639E-04 
5.24196E-04 
1.29092E-03 
3.24762E-03 
2.14775E-04 
5.23847E-04 
1.29227E-03 
3.23884E-03 
8.18511E-03 
2.13501E-04 
5.22052E-04 
1.28978E-03 
3.21912E-03 
8.11968E-03 
2.09465E-04 
5.13778E-04 
1.27133E-03 
3.16314E-03 
7.95694E-03 
2.01180E-02 
1.99306E-04 
4.91092E-04 
1.21781E-03 
3.02763E-03 
7.59636E-03 
1.91431E-02 
4.88711E-02 
4.55403E-04 
1.13267E-03 
2.82033E-03 
7.06785E-03 
1.77755E-02 
4.51399E-02 
1.04838E-03 
2.61612E-03 
6.55143E-03 
1.64520E-02 
4.15929E-02 
1.07127E-01 
2.41512E-03 
6.04473E-03 
1.51630E-02 
3.82033E-02 
9.73366E-02 
2.55797E-01 
---
