PdfType: replica
Format: lhagrid1
---
4.34963E-04 7.77181E-04 7.77181E-04 1.38865E-03 1.38865E-03 2.48120E-03 2.48120E-03 2.48120E-03 4.43334E-03 4.43334E-03 4.43334E-03 4.43334E-03 7.92137E-03 7.92137E-03 7.92137E-03 7.92137E-03 1.41537E-02 1.41537E-02 1.41537E-02 1.41537E-02 1.41537E-02 2.52895E-02 2.52895E-02 2.52895E-02 2.52895E-02 2.52895E-02 4.51866E-02 4.51866E-02 4.51866E-02 4.51866E-02 4.51866E-02 4.51866E-02 8.07383E-02 8.07383E-02 8.07383E-02 8.07383E-02 8.07383E-02 8.07383E-02 8.07383E-02 1.44261E-01 1.44261E-01 1.44261E-01 1.44261E-01 1.44261E-01 1.44261E-01 2.57762E-01 2.57762E-01 2.57762E-01 2.57762E-01 2.57762E-01 2.57762E-01 4.60562E-01 4.60562E-01 4.60562E-01 4.60562E-01 4.60562E-01 4.60562E-01 
1.58489E+00 1.58489E+00 2.51189E+00 1.58489E+00 2.51189E+00 1.58489E+00 2.51189E+00 3.98107E+00 1.58489E+00 2.51189E+00 3.98107E+00 6.30957E+00 1.58489E+00 2.51189E+00 3.98107E+00 6.30957E+00 1.58489E+00 2.51189E+00 3.98107E+00 6.30957E+00 9.99999E+00 1.58489E+00 2.51189E+00 3.98107E+00 6.30957E+00 9.99999E+00 1.58489E+00 2.51189E+00 3.98107E+00 6.30957E+00 9.99999E+00 1.58489E+01 1.58489E+00 2.51189E+00 3.98107E+00 6.30957E+00 9.99999E+00 1.58489E+01 2.51189E+01 2.51189E+00 3.98107E+00 6.30957E+00 9.99999E+00 1.58489E+01 2.51189E+01 3.98107E+00 6.30957E+00 9.99999E+00 1.58489E+01 2.51189E+01 3.98107E+01 6.30957E+00 9.99999E+00 1.58489E+01 2.51189E+01 3.98107E+01 6.30957E+01 
90000 
2.18811E-04 
2.17618E-04 
5.22159E-04 
2.16495E-04 
5.20969E-04 
2.15448E-04 
5.20634E-04 
1.28059E-03 
2.14605E-04 
5.20835E-04 
1.28243E-03 
3.23721E-03 
2.14186E-04 
5.21703E-04 
1.28629E-03 
3.23845E-03 
2.14334E-04 
5.23244E-04 
1.29145E-03 
3.23757E-03 
8.18341E-03 
2.14270E-04 
5.23618E-04 
1.29316E-03 
3.22642E-03 
8.13610E-03 
2.10595E-04 
5.15713E-04 
1.27486E-03 
3.16992E-03 
7.96978E-03 
2.01420E-02 
1.99015E-04 
4.89921E-04 
1.21430E-03 
3.01827E-03 
7.57187E-03 
1.90797E-02 
4.87045E-02 
4.52339E-04 
1.12582E-03 
2.80450E-03 
7.03157E-03 
1.76910E-02 
4.49399E-02 
1.04665E-03 
2.61230E-03 
6.54279E-03 
1.64324E-02 
4.15489E-02 
1.07039E-01 
2.41539E-03 
6.04607E-03 
1.51679E-02 
3.82201E-02 
9.73961E-02 
2.56038E-01 
---
