PdfType: replica
Format: lhagrid1
---
4.34963E-04 7.77181E-04 7.77181E-04 1.38865E-03 1.38865E-03 2.48120E-03 2.48120E-03 2.48120E-03 4.43334E-03 4.43334E-03 4.43334E-03 4.43334E-03 7.92137E-03 7.92137E-03 7.92137E-03 7.92137E-03 1.41537E-02 1.41537E-02 1.41537E-02 1.41537E-02 1.41537E-02 2.52895E-02 2.52895E-02 2.52895E-02 2.52895E-02 2.52895E-02 4.51866E-02 4.51866E-02 4.51866E-02 4.51866E-02 4.51866E-02 4.51866E-02 8.07383E-02 8.07383E-02 8.07383E-02 8.07383E-02 8.07383E-02 8.07383E-02 8.07383E-02 1.44261E-01 1.44261E-01 1.44261E-01 1.44261E-01 1.44261E-01 1.44261E-01 2.57762E-01 2.57762E-01 2.57762E-01 2.57762E-01 2.57762E-01 2.57762E-01 4.60562E-01 4.60562E-01 4.60562E-01 4.60562E-01 4.60562E-01 4.60562E-01 
1.58489E+00 1.58489E+00 2.51189E+00 1.58489E+00 2.51189E+00 1.58489E+00 2.51189E+00 3.98107E+00 1.58489E+00 2.51189E+00 3.98107E+00 6.30957E+00 1.58489E+00 2.51189E+00 3.98107E+00 6.30957E+00 1.58489E+00 2.51189E+00 3.98107E+00 6.30957E+00 9.99999E+00 1.58489E+00 2.51189E+00 3.98107E+00 6.30957E+00 9.99999E+00 1.58489E+00 2.51189E+00 3.98107E+00 6.30957E+00 9.99999E+00 1.58489E+01 1.58489E+00 2.51189E+00 3.98107E+00 6.30957E+00 9.99999E+00 1.58489E+01 2.51189E+01 2.51189E+00 3.98107E+00 6.30957E+00 9.99999E+00 1.58489E+01 2.51189E+01 3.98107E+00 6.30957E+00 9.99999E+00 1.58489E+01 2.51189E+01 3.98107E+01 6.30957E+00 9.99999E+00 1.58489E+01 2.51189E+01 3.98107E+01 6.30957E+01 
90000 
2.19189E-04 
2.17582E-04 
5.22039E-04 
2.15812E-04 
5.19621E-04 
2.13845E-04 
5.17493E-04 
1.27416E-03 
2.11805E-04 
5.15281E-04 
1.27087E-03 
3.21307E-03 
2.09961E-04 
5.13240E-04 
1.26854E-03 
3.20057E-03 
2.08659E-04 
5.11929E-04 
1.26774E-03 
3.18640E-03 
8.07038E-03 
2.07812E-04 
5.11107E-04 
1.26735E-03 
3.17107E-03 
8.01436E-03 
2.05547E-04 
5.06569E-04 
1.25692E-03 
3.13317E-03 
7.89149E-03 
1.99692E-02 
1.98230E-04 
4.89447E-04 
1.21502E-03 
3.02266E-03 
7.58698E-03 
1.91222E-02 
4.88017E-02 
4.56688E-04 
1.13525E-03 
2.82509E-03 
7.07766E-03 
1.77936E-02 
4.51600E-02 
1.04648E-03 
2.61235E-03 
6.54279E-03 
1.64322E-02 
4.15475E-02 
1.07026E-01 
2.41517E-03 
6.04181E-03 
1.51508E-02 
3.81673E-02 
9.72572E-02 
2.55773E-01 
---
