PdfType: replica
Format: lhagrid1
---
4.34963E-04 7.77181E-04 7.77181E-04 1.38865E-03 1.38865E-03 2.48120E-03 2.48120E-03 2.48120E-03 4.43334E-03 4.43334E-03 4.43334E-03 4.43334E-03 7.92137E-03 7.92137E-03 7.92137E-03 7.92137E-03 1.41537E-02 1.41537E-02 1.41537E-02 1.41537E-02 1.41537E-02 2.52895E-02 2.52895E-02 2.52895E-02 2.52895E-02 2.52895E-02 4.51866E-02 4.51866E-02 4.51866E-02 4.51866E-02 4.51866E-02 4.51866E-02 8.07383E-02 8.07383E-02 8.07383E-02 8.07383E-02 8.07383E-02 8.07383E-02 8.07383E-02 1.44261E-01 1.44261E-01 1.44261E-01 1.44261E-01 1.44261E-01 1.44261E-01 2.57762E-01 2.57762E-01 2.57762E-01 2.57762E-01 2.57762E-01 2.57762E-01 4.60562E-01 4.60562E-01 4.60562E-01 4.60562E-01 4.60562E-01 4.60562E-01 
1.58489E+00 1.58489E+00 2.51189E+00 1.58489E+00 2.51189E+00 1.58489E+00 2.51189E+00 3.98107E+00 1.58489E+00 2.51189E+00 3.98107E+00 6.30957E+00 1.58489E+00 2.51189E+00 3.98107E+00 6.30957E+00 1.58489E+00 2.51189E+00 3.98107E+00 6.30957E+00 9.99999E+00 1.58489E+00 2.51189E+00 3.98107E+00 6.30957E+00 9.99999E+00 1.58489E+00 2.51189E+00 3.98107E+00 6.30957E+00 9.99999E+00 1.58489E+01 1.58489E+00 2.51189E+00 3.98107E+00 6.30957E+00 9.99999E+00 1.58489E+01 2.51189E+01 2.51189E+00 3.98107E+00 6.30957E+00 9.99999E+00 1.58489E+01 2.51189E+01 3.98107E+00 6.30957E+00 9.99999E+00 1.58489E+01 2.51189E+01 3.98107E+01 6.30957E+00 9.99999E+00 1.58489E+01 2.51189E+01 3.98107E+01 6.30957E+01 
90000 
2.19914E-04 
2.18786E-04 
5.24253E-04 
2.17666E-04 
5.23056E-04 
2.16513E-04 
5.22534E-04 
1.28429E-03 
2.15394E-04 
5.22231E-04 
1.28510E-03 
3.24237E-03 
2.14455E-04 
5.22156E-04 
1.28712E-03 
3.23983E-03 
2.13840E-04 
5.22399E-04 
1.28986E-03 
3.23445E-03 
8.17634E-03 
2.13213E-04 
5.22083E-04 
1.29078E-03 
3.22274E-03 
8.13003E-03 
2.10490E-04 
5.16530E-04 
1.27830E-03 
3.18025E-03 
7.99862E-03 
2.02195E-02 
2.01575E-04 
4.96109E-04 
1.22923E-03 
3.05388E-03 
7.65753E-03 
1.92869E-02 
4.92112E-02 
4.58420E-04 
1.13908E-03 
2.83450E-03 
7.09936E-03 
1.78465E-02 
4.53006E-02 
1.05004E-03 
2.62060E-03 
6.56271E-03 
1.64805E-02 
4.16642E-02 
1.07303E-01 
2.42265E-03 
6.06211E-03 
1.52036E-02 
3.83001E-02 
9.75787E-02 
2.56483E-01 
---
