PdfType: replica
Format: lhagrid1
---
4.34963E-04 7.77181E-04 7.77181E-04 1.38865E-03 1.38865E-03 2.48120E-03 2.48120E-03 2.48120E-03 4.43334E-03 4.43334E-03 4.43334E-03 4.43334E-03 7.92137E-03 7.92137E-03 7.92137E-03 7.92137E-03 1.41537E-02 1.41537E-02 1.41537E-02 1.41537E-02 1.41537E-02 2.52895E-02 2.52895E-02 2.52895E-02 2.52895E-02 2.52895E-02 4.51866E-02 4.51866E-02 4.51866E-02 4.51866E-02 4.51866E-02 4.51866E-02 8.07383E-02 8.07383E-02 8.07383E-02 8.07383E-02 8.07383E-02 8.07383E-02 8.07383E-02 1.44261E-01 1.44261E-01 1.44261E-01 1.44261E-01 1.44261E-01 1.44261E-01 2.57762E-01 2.57762E-01 2.57762E-01 2.57762E-01 2.57762E-01 2.57762E-01 4.60562E-01 4.60562E-01 4.60562E-01 4.60562E-01 4.60562E-01 4.60562E-01 
1.58489E+00 1.58489E+00 2.51189E+00 1.58489E+00 2.51189E+00 1.58489E+00 2.51189E+00 3.98107E+00 1.58489E+00 2.51189E+00 3.98107E+00 6.30957E+00 1.58489E+00 2.51189E+00 3.98107E+00 6.30957E+00 1.58489E+00 2.51189E+00 3.98107E+00 6.30957E+00 9.99999E+00 1.58489E+00 2.51189E+00 3.98107E+00 6.30957E+00 9.99999E+00 1.58489E+00 2.51189E+00 3.98107E+00 6.30957E+00 9.99999E+00 1.58489E+01 1.58489E+00 2.51189E+00 3.98107E+00 6.30957E+00 9.99999E+00 1.58489E+01 2.51189E+01 2.51189E+00 3.98107E+00 6.30957E+00 9.99999E+00 1.58489E+01 2.51189E+01 3.98107E+00 6.30957E+00 9.99999E+00 1.58489E+01 2.51189E+01 3.98107E+01 6.30957E+00 9.99999E+00 1.58489E+01 2.51189E+01 3.98107E+01 6.30957E+01 
90000 
2.20453E-04 
2.19310E-04 
5.25167E-04 
2.18152E-04 
5.23927E-04 
2.16959E-04 
5.23392E-04 
1.28602E-03 
2.15856E-04 
5.23203E-04 
1.28715E-03 
3.24734E-03 
2.15125E-04 
5.23589E-04 
1.29020E-03 
3.24701E-03 
2.15081E-04 
5.24896E-04 
1.29512E-03 
3.24606E-03 
8.20268E-03 
2.15269E-04 
5.25901E-04 
1.29847E-03 
3.23892E-03 
8.16563E-03 
2.12406E-04 
5.19723E-04 
1.28408E-03 
3.19141E-03 
8.02042E-03 
2.02604E-02 
2.01393E-04 
4.95031E-04 
1.22566E-03 
3.04415E-03 
7.63098E-03 
1.92147E-02 
4.90047E-02 
4.54952E-04 
1.13090E-03 
2.81477E-03 
7.05237E-03 
1.77325E-02 
4.50156E-02 
1.04275E-03 
2.60182E-03 
6.51560E-03 
1.63619E-02 
4.13656E-02 
1.06553E-01 
2.39580E-03 
5.99457E-03 
1.50340E-02 
3.78759E-02 
9.65250E-02 
2.53919E-01 
---
