PdfType: replica
Format: lhagrid1
---
4.34963E-04 7.77181E-04 7.77181E-04 1.38865E-03 1.38865E-03 2.48120E-03 2.48120E-03 2.48120E-03 4.43334E-03 4.43334E-03 4.43334E-03 4.43334E-03 7.92137E-03 7.92137E-03 7.92137E-03 7.92137E-03 1.41537E-02 1.41537E-02 1.41537E-02 1.41537E-02 1.41537E-02 2.52895E-02 2.52895E-02 2.52895E-02 2.52895E-02 2.52895E-02 4.51866E-02 4.51866E-02 4.51866E-02 4.51866E-02 4.51866E-02 4.51866E-02 8.07383E-02 8.07383E-02 8.07383E-02 8.07383E-02 8.07383E-02 8.07383E-02 8.07383E-02 1.44261E-01 1.44261E-01 1.44261E-01 1.44261E-01 1.44261E-01 1.44261E-01 2.57762E-01 2.57762E-01 2.57762E-01 2.57762E-01 2.57762E-01 2.57762E-01 4.60562E-01 4.60562E-01 4.60562E-01 4.60562E-01 4.60562E-01 4.60562E-01 
1.58489E+00 1.58489E+00 2.51189E+00 1.58489E+00 2.51189E+00 1.58489E+00 2.51189E+00 3.98107E+00 1.58489E+00 2.51189E+00 3.98107E+00 6.30957E+00 1.58489E+00 2.51189E+00 3.98107E+00 6.30957E+00 1.58489E+00 2.51189E+00 3.98107E+00 6.30957E+00 9.99999E+00 1.58489E+00 2.51189E+00 3.98107E+00 6.30957E+00 9.99999E+00 1.58489E+00 2.51189E+00 3.98107E+00 6.30957E+00 9.99999E+00 1.58489E+01 1.58489E+00 2.51189E+00 3.98107E+00 6.30957E+00 9.99999E+00 1.58489E+01 2.51189E+01 2.51189E+00 3.98107E+00 6.30957E+00 9.99999E+00 1.58489E+01 2.51189E+01 3.98107E+00 6.30957E+00 9.99999E+00 1.58489E+01 2.51189E+01 3.98107E+01 6.30957E+00 9.99999E+00 1.58489E+01 2.51189E+01 3.98107E+01 6.30957E+01 
90000 
2.20556E-04 
2.19336E-04 
5.25181E-04 
2.18020E-04 
5.23667E-04 
2.16557E-04 
5.22625E-04 
1.28450E-03 
2.15042E-04 
5.21607E-04 
1.28385E-03 
3.24056E-03 
2.13729E-04 
5.20794E-04 
1.28434E-03 
3.23446E-03 
2.12987E-04 
5.20716E-04 
1.28638E-03 
3.22710E-03 
8.16183E-03 
2.12707E-04 
5.20959E-04 
1.28832E-03 
3.21702E-03 
8.11820E-03 
2.10337E-04 
5.15921E-04 
1.27654E-03 
3.17533E-03 
7.98602E-03 
2.01877E-02 
2.00675E-04 
4.93882E-04 
1.22387E-03 
3.04071E-03 
7.62557E-03 
1.92076E-02 
4.90019E-02 
4.56190E-04 
1.13484E-03 
2.82591E-03 
7.08158E-03 
1.78080E-02 
4.52076E-02 
1.05491E-03 
2.63383E-03 
6.59637E-03 
1.65661E-02 
4.18803E-02 
1.07836E-01 
2.45044E-03 
6.13447E-03 
1.53902E-02 
3.87766E-02 
9.87742E-02 
2.59348E-01 
---
