PdfType: replica
Format: lhagrid1
---
4.34963E-04 7.77181E-04 7.77181E-04 1.38865E-03 1.38865E-03 2.48120E-03 2.48120E-03 2.48120E-03 4.43334E-03 4.43334E-03 4.43334E-03 4.43334E-03 7.92137E-03 7.92137E-03 7.92137E-03 7.92137E-03 1.41537E-02 1.41537E-02 1.41537E-02 1.41537E-02 1.41537E-02 2.52895E-02 2.52895E-02 2.52895E-02 2.52895E-02 2.52895E-02 4.51866E-02 4.51866E-02 4.51866E-02 4.51866E-02 4.51866E-02 4.51866E-02 8.07383E-02 8.07383E-02 8.07383E-02 8.07383E-02 8.07383E-02 8.07383E-02 8.07383E-02 1.44261E-01 1.44261E-01 1.44261E-01 1.44261E-01 1.44261E-01 1.44261E-01 2.57762E-01 2.57762E-01 2.57762E-01 2.57762E-01 2.57762E-01 2.57762E-01 4.60562E-01 4.60562E-01 4.60562E-01 4.60562E-01 4.60562E-01 4.60562E-01 
1.58489E+00 1.58489E+00 2.51189E+00 1.58489E+00 2.51189E+00 1.58489E+00 2.51189E+00 3.98107E+00 1.58489E+00 2.51189E+00 3.98107E+00 6.30957E+00 1.58489E+00 2.51189E+00 3.98107E+00 6.30957E+00 1.58489E+00 2.51189E+00 3.98107E+00 6.30957E+00 9.99999E+00 1.58489E+00 2.51189E+00 3.98107E+00 6.30957E+00 9.99999E+00 1.58489E+00 2.51189E+00 3.98107E+00 6.30957E+00 9.99999E+00 1.58489E+01 1.58489E+00 2.51189E+00 3.98107E+00 6.30957E+00 9.99999E+00 1.58489E+01 2.51189E+01 2.51189E+00 3.98107E+00 6.30957E+00 9.99999E+00 1.58489E+01 2.51189E+01 3.98107E+00 6.30957E+00 9.99999E+00 1.58489E+01 2.51189E+01 3.98107E+01 6.30957E+00 9.99999E+00 1.58489E+01 2.51189E+01 3.98107E+01 6.30957E+01 
90000 
2.19686E-04 
2.18478E-04 
5.23598E-04 
2.17250E-04 
5.22131E-04 
2.15924E-04 
5.21192E-04 
1.28151E-03 
2.14494E-04 
5.20180E-04 
1.28063E-03 
3.23323E-03 
2.12982E-04 
5.18877E-04 
1.27986E-03 
3.22428E-03 
2.11414E-04 
5.17198E-04 
1.27842E-03 
3.20945E-03 
8.12031E-03 
2.09691E-04 
5.14830E-04 
1.27512E-03 
3.18830E-03 
8.05281E-03 
2.06942E-04 
5.09549E-04 
1.26378E-03 
3.14862E-03 
7.92971E-03 
2.00635E-02 
2.00299E-04 
4.94086E-04 
1.22591E-03 
3.04810E-03 
7.64809E-03 
1.92710E-02 
4.91778E-02 
4.60723E-04 
1.14430E-03 
2.84698E-03 
7.12772E-03 
1.79114E-02 
4.54457E-02 
1.05074E-03 
2.62171E-03 
6.56501E-03 
1.64847E-02 
4.16679E-02 
1.07274E-01 
2.41168E-03 
6.03250E-03 
1.51249E-02 
3.80935E-02 
9.70422E-02 
2.55115E-01 
---
