PdfType: replica
Format: lhagrid1
---
4.34963E-04 7.77181E-04 7.77181E-04 1.38865E-03 1.38865E-03 2.48120E-03 2.48120E-03 2.48120E-03 4.43334E-03 4.43334E-03 4.43334E-03 4.43334E-03 7.92137E-03 7.92137E-03 7.92137E-03 7.92137E-03 1.41537E-02 1.41537E-02 1.41537E-02 1.41537E-02 1.41537E-02 2.52895E-02 2.52895E-02 2.52895E-02 2.52895E-02 2.52895E-02 4.51866E-02 4.51866E-02 4.51866E-02 4.51866E-02 4.51866E-02 4.51866E-02 8.07383E-02 8.07383E-02 8.07383E-02 8.07383E-02 8.07383E-02 8.07383E-02 8.07383E-02 1.44261E-01 1.44261E-01 1.44261E-01 1.44261E-01 1.44261E-01 1.44261E-01 2.57762E-01 2.57762E-01 2.57762E-01 2.57762E-01 2.57762E-01 2.57762E-01 4.60562E-01 4.60562E-01 4.60562E-01 4.60562E-01 4.60562E-01 4.60562E-01 
1.58489E+00 1.58489E+00 2.51189E+00 1.58489E+00 2.51189E+00 1.58489E+00 2.51189E+00 3.98107E+00 1.58489E+00 2.51189E+00 3.98107E+00 6.30957E+00 1.58489E+00 2.51189E+00 3.98107E+00 6.30957E+00 1.58489E+00 2.51189E+00 3.98107E+00 6.30957E+00 9.99999E+00 1.58489E+00 2.51189E+00 3.98107E+00 6.30957E+00 9.99999E+00 1.58489E+00 2.51189E+00 3.98107E+00 6.30957E+00 9.99999E+00 1.58489E+01 1.58489E+00 2.51189E+00 3.98107E+00 6.30957E+00 9.99999E+00 1.58489E+01 2.51189E+01 2.51189E+00 3.98107E+00 6.30957E+00 9.99999E+00 1.58489E+01 2.51189E+01 3.98107E+00 6.30957E+00 9.99999E+00 1.58489E+01 2.51189E+01 3.98107E+01 6.30957E+00 9.99999E+00 1.58489E+01 2.51189E+01 3.98107E+01 6.30957E+01 
90000 
2.19637E-04 
2.18401E-04 
5.23385E-04 
2.17186E-04 
5.22038E-04 
2.15974E-04 
5.21424E-04 
1.28211E-03 
2.14857E-04 
5.21133E-04 
1.28294E-03 
3.23796E-03 
2.13995E-04 
5.21206E-04 
1.28524E-03 
3.23568E-03 
2.13503E-04 
5.21694E-04 
1.28846E-03 
3.23108E-03 
8.17017E-03 
2.12948E-04 
5.21536E-04 
1.28965E-03 
3.22002E-03 
8.12396E-03 
2.10075E-04 
5.15674E-04 
1.27635E-03 
3.17602E-03 
7.98773E-03 
2.01933E-02 
2.00795E-04 
4.94413E-04 
1.22525E-03 
3.04530E-03 
7.63641E-03 
1.92358E-02 
4.90913E-02 
4.56699E-04 
1.13514E-03 
2.82564E-03 
7.07945E-03 
1.78018E-02 
4.52008E-02 
1.04711E-03 
2.61319E-03 
6.54598E-03 
1.64421E-02 
4.15768E-02 
1.07118E-01 
2.41611E-03 
6.04749E-03 
1.51706E-02 
3.82266E-02 
9.74235E-02 
2.56227E-01 
---
