PdfType: replica
Format: lhagrid1
---
4.34963E-04 7.77181E-04 7.77181E-04 1.38865E-03 1.38865E-03 2.48120E-03 2.48120E-03 2.48120E-03 4.43334E-03 4.43334E-03 4.43334E-03 4.43334E-03 7.92137E-03 7.92137E-03 7.92137E-03 7.92137E-03 1.41537E-02 1.41537E-02 1.41537E-02 1.41537E-02 1.41537E-02 2.52895E-02 2.52895E-02 2.52895E-02 2.52895E-02 2.52895E-02 4.51866E-02 4.51866E-02 4.51866E-02 4.51866E-02 4.51866E-02 4.51866E-02 8.07383E-02 8.07383E-02 8.07383E-02 8.07383E-02 8.07383E-02 8.07383E-02 8.07383E-02 1.44261E-01 1.44261E-01 1.44261E-01 1.44261E-01 1.44261E-01 1.44261E-01 2.57762E-01 2.57762E-01 2.57762E-01 2.57762E-01 2.57762E-01 2.57762E-01 4.60562E-01 4.60562E-01 4.60562E-01 4.60562E-01 4.60562E-01 4.60562E-01 
1.58489E+00 1.58489E+00 2.51189E+00 1.58489E+00 2.51189E+00 1.58489E+00 2.51189E+00 3.98107E+00 1.58489E+00 2.51189E+00 3.98107E+00 6.30957E+00 1.58489E+00 2.51189E+00 3.98107E+00 6.30957E+00 1.58489E+00 2.51189E+00 3.98107E+00 6.30957E+00 9.99999E+00 1.58489E+00 2.51189E+00 3.98107E+00 6.30957E+00 9.99999E+00 1.58489E+00 2.51189E+00 3.98107E+00 6.30957E+00 9.99999E+00 1.58489E+01 1.58489E+00 2.51189E+00 3.98107E+00 6.30957E+00 9.99999E+00 1.58489E+01 2.51189E+01 2.51189E+00 3.98107E+00 6.30957E+00 9.99999E+00 1.58489E+01 2.51189E+01 3.98107E+00 6.30957E+00 9.99999E+00 1.58489E+01 2.51189E+01 3.98107E+01 6.30957E+00 9.99999E+00 1.58489E+01 2.51189E+01 3.98107E+01 6.30957E+01 
90000 
2.20116E-04 
2.19009E-04 
5.24480E-04 
2.17908E-04 
5.23310E-04 
2.16774E-04 
5.22815E-04 
1.28454E-03 
2.15676E-04 
5.22528E-04 
1.28535E-03 
3.24231E-03 
2.14735E-04 
5.22390E-04 
1.28714E-03 
3.23919E-03 
2.13985E-04 
5.22224E-04 
1.28880E-03 
3.23099E-03 
8.16612E-03 
2.12809E-04 
5.20605E-04 
1.28666E-03 
3.21183E-03 
8.10257E-03 
2.08909E-04 
5.12644E-04 
1.26897E-03 
3.15763E-03 
7.94444E-03 
2.00869E-02 
1.99095E-04 
4.90757E-04 
1.21724E-03 
3.02668E-03 
7.59404E-03 
1.91369E-02 
4.88520E-02 
4.55525E-04 
1.13287E-03 
2.82119E-03 
7.06941E-03 
1.77787E-02 
4.51457E-02 
1.04870E-03 
2.61733E-03 
6.55600E-03 
1.64661E-02 
4.16309E-02 
1.07211E-01 
2.41911E-03 
6.05448E-03 
1.51867E-02 
3.82614E-02 
9.74799E-02 
2.56164E-01 
---
