PdfType: replica
Format: lhagrid1
---
4.34963E-04 7.77181E-04 7.77181E-04 1.38865E-03 1.38865E-03 2.48120E-03 2.48120E-03 2.48120E-03 4.43334E-03 4.43334E-03 4.43334E-03 4.43334E-03 7.92137E-03 7.92137E-03 7.92137E-03 7.92137E-03 1.41537E-02 1.41537E-02 1.41537E-02 1.41537E-02 1.41537E-02 2.52895E-02 2.52895E-02 2.52895E-02 2.52895E-02 2.52895E-02 4.51866E-02 4.51866E-02 4.51866E-02 4.51866E-02 4.51866E-02 4.51866E-02 8.07383E-02 8.07383E-02 8.07383E-02 8.07383E-02 8.07383E-02 8.07383E-02 8.07383E-02 1.44261E-01 1.44261E-01 1.44261E-01 1.44261E-01 1.44261E-01 1.44261E-01 2.57762E-01 2.57762E-01 2.57762E-01 2.57762E-01 2.57762E-01 2.57762E-01 4.60562E-01 4.60562E-01 4.60562E-01 4.60562E-01 4.60562E-01 4.60562E-01 
1.58489E+00 1.58489E+00 2.51189E+00 1.58489E+00 2.51189E+00 1.58489E+00 2.51189E+00 3.98107E+00 1.58489E+00 2.51189E+00 3.98107E+00 6.30957E+00 1.58489E+00 2.51189E+00 3.98107E+00 6.30957E+00 1.58489E+00 2.51189E+00 3.98107E+00 6.30957E+00 9.99999E+00 1.58489E+00 2.51189E+00 3.98107E+00 6.30957E+00 9.99999E+00 1.58489E+00 2.51189E+00 3.98107E+00 6.30957E+00 9.99999E+00 1.58489E+01 1.58489E+00 2.51189E+00 3.98107E+00 6.30957E+00 9.99999E+00 1.58489E+01 2.51189E+01 2.51189E+00 3.98107E+00 6.30957E+00 9.99999E+00 1.58489E+01 2.51189E+01 3.98107E+00 6.30957E+00 9.99999E+00 1.58489E+01 2.51189E+01 3.98107E+01 6.30957E+00 9.99999E+00 1.58489E+01 2.51189E+01 3.98107E+01 6.30957E+01 
90000 
2.20512E-04 
2.19272E-04 
5.24920E-04 
2.17917E-04 
5.23299E-04 
2.16380E-04 
5.22060E-04 
1.28311E-03 
2.14729E-04 
5.20717E-04 
1.28174E-03 
3.23552E-03 
2.13186E-04 
5.19427E-04 
1.28122E-03 
3.22738E-03 
2.12111E-04 
5.18778E-04 
1.28215E-03 
3.21793E-03 
8.14169E-03 
2.11535E-04 
5.18658E-04 
1.28351E-03 
3.20708E-03 
8.09643E-03 
2.09332E-04 
5.14080E-04 
1.27277E-03 
3.16778E-03 
7.96971E-03 
2.01527E-02 
2.00387E-04 
4.93288E-04 
1.22250E-03 
3.03761E-03 
7.61918E-03 
1.91952E-02 
4.89864E-02 
4.55564E-04 
1.13306E-03 
2.82084E-03 
7.06933E-03 
1.77791E-02 
4.51477E-02 
1.05110E-03 
2.62396E-03 
6.57152E-03 
1.65041E-02 
4.17311E-02 
1.07519E-01 
2.43078E-03 
6.08275E-03 
1.52562E-02 
3.84349E-02 
9.79274E-02 
2.57408E-01 
---
