PdfType: replica
Format: lhagrid1
---
4.34963E-04 7.77181E-04 7.77181E-04 1.38865E-03 1.38865E-03 2.48120E-03 2.48120E-03 2.48120E-03 4.43334E-03 4.43334E-03 4.43334E-03 4.43334E-03 7.92137E-03 7.92137E-03 7.92137E-03 7.92137E-03 1.41537E-02 1.41537E-02 1.41537E-02 1.41537E-02 1.41537E-02 2.52895E-02 2.52895E-02 2.52895E-02 2.52895E-02 2.52895E-02 4.51866E-02 4.51866E-02 4.51866E-02 4.51866E-02 4.51866E-02 4.51866E-02 8.07383E-02 8.07383E-02 8.07383E-02 8.07383E-02 8.07383E-02 8.07383E-02 8.07383E-02 1.44261E-01 1.44261E-01 1.44261E-01 1.44261E-01 1.44261E-01 1.44261E-01 2.57762E-01 2.57762E-01 2.57762E-01 2.57762E-01 2.57762E-01 2.57762E-01 4.60562E-01 4.60562E-01 4.60562E-01 4.60562E-01 4.60562E-01 4.60562E-01 
1.58489E+00 1.58489E+00 2.51189E+00 1.58489E+00 2.51189E+00 1.58489E+00 2.51189E+00 3.98107E+00 1.58489E+00 2.51189E+00 3.98107E+00 6.30957E+00 1.58489E+00 2.51189E+00 3.98107E+00 6.30957E+00 1.58489E+00 2.51189E+00 3.98107E+00 6.30957E+00 9.99999E+00 1.58489E+00 2.51189E+00 3.98107E+00 6.30957E+00 9.99999E+00 1.58489E+00 2.51189E+00 3.98107E+00 6.30957E+00 9.99999E+00 1.58489E+01 1.58489E+00 2.51189E+00 3.98107E+00 6.30957E+00 9.99999E+00 1.58489E+01 2.51189E+01 2.51189E+00 3.98107E+00 6.30957E+00 9.99999E+00 1.58489E+01 2.51189E+01 3.98107E+00 6.30957E+00 9.99999E+00 1.58489E+01 2.51189E+01 3.98107E+01 6.30957E+00 9.99999E+00 1.58489E+01 2.51189E+01 3.98107E+01 6.30957E+01 
90000 
2.19246E-04 
2.17788E-04 
5.22301E-04 
2.16267E-04 
5.20349E-04 
2.14676E-04 
5.18968E-04 
1.27700E-03 
2.13168E-04 
5.17877E-04 
1.27619E-03 
3.22324E-03 
2.12041E-04 
5.17391E-04 
1.27729E-03 
3.21868E-03 
2.11591E-04 
5.17861E-04 
1.28028E-03 
3.21326E-03 
8.12852E-03 
2.11325E-04 
5.17983E-04 
1.28155E-03 
3.20132E-03 
8.07966E-03 
2.08286E-04 
5.11397E-04 
1.26611E-03 
3.15138E-03 
7.92859E-03 
2.00466E-02 
1.98206E-04 
4.88601E-04 
1.21193E-03 
3.01412E-03 
7.56334E-03 
1.90610E-02 
4.86563E-02 
4.53158E-04 
1.12750E-03 
2.80836E-03 
7.03969E-03 
1.77077E-02 
4.49682E-02 
1.04403E-03 
2.60465E-03 
6.52284E-03 
1.63800E-02 
4.14089E-02 
1.06645E-01 
2.39647E-03 
5.99753E-03 
1.50438E-02 
3.79043E-02 
9.65965E-02 
2.54041E-01 
---
