PdfType: replica
Format: lhagrid1
---
4.34963E-04 7.77181E-04 7.77181E-04 1.38865E-03 1.38865E-03 2.48120E-03 2.48120E-03 2.48120E-03 4.43334E-03 4.43334E-03 4.43334E-03 4.43334E-03 7.92137E-03 7.92137E-03 7.92137E-03 7.92137E-03 1.41537E-02 1.41537E-02 1.41537E-02 1.41537E-02 1.41537E-02 2.52895E-02 2.52895E-02 2.52895E-02 2.52895E-02 2.52895E-02 4.51866E-02 4.51866E-02 4.51866E-02 4.51866E-02 4.51866E-02 4.51866E-02 8.07383E-02 8.07383E-02 8.07383E-02 8.07383E-02 8.07383E-02 8.07383E-02 8.07383E-02 1.44261E-01 1.44261E-01 1.44261E-01 1.44261E-01 1.44261E-01 1.44261E-01 2.57762E-01 2.57762E-01 2.57762E-01 2.57762E-01 2.57762E-01 2.57762E-01 4.60562E-01 4.60562E-01 4.60562E-01 4.60562E-01 4.60562E-01 4.60562E-01 
1.58489E+00 1.58489E+00 2.51189E+00 1.58489E+00 2.51189E+00 1.58489E+00 2.51189E+00 3.98107E+00 1.58489E+00 2.51189E+00 3.98107E+00 6.30957E+00 1.58489E+00 2.51189E+00 3.98107E+00 6.30957E+00 1.58489E+00 2.51189E+00 3.98107E+00 6.30957E+00 9.99999E+00 1.58489E+00 2.51189E+00 3.98107E+00 6.30957E+00 9.99999E+00 1.58489E+00 2.51189E+00 3.98107E+00 6.30957E+00 9.99999E+00 1.58489E+01 1.58489E+00 2.51189E+00 3.98107E+00 6.30957E+00 9.99999E+00 1.58489E+01 2.51189E+01 2.51189E+00 3.98107E+00 6.30957E+00 9.99999E+00 1.58489E+01 2.51189E+01 3.98107E+00 6.30957E+00 9.99999E+00 1.58489E+01 2.51189E+01 3.98107E+01 6.30957E+00 9.99999E+00 1.58489E+01 2.51189E+01 3.98107E+01 6.30957E+01 
90000 
2.20726E-04 
2.19515E-04 
5.25589E-04 
2.18199E-04 
5.24032E-04 
2.16729E-04 
5.22923E-04 
1.28495E-03 
2.15206E-04 
5.21860E-04 
1.28425E-03 
3.24039E-03 
2.13884E-04 
5.21061E-04 
1.28482E-03 
3.23501E-03 
2.13079E-04 
5.20917E-04 
1.28672E-03 
3.22782E-03 
8.16158E-03 
2.12507E-04 
5.20543E-04 
1.28720E-03 
3.21458E-03 
8.11100E-03 
2.09592E-04 
5.14244E-04 
1.27256E-03 
3.16624E-03 
7.96478E-03 
2.01396E-02 
1.99772E-04 
4.91898E-04 
1.21930E-03 
3.03028E-03 
7.60190E-03 
1.91562E-02 
4.89131E-02 
4.54950E-04 
1.13132E-03 
2.81647E-03 
7.05746E-03 
1.77486E-02 
4.50753E-02 
1.04488E-03 
2.60748E-03 
6.52986E-03 
1.63990E-02 
4.14652E-02 
1.06837E-01 
2.41484E-03 
6.04642E-03 
1.51722E-02 
3.82379E-02 
9.74543E-02 
2.56203E-01 
---
