PdfType: replica
Format: lhagrid1
---
4.34963E-04 7.77181E-04 7.77181E-04 1.38865E-03 1.38865E-03 2.48120E-03 2.48120E-03 2.48120E-03 4.43334E-03 4.43334E-03 4.43334E-03 4.43334E-03 7.92137E-03 7.92137E-03 7.92137E-03 7.92137E-03 1.41537E-02 1.41537E-02 1.41537E-02 1.41537E-02 1.41537E-02 2.52895E-02 2.52895E-02 2.52895E-02 2.52895E-02 2.52895E-02 4.51866E-02 4.51866E-02 4.51866E-02 4.51866E-02 4.51866E-02 4.51866E-02 8.07383E-02 8.07383E-02 8.07383E-02 8.07383E-02 8.07383E-02 8.07383E-02 8.07383E-02 1.44261E-01 1.44261E-01 1.44261E-01 1.44261E-01 1.44261E-01 1.44261E-01 2.57762E-01 2.57762E-01 2.57762E-01 2.57762E-01 2.57762E-01 2.57762E-01 4.60562E-01 4.60562E-01 4.60562E-01 4.60562E-01 4.60562E-01 4.60562E-01 
1.58489E+00 1.58489E+00 2.51189E+00 1.58489E+00 2.51189E+00 1.58489E+00 2.51189E+00 3.98107E+00 1.58489E+00 2.51189E+00 3.98107E+00 6.30957E+00 1.58489E+00 2.51189E+00 3.98107E+00 6.30957E+00 1.58489E+00 2.51189E+00 3.98107E+00 6.30957E+00 9.99999E+00 1.58489E+00 2.51189E+00 3.98107E+00 6.30957E+00 9.99999E+00 1.58489E+00 2.51189E+00 3.98107E+00 6.30957E+00 9.99999E+00 1.58489E+01 1.58489E+00 2.51189E+00 3.98107E+00 6.30957E+00 9.99999E+00 1.58489E+01 2.51189E+01 2.51189E+00 3.98107E+00 6.30957E+00 9.99999E+00 1.58489E+01 2.51189E+01 3.98107E+00 6.30957E+00 9.99999E+00 1.58489E+01 2.51189E+01 3.98107E+01 6.30957E+00 9.99999E+00 1.58489E+01 2.51189E+01 3.98107E+01 6.30957E+01 
90000 
2.20038E-04 
2.18842E-04 
5.23965E-04 
2.17614E-04 
5.22556E-04 
2.16291E-04 
5.21709E-04 
1.28238E-03 
2.14916E-04 
5.20921E-04 
1.28216E-03 
3.23571E-03 
2.13622E-04 
5.20197E-04 
1.28282E-03 
3.23010E-03 
2.12574E-04 
5.19689E-04 
1.28400E-03 
3.22135E-03 
8.14775E-03 
2.11538E-04 
5.18638E-04 
1.28322E-03 
3.20592E-03 
8.09122E-03 
2.08543E-04 
5.12339E-04 
1.26866E-03 
3.15810E-03 
7.94551E-03 
2.00912E-02 
1.99392E-04 
4.91067E-04 
1.21725E-03 
3.02542E-03 
7.58889E-03 
1.91194E-02 
4.87935E-02 
4.53404E-04 
1.12713E-03 
2.80567E-03 
7.03000E-03 
1.76777E-02 
4.48816E-02 
1.03886E-03 
2.59352E-03 
6.49792E-03 
1.63242E-02 
4.12831E-02 
1.06349E-01 
2.41909E-03 
6.06025E-03 
1.52127E-02 
3.83491E-02 
9.77379E-02 
2.56808E-01 
---
