PdfType: replica
Format: lhagrid1
---
4.34963E-04 7.77181E-04 7.77181E-04 1.38865E-03 1.38865E-03 2.48120E-03 2.48120E-03 2.48120E-03 4.43334E-03 4.43334E-03 4.43334E-03 4.43334E-03 7.92137E-03 7.92137E-03 7.92137E-03 7.92137E-03 1.41537E-02 1.41537E-02 1.41537E-02 1.41537E-02 1.41537E-02 2.52895E-02 2.52895E-02 2.52895E-02 2.52895E-02 2.52895E-02 4.51866E-02 4.51866E-02 4.51866E-02 4.51866E-02 4.51866E-02 4.51866E-02 8.07383E-02 8.07383E-02 8.07383E-02 8.07383E-02 8.07383E-02 8.07383E-02 8.07383E-02 1.44261E-01 1.44261E-01 1.44261E-01 1.44261E-01 1.44261E-01 1.44261E-01 2.57762E-01 2.57762E-01 2.57762E-01 2.57762E-01 2.57762E-01 2.57762E-01 4.60562E-01 4.60562E-01 4.60562E-01 4.60562E-01 4.60562E-01 4.60562E-01 
1.58489E+00 1.58489E+00 2.51189E+00 1.58489E+00 2.51189E+00 1.58489E+00 2.51189E+00 3.98107E+00 1.58489E+00 2.51189E+00 3.98107E+00 6.30957E+00 1.58489E+00 2.51189E+00 3.98107E+00 6.30957E+00 1.58489E+00 2.51189E+00 3.98107E+00 6.30957E+00 9.99999E+00 1.58489E+00 2.51189E+00 3.98107E+00 6.30957E+00 9.99999E+00 1.58489E+00 2.51189E+00 3.98107E+00 6.30957E+00 9.99999E+00 1.58489E+01 1.58489E+00 2.51189E+00 3.98107E+00 6.30957E+00 9.99999E+00 1.58489E+01 2.51189E+01 2.51189E+00 3.98107E+00 6.30957E+00 9.99999E+00 1.58489E+01 2.51189E+01 3.98107E+00 6.30957E+00 9.99999E+00 1.58489E+01 2.51189E+01 3.98107E+01 6.30957E+00 9.99999E+00 1.58489E+01 2.51189E+01 3.98107E+01 6.30957E+01 
90000 
2.20411E-04 
2.19274E-04 
5.25003E-04 
2.18105E-04 
5.23688E-04 
2.16849E-04 
5.22951E-04 
1.28486E-03 
2.15554E-04 
5.22283E-04 
1.28485E-03 
3.24196E-03 
2.14349E-04 
5.21630E-04 
1.28554E-03 
3.23646E-03 
2.13346E-04 
5.20993E-04 
1.28624E-03 
3.22626E-03 
8.15679E-03 
2.12169E-04 
5.19424E-04 
1.28423E-03 
3.20735E-03 
8.09358E-03 
2.08772E-04 
5.12372E-04 
1.26828E-03 
3.15622E-03 
7.94157E-03 
2.00809E-02 
1.99340E-04 
4.90863E-04 
1.21676E-03 
3.02387E-03 
7.58599E-03 
1.91139E-02 
4.87848E-02 
4.53278E-04 
1.12694E-03 
2.80526E-03 
7.02929E-03 
1.76771E-02 
4.48868E-02 
1.04068E-03 
2.59826E-03 
6.50924E-03 
1.63516E-02 
4.13523E-02 
1.06548E-01 
2.41351E-03 
6.04039E-03 
1.51515E-02 
3.81752E-02 
9.72830E-02 
2.55821E-01 
---
