PdfType: replica
Format: lhagrid1
---
4.34963E-04 7.77181E-04 7.77181E-04 1.38865E-03 1.38865E-03 2.48120E-03 2.48120E-03 2.48120E-03 4.43334E-03 4.43334E-03 4.43334E-03 4.43334E-03 7.92137E-03 7.92137E-03 7.92137E-03 7.92137E-03 1.41537E-02 1.41537E-02 1.41537E-02 1.41537E-02 1.41537E-02 2.52895E-02 2.52895E-02 2.52895E-02 2.52895E-02 2.52895E-02 4.51866E-02 4.51866E-02 4.51866E-02 4.51866E-02 4.51866E-02 4.51866E-02 8.07383E-02 8.07383E-02 8.07383E-02 8.07383E-02 8.07383E-02 8.07383E-02 8.07383E-02 1.44261E-01 1.44261E-01 1.44261E-01 1.44261E-01 1.44261E-01 1.44261E-01 2.57762E-01 2.57762E-01 2.57762E-01 2.57762E-01 2.57762E-01 2.57762E-01 4.60562E-01 4.60562E-01 4.60562E-01 4.60562E-01 4.60562E-01 4.60562E-01 
1.58489E+00 1.58489E+00 2.51189E+00 1.58489E+00 2.51189E+00 1.58489E+00 2.51189E+00 3.98107E+00 1.58489E+00 2.51189E+00 3.98107E+00 6.30957E+00 1.58489E+00 2.51189E+00 3.98107E+00 6.30957E+00 1.58489E+00 2.51189E+00 3.98107E+00 6.30957E+00 9.99999E+00 1.58489E+00 2.51189E+00 3.98107E+00 6.30957E+00 9.99999E+00 1.58489E+00 2.51189E+00 3.98107E+00 6.30957E+00 9.99999E+00 1.58489E+01 1.58489E+00 2.51189E+00 3.98107E+00 6.30957E+00 9.99999E+00 1.58489E+01 2.51189E+01 2.51189E+00 3.98107E+00 6.30957E+00 9.99999E+00 1.58489E+01 2.51189E+01 3.98107E+00 6.30957E+00 9.99999E+00 1.58489E+01 2.51189E+01 3.98107E+01 6.30957E+00 9.99999E+00 1.58489E+01 2.51189E+01 3.98107E+01 6.30957E+01 
90000 
2.19934E-04 
2.18756E-04 
5.24261E-04 
2.17532E-04 
5.22801E-04 
2.16167E-04 
5.21769E-04 
1.28268E-03 
2.14623E-04 
5.20493E-04 
1.28121E-03 
3.23404E-03 
2.12874E-04 
5.18649E-04 
1.27923E-03 
3.22248E-03 
2.10889E-04 
5.16042E-04 
1.27571E-03 
3.20314E-03 
8.10426E-03 
2.08570E-04 
5.12408E-04 
1.26960E-03 
3.17577E-03 
8.02275E-03 
2.05303E-04 
5.06017E-04 
1.25573E-03 
3.13021E-03 
7.88613E-03 
1.99583E-02 
1.98588E-04 
4.90255E-04 
1.21704E-03 
3.02721E-03 
7.59887E-03 
1.91535E-02 
4.88920E-02 
4.57371E-04 
1.13670E-03 
2.82907E-03 
7.08637E-03 
1.78146E-02 
4.52164E-02 
1.04790E-03 
2.61581E-03 
6.55236E-03 
1.64574E-02 
4.16100E-02 
1.07159E-01 
2.42182E-03 
6.05936E-03 
1.51952E-02 
3.82759E-02 
9.75112E-02 
2.56301E-01 
---
