PdfType: replica
Format: lhagrid1
---
4.34963E-04 7.77181E-04 7.77181E-04 1.38865E-03 1.38865E-03 2.48120E-03 2.48120E-03 2.48120E-03 4.43334E-03 4.43334E-03 4.43334E-03 4.43334E-03 7.92137E-03 7.92137E-03 7.92137E-03 7.92137E-03 1.41537E-02 1.41537E-02 1.41537E-02 1.41537E-02 1.41537E-02 2.52895E-02 2.52895E-02 2.52895E-02 2.52895E-02 2.52895E-02 4.51866E-02 4.51866E-02 4.51866E-02 4.51866E-02 4.51866E-02 4.51866E-02 8.07383E-02 8.07383E-02 8.07383E-02 8.07383E-02 8.07383E-02 8.07383E-02 8.07383E-02 1.44261E-01 1.44261E-01 1.44261E-01 1.44261E-01 1.44261E-01 1.44261E-01 2.57762E-01 2.57762E-01 2.57762E-01 2.57762E-01 2.57762E-01 2.57762E-01 4.60562E-01 4.60562E-01 4.60562E-01 4.60562E-01 4.60562E-01 4.60562E-01 
1.58489E+00 1.58489E+00 2.51189E+00 1.58489E+00 2.51189E+00 1.58489E+00 2.51189E+00 3.98107E+00 1.58489E+00 2.51189E+00 3.98107E+00 6.30957E+00 1.58489E+00 2.51189E+00 3.98107E+00 6.30957E+00 1.58489E+00 2.51189E+00 3.98107E+00 6.30957E+00 9.99999E+00 1.58489E+00 2.51189E+00 3.98107E+00 6.30957E+00 9.99999E+00 1.58489E+00 2.51189E+00 3.98107E+00 6.30957E+00 9.99999E+00 1.58489E+01 1.58489E+00 2.51189E+00 3.98107E+00 6.30957E+00 9.99999E+00 1.58489E+01 2.51189E+01 2.51189E+00 3.98107E+00 6.30957E+00 9.99999E+00 1.58489E+01 2.51189E+01 3.98107E+00 6.30957E+00 9.99999E+00 1.58489E+01 2.51189E+01 3.98107E+01 6.30957E+00 9.99999E+00 1.58489E+01 2.51189E+01 3.98107E+01 6.30957E+01 
90000 
2.20281E-04 
2.19069E-04 
5.24553E-04 
2.17792E-04 
5.23037E-04 
2.16389E-04 
5.22006E-04 
1.28287E-03 
2.14907E-04 
5.20941E-04 
1.28200E-03 
3.23568E-03 
2.13471E-04 
5.19790E-04 
1.28161E-03 
3.22772E-03 
2.12197E-04 
5.18580E-04 
1.28103E-03 
3.21455E-03 
8.13069E-03 
2.10729E-04 
5.16419E-04 
1.27769E-03 
3.19256E-03 
8.05996E-03 
2.07102E-04 
5.08915E-04 
1.26069E-03 
3.13914E-03 
7.90203E-03 
1.99888E-02 
1.97817E-04 
4.87723E-04 
1.20988E-03 
3.00855E-03 
7.55060E-03 
1.90315E-02 
4.85928E-02 
4.51893E-04 
1.12384E-03 
2.79811E-03 
7.01270E-03 
1.76383E-02 
4.47966E-02 
1.03773E-03 
2.59065E-03 
6.49038E-03 
1.63050E-02 
4.12377E-02 
1.06269E-01 
2.41043E-03 
6.03581E-03 
1.51462E-02 
3.81742E-02 
9.72989E-02 
2.55836E-01 
---
