PdfType: replica
Format: lhagrid1
---
4.34963E-04 7.77181E-04 7.77181E-04 1.38865E-03 1.38865E-03 2.48120E-03 2.48120E-03 2.48120E-03 4.43334E-03 4.43334E-03 4.43334E-03 4.43334E-03 7.92137E-03 7.92137E-03 7.92137E-03 7.92137E-03 1.41537E-02 1.41537E-02 1.41537E-02 1.41537E-02 1.41537E-02 2.52895E-02 2.52895E-02 2.52895E-02 2.52895E-02 2.52895E-02 4.51866E-02 4.51866E-02 4.51866E-02 4.51866E-02 4.51866E-02 4.51866E-02 8.07383E-02 8.07383E-02 8.07383E-02 8.07383E-02 8.07383E-02 8.07383E-02 8.07383E-02 1.44261E-01 1.44261E-01 1.44261E-01 1.44261E-01 1.44261E-01 1.44261E-01 2.57762E-01 2.57762E-01 2.57762E-01 2.57762E-01 2.57762E-01 2.57762E-01 4.60562E-01 4.60562E-01 4.60562E-01 4.60562E-01 4.60562E-01 4.60562E-01 
1.58489E+00 1.58489E+00 2.51189E+00 1.58489E+00 2.51189E+00 1.58489E+00 2.51189E+00 3.98107E+00 1.58489E+00 2.51189E+00 3.98107E+00 6.30957E+00 1.58489E+00 2.51189E+00 3.98107E+00 6.30957E+00 1.58489E+00 2.51189E+00 3.98107E+00 6.30957E+00 9.99999E+00 1.58489E+00 2.51189E+00 3.98107E+00 6.30957E+00 9.99999E+00 1.58489E+00 2.51189E+00 3.98107E+00 6.30957E+00 9.99999E+00 1.58489E+01 1.58489E+00 2.51189E+00 3.98107E+00 6.30957E+00 9.99999E+00 1.58489E+01 2.51189E+01 2.51189E+00 3.98107E+00 6.30957E+00 9.99999E+00 1.58489E+01 2.51189E+01 3.98107E+00 6.30957E+00 9.99999E+00 1.58489E+01 2.51189E+01 3.98107E+01 6.30957E+00 9.99999E+00 1.58489E+01 2.51189E+01 3.98107E+01 6.30957E+01 
90000 
2.20356E-04 
2.19219E-04 
5.24762E-04 
2.18076E-04 
5.23535E-04 
2.16899E-04 
5.23000E-04 
1.28505E-03 
2.15775E-04 
5.22727E-04 
1.28593E-03 
3.24430E-03 
2.14864E-04 
5.22742E-04 
1.28814E-03 
3.24200E-03 
2.14268E-04 
5.23024E-04 
1.29092E-03 
3.23646E-03 
8.18142E-03 
2.13496E-04 
5.22387E-04 
1.29108E-03 
3.22281E-03 
8.13003E-03 
2.10361E-04 
5.16026E-04 
1.27690E-03 
3.17649E-03 
7.98975E-03 
2.01999E-02 
2.01125E-04 
4.95075E-04 
1.22684E-03 
3.04830E-03 
7.64446E-03 
1.92574E-02 
4.91551E-02 
4.57532E-04 
1.13708E-03 
2.83014E-03 
7.08925E-03 
1.78240E-02 
4.52565E-02 
1.04988E-03 
2.62065E-03 
6.56408E-03 
1.64867E-02 
4.16876E-02 
1.07393E-01 
2.42707E-03 
6.07454E-03 
1.52376E-02 
3.83921E-02 
9.78259E-02 
2.57151E-01 
---
