PdfType: replica
Format: lhagrid1
---
4.34963E-04 7.77181E-04 7.77181E-04 1.38865E-03 1.38865E-03 2.48120E-03 2.48120E-03 2.48120E-03 4.43334E-03 4.43334E-03 4.43334E-03 4.43334E-03 7.92137E-03 7.92137E-03 7.92137E-03 7.92137E-03 1.41537E-02 1.41537E-02 1.41537E-02 1.41537E-02 1.41537E-02 2.52895E-02 2.52895E-02 2.52895E-02 2.52895E-02 2.52895E-02 4.51866E-02 4.51866E-02 4.51866E-02 4.51866E-02 4.51866E-02 4.51866E-02 8.07383E-02 8.07383E-02 8.07383E-02 8.07383E-02 8.07383E-02 8.07383E-02 8.07383E-02 1.44261E-01 1.44261E-01 1.44261E-01 1.44261E-01 1.44261E-01 1.44261E-01 2.57762E-01 2.57762E-01 2.57762E-01 2.57762E-01 2.57762E-01 2.57762E-01 4.60562E-01 4.60562E-01 4.60562E-01 4.60562E-01 4.60562E-01 4.60562E-01 
1.58489E+00 1.58489E+00 2.51189E+00 1.58489E+00 2.51189E+00 1.58489E+00 2.51189E+00 3.98107E+00 1.58489E+00 2.51189E+00 3.98107E+00 6.30957E+00 1.58489E+00 2.51189E+00 3.98107E+00 6.30957E+00 1.58489E+00 2.51189E+00 3.98107E+00 6.30957E+00 9.99999E+00 1.58489E+00 2.51189E+00 3.98107E+00 6.30957E+00 9.99999E+00 1.58489E+00 2.51189E+00 3.98107E+00 6.30957E+00 9.99999E+00 1.58489E+01 1.58489E+00 2.51189E+00 3.98107E+00 6.30957E+00 9.99999E+00 1.58489E+01 2.51189E+01 2.51189E+00 3.98107E+00 6.30957E+00 9.99999E+00 1.58489E+01 2.51189E+01 3.98107E+00 6.30957E+00 9.99999E+00 1.58489E+01 2.51189E+01 3.98107E+01 6.30957E+00 9.99999E+00 1.58489E+01 2.51189E+01 3.98107E+01 6.30957E+01 
90000 
2.20086E-04 
2.18945E-04 
5.24659E-04 
2.17784E-04 
5.23352E-04 
2.16538E-04 
5.22613E-04 
1.28448E-03 
2.15231E-04 
5.21894E-04 
1.28434E-03 
3.24048E-03 
2.13945E-04 
5.21075E-04 
1.28470E-03 
3.23424E-03 
2.12755E-04 
5.20128E-04 
1.28485E-03 
3.22321E-03 
8.14961E-03 
2.11417E-04 
5.18410E-04 
1.28280E-03 
3.20508E-03 
8.08914E-03 
2.08441E-04 
5.12449E-04 
1.26964E-03 
3.16133E-03 
7.95614E-03 
2.01203E-02 
2.00445E-04 
4.94042E-04 
1.22521E-03 
3.04581E-03 
7.64096E-03 
1.92517E-02 
4.91313E-02 
4.58971E-04 
1.14069E-03 
2.83897E-03 
7.11115E-03 
1.78770E-02 
4.53774E-02 
1.05249E-03 
2.62663E-03 
6.57798E-03 
1.65187E-02 
4.17585E-02 
1.07527E-01 
2.42671E-03 
6.07183E-03 
1.52268E-02 
3.83545E-02 
9.76992E-02 
2.56696E-01 
---
