PdfType: replica
Format: lhagrid1
---
4.34963E-04 7.77181E-04 7.77181E-04 1.38865E-03 1.38865E-03 2.48120E-03 2.48120E-03 2.48120E-03 4.43334E-03 4.43334E-03 4.43334E-03 4.43334E-03 7.92137E-03 7.92137E-03 7.92137E-03 7.92137E-03 1.41537E-02 1.41537E-02 1.41537E-02 1.41537E-02 1.41537E-02 2.52895E-02 2.52895E-02 2.52895E-02 2.52895E-02 2.52895E-02 4.51866E-02 4.51866E-02 4.51866E-02 4.51866E-02 4.51866E-02 4.51866E-02 8.07383E-02 8.07383E-02 8.07383E-02 8.07383E-02 8.07383E-02 8.07383E-02 8.07383E-02 1.44261E-01 1.44261E-01 1.44261E-01 1.44261E-01 1.44261E-01 1.44261E-01 2.57762E-01 2.57762E-01 2.57762E-01 2.57762E-01 2.57762E-01 2.57762E-01 4.60562E-01 4.60562E-01 4.60562E-01 4.60562E-01 4.60562E-01 4.60562E-01 
1.58489E+00 1.58489E+00 2.51189E+00 1.58489E+00 2.51189E+00 1.58489E+00 2.51189E+00 3.98107E+00 1.58489E+00 2.51189E+00 3.98107E+00 6.30957E+00 1.58489E+00 2.51189E+00 3.98107E+00 6.30957E+00 1.58489E+00 2.51189E+00 3.98107E+00 6.30957E+00 9.99999E+00 1.58489E+00 2.51189E+00 3.98107E+00 6.30957E+00 9.99999E+00 1.58489E+00 2.51189E+00 3.98107E+00 6.30957E+00 9.99999E+00 1.58489E+01 1.58489E+00 2.51189E+00 3.98107E+00 6.30957E+00 9.99999E+00 1.58489E+01 2.51189E+01 2.51189E+00 3.98107E+00 6.30957E+00 9.99999E+00 1.58489E+01 2.51189E+01 3.98107E+00 6.30957E+00 9.99999E+00 1.58489E+01 2.51189E+01 3.98107E+01 6.30957E+00 9.99999E+00 1.58489E+01 2.51189E+01 3.98107E+01 6.30957E+01 
90000 
2.20460E-04 
2.19294E-04 
5.25029E-04 
2.18083E-04 
5.23641E-04 
2.16762E-04 
5.22793E-04 
1.28470E-03 
2.15377E-04 
5.21983E-04 
1.28443E-03 
3.24114E-03 
2.14077E-04 
5.21233E-04 
1.28503E-03 
3.23551E-03 
2.13076E-04 
5.20761E-04 
1.28624E-03 
3.22677E-03 
8.16017E-03 
2.12197E-04 
5.19877E-04 
1.28572E-03 
3.21141E-03 
8.10411E-03 
2.09273E-04 
5.13575E-04 
1.27110E-03 
3.16299E-03 
7.95745E-03 
2.01203E-02 
1.99675E-04 
4.91647E-04 
1.21867E-03 
3.02894E-03 
7.59838E-03 
1.91444E-02 
4.88580E-02 
4.54647E-04 
1.13055E-03 
2.81502E-03 
7.05399E-03 
1.77392E-02 
4.50400E-02 
1.04473E-03 
2.60689E-03 
6.52935E-03 
1.63986E-02 
4.14624E-02 
1.06805E-01 
2.40353E-03 
6.01660E-03 
1.50945E-02 
3.80376E-02 
9.69479E-02 
2.54983E-01 
---
