PdfType: replica
Format: lhagrid1
---
4.34963E-04 7.77181E-04 7.77181E-04 1.38865E-03 1.38865E-03 2.48120E-03 2.48120E-03 2.48120E-03 4.43334E-03 4.43334E-03 4.43334E-03 4.43334E-03 7.92137E-03 7.92137E-03 7.92137E-03 7.92137E-03 1.41537E-02 1.41537E-02 1.41537E-02 1.41537E-02 1.41537E-02 2.52895E-02 2.52895E-02 2.52895E-02 2.52895E-02 2.52895E-02 4.51866E-02 4.51866E-02 4.51866E-02 4.51866E-02 4.51866E-02 4.51866E-02 8.07383E-02 8.07383E-02 8.07383E-02 8.07383E-02 8.07383E-02 8.07383E-02 8.07383E-02 1.44261E-01 1.44261E-01 1.44261E-01 1.44261E-01 1.44261E-01 1.44261E-01 2.57762E-01 2.57762E-01 2.57762E-01 2.57762E-01 2.57762E-01 2.57762E-01 4.60562E-01 4.60562E-01 4.60562E-01 4.60562E-01 4.60562E-01 4.60562E-01 
1.58489E+00 1.58489E+00 2.51189E+00 1.58489E+00 2.51189E+00 1.58489E+00 2.51189E+00 3.98107E+00 1.58489E+00 2.51189E+00 3.98107E+00 6.30957E+00 1.58489E+00 2.51189E+00 3.98107E+00 6.30957E+00 1.58489E+00 2.51189E+00 3.98107E+00 6.30957E+00 9.99999E+00 1.58489E+00 2.51189E+00 3.98107E+00 6.30957E+00 9.99999E+00 1.58489E+00 2.51189E+00 3.98107E+00 6.30957E+00 9.99999E+00 1.58489E+01 1.58489E+00 2.51189E+00 3.98107E+00 6.30957E+00 9.99999E+00 1.58489E+01 2.51189E+01 2.51189E+00 3.98107E+00 6.30957E+00 9.99999E+00 1.58489E+01 2.51189E+01 3.98107E+00 6.30957E+00 9.99999E+00 1.58489E+01 2.51189E+01 3.98107E+01 6.30957E+00 9.99999E+00 1.58489E+01 2.51189E+01 3.98107E+01 6.30957E+01 
90000 
2.20471E-04 
2.19426E-04 
5.25285E-04 
2.18355E-04 
5.24148E-04 
2.17171E-04 
5.23517E-04 
1.28603E-03 
2.15841E-04 
5.22721E-04 
1.28565E-03 
3.24320E-03 
2.14328E-04 
5.21393E-04 
1.28480E-03 
3.23412E-03 
2.12506E-04 
5.19121E-04 
1.28200E-03 
3.21640E-03 
8.13407E-03 
2.10017E-04 
5.15109E-04 
1.27500E-03 
3.18716E-03 
8.04766E-03 
2.05965E-04 
5.07083E-04 
1.25749E-03 
3.13342E-03 
7.89177E-03 
1.99720E-02 
1.98225E-04 
4.89146E-04 
1.21396E-03 
3.01901E-03 
7.57828E-03 
1.91044E-02 
4.87916E-02 
4.55093E-04 
1.13098E-03 
2.81435E-03 
7.04995E-03 
1.77252E-02 
4.50054E-02 
1.04043E-03 
2.59749E-03 
6.50674E-03 
1.63447E-02 
4.13355E-02 
1.06514E-01 
2.41625E-03 
6.04838E-03 
1.51738E-02 
3.82354E-02 
9.74403E-02 
2.56203E-01 
---
