PdfType: replica
Format: lhagrid1
---
4.34963E-04 7.77181E-04 7.77181E-04 1.38865E-03 1.38865E-03 2.48120E-03 2.48120E-03 2.48120E-03 4.43334E-03 4.43334E-03 4.43334E-03 4.43334E-03 7.92137E-03 7.92137E-03 7.92137E-03 7.92137E-03 1.41537E-02 1.41537E-02 1.41537E-02 1.41537E-02 1.41537E-02 2.52895E-02 2.52895E-02 2.52895E-02 2.52895E-02 2.52895E-02 4.51866E-02 4.51866E-02 4.51866E-02 4.51866E-02 4.51866E-02 4.51866E-02 8.07383E-02 8.07383E-02 8.07383E-02 8.07383E-02 8.07383E-02 8.07383E-02 8.07383E-02 1.44261E-01 1.44261E-01 1.44261E-01 1.44261E-01 1.44261E-01 1.44261E-01 2.57762E-01 2.57762E-01 2.57762E-01 2.57762E-01 2.57762E-01 2.57762E-01 4.60562E-01 4.60562E-01 4.60562E-01 4.60562E-01 4.60562E-01 4.60562E-01 
1.58489E+00 1.58489E+00 2.51189E+00 1.58489E+00 2.51189E+00 1.58489E+00 2.51189E+00 3.98107E+00 1.58489E+00 2.51189E+00 3.98107E+00 6.30957E+00 1.58489E+00 2.51189E+00 3.98107E+00 6.30957E+00 1.58489E+00 2.51189E+00 3.98107E+00 6.30957E+00 9.99999E+00 1.58489E+00 2.51189E+00 3.98107E+00 6.30957E+00 9.99999E+00 1.58489E+00 2.51189E+00 3.98107E+00 6.30957E+00 9.99999E+00 1.58489E+01 1.58489E+00 2.51189E+00 3.98107E+00 6.30957E+00 9.99999E+00 1.58489E+01 2.51189E+01 2.51189E+00 3.98107E+00 6.30957E+00 9.99999E+00 1.58489E+01 2.51189E+01 3.98107E+00 6.30957E+00 9.99999E+00 1.58489E+01 2.51189E+01 3.98107E+01 6.30957E+00 9.99999E+00 1.58489E+01 2.51189E+01 3.98107E+01 6.30957E+01 
90000 
2.15940E-04 
2.15005E-04 
5.17994E-04 
2.14292E-04 
5.17436E-04 
2.13794E-04 
5.17945E-04 
1.27582E-03 
2.13568E-04 
5.19139E-04 
1.27945E-03 
3.23120E-03 
2.13673E-04 
5.20884E-04 
1.28492E-03 
3.23553E-03 
2.14007E-04 
5.22770E-04 
1.29074E-03 
3.23618E-03 
8.18007E-03 
2.13766E-04 
5.23033E-04 
1.29260E-03 
3.22625E-03 
8.13672E-03 
2.10583E-04 
5.16628E-04 
1.27842E-03 
3.18055E-03 
7.99850E-03 
2.02144E-02 
2.01351E-04 
4.95928E-04 
1.22930E-03 
3.05535E-03 
7.66205E-03 
1.92979E-02 
4.92232E-02 
4.60181E-04 
1.14346E-03 
2.84547E-03 
7.12625E-03 
1.79114E-02 
4.54496E-02 
1.05265E-03 
2.62530E-03 
6.57184E-03 
1.64970E-02 
4.16887E-02 
1.07308E-01 
2.40011E-03 
6.00307E-03 
1.50506E-02 
3.79068E-02 
9.65718E-02 
2.53915E-01 
---
