PdfType: replica
Format: lhagrid1
---
4.34963E-04 7.77181E-04 7.77181E-04 1.38865E-03 1.38865E-03 2.48120E-03 2.48120E-03 2.48120E-03 4.43334E-03 4.43334E-03 4.43334E-03 4.43334E-03 7.92137E-03 7.92137E-03 7.92137E-03 7.92137E-03 1.41537E-02 1.41537E-02 1.41537E-02 1.41537E-02 1.41537E-02 2.52895E-02 2.52895E-02 2.52895E-02 2.52895E-02 2.52895E-02 4.51866E-02 4.51866E-02 4.51866E-02 4.51866E-02 4.51866E-02 4.51866E-02 8.07383E-02 8.07383E-02 8.07383E-02 8.07383E-02 8.07383E-02 8.07383E-02 8.07383E-02 1.44261E-01 1.44261E-01 1.44261E-01 1.44261E-01 1.44261E-01 1.44261E-01 2.57762E-01 2.57762E-01 2.57762E-01 2.57762E-01 2.57762E-01 2.57762E-01 4.60562E-01 4.60562E-01 4.60562E-01 4.60562E-01 4.60562E-01 4.60562E-01 
1.58489E+00 1.58489E+00 2.51189E+00 1.58489E+00 2.51189E+00 1.58489E+00 2.51189E+00 3.98107E+00 1.58489E+00 2.51189E+00 3.98107E+00 6.30957E+00 1.58489E+00 2.51189E+00 3.98107E+00 6.30957E+00 1.58489E+00 2.51189E+00 3.98107E+00 6.30957E+00 9.99999E+00 1.58489E+00 2.51189E+00 3.98107E+00 6.30957E+00 9.99999E+00 1.58489E+00 2.51189E+00 3.98107E+00 6.30957E+00 9.99999E+00 1.58489E+01 1.58489E+00 2.51189E+00 3.98107E+00 6.30957E+00 9.99999E+00 1.58489E+01 2.51189E+01 2.51189E+00 3.98107E+00 6.30957E+00 9.99999E+00 1.58489E+01 2.51189E+01 3.98107E+00 6.30957E+00 9.99999E+00 1.58489E+01 2.51189E+01 3.98107E+01 6.30957E+00 9.99999E+00 1.58489E+01 2.51189E+01 3.98107E+01 6.30957E+01 
90000 
2.16782E-04 
2.15744E-04 
5.19018E-04 
2.14884E-04 
5.18212E-04 
2.14193E-04 
5.18392E-04 
1.27628E-03 
2.13724E-04 
5.19150E-04 
1.27906E-03 
3.22958E-03 
2.13531E-04 
5.20344E-04 
1.28340E-03 
3.23173E-03 
2.13517E-04 
5.21560E-04 
1.28778E-03 
3.22928E-03 
8.16225E-03 
2.12898E-04 
5.20979E-04 
1.28763E-03 
3.21448E-03 
8.10767E-03 
2.09162E-04 
5.13183E-04 
1.27003E-03 
3.16025E-03 
7.94928E-03 
2.00929E-02 
1.99079E-04 
4.90685E-04 
1.21699E-03 
3.02617E-03 
7.59290E-03 
1.91330E-02 
4.88313E-02 
4.55870E-04 
1.13343E-03 
2.82182E-03 
7.07005E-03 
1.77779E-02 
4.51390E-02 
1.04355E-03 
2.60247E-03 
6.51600E-03 
1.63608E-02 
4.13600E-02 
1.06543E-01 
2.38533E-03 
5.97178E-03 
1.49839E-02 
3.77651E-02 
9.62773E-02 
2.53346E-01 
---
