PdfType: replica
Format: lhagrid1
---
4.34963E-04 7.77181E-04 7.77181E-04 1.38865E-03 1.38865E-03 2.48120E-03 2.48120E-03 2.48120E-03 4.43334E-03 4.43334E-03 4.43334E-03 4.43334E-03 7.92137E-03 7.92137E-03 7.92137E-03 7.92137E-03 1.41537E-02 1.41537E-02 1.41537E-02 1.41537E-02 1.41537E-02 2.52895E-02 2.52895E-02 2.52895E-02 2.52895E-02 2.52895E-02 4.51866E-02 4.51866E-02 4.51866E-02 4.51866E-02 4.51866E-02 4.51866E-02 8.07383E-02 8.07383E-02 8.07383E-02 8.07383E-02 8.07383E-02 8.07383E-02 8.07383E-02 1.44261E-01 1.44261E-01 1.44261E-01 1.44261E-01 1.44261E-01 1.44261E-01 2.57762E-01 2.57762E-01 2.57762E-01 2.57762E-01 2.57762E-01 2.57762E-01 4.60562E-01 4.60562E-01 4.60562E-01 4.60562E-01 4.60562E-01 4.60562E-01 
1.58489E+00 1.58489E+00 2.51189E+00 1.58489E+00 2.51189E+00 1.58489E+00 2.51189E+00 3.98107E+00 1.58489E+00 2.51189E+00 3.98107E+00 6.30957E+00 1.58489E+00 2.51189E+00 3.98107E+00 6.30957E+00 1.58489E+00 2.51189E+00 3.98107E+00 6.30957E+00 9.99999E+00 1.58489E+00 2.51189E+00 3.98107E+00 6.30957E+00 9.99999E+00 1.58489E+00 2.51189E+00 3.98107E+00 6.30957E+00 9.99999E+00 1.58489E+01 1.58489E+00 2.51189E+00 3.98107E+00 6.30957E+00 9.99999E+00 1.58489E+01 2.51189E+01 2.51189E+00 3.98107E+00 6.30957E+00 9.99999E+00 1.58489E+01 2.51189E+01 3.98107E+00 6.30957E+00 9.99999E+00 1.58489E+01 2.51189E+01 3.98107E+01 6.30957E+00 9.99999E+00 1.58489E+01 2.51189E+01 3.98107E+01 6.30957E+01 
90000 
2.19911E-04 
2.18737E-04 
5.24095E-04 
2.17580E-04 
5.22823E-04 
2.16410E-04 
5.22269E-04 
1.28380E-03 
2.15302E-04 
5.21986E-04 
1.28461E-03 
3.24152E-03 
2.14387E-04 
5.21947E-04 
1.28663E-03 
3.23872E-03 
2.13730E-04 
5.22049E-04 
1.28891E-03 
3.23206E-03 
8.17061E-03 
2.12808E-04 
5.21011E-04 
1.28803E-03 
3.21599E-03 
8.11323E-03 
2.09422E-04 
5.13979E-04 
1.27219E-03 
3.16560E-03 
7.96355E-03 
2.01336E-02 
1.99960E-04 
4.92554E-04 
1.22122E-03 
3.03544E-03 
7.61499E-03 
1.91869E-02 
4.89686E-02 
4.56408E-04 
1.13505E-03 
2.82618E-03 
7.08184E-03 
1.78090E-02 
4.52164E-02 
1.05215E-03 
2.62672E-03 
6.57972E-03 
1.65262E-02 
4.17826E-02 
1.07587E-01 
2.44147E-03 
6.11204E-03 
1.53338E-02 
3.86340E-02 
9.84076E-02 
2.58363E-01 
---
