PdfType: replica
Format: lhagrid1
---
4.34963E-04 7.77181E-04 7.77181E-04 1.38865E-03 1.38865E-03 2.48120E-03 2.48120E-03 2.48120E-03 4.43334E-03 4.43334E-03 4.43334E-03 4.43334E-03 7.92137E-03 7.92137E-03 7.92137E-03 7.92137E-03 1.41537E-02 1.41537E-02 1.41537E-02 1.41537E-02 1.41537E-02 2.52895E-02 2.52895E-02 2.52895E-02 2.52895E-02 2.52895E-02 4.51866E-02 4.51866E-02 4.51866E-02 4.51866E-02 4.51866E-02 4.51866E-02 8.07383E-02 8.07383E-02 8.07383E-02 8.07383E-02 8.07383E-02 8.07383E-02 8.07383E-02 1.44261E-01 1.44261E-01 1.44261E-01 1.44261E-01 1.44261E-01 1.44261E-01 2.57762E-01 2.57762E-01 2.57762E-01 2.57762E-01 2.57762E-01 2.57762E-01 4.60562E-01 4.60562E-01 4.60562E-01 4.60562E-01 4.60562E-01 4.60562E-01 
1.58489E+00 1.58489E+00 2.51189E+00 1.58489E+00 2.51189E+00 1.58489E+00 2.51189E+00 3.98107E+00 1.58489E+00 2.51189E+00 3.98107E+00 6.30957E+00 1.58489E+00 2.51189E+00 3.98107E+00 6.30957E+00 1.58489E+00 2.51189E+00 3.98107E+00 6.30957E+00 9.99999E+00 1.58489E+00 2.51189E+00 3.98107E+00 6.30957E+00 9.99999E+00 1.58489E+00 2.51189E+00 3.98107E+00 6.30957E+00 9.99999E+00 1.58489E+01 1.58489E+00 2.51189E+00 3.98107E+00 6.30957E+00 9.99999E+00 1.58489E+01 2.51189E+01 2.51189E+00 3.98107E+00 6.30957E+00 9.99999E+00 1.58489E+01 2.51189E+01 3.98107E+00 6.30957E+00 9.99999E+00 1.58489E+01 2.51189E+01 3.98107E+01 6.30957E+00 9.99999E+00 1.58489E+01 2.51189E+01 3.98107E+01 6.30957E+01 
90000 
2.20258E-04 
2.19003E-04 
5.24515E-04 
2.17663E-04 
5.22916E-04 
2.16182E-04 
5.21776E-04 
1.28254E-03 
2.14637E-04 
5.20654E-04 
1.28169E-03 
3.23507E-03 
2.13249E-04 
5.19719E-04 
1.28195E-03 
3.22899E-03 
2.12376E-04 
5.19465E-04 
1.28362E-03 
3.22116E-03 
8.14733E-03 
2.11960E-04 
5.19378E-04 
1.28463E-03 
3.20866E-03 
8.09799E-03 
2.09383E-04 
5.13505E-04 
1.27047E-03 
3.16054E-03 
7.95031E-03 
2.01027E-02 
1.99006E-04 
4.89776E-04 
1.21376E-03 
3.01655E-03 
7.56715E-03 
1.90682E-02 
4.86860E-02 
4.51266E-04 
1.12289E-03 
2.79740E-03 
7.01314E-03 
1.76449E-02 
4.48281E-02 
1.04318E-03 
2.60425E-03 
6.52494E-03 
1.63922E-02 
4.14586E-02 
1.06840E-01 
2.41067E-03 
6.03415E-03 
1.51380E-02 
3.81466E-02 
9.72263E-02 
2.55728E-01 
---
