PdfType: replica
Format: lhagrid1
---
4.34963E-04 7.77181E-04 7.77181E-04 1.38865E-03 1.38865E-03 2.48120E-03 2.48120E-03 2.48120E-03 4.43334E-03 4.43334E-03 4.43334E-03 4.43334E-03 7.92137E-03 7.92137E-03 7.92137E-03 7.92137E-03 1.41537E-02 1.41537E-02 1.41537E-02 1.41537E-02 1.41537E-02 2.52895E-02 2.52895E-02 2.52895E-02 2.52895E-02 2.52895E-02 4.51866E-02 4.51866E-02 4.51866E-02 4.51866E-02 4.51866E-02 4.51866E-02 8.07383E-02 8.07383E-02 8.07383E-02 8.07383E-02 8.07383E-02 8.07383E-02 8.07383E-02 1.44261E-01 1.44261E-01 1.44261E-01 1.44261E-01 1.44261E-01 1.44261E-01 2.57762E-01 2.57762E-01 2.57762E-01 2.57762E-01 2.57762E-01 2.57762E-01 4.60562E-01 4.60562E-01 4.60562E-01 4.60562E-01 4.60562E-01 4.60562E-01 
1.58489E+00 1.58489E+00 2.51189E+00 1.58489E+00 2.51189E+00 1.58489E+00 2.51189E+00 3.98107E+00 1.58489E+00 2.51189E+00 3.98107E+00 6.30957E+00 1.58489E+00 2.51189E+00 3.98107E+00 6.30957E+00 1.58489E+00 2.51189E+00 3.98107E+00 6.30957E+00 9.99999E+00 1.58489E+00 2.51189E+00 3.98107E+00 6.30957E+00 9.99999E+00 1.58489E+00 2.51189E+00 3.98107E+00 6.30957E+00 9.99999E+00 1.58489E+01 1.58489E+00 2.51189E+00 3.98107E+00 6.30957E+00 9.99999E+00 1.58489E+01 2.51189E+01 2.51189E+00 3.98107E+00 6.30957E+00 9.99999E+00 1.58489E+01 2.51189E+01 3.98107E+00 6.30957E+00 9.99999E+00 1.58489E+01 2.51189E+01 3.98107E+01 6.30957E+00 9.99999E+00 1.58489E+01 2.51189E+01 3.98107E+01 6.30957E+01 
90000 
2.20458E-04 
2.19309E-04 
5.24913E-04 
2.18140E-04 
5.23643E-04 
2.16924E-04 
5.23035E-04 
1.28504E-03 
2.15752E-04 
5.22659E-04 
1.28571E-03 
3.24383E-03 
2.14814E-04 
5.22579E-04 
1.28768E-03 
3.24099E-03 
2.14266E-04 
5.22868E-04 
1.29037E-03 
3.23502E-03 
8.17808E-03 
2.13587E-04 
5.22254E-04 
1.29034E-03 
3.22043E-03 
8.12384E-03 
2.10112E-04 
5.15002E-04 
1.27383E-03 
3.16824E-03 
7.96827E-03 
2.01449E-02 
1.99705E-04 
4.91595E-04 
1.21833E-03 
3.02756E-03 
7.59401E-03 
1.91337E-02 
4.88472E-02 
4.53853E-04 
1.12864E-03 
2.80996E-03 
7.04139E-03 
1.77088E-02 
4.49754E-02 
1.04370E-03 
2.60460E-03 
6.52256E-03 
1.63803E-02 
4.14175E-02 
1.06719E-01 
2.40397E-03 
6.01672E-03 
1.50931E-02 
3.80318E-02 
9.69310E-02 
2.54954E-01 
---
