PdfType: replica
Format: lhagrid1
---
4.34963E-04 7.77181E-04 7.77181E-04 1.38865E-03 1.38865E-03 2.48120E-03 2.48120E-03 2.48120E-03 4.43334E-03 4.43334E-03 4.43334E-03 4.43334E-03 7.92137E-03 7.92137E-03 7.92137E-03 7.92137E-03 1.41537E-02 1.41537E-02 1.41537E-02 1.41537E-02 1.41537E-02 2.52895E-02 2.52895E-02 2.52895E-02 2.52895E-02 2.52895E-02 4.51866E-02 4.51866E-02 4.51866E-02 4.51866E-02 4.51866E-02 4.51866E-02 8.07383E-02 8.07383E-02 8.07383E-02 8.07383E-02 8.07383E-02 8.07383E-02 8.07383E-02 1.44261E-01 1.44261E-01 1.44261E-01 1.44261E-01 1.44261E-01 1.44261E-01 2.57762E-01 2.57762E-01 2.57762E-01 2.57762E-01 2.57762E-01 2.57762E-01 4.60562E-01 4.60562E-01 4.60562E-01 4.60562E-01 4.60562E-01 4.60562E-01 
1.58489E+00 1.58489E+00 2.51189E+00 1.58489E+00 2.51189E+00 1.58489E+00 2.51189E+00 3.98107E+00 1.58489E+00 2.51189E+00 3.98107E+00 6.30957E+00 1.58489E+00 2.51189E+00 3.98107E+00 6.30957E+00 1.58489E+00 2.51189E+00 3.98107E+00 6.30957E+00 9.99999E+00 1.58489E+00 2.51189E+00 3.98107E+00 6.30957E+00 9.99999E+00 1.58489E+00 2.51189E+00 3.98107E+00 6.30957E+00 9.99999E+00 1.58489E+01 1.58489E+00 2.51189E+00 3.98107E+00 6.30957E+00 9.99999E+00 1.58489E+01 2.51189E+01 2.51189E+00 3.98107E+00 6.30957E+00 9.99999E+00 1.58489E+01 2.51189E+01 3.98107E+00 6.30957E+00 9.99999E+00 1.58489E+01 2.51189E+01 3.98107E+01 6.30957E+00 9.99999E+00 1.58489E+01 2.51189E+01 3.98107E+01 6.30957E+01 
90000 
2.20761E-04 
2.19740E-04 
5.26012E-04 
2.18719E-04 
5.25038E-04 
2.17666E-04 
5.24784E-04 
1.28890E-03 
2.16689E-04 
5.24847E-04 
1.29056E-03 
3.25449E-03 
2.16021E-04 
5.25359E-04 
1.29388E-03 
3.25467E-03 
2.15892E-04 
5.26479E-04 
1.29839E-03 
3.25288E-03 
8.21864E-03 
2.15719E-04 
5.26744E-04 
1.30015E-03 
3.24239E-03 
8.17359E-03 
2.12243E-04 
5.19358E-04 
1.28325E-03 
3.18963E-03 
8.01667E-03 
2.02569E-02 
2.00876E-04 
4.94120E-04 
1.22401E-03 
3.04137E-03 
7.62627E-03 
1.92101E-02 
4.90262E-02 
4.55701E-04 
1.13337E-03 
2.82217E-03 
7.07280E-03 
1.77887E-02 
4.51751E-02 
1.04947E-03 
2.61811E-03 
6.55562E-03 
1.64606E-02 
4.16126E-02 
1.07196E-01 
2.39883E-03 
5.99987E-03 
1.50429E-02 
3.78900E-02 
9.65486E-02 
2.53994E-01 
---
