PdfType: replica
Format: lhagrid1
---
4.34963E-04 7.77181E-04 7.77181E-04 1.38865E-03 1.38865E-03 2.48120E-03 2.48120E-03 2.48120E-03 4.43334E-03 4.43334E-03 4.43334E-03 4.43334E-03 7.92137E-03 7.92137E-03 7.92137E-03 7.92137E-03 1.41537E-02 1.41537E-02 1.41537E-02 1.41537E-02 1.41537E-02 2.52895E-02 2.52895E-02 2.52895E-02 2.52895E-02 2.52895E-02 4.51866E-02 4.51866E-02 4.51866E-02 4.51866E-02 4.51866E-02 4.51866E-02 8.07383E-02 8.07383E-02 8.07383E-02 8.07383E-02 8.07383E-02 8.07383E-02 8.07383E-02 1.44261E-01 1.44261E-01 1.44261E-01 1.44261E-01 1.44261E-01 1.44261E-01 2.57762E-01 2.57762E-01 2.57762E-01 2.57762E-01 2.57762E-01 2.57762E-01 4.60562E-01 4.60562E-01 4.60562E-01 4.60562E-01 4.60562E-01 4.60562E-01 
1.58489E+00 1.58489E+00 2.51189E+00 1.58489E+00 2.51189E+00 1.58489E+00 2.51189E+00 3.98107E+00 1.58489E+00 2.51189E+00 3.98107E+00 6.30957E+00 1.58489E+00 2.51189E+00 3.98107E+00 6.30957E+00 1.58489E+00 2.51189E+00 3.98107E+00 6.30957E+00 9.99999E+00 1.58489E+00 2.51189E+00 3.98107E+00 6.30957E+00 9.99999E+00 1.58489E+00 2.51189E+00 3.98107E+00 6.30957E+00 9.99999E+00 1.58489E+01 1.58489E+00 2.51189E+00 3.98107E+00 6.30957E+00 9.99999E+00 1.58489E+01 2.51189E+01 2.51189E+00 3.98107E+00 6.30957E+00 9.99999E+00 1.58489E+01 2.51189E+01 3.98107E+00 6.30957E+00 9.99999E+00 1.58489E+01 2.51189E+01 3.98107E+01 6.30957E+00 9.99999E+00 1.58489E+01 2.51189E+01 3.98107E+01 6.30957E+01 
90000 
2.19747E-04 
2.18490E-04 
5.23780E-04 
2.17196E-04 
5.22216E-04 
2.15815E-04 
5.21197E-04 
1.28156E-03 
2.14399E-04 
5.20231E-04 
1.28087E-03 
3.23358E-03 
2.13071E-04 
5.19278E-04 
1.28088E-03 
3.22658E-03 
2.11946E-04 
5.18398E-04 
1.28107E-03 
3.21534E-03 
8.13255E-03 
2.10768E-04 
5.16934E-04 
1.27945E-03 
3.19763E-03 
8.07275E-03 
2.07902E-04 
5.11180E-04 
1.26671E-03 
3.15434E-03 
7.94035E-03 
2.00823E-02 
1.99956E-04 
4.93006E-04 
1.22299E-03 
3.04045E-03 
7.62919E-03 
1.92236E-02 
4.90521E-02 
4.59110E-04 
1.14121E-03 
2.84011E-03 
7.11372E-03 
1.78815E-02 
4.53787E-02 
1.05319E-03 
2.62770E-03 
6.57820E-03 
1.65143E-02 
4.17359E-02 
1.07435E-01 
2.41932E-03 
6.05229E-03 
1.51759E-02 
3.82240E-02 
9.73718E-02 
2.55922E-01 
---
