PdfType: replica
Format: lhagrid1
---
4.34963E-04 7.77181E-04 7.77181E-04 1.38865E-03 1.38865E-03 2.48120E-03 2.48120E-03 2.48120E-03 4.43334E-03 4.43334E-03 4.43334E-03 4.43334E-03 7.92137E-03 7.92137E-03 7.92137E-03 7.92137E-03 1.41537E-02 1.41537E-02 1.41537E-02 1.41537E-02 1.41537E-02 2.52895E-02 2.52895E-02 2.52895E-02 2.52895E-02 2.52895E-02 4.51866E-02 4.51866E-02 4.51866E-02 4.51866E-02 4.51866E-02 4.51866E-02 8.07383E-02 8.07383E-02 8.07383E-02 8.07383E-02 8.07383E-02 8.07383E-02 8.07383E-02 1.44261E-01 1.44261E-01 1.44261E-01 1.44261E-01 1.44261E-01 1.44261E-01 2.57762E-01 2.57762E-01 2.57762E-01 2.57762E-01 2.57762E-01 2.57762E-01 4.60562E-01 4.60562E-01 4.60562E-01 4.60562E-01 4.60562E-01 4.60562E-01 
1.58489E+00 1.58489E+00 2.51189E+00 1.58489E+00 2.51189E+00 1.58489E+00 2.51189E+00 3.98107E+00 1.58489E+00 2.51189E+00 3.98107E+00 6.30957E+00 1.58489E+00 2.51189E+00 3.98107E+00 6.30957E+00 1.58489E+00 2.51189E+00 3.98107E+00 6.30957E+00 9.99999E+00 1.58489E+00 2.51189E+00 3.98107E+00 6.30957E+00 9.99999E+00 1.58489E+00 2.51189E+00 3.98107E+00 6.30957E+00 9.99999E+00 1.58489E+01 1.58489E+00 2.51189E+00 3.98107E+00 6.30957E+00 9.99999E+00 1.58489E+01 2.51189E+01 2.51189E+00 3.98107E+00 6.30957E+00 9.99999E+00 1.58489E+01 2.51189E+01 3.98107E+00 6.30957E+00 9.99999E+00 1.58489E+01 2.51189E+01 3.98107E+01 6.30957E+00 9.99999E+00 1.58489E+01 2.51189E+01 3.98107E+01 6.30957E+01 
90000 
2.20184E-04 
2.18900E-04 
5.24475E-04 
2.17515E-04 
5.22767E-04 
2.15964E-04 
5.21458E-04 
1.28192E-03 
2.14304E-04 
5.20034E-04 
1.28033E-03 
3.23215E-03 
2.12698E-04 
5.18506E-04 
1.27914E-03 
3.22253E-03 
2.11361E-04 
5.17112E-04 
1.27818E-03 
3.20851E-03 
8.11705E-03 
2.10108E-04 
5.15358E-04 
1.27575E-03 
3.18862E-03 
8.05188E-03 
2.07005E-04 
5.08934E-04 
1.26111E-03 
3.14070E-03 
7.90653E-03 
2.00013E-02 
1.98118E-04 
4.88557E-04 
1.21209E-03 
3.01431E-03 
7.56510E-03 
1.90682E-02 
4.86854E-02 
4.53316E-04 
1.12780E-03 
2.80856E-03 
7.03995E-03 
1.77083E-02 
4.49739E-02 
1.04594E-03 
2.61128E-03 
6.54119E-03 
1.64302E-02 
4.15453E-02 
1.07013E-01 
2.42821E-03 
6.07856E-03 
1.52495E-02 
3.84228E-02 
9.78876E-02 
2.57150E-01 
---
