PdfType: replica
Format: lhagrid1
---
4.34963E-04 7.77181E-04 7.77181E-04 1.38865E-03 1.38865E-03 2.48120E-03 2.48120E-03 2.48120E-03 4.43334E-03 4.43334E-03 4.43334E-03 4.43334E-03 7.92137E-03 7.92137E-03 7.92137E-03 7.92137E-03 1.41537E-02 1.41537E-02 1.41537E-02 1.41537E-02 1.41537E-02 2.52895E-02 2.52895E-02 2.52895E-02 2.52895E-02 2.52895E-02 4.51866E-02 4.51866E-02 4.51866E-02 4.51866E-02 4.51866E-02 4.51866E-02 8.07383E-02 8.07383E-02 8.07383E-02 8.07383E-02 8.07383E-02 8.07383E-02 8.07383E-02 1.44261E-01 1.44261E-01 1.44261E-01 1.44261E-01 1.44261E-01 1.44261E-01 2.57762E-01 2.57762E-01 2.57762E-01 2.57762E-01 2.57762E-01 2.57762E-01 4.60562E-01 4.60562E-01 4.60562E-01 4.60562E-01 4.60562E-01 4.60562E-01 
1.58489E+00 1.58489E+00 2.51189E+00 1.58489E+00 2.51189E+00 1.58489E+00 2.51189E+00 3.98107E+00 1.58489E+00 2.51189E+00 3.98107E+00 6.30957E+00 1.58489E+00 2.51189E+00 3.98107E+00 6.30957E+00 1.58489E+00 2.51189E+00 3.98107E+00 6.30957E+00 9.99999E+00 1.58489E+00 2.51189E+00 3.98107E+00 6.30957E+00 9.99999E+00 1.58489E+00 2.51189E+00 3.98107E+00 6.30957E+00 9.99999E+00 1.58489E+01 1.58489E+00 2.51189E+00 3.98107E+00 6.30957E+00 9.99999E+00 1.58489E+01 2.51189E+01 2.51189E+00 3.98107E+00 6.30957E+00 9.99999E+00 1.58489E+01 2.51189E+01 3.98107E+00 6.30957E+00 9.99999E+00 1.58489E+01 2.51189E+01 3.98107E+01 6.30957E+00 9.99999E+00 1.58489E+01 2.51189E+01 3.98107E+01 6.30957E+01 
90000 
2.20151E-04 
2.19027E-04 
5.24481E-04 
2.17894E-04 
5.23235E-04 
2.16694E-04 
5.22596E-04 
1.28417E-03 
2.15465E-04 
5.22030E-04 
1.28429E-03 
3.24092E-03 
2.14294E-04 
5.21414E-04 
1.28501E-03 
3.23524E-03 
2.13229E-04 
5.20656E-04 
1.28546E-03 
3.22436E-03 
8.15278E-03 
2.11889E-04 
5.18854E-04 
1.28311E-03 
3.20484E-03 
8.08839E-03 
2.08472E-04 
5.11990E-04 
1.26792E-03 
3.15603E-03 
7.94265E-03 
2.00857E-02 
1.99618E-04 
4.91945E-04 
1.22003E-03 
3.03273E-03 
7.60904E-03 
1.91726E-02 
4.89292E-02 
4.56562E-04 
1.13495E-03 
2.82492E-03 
7.07678E-03 
1.77923E-02 
4.51671E-02 
1.04707E-03 
2.61332E-03 
6.54494E-03 
1.64373E-02 
4.15601E-02 
1.07056E-01 
2.42420E-03 
6.06941E-03 
1.52288E-02 
3.83778E-02 
9.78038E-02 
2.57102E-01 
---
