PdfType: replica
Format: lhagrid1
---
4.34963E-04 7.77181E-04 7.77181E-04 1.38865E-03 1.38865E-03 2.48120E-03 2.48120E-03 2.48120E-03 4.43334E-03 4.43334E-03 4.43334E-03 4.43334E-03 7.92137E-03 7.92137E-03 7.92137E-03 7.92137E-03 1.41537E-02 1.41537E-02 1.41537E-02 1.41537E-02 1.41537E-02 2.52895E-02 2.52895E-02 2.52895E-02 2.52895E-02 2.52895E-02 4.51866E-02 4.51866E-02 4.51866E-02 4.51866E-02 4.51866E-02 4.51866E-02 8.07383E-02 8.07383E-02 8.07383E-02 8.07383E-02 8.07383E-02 8.07383E-02 8.07383E-02 1.44261E-01 1.44261E-01 1.44261E-01 1.44261E-01 1.44261E-01 1.44261E-01 2.57762E-01 2.57762E-01 2.57762E-01 2.57762E-01 2.57762E-01 2.57762E-01 4.60562E-01 4.60562E-01 4.60562E-01 4.60562E-01 4.60562E-01 4.60562E-01 
1.58489E+00 1.58489E+00 2.51189E+00 1.58489E+00 2.51189E+00 1.58489E+00 2.51189E+00 3.98107E+00 1.58489E+00 2.51189E+00 3.98107E+00 6.30957E+00 1.58489E+00 2.51189E+00 3.98107E+00 6.30957E+00 1.58489E+00 2.51189E+00 3.98107E+00 6.30957E+00 9.99999E+00 1.58489E+00 2.51189E+00 3.98107E+00 6.30957E+00 9.99999E+00 1.58489E+00 2.51189E+00 3.98107E+00 6.30957E+00 9.99999E+00 1.58489E+01 1.58489E+00 2.51189E+00 3.98107E+00 6.30957E+00 9.99999E+00 1.58489E+01 2.51189E+01 2.51189E+00 3.98107E+00 6.30957E+00 9.99999E+00 1.58489E+01 2.51189E+01 3.98107E+00 6.30957E+00 9.99999E+00 1.58489E+01 2.51189E+01 3.98107E+01 6.30957E+00 9.99999E+00 1.58489E+01 2.51189E+01 3.98107E+01 6.30957E+01 
90000 
2.19763E-04 
2.18510E-04 
5.23536E-04 
2.17267E-04 
5.22158E-04 
2.16036E-04 
5.21544E-04 
1.28239E-03 
2.14946E-04 
5.21350E-04 
1.28345E-03 
3.23980E-03 
2.14219E-04 
5.21722E-04 
1.28639E-03 
3.23892E-03 
2.14029E-04 
5.22791E-04 
1.29080E-03 
3.23674E-03 
8.18336E-03 
2.13856E-04 
5.23291E-04 
1.29327E-03 
3.22798E-03 
8.14203E-03 
2.11017E-04 
5.17384E-04 
1.27982E-03 
3.18297E-03 
8.00367E-03 
2.02288E-02 
2.01208E-04 
4.95280E-04 
1.22744E-03 
3.04976E-03 
7.64846E-03 
1.92662E-02 
4.91599E-02 
4.58628E-04 
1.14042E-03 
2.83894E-03 
7.11225E-03 
1.78820E-02 
4.53960E-02 
1.05588E-03 
2.63481E-03 
6.59649E-03 
1.65619E-02 
4.18632E-02 
1.07799E-01 
2.43310E-03 
6.09005E-03 
1.52772E-02 
3.84908E-02 
9.80573E-02 
2.57582E-01 
---
