PdfType: replica
Format: lhagrid1
---
4.34963E-04 7.77181E-04 7.77181E-04 1.38865E-03 1.38865E-03 2.48120E-03 2.48120E-03 2.48120E-03 4.43334E-03 4.43334E-03 4.43334E-03 4.43334E-03 7.92137E-03 7.92137E-03 7.92137E-03 7.92137E-03 1.41537E-02 1.41537E-02 1.41537E-02 1.41537E-02 1.41537E-02 2.52895E-02 2.52895E-02 2.52895E-02 2.52895E-02 2.52895E-02 4.51866E-02 4.51866E-02 4.51866E-02 4.51866E-02 4.51866E-02 4.51866E-02 8.07383E-02 8.07383E-02 8.07383E-02 8.07383E-02 8.07383E-02 8.07383E-02 8.07383E-02 1.44261E-01 1.44261E-01 1.44261E-01 1.44261E-01 1.44261E-01 1.44261E-01 2.57762E-01 2.57762E-01 2.57762E-01 2.57762E-01 2.57762E-01 2.57762E-01 4.60562E-01 4.60562E-01 4.60562E-01 4.60562E-01 4.60562E-01 4.60562E-01 
1.58489E+00 1.58489E+00 2.51189E+00 1.58489E+00 2.51189E+00 1.58489E+00 2.51189E+00 3.98107E+00 1.58489E+00 2.51189E+00 3.98107E+00 6.30957E+00 1.58489E+00 2.51189E+00 3.98107E+00 6.30957E+00 1.58489E+00 2.51189E+00 3.98107E+00 6.30957E+00 9.99999E+00 1.58489E+00 2.51189E+00 3.98107E+00 6.30957E+00 9.99999E+00 1.58489E+00 2.51189E+00 3.98107E+00 6.30957E+00 9.99999E+00 1.58489E+01 1.58489E+00 2.51189E+00 3.98107E+00 6.30957E+00 9.99999E+00 1.58489E+01 2.51189E+01 2.51189E+00 3.98107E+00 6.30957E+00 9.99999E+00 1.58489E+01 2.51189E+01 3.98107E+00 6.30957E+00 9.99999E+00 1.58489E+01 2.51189E+01 3.98107E+01 6.30957E+00 9.99999E+00 1.58489E+01 2.51189E+01 3.98107E+01 6.30957E+01 
90000 
2.19952E-04 
2.18752E-04 
5.24033E-04 
2.17510E-04 
5.22576E-04 
2.16163E-04 
5.21643E-04 
1.28226E-03 
2.14743E-04 
5.20697E-04 
1.28163E-03 
3.23494E-03 
2.13349E-04 
5.19653E-04 
1.28148E-03 
3.22756E-03 
2.12085E-04 
5.18544E-04 
1.28123E-03 
3.21539E-03 
8.13267E-03 
2.10736E-04 
5.16786E-04 
1.27903E-03 
3.19650E-03 
8.07021E-03 
2.07779E-04 
5.10855E-04 
1.26585E-03 
3.15236E-03 
7.93546E-03 
2.00722E-02 
1.99763E-04 
4.92391E-04 
1.22116E-03 
3.03597E-03 
7.61703E-03 
1.91934E-02 
4.89911E-02 
4.57037E-04 
1.13569E-03 
2.82625E-03 
7.07932E-03 
1.77977E-02 
4.51820E-02 
1.04470E-03 
2.60675E-03 
6.52848E-03 
1.63955E-02 
4.14541E-02 
1.06792E-01 
2.40260E-03 
6.01169E-03 
1.50770E-02 
3.79835E-02 
9.67956E-02 
2.54609E-01 
---
