PdfType: replica
Format: lhagrid1
---
4.34963E-04 7.77181E-04 7.77181E-04 1.38865E-03 1.38865E-03 2.48120E-03 2.48120E-03 2.48120E-03 4.43334E-03 4.43334E-03 4.43334E-03 4.43334E-03 7.92137E-03 7.92137E-03 7.92137E-03 7.92137E-03 1.41537E-02 1.41537E-02 1.41537E-02 1.41537E-02 1.41537E-02 2.52895E-02 2.52895E-02 2.52895E-02 2.52895E-02 2.52895E-02 4.51866E-02 4.51866E-02 4.51866E-02 4.51866E-02 4.51866E-02 4.51866E-02 8.07383E-02 8.07383E-02 8.07383E-02 8.07383E-02 8.07383E-02 8.07383E-02 8.07383E-02 1.44261E-01 1.44261E-01 1.44261E-01 1.44261E-01 1.44261E-01 1.44261E-01 2.57762E-01 2.57762E-01 2.57762E-01 2.57762E-01 2.57762E-01 2.57762E-01 4.60562E-01 4.60562E-01 4.60562E-01 4.60562E-01 4.60562E-01 4.60562E-01 
1.58489E+00 1.58489E+00 2.51189E+00 1.58489E+00 2.51189E+00 1.58489E+00 2.51189E+00 3.98107E+00 1.58489E+00 2.51189E+00 3.98107E+00 6.30957E+00 1.58489E+00 2.51189E+00 3.98107E+00 6.30957E+00 1.58489E+00 2.51189E+00 3.98107E+00 6.30957E+00 9.99999E+00 1.58489E+00 2.51189E+00 3.98107E+00 6.30957E+00 9.99999E+00 1.58489E+00 2.51189E+00 3.98107E+00 6.30957E+00 9.99999E+00 1.58489E+01 1.58489E+00 2.51189E+00 3.98107E+00 6.30957E+00 9.99999E+00 1.58489E+01 2.51189E+01 2.51189E+00 3.98107E+00 6.30957E+00 9.99999E+00 1.58489E+01 2.51189E+01 3.98107E+00 6.30957E+00 9.99999E+00 1.58489E+01 2.51189E+01 3.98107E+01 6.30957E+00 9.99999E+00 1.58489E+01 2.51189E+01 3.98107E+01 6.30957E+01 
90000 
2.20132E-04 
2.18993E-04 
5.24485E-04 
2.17840E-04 
5.23165E-04 
2.16603E-04 
5.22418E-04 
1.28382E-03 
2.15287E-04 
5.21655E-04 
1.28350E-03 
3.23906E-03 
2.13933E-04 
5.20664E-04 
1.28340E-03 
3.23155E-03 
2.12546E-04 
5.19269E-04 
1.28248E-03 
3.21771E-03 
8.13757E-03 
2.10814E-04 
5.16717E-04 
1.27855E-03 
3.19482E-03 
8.06567E-03 
2.07345E-04 
5.09792E-04 
1.26332E-03 
3.14606E-03 
7.92053E-03 
2.00362E-02 
1.99140E-04 
4.91033E-04 
1.21810E-03 
3.02880E-03 
7.60012E-03 
1.91529E-02 
4.88919E-02 
4.56051E-04 
1.13344E-03 
2.82128E-03 
7.06745E-03 
1.77694E-02 
4.51136E-02 
1.04433E-03 
2.60672E-03 
6.53024E-03 
1.64036E-02 
4.14810E-02 
1.06866E-01 
2.41333E-03 
6.03966E-03 
1.51490E-02 
3.81673E-02 
9.72592E-02 
2.55746E-01 
---
