PdfType: replica
Format: lhagrid1
---
4.34963E-04 7.77181E-04 7.77181E-04 1.38865E-03 1.38865E-03 2.48120E-03 2.48120E-03 2.48120E-03 4.43334E-03 4.43334E-03 4.43334E-03 4.43334E-03 7.92137E-03 7.92137E-03 7.92137E-03 7.92137E-03 1.41537E-02 1.41537E-02 1.41537E-02 1.41537E-02 1.41537E-02 2.52895E-02 2.52895E-02 2.52895E-02 2.52895E-02 2.52895E-02 4.51866E-02 4.51866E-02 4.51866E-02 4.51866E-02 4.51866E-02 4.51866E-02 8.07383E-02 8.07383E-02 8.07383E-02 8.07383E-02 8.07383E-02 8.07383E-02 8.07383E-02 1.44261E-01 1.44261E-01 1.44261E-01 1.44261E-01 1.44261E-01 1.44261E-01 2.57762E-01 2.57762E-01 2.57762E-01 2.57762E-01 2.57762E-01 2.57762E-01 4.60562E-01 4.60562E-01 4.60562E-01 4.60562E-01 4.60562E-01 4.60562E-01 
1.58489E+00 1.58489E+00 2.51189E+00 1.58489E+00 2.51189E+00 1.58489E+00 2.51189E+00 3.98107E+00 1.58489E+00 2.51189E+00 3.98107E+00 6.30957E+00 1.58489E+00 2.51189E+00 3.98107E+00 6.30957E+00 1.58489E+00 2.51189E+00 3.98107E+00 6.30957E+00 9.99999E+00 1.58489E+00 2.51189E+00 3.98107E+00 6.30957E+00 9.99999E+00 1.58489E+00 2.51189E+00 3.98107E+00 6.30957E+00 9.99999E+00 1.58489E+01 1.58489E+00 2.51189E+00 3.98107E+00 6.30957E+00 9.99999E+00 1.58489E+01 2.51189E+01 2.51189E+00 3.98107E+00 6.30957E+00 9.99999E+00 1.58489E+01 2.51189E+01 3.98107E+00 6.30957E+00 9.99999E+00 1.58489E+01 2.51189E+01 3.98107E+01 6.30957E+00 9.99999E+00 1.58489E+01 2.51189E+01 3.98107E+01 6.30957E+01 
90000 
2.19579E-04 
2.18344E-04 
5.23408E-04 
2.17130E-04 
5.22012E-04 
2.15922E-04 
5.21356E-04 
1.28205E-03 
2.14810E-04 
5.21041E-04 
1.28275E-03 
3.23818E-03 
2.13930E-04 
5.21063E-04 
1.28485E-03 
3.23557E-03 
2.13325E-04 
5.21293E-04 
1.28741E-03 
3.22951E-03 
8.16584E-03 
2.12485E-04 
5.20504E-04 
1.28721E-03 
3.21506E-03 
8.11263E-03 
2.09518E-04 
5.14564E-04 
1.27419E-03 
3.17156E-03 
7.98046E-03 
2.01783E-02 
2.01383E-04 
4.96161E-04 
1.23015E-03 
3.05753E-03 
7.66916E-03 
1.93191E-02 
4.92886E-02 
4.61506E-04 
1.14594E-03 
2.85035E-03 
7.13542E-03 
1.79288E-02 
4.54856E-02 
1.04814E-03 
2.61364E-03 
6.54264E-03 
1.64244E-02 
4.15100E-02 
1.06880E-01 
2.38637E-03 
5.96891E-03 
1.49657E-02 
3.76973E-02 
9.60687E-02 
2.52814E-01 
---
