PdfType: replica
Format: lhagrid1
---
4.34963E-04 7.77181E-04 7.77181E-04 1.38865E-03 1.38865E-03 2.48120E-03 2.48120E-03 2.48120E-03 4.43334E-03 4.43334E-03 4.43334E-03 4.43334E-03 7.92137E-03 7.92137E-03 7.92137E-03 7.92137E-03 1.41537E-02 1.41537E-02 1.41537E-02 1.41537E-02 1.41537E-02 2.52895E-02 2.52895E-02 2.52895E-02 2.52895E-02 2.52895E-02 4.51866E-02 4.51866E-02 4.51866E-02 4.51866E-02 4.51866E-02 4.51866E-02 8.07383E-02 8.07383E-02 8.07383E-02 8.07383E-02 8.07383E-02 8.07383E-02 8.07383E-02 1.44261E-01 1.44261E-01 1.44261E-01 1.44261E-01 1.44261E-01 1.44261E-01 2.57762E-01 2.57762E-01 2.57762E-01 2.57762E-01 2.57762E-01 2.57762E-01 4.60562E-01 4.60562E-01 4.60562E-01 4.60562E-01 4.60562E-01 4.60562E-01 
1.58489E+00 1.58489E+00 2.51189E+00 1.58489E+00 2.51189E+00 1.58489E+00 2.51189E+00 3.98107E+00 1.58489E+00 2.51189E+00 3.98107E+00 6.30957E+00 1.58489E+00 2.51189E+00 3.98107E+00 6.30957E+00 1.58489E+00 2.51189E+00 3.98107E+00 6.30957E+00 9.99999E+00 1.58489E+00 2.51189E+00 3.98107E+00 6.30957E+00 9.99999E+00 1.58489E+00 2.51189E+00 3.98107E+00 6.30957E+00 9.99999E+00 1.58489E+01 1.58489E+00 2.51189E+00 3.98107E+00 6.30957E+00 9.99999E+00 1.58489E+01 2.51189E+01 2.51189E+00 3.98107E+00 6.30957E+00 9.99999E+00 1.58489E+01 2.51189E+01 3.98107E+00 6.30957E+00 9.99999E+00 1.58489E+01 2.51189E+01 3.98107E+01 6.30957E+00 9.99999E+00 1.58489E+01 2.51189E+01 3.98107E+01 6.30957E+01 
90000 
2.19736E-04 
2.18323E-04 
5.23104E-04 
2.16817E-04 
5.21204E-04 
2.15174E-04 
5.19753E-04 
1.27837E-03 
2.13483E-04 
5.18313E-04 
1.27681E-03 
3.22424E-03 
2.11956E-04 
5.17019E-04 
1.27621E-03 
3.21598E-03 
2.10856E-04 
5.16226E-04 
1.27660E-03 
3.20516E-03 
8.11026E-03 
2.09981E-04 
5.15294E-04 
1.27581E-03 
3.18912E-03 
8.05283E-03 
2.07096E-04 
5.09072E-04 
1.26114E-03 
3.14054E-03 
7.90467E-03 
1.99944E-02 
1.97703E-04 
4.87326E-04 
1.20879E-03 
3.00580E-03 
7.54407E-03 
1.90164E-02 
4.85581E-02 
4.51140E-04 
1.12289E-03 
2.79701E-03 
7.01311E-03 
1.76451E-02 
4.48250E-02 
1.04390E-03 
2.60613E-03 
6.52813E-03 
1.63976E-02 
4.14665E-02 
1.06843E-01 
2.41909E-03 
6.05692E-03 
1.51983E-02 
3.83029E-02 
9.76148E-02 
2.56586E-01 
---
