PdfType: replica
Format: lhagrid1
---
4.34963E-04 7.77181E-04 7.77181E-04 1.38865E-03 1.38865E-03 2.48120E-03 2.48120E-03 2.48120E-03 4.43334E-03 4.43334E-03 4.43334E-03 4.43334E-03 7.92137E-03 7.92137E-03 7.92137E-03 7.92137E-03 1.41537E-02 1.41537E-02 1.41537E-02 1.41537E-02 1.41537E-02 2.52895E-02 2.52895E-02 2.52895E-02 2.52895E-02 2.52895E-02 4.51866E-02 4.51866E-02 4.51866E-02 4.51866E-02 4.51866E-02 4.51866E-02 8.07383E-02 8.07383E-02 8.07383E-02 8.07383E-02 8.07383E-02 8.07383E-02 8.07383E-02 1.44261E-01 1.44261E-01 1.44261E-01 1.44261E-01 1.44261E-01 1.44261E-01 2.57762E-01 2.57762E-01 2.57762E-01 2.57762E-01 2.57762E-01 2.57762E-01 4.60562E-01 4.60562E-01 4.60562E-01 4.60562E-01 4.60562E-01 4.60562E-01 
1.58489E+00 1.58489E+00 2.51189E+00 1.58489E+00 2.51189E+00 1.58489E+00 2.51189E+00 3.98107E+00 1.58489E+00 2.51189E+00 3.98107E+00 6.30957E+00 1.58489E+00 2.51189E+00 3.98107E+00 6.30957E+00 1.58489E+00 2.51189E+00 3.98107E+00 6.30957E+00 9.99999E+00 1.58489E+00 2.51189E+00 3.98107E+00 6.30957E+00 9.99999E+00 1.58489E+00 2.51189E+00 3.98107E+00 6.30957E+00 9.99999E+00 1.58489E+01 1.58489E+00 2.51189E+00 3.98107E+00 6.30957E+00 9.99999E+00 1.58489E+01 2.51189E+01 2.51189E+00 3.98107E+00 6.30957E+00 9.99999E+00 1.58489E+01 2.51189E+01 3.98107E+00 6.30957E+00 9.99999E+00 1.58489E+01 2.51189E+01 3.98107E+01 6.30957E+00 9.99999E+00 1.58489E+01 2.51189E+01 3.98107E+01 6.30957E+01 
90000 
2.19918E-04 
2.18692E-04 
5.23672E-04 
2.17430E-04 
5.22211E-04 
2.16071E-04 
5.21288E-04 
1.28155E-03 
2.14650E-04 
5.20364E-04 
1.28096E-03 
3.23357E-03 
2.13261E-04 
5.19347E-04 
1.28085E-03 
3.22593E-03 
2.11969E-04 
5.18186E-04 
1.28041E-03 
3.21313E-03 
8.12941E-03 
2.10372E-04 
5.15871E-04 
1.27673E-03 
3.19088E-03 
8.05656E-03 
2.06553E-04 
5.07966E-04 
1.25879E-03 
3.13561E-03 
7.89388E-03 
1.99714E-02 
1.97254E-04 
4.86742E-04 
1.20809E-03 
3.00536E-03 
7.54492E-03 
1.90214E-02 
4.85711E-02 
4.52846E-04 
1.12666E-03 
2.80555E-03 
7.03244E-03 
1.76887E-02 
4.49196E-02 
1.04130E-03 
2.59833E-03 
6.50714E-03 
1.63421E-02 
4.13193E-02 
1.06438E-01 
2.41069E-03 
6.04130E-03 
1.51701E-02 
3.82533E-02 
9.75203E-02 
2.56291E-01 
---
