PdfType: replica
Format: lhagrid1
---
4.34963E-04 7.77181E-04 7.77181E-04 1.38865E-03 1.38865E-03 2.48120E-03 2.48120E-03 2.48120E-03 4.43334E-03 4.43334E-03 4.43334E-03 4.43334E-03 7.92137E-03 7.92137E-03 7.92137E-03 7.92137E-03 1.41537E-02 1.41537E-02 1.41537E-02 1.41537E-02 1.41537E-02 2.52895E-02 2.52895E-02 2.52895E-02 2.52895E-02 2.52895E-02 4.51866E-02 4.51866E-02 4.51866E-02 4.51866E-02 4.51866E-02 4.51866E-02 8.07383E-02 8.07383E-02 8.07383E-02 8.07383E-02 8.07383E-02 8.07383E-02 8.07383E-02 1.44261E-01 1.44261E-01 1.44261E-01 1.44261E-01 1.44261E-01 1.44261E-01 2.57762E-01 2.57762E-01 2.57762E-01 2.57762E-01 2.57762E-01 2.57762E-01 4.60562E-01 4.60562E-01 4.60562E-01 4.60562E-01 4.60562E-01 4.60562E-01 
1.58489E+00 1.58489E+00 2.51189E+00 1.58489E+00 2.51189E+00 1.58489E+00 2.51189E+00 3.98107E+00 1.58489E+00 2.51189E+00 3.98107E+00 6.30957E+00 1.58489E+00 2.51189E+00 3.98107E+00 6.30957E+00 1.58489E+00 2.51189E+00 3.98107E+00 6.30957E+00 9.99999E+00 1.58489E+00 2.51189E+00 3.98107E+00 6.30957E+00 9.99999E+00 1.58489E+00 2.51189E+00 3.98107E+00 6.30957E+00 9.99999E+00 1.58489E+01 1.58489E+00 2.51189E+00 3.98107E+00 6.30957E+00 9.99999E+00 1.58489E+01 2.51189E+01 2.51189E+00 3.98107E+00 6.30957E+00 9.99999E+00 1.58489E+01 2.51189E+01 3.98107E+00 6.30957E+00 9.99999E+00 1.58489E+01 2.51189E+01 3.98107E+01 6.30957E+00 9.99999E+00 1.58489E+01 2.51189E+01 3.98107E+01 6.30957E+01 
90000 
2.15735E-04 
2.14782E-04 
5.17600E-04 
2.14017E-04 
5.16921E-04 
2.13404E-04 
5.17174E-04 
1.27420E-03 
2.12952E-04 
5.17889E-04 
1.27680E-03 
3.22553E-03 
2.12673E-04 
5.18856E-04 
1.28061E-03 
3.22633E-03 
2.12487E-04 
5.19740E-04 
1.28434E-03 
3.22250E-03 
8.14981E-03 
2.11839E-04 
5.19274E-04 
1.28471E-03 
3.20935E-03 
8.09934E-03 
2.08873E-04 
5.13304E-04 
1.27146E-03 
3.16544E-03 
7.96536E-03 
2.01419E-02 
2.00492E-04 
4.94257E-04 
1.22590E-03 
3.04783E-03 
7.64646E-03 
1.92659E-02 
4.91647E-02 
4.60215E-04 
1.14393E-03 
2.84702E-03 
7.13113E-03 
1.79260E-02 
4.54963E-02 
1.05562E-03 
2.63256E-03 
6.58873E-03 
1.65374E-02 
4.17904E-02 
1.07594E-01 
2.40203E-03 
6.00702E-03 
1.50592E-02 
3.79275E-02 
9.66344E-02 
2.54185E-01 
---
