PdfType: replica
Format: lhagrid1
---
4.34963E-04 7.77181E-04 7.77181E-04 1.38865E-03 1.38865E-03 2.48120E-03 2.48120E-03 2.48120E-03 4.43334E-03 4.43334E-03 4.43334E-03 4.43334E-03 7.92137E-03 7.92137E-03 7.92137E-03 7.92137E-03 1.41537E-02 1.41537E-02 1.41537E-02 1.41537E-02 1.41537E-02 2.52895E-02 2.52895E-02 2.52895E-02 2.52895E-02 2.52895E-02 4.51866E-02 4.51866E-02 4.51866E-02 4.51866E-02 4.51866E-02 4.51866E-02 8.07383E-02 8.07383E-02 8.07383E-02 8.07383E-02 8.07383E-02 8.07383E-02 8.07383E-02 1.44261E-01 1.44261E-01 1.44261E-01 1.44261E-01 1.44261E-01 1.44261E-01 2.57762E-01 2.57762E-01 2.57762E-01 2.57762E-01 2.57762E-01 2.57762E-01 4.60562E-01 4.60562E-01 4.60562E-01 4.60562E-01 4.60562E-01 4.60562E-01 
1.58489E+00 1.58489E+00 2.51189E+00 1.58489E+00 2.51189E+00 1.58489E+00 2.51189E+00 3.98107E+00 1.58489E+00 2.51189E+00 3.98107E+00 6.30957E+00 1.58489E+00 2.51189E+00 3.98107E+00 6.30957E+00 1.58489E+00 2.51189E+00 3.98107E+00 6.30957E+00 9.99999E+00 1.58489E+00 2.51189E+00 3.98107E+00 6.30957E+00 9.99999E+00 1.58489E+00 2.51189E+00 3.98107E+00 6.30957E+00 9.99999E+00 1.58489E+01 1.58489E+00 2.51189E+00 3.98107E+00 6.30957E+00 9.99999E+00 1.58489E+01 2.51189E+01 2.51189E+00 3.98107E+00 6.30957E+00 9.99999E+00 1.58489E+01 2.51189E+01 3.98107E+00 6.30957E+00 9.99999E+00 1.58489E+01 2.51189E+01 3.98107E+01 6.30957E+00 9.99999E+00 1.58489E+01 2.51189E+01 3.98107E+01 6.30957E+01 
90000 
2.20282E-04 
2.19246E-04 
5.25020E-04 
2.18216E-04 
5.23942E-04 
2.17114E-04 
5.23465E-04 
1.28594E-03 
2.15925E-04 
5.22971E-04 
1.28623E-03 
3.24415E-03 
2.14652E-04 
5.22177E-04 
1.28659E-03 
3.23793E-03 
2.13230E-04 
5.20756E-04 
1.28565E-03 
3.22451E-03 
8.15074E-03 
2.11276E-04 
5.17769E-04 
1.28081E-03 
3.20005E-03 
8.07588E-03 
2.07489E-04 
5.10158E-04 
1.26411E-03 
3.14816E-03 
7.92486E-03 
2.00443E-02 
1.99239E-04 
4.91293E-04 
1.21875E-03 
3.03041E-03 
7.60452E-03 
1.91646E-02 
4.89240E-02 
4.56695E-04 
1.13469E-03 
2.82363E-03 
7.07215E-03 
1.77790E-02 
4.51357E-02 
1.04157E-03 
2.59876E-03 
6.50865E-03 
1.63464E-02 
4.13325E-02 
1.06490E-01 
2.39417E-03 
5.99190E-03 
1.50300E-02 
3.78714E-02 
9.65294E-02 
2.53995E-01 
---
