PdfType: replica
Format: lhagrid1
---
4.34963E-04 7.77181E-04 7.77181E-04 1.38865E-03 1.38865E-03 2.48120E-03 2.48120E-03 2.48120E-03 4.43334E-03 4.43334E-03 4.43334E-03 4.43334E-03 7.92137E-03 7.92137E-03 7.92137E-03 7.92137E-03 1.41537E-02 1.41537E-02 1.41537E-02 1.41537E-02 1.41537E-02 2.52895E-02 2.52895E-02 2.52895E-02 2.52895E-02 2.52895E-02 4.51866E-02 4.51866E-02 4.51866E-02 4.51866E-02 4.51866E-02 4.51866E-02 8.07383E-02 8.07383E-02 8.07383E-02 8.07383E-02 8.07383E-02 8.07383E-02 8.07383E-02 1.44261E-01 1.44261E-01 1.44261E-01 1.44261E-01 1.44261E-01 1.44261E-01 2.57762E-01 2.57762E-01 2.57762E-01 2.57762E-01 2.57762E-01 2.57762E-01 4.60562E-01 4.60562E-01 4.60562E-01 4.60562E-01 4.60562E-01 4.60562E-01 
1.58489E+00 1.58489E+00 2.51189E+00 1.58489E+00 2.51189E+00 1.58489E+00 2.51189E+00 3.98107E+00 1.58489E+00 2.51189E+00 3.98107E+00 6.30957E+00 1.58489E+00 2.51189E+00 3.98107E+00 6.30957E+00 1.58489E+00 2.51189E+00 3.98107E+00 6.30957E+00 9.99999E+00 1.58489E+00 2.51189E+00 3.98107E+00 6.30957E+00 9.99999E+00 1.58489E+00 2.51189E+00 3.98107E+00 6.30957E+00 9.99999E+00 1.58489E+01 1.58489E+00 2.51189E+00 3.98107E+00 6.30957E+00 9.99999E+00 1.58489E+01 2.51189E+01 2.51189E+00 3.98107E+00 6.30957E+00 9.99999E+00 1.58489E+01 2.51189E+01 3.98107E+00 6.30957E+00 9.99999E+00 1.58489E+01 2.51189E+01 3.98107E+01 6.30957E+00 9.99999E+00 1.58489E+01 2.51189E+01 3.98107E+01 6.30957E+01 
90000 
2.19895E-04 
2.18742E-04 
5.24159E-04 
2.17611E-04 
5.22925E-04 
2.16478E-04 
5.22419E-04 
1.28400E-03 
2.15410E-04 
5.22189E-04 
1.28492E-03 
3.24165E-03 
2.14512E-04 
5.22153E-04 
1.28693E-03 
3.23897E-03 
2.13767E-04 
5.22049E-04 
1.28876E-03 
3.23137E-03 
8.16725E-03 
2.12552E-04 
5.20434E-04 
1.28670E-03 
3.21286E-03 
8.10523E-03 
2.08835E-04 
5.12891E-04 
1.27004E-03 
3.16124E-03 
7.95419E-03 
2.01126E-02 
1.99785E-04 
4.92573E-04 
1.22185E-03 
3.03800E-03 
7.62260E-03 
1.92082E-02 
4.90289E-02 
4.58615E-04 
1.13981E-03 
2.83670E-03 
7.10490E-03 
1.78601E-02 
4.53332E-02 
1.04856E-03 
2.61554E-03 
6.54814E-03 
1.64403E-02 
4.15561E-02 
1.07019E-01 
2.40589E-03 
6.02085E-03 
1.51018E-02 
3.80494E-02 
9.69659E-02 
2.55027E-01 
---
