PdfType: replica
Format: lhagrid1
---
4.34963E-04 7.77181E-04 7.77181E-04 1.38865E-03 1.38865E-03 2.48120E-03 2.48120E-03 2.48120E-03 4.43334E-03 4.43334E-03 4.43334E-03 4.43334E-03 7.92137E-03 7.92137E-03 7.92137E-03 7.92137E-03 1.41537E-02 1.41537E-02 1.41537E-02 1.41537E-02 1.41537E-02 2.52895E-02 2.52895E-02 2.52895E-02 2.52895E-02 2.52895E-02 4.51866E-02 4.51866E-02 4.51866E-02 4.51866E-02 4.51866E-02 4.51866E-02 8.07383E-02 8.07383E-02 8.07383E-02 8.07383E-02 8.07383E-02 8.07383E-02 8.07383E-02 1.44261E-01 1.44261E-01 1.44261E-01 1.44261E-01 1.44261E-01 1.44261E-01 2.57762E-01 2.57762E-01 2.57762E-01 2.57762E-01 2.57762E-01 2.57762E-01 4.60562E-01 4.60562E-01 4.60562E-01 4.60562E-01 4.60562E-01 4.60562E-01 
1.58489E+00 1.58489E+00 2.51189E+00 1.58489E+00 2.51189E+00 1.58489E+00 2.51189E+00 3.98107E+00 1.58489E+00 2.51189E+00 3.98107E+00 6.30957E+00 1.58489E+00 2.51189E+00 3.98107E+00 6.30957E+00 1.58489E+00 2.51189E+00 3.98107E+00 6.30957E+00 9.99999E+00 1.58489E+00 2.51189E+00 3.98107E+00 6.30957E+00 9.99999E+00 1.58489E+00 2.51189E+00 3.98107E+00 6.30957E+00 9.99999E+00 1.58489E+01 1.58489E+00 2.51189E+00 3.98107E+00 6.30957E+00 9.99999E+00 1.58489E+01 2.51189E+01 2.51189E+00 3.98107E+00 6.30957E+00 9.99999E+00 1.58489E+01 2.51189E+01 3.98107E+00 6.30957E+00 9.99999E+00 1.58489E+01 2.51189E+01 3.98107E+01 6.30957E+00 9.99999E+00 1.58489E+01 2.51189E+01 3.98107E+01 6.30957E+01 
90000 
2.19479E-04 
2.18202E-04 
5.23282E-04 
2.16936E-04 
5.21811E-04 
2.15665E-04 
5.21058E-04 
1.28131E-03 
2.14493E-04 
5.20636E-04 
1.28189E-03 
3.23490E-03 
2.13610E-04 
5.20631E-04 
1.28403E-03 
3.23271E-03 
2.13181E-04 
5.21147E-04 
1.28722E-03 
3.22821E-03 
8.15877E-03 
2.12735E-04 
5.21016E-04 
1.28829E-03 
3.21667E-03 
8.11327E-03 
2.09722E-04 
5.14782E-04 
1.27424E-03 
3.17100E-03 
7.97553E-03 
2.01544E-02 
2.00314E-04 
4.93762E-04 
1.22463E-03 
3.04507E-03 
7.63940E-03 
1.92462E-02 
4.90948E-02 
4.60009E-04 
1.14384E-03 
2.84744E-03 
7.13390E-03 
1.79358E-02 
4.55226E-02 
1.05627E-03 
2.63393E-03 
6.59249E-03 
1.65472E-02 
4.18126E-02 
1.07621E-01 
2.41015E-03 
6.03129E-03 
1.51275E-02 
3.81105E-02 
9.70934E-02 
2.55145E-01 
---
