PdfType: replica
Format: lhagrid1
---
4.34963E-04 7.77181E-04 7.77181E-04 1.38865E-03 1.38865E-03 2.48120E-03 2.48120E-03 2.48120E-03 4.43334E-03 4.43334E-03 4.43334E-03 4.43334E-03 7.92137E-03 7.92137E-03 7.92137E-03 7.92137E-03 1.41537E-02 1.41537E-02 1.41537E-02 1.41537E-02 1.41537E-02 2.52895E-02 2.52895E-02 2.52895E-02 2.52895E-02 2.52895E-02 4.51866E-02 4.51866E-02 4.51866E-02 4.51866E-02 4.51866E-02 4.51866E-02 8.07383E-02 8.07383E-02 8.07383E-02 8.07383E-02 8.07383E-02 8.07383E-02 8.07383E-02 1.44261E-01 1.44261E-01 1.44261E-01 1.44261E-01 1.44261E-01 1.44261E-01 2.57762E-01 2.57762E-01 2.57762E-01 2.57762E-01 2.57762E-01 2.57762E-01 4.60562E-01 4.60562E-01 4.60562E-01 4.60562E-01 4.60562E-01 4.60562E-01 
1.58489E+00 1.58489E+00 2.51189E+00 1.58489E+00 2.51189E+00 1.58489E+00 2.51189E+00 3.98107E+00 1.58489E+00 2.51189E+00 3.98107E+00 6.30957E+00 1.58489E+00 2.51189E+00 3.98107E+00 6.30957E+00 1.58489E+00 2.51189E+00 3.98107E+00 6.30957E+00 9.99999E+00 1.58489E+00 2.51189E+00 3.98107E+00 6.30957E+00 9.99999E+00 1.58489E+00 2.51189E+00 3.98107E+00 6.30957E+00 9.99999E+00 1.58489E+01 1.58489E+00 2.51189E+00 3.98107E+00 6.30957E+00 9.99999E+00 1.58489E+01 2.51189E+01 2.51189E+00 3.98107E+00 6.30957E+00 9.99999E+00 1.58489E+01 2.51189E+01 3.98107E+00 6.30957E+00 9.99999E+00 1.58489E+01 2.51189E+01 3.98107E+01 6.30957E+00 9.99999E+00 1.58489E+01 2.51189E+01 3.98107E+01 6.30957E+01 
90000 
2.20012E-04 
2.18786E-04 
5.24074E-04 
2.17519E-04 
5.22567E-04 
2.16155E-04 
5.21603E-04 
1.28217E-03 
2.14735E-04 
5.20673E-04 
1.28159E-03 
3.23482E-03 
2.13362E-04 
5.19699E-04 
1.28159E-03 
3.22781E-03 
2.12120E-04 
5.18636E-04 
1.28139E-03 
3.21561E-03 
8.13264E-03 
2.10707E-04 
5.16638E-04 
1.27847E-03 
3.19466E-03 
8.06472E-03 
2.07450E-04 
5.09855E-04 
1.26313E-03 
3.14488E-03 
7.91640E-03 
2.00237E-02 
1.98833E-04 
4.89990E-04 
1.21511E-03 
3.02072E-03 
7.57900E-03 
1.90990E-02 
4.87596E-02 
4.53468E-04 
1.12704E-03 
2.80577E-03 
7.02900E-03 
1.76746E-02 
4.48821E-02 
1.03856E-03 
2.59256E-03 
6.49584E-03 
1.63196E-02 
4.12740E-02 
1.06349E-01 
2.39762E-03 
6.00123E-03 
1.50545E-02 
3.79344E-02 
9.66831E-02 
2.54318E-01 
---
