PdfType: replica
Format: lhagrid1
---
4.34963E-04 7.77181E-04 7.77181E-04 1.38865E-03 1.38865E-03 2.48120E-03 2.48120E-03 2.48120E-03 4.43334E-03 4.43334E-03 4.43334E-03 4.43334E-03 7.92137E-03 7.92137E-03 7.92137E-03 7.92137E-03 1.41537E-02 1.41537E-02 1.41537E-02 1.41537E-02 1.41537E-02 2.52895E-02 2.52895E-02 2.52895E-02 2.52895E-02 2.52895E-02 4.51866E-02 4.51866E-02 4.51866E-02 4.51866E-02 4.51866E-02 4.51866E-02 8.07383E-02 8.07383E-02 8.07383E-02 8.07383E-02 8.07383E-02 8.07383E-02 8.07383E-02 1.44261E-01 1.44261E-01 1.44261E-01 1.44261E-01 1.44261E-01 1.44261E-01 2.57762E-01 2.57762E-01 2.57762E-01 2.57762E-01 2.57762E-01 2.57762E-01 4.60562E-01 4.60562E-01 4.60562E-01 4.60562E-01 4.60562E-01 4.60562E-01 
1.58489E+00 1.58489E+00 2.51189E+00 1.58489E+00 2.51189E+00 1.58489E+00 2.51189E+00 3.98107E+00 1.58489E+00 2.51189E+00 3.98107E+00 6.30957E+00 1.58489E+00 2.51189E+00 3.98107E+00 6.30957E+00 1.58489E+00 2.51189E+00 3.98107E+00 6.30957E+00 9.99999E+00 1.58489E+00 2.51189E+00 3.98107E+00 6.30957E+00 9.99999E+00 1.58489E+00 2.51189E+00 3.98107E+00 6.30957E+00 9.99999E+00 1.58489E+01 1.58489E+00 2.51189E+00 3.98107E+00 6.30957E+00 9.99999E+00 1.58489E+01 2.51189E+01 2.51189E+00 3.98107E+00 6.30957E+00 9.99999E+00 1.58489E+01 2.51189E+01 3.98107E+00 6.30957E+00 9.99999E+00 1.58489E+01 2.51189E+01 3.98107E+01 6.30957E+00 9.99999E+00 1.58489E+01 2.51189E+01 3.98107E+01 6.30957E+01 
90000 
2.18985E-04 
2.17452E-04 
5.21702E-04 
2.15824E-04 
5.19537E-04 
2.14078E-04 
5.17828E-04 
1.27474E-03 
2.12343E-04 
5.16229E-04 
1.27276E-03 
3.21627E-03 
2.10870E-04 
5.14972E-04 
1.27212E-03 
3.20763E-03 
2.09913E-04 
5.14405E-04 
1.27291E-03 
3.19726E-03 
8.09296E-03 
2.09125E-04 
5.13695E-04 
1.27270E-03 
3.18253E-03 
8.03842E-03 
2.06380E-04 
5.08117E-04 
1.25999E-03 
3.13945E-03 
7.90459E-03 
1.99961E-02 
1.98378E-04 
4.89665E-04 
1.21543E-03 
3.02324E-03 
7.58824E-03 
1.91249E-02 
4.88078E-02 
4.56818E-04 
1.13569E-03 
2.82641E-03 
7.08073E-03 
1.78010E-02 
4.51781E-02 
1.04682E-03 
2.61320E-03 
6.54488E-03 
1.64375E-02 
4.15601E-02 
1.07046E-01 
2.42680E-03 
6.07243E-03 
1.52296E-02 
3.83667E-02 
9.77532E-02 
2.56962E-01 
---
