PdfType: replica
Format: lhagrid1
---
4.34963E-04 7.77181E-04 7.77181E-04 1.38865E-03 1.38865E-03 2.48120E-03 2.48120E-03 2.48120E-03 4.43334E-03 4.43334E-03 4.43334E-03 4.43334E-03 7.92137E-03 7.92137E-03 7.92137E-03 7.92137E-03 1.41537E-02 1.41537E-02 1.41537E-02 1.41537E-02 1.41537E-02 2.52895E-02 2.52895E-02 2.52895E-02 2.52895E-02 2.52895E-02 4.51866E-02 4.51866E-02 4.51866E-02 4.51866E-02 4.51866E-02 4.51866E-02 8.07383E-02 8.07383E-02 8.07383E-02 8.07383E-02 8.07383E-02 8.07383E-02 8.07383E-02 1.44261E-01 1.44261E-01 1.44261E-01 1.44261E-01 1.44261E-01 1.44261E-01 2.57762E-01 2.57762E-01 2.57762E-01 2.57762E-01 2.57762E-01 2.57762E-01 4.60562E-01 4.60562E-01 4.60562E-01 4.60562E-01 4.60562E-01 4.60562E-01 
1.58489E+00 1.58489E+00 2.51189E+00 1.58489E+00 2.51189E+00 1.58489E+00 2.51189E+00 3.98107E+00 1.58489E+00 2.51189E+00 3.98107E+00 6.30957E+00 1.58489E+00 2.51189E+00 3.98107E+00 6.30957E+00 1.58489E+00 2.51189E+00 3.98107E+00 6.30957E+00 9.99999E+00 1.58489E+00 2.51189E+00 3.98107E+00 6.30957E+00 9.99999E+00 1.58489E+00 2.51189E+00 3.98107E+00 6.30957E+00 9.99999E+00 1.58489E+01 1.58489E+00 2.51189E+00 3.98107E+00 6.30957E+00 9.99999E+00 1.58489E+01 2.51189E+01 2.51189E+00 3.98107E+00 6.30957E+00 9.99999E+00 1.58489E+01 2.51189E+01 3.98107E+00 6.30957E+00 9.99999E+00 1.58489E+01 2.51189E+01 3.98107E+01 6.30957E+00 9.99999E+00 1.58489E+01 2.51189E+01 3.98107E+01 6.30957E+01 
90000 
2.19540E-04 
2.18337E-04 
5.23505E-04 
2.17213E-04 
5.22289E-04 
2.16158E-04 
5.21929E-04 
1.28339E-03 
2.15245E-04 
5.21977E-04 
1.28478E-03 
3.24212E-03 
2.14538E-04 
5.22276E-04 
1.28736E-03 
3.24019E-03 
2.13920E-04 
5.22368E-04 
1.28945E-03 
3.23289E-03 
8.17120E-03 
2.12596E-04 
5.20463E-04 
1.28663E-03 
3.21257E-03 
8.10344E-03 
2.08389E-04 
5.11929E-04 
1.26789E-03 
3.15656E-03 
7.94252E-03 
2.00784E-02 
1.99026E-04 
4.91349E-04 
1.21987E-03 
3.03505E-03 
7.61820E-03 
1.91989E-02 
4.89771E-02 
4.60989E-04 
1.14637E-03 
2.85391E-03 
7.14892E-03 
1.79696E-02 
4.55918E-02 
1.05685E-03 
2.63360E-03 
6.58848E-03 
1.65309E-02 
4.17590E-02 
1.07461E-01 
2.38878E-03 
5.98224E-03 
1.50154E-02 
3.78573E-02 
9.65409E-02 
2.54077E-01 
---
