PdfType: replica
Format: lhagrid1
---
4.34963E-04 7.77181E-04 7.77181E-04 1.38865E-03 1.38865E-03 2.48120E-03 2.48120E-03 2.48120E-03 4.43334E-03 4.43334E-03 4.43334E-03 4.43334E-03 7.92137E-03 7.92137E-03 7.92137E-03 7.92137E-03 1.41537E-02 1.41537E-02 1.41537E-02 1.41537E-02 1.41537E-02 2.52895E-02 2.52895E-02 2.52895E-02 2.52895E-02 2.52895E-02 4.51866E-02 4.51866E-02 4.51866E-02 4.51866E-02 4.51866E-02 4.51866E-02 8.07383E-02 8.07383E-02 8.07383E-02 8.07383E-02 8.07383E-02 8.07383E-02 8.07383E-02 1.44261E-01 1.44261E-01 1.44261E-01 1.44261E-01 1.44261E-01 1.44261E-01 2.57762E-01 2.57762E-01 2.57762E-01 2.57762E-01 2.57762E-01 2.57762E-01 4.60562E-01 4.60562E-01 4.60562E-01 4.60562E-01 4.60562E-01 4.60562E-01 
1.58489E+00 1.58489E+00 2.51189E+00 1.58489E+00 2.51189E+00 1.58489E+00 2.51189E+00 3.98107E+00 1.58489E+00 2.51189E+00 3.98107E+00 6.30957E+00 1.58489E+00 2.51189E+00 3.98107E+00 6.30957E+00 1.58489E+00 2.51189E+00 3.98107E+00 6.30957E+00 9.99999E+00 1.58489E+00 2.51189E+00 3.98107E+00 6.30957E+00 9.99999E+00 1.58489E+00 2.51189E+00 3.98107E+00 6.30957E+00 9.99999E+00 1.58489E+01 1.58489E+00 2.51189E+00 3.98107E+00 6.30957E+00 9.99999E+00 1.58489E+01 2.51189E+01 2.51189E+00 3.98107E+00 6.30957E+00 9.99999E+00 1.58489E+01 2.51189E+01 3.98107E+00 6.30957E+00 9.99999E+00 1.58489E+01 2.51189E+01 3.98107E+01 6.30957E+00 9.99999E+00 1.58489E+01 2.51189E+01 3.98107E+01 6.30957E+01 
90000 
2.19861E-04 
2.18720E-04 
5.23913E-04 
2.17604E-04 
5.22697E-04 
2.16468E-04 
5.22176E-04 
1.28342E-03 
2.15347E-04 
5.21819E-04 
1.28397E-03 
3.24018E-03 
2.14295E-04 
5.21441E-04 
1.28517E-03 
3.23534E-03 
2.13269E-04 
5.20786E-04 
1.28587E-03 
3.22500E-03 
8.15438E-03 
2.11814E-04 
5.18887E-04 
1.28351E-03 
3.20607E-03 
8.09163E-03 
2.08509E-04 
5.12545E-04 
1.26988E-03 
3.16185E-03 
7.95764E-03 
2.01240E-02 
2.00708E-04 
4.94692E-04 
1.22668E-03 
3.04925E-03 
7.64830E-03 
1.92671E-02 
4.91616E-02 
4.59228E-04 
1.14042E-03 
2.83688E-03 
7.10317E-03 
1.78515E-02 
4.52999E-02 
1.04580E-03 
2.60986E-03 
6.53661E-03 
1.64161E-02 
4.15023E-02 
1.06876E-01 
2.41208E-03 
6.03503E-03 
1.51344E-02 
3.81241E-02 
9.71354E-02 
2.55395E-01 
---
