PdfType: replica
Format: lhagrid1
---
4.34963E-04 7.77181E-04 7.77181E-04 1.38865E-03 1.38865E-03 2.48120E-03 2.48120E-03 2.48120E-03 4.43334E-03 4.43334E-03 4.43334E-03 4.43334E-03 7.92137E-03 7.92137E-03 7.92137E-03 7.92137E-03 1.41537E-02 1.41537E-02 1.41537E-02 1.41537E-02 1.41537E-02 2.52895E-02 2.52895E-02 2.52895E-02 2.52895E-02 2.52895E-02 4.51866E-02 4.51866E-02 4.51866E-02 4.51866E-02 4.51866E-02 4.51866E-02 8.07383E-02 8.07383E-02 8.07383E-02 8.07383E-02 8.07383E-02 8.07383E-02 8.07383E-02 1.44261E-01 1.44261E-01 1.44261E-01 1.44261E-01 1.44261E-01 1.44261E-01 2.57762E-01 2.57762E-01 2.57762E-01 2.57762E-01 2.57762E-01 2.57762E-01 4.60562E-01 4.60562E-01 4.60562E-01 4.60562E-01 4.60562E-01 4.60562E-01 
1.58489E+00 1.58489E+00 2.51189E+00 1.58489E+00 2.51189E+00 1.58489E+00 2.51189E+00 3.98107E+00 1.58489E+00 2.51189E+00 3.98107E+00 6.30957E+00 1.58489E+00 2.51189E+00 3.98107E+00 6.30957E+00 1.58489E+00 2.51189E+00 3.98107E+00 6.30957E+00 9.99999E+00 1.58489E+00 2.51189E+00 3.98107E+00 6.30957E+00 9.99999E+00 1.58489E+00 2.51189E+00 3.98107E+00 6.30957E+00 9.99999E+00 1.58489E+01 1.58489E+00 2.51189E+00 3.98107E+00 6.30957E+00 9.99999E+00 1.58489E+01 2.51189E+01 2.51189E+00 3.98107E+00 6.30957E+00 9.99999E+00 1.58489E+01 2.51189E+01 3.98107E+00 6.30957E+00 9.99999E+00 1.58489E+01 2.51189E+01 3.98107E+01 6.30957E+00 9.99999E+00 1.58489E+01 2.51189E+01 3.98107E+01 6.30957E+01 
90000 
2.20233E-04 
2.19090E-04 
5.24529E-04 
2.17888E-04 
5.23148E-04 
2.16531E-04 
5.22197E-04 
1.28333E-03 
2.15007E-04 
5.21058E-04 
1.28228E-03 
3.23617E-03 
2.13364E-04 
5.19572E-04 
1.28125E-03 
3.22683E-03 
2.11718E-04 
5.17819E-04 
1.27977E-03 
3.21213E-03 
8.12661E-03 
2.10045E-04 
5.15559E-04 
1.27662E-03 
3.19135E-03 
8.05912E-03 
2.07159E-04 
5.09726E-04 
1.26354E-03 
3.14715E-03 
7.92334E-03 
2.00455E-02 
1.99364E-04 
4.91452E-04 
1.21889E-03 
3.03027E-03 
7.60271E-03 
1.91576E-02 
4.89018E-02 
4.55558E-04 
1.13226E-03 
2.81845E-03 
7.06052E-03 
1.77523E-02 
4.50694E-02 
1.04477E-03 
2.60852E-03 
6.53563E-03 
1.64190E-02 
4.15221E-02 
1.06964E-01 
2.42497E-03 
6.07005E-03 
1.52275E-02 
3.83677E-02 
9.77595E-02 
2.56922E-01 
---
