PdfType: replica
Format: lhagrid1
---
4.34963E-04 7.77181E-04 7.77181E-04 1.38865E-03 1.38865E-03 2.48120E-03 2.48120E-03 2.48120E-03 4.43334E-03 4.43334E-03 4.43334E-03 4.43334E-03 7.92137E-03 7.92137E-03 7.92137E-03 7.92137E-03 1.41537E-02 1.41537E-02 1.41537E-02 1.41537E-02 1.41537E-02 2.52895E-02 2.52895E-02 2.52895E-02 2.52895E-02 2.52895E-02 4.51866E-02 4.51866E-02 4.51866E-02 4.51866E-02 4.51866E-02 4.51866E-02 8.07383E-02 8.07383E-02 8.07383E-02 8.07383E-02 8.07383E-02 8.07383E-02 8.07383E-02 1.44261E-01 1.44261E-01 1.44261E-01 1.44261E-01 1.44261E-01 1.44261E-01 2.57762E-01 2.57762E-01 2.57762E-01 2.57762E-01 2.57762E-01 2.57762E-01 4.60562E-01 4.60562E-01 4.60562E-01 4.60562E-01 4.60562E-01 4.60562E-01 
1.58489E+00 1.58489E+00 2.51189E+00 1.58489E+00 2.51189E+00 1.58489E+00 2.51189E+00 3.98107E+00 1.58489E+00 2.51189E+00 3.98107E+00 6.30957E+00 1.58489E+00 2.51189E+00 3.98107E+00 6.30957E+00 1.58489E+00 2.51189E+00 3.98107E+00 6.30957E+00 9.99999E+00 1.58489E+00 2.51189E+00 3.98107E+00 6.30957E+00 9.99999E+00 1.58489E+00 2.51189E+00 3.98107E+00 6.30957E+00 9.99999E+00 1.58489E+01 1.58489E+00 2.51189E+00 3.98107E+00 6.30957E+00 9.99999E+00 1.58489E+01 2.51189E+01 2.51189E+00 3.98107E+00 6.30957E+00 9.99999E+00 1.58489E+01 2.51189E+01 3.98107E+00 6.30957E+00 9.99999E+00 1.58489E+01 2.51189E+01 3.98107E+01 6.30957E+00 9.99999E+00 1.58489E+01 2.51189E+01 3.98107E+01 6.30957E+01 
90000 
1.08722E-07 
7.71431E-08 
3.83352E-07 
4.93969E-08 
2.39307E-07 
1.78707E-08 
1.12449E-07 
7.82487E-07 
-2.74605E-08 
-3.46822E-08 
1.65252E-07 
1.93977E-06 
-1.02699E-07 
-2.50791E-07 
-5.52696E-07 
-9.64528E-07 
-2.35327E-07 
-6.14311E-07 
-1.61302E-06 
-4.36679E-06 
-1.25922E-05 
-4.69857E-07 
-1.25510E-06 
-3.39500E-06 
-9.48296E-06 
-2.88335E-05 
-8.65952E-07 
-2.36349E-06 
-6.47190E-06 
-1.80823E-05 
-5.38384E-05 
-1.88703E-04 
-1.48964E-06 
-4.16016E-06 
-1.14993E-05 
-3.20836E-05 
-9.34978E-05 
-3.05752E-04 
-1.24657E-03 
-6.87826E-06 
-1.89654E-05 
-5.23933E-05 
-1.48672E-04 
-4.55319E-04 
-1.63453E-03 
-2.96165E-05 
-8.05833E-05 
-2.22768E-04 
-6.45836E-04 
-2.08152E-03 
-8.17288E-03 
-1.25551E-04 
-3.39193E-04 
-9.41773E-04 
-2.79011E-03 
-9.46976E-03 
-4.02992E-02 
---
