PdfType: replica
Format: lhagrid1
---
4.34963E-04 7.77181E-04 7.77181E-04 1.38865E-03 1.38865E-03 2.48120E-03 2.48120E-03 2.48120E-03 4.43334E-03 4.43334E-03 4.43334E-03 4.43334E-03 7.92137E-03 7.92137E-03 7.92137E-03 7.92137E-03 1.41537E-02 1.41537E-02 1.41537E-02 1.41537E-02 1.41537E-02 2.52895E-02 2.52895E-02 2.52895E-02 2.52895E-02 2.52895E-02 4.51866E-02 4.51866E-02 4.51866E-02 4.51866E-02 4.51866E-02 4.51866E-02 8.07383E-02 8.07383E-02 8.07383E-02 8.07383E-02 8.07383E-02 8.07383E-02 8.07383E-02 1.44261E-01 1.44261E-01 1.44261E-01 1.44261E-01 1.44261E-01 1.44261E-01 2.57762E-01 2.57762E-01 2.57762E-01 2.57762E-01 2.57762E-01 2.57762E-01 4.60562E-01 4.60562E-01 4.60562E-01 4.60562E-01 4.60562E-01 4.60562E-01 
1.58489E+00 1.58489E+00 2.51189E+00 1.58489E+00 2.51189E+00 1.58489E+00 2.51189E+00 3.98107E+00 1.58489E+00 2.51189E+00 3.98107E+00 6.30957E+00 1.58489E+00 2.51189E+00 3.98107E+00 6.30957E+00 1.58489E+00 2.51189E+00 3.98107E+00 6.30957E+00 9.99999E+00 1.58489E+00 2.51189E+00 3.98107E+00 6.30957E+00 9.99999E+00 1.58489E+00 2.51189E+00 3.98107E+00 6.30957E+00 9.99999E+00 1.58489E+01 1.58489E+00 2.51189E+00 3.98107E+00 6.30957E+00 9.99999E+00 1.58489E+01 2.51189E+01 2.51189E+00 3.98107E+00 6.30957E+00 9.99999E+00 1.58489E+01 2.51189E+01 3.98107E+00 6.30957E+00 9.99999E+00 1.58489E+01 2.51189E+01 3.98107E+01 6.30957E+00 9.99999E+00 1.58489E+01 2.51189E+01 3.98107E+01 6.30957E+01 
90000 
2.66292E-08 
-8.88853E-09 
1.11298E-07 
-5.72317E-08 
-2.61771E-08 
-1.28124E-07 
-2.09581E-07 
-1.54998E-07 
-2.36657E-07 
-4.82291E-07 
-9.28528E-07 
-1.39946E-06 
-4.07276E-07 
-9.10742E-07 
-2.07798E-06 
-4.75617E-06 
-6.78143E-07 
-1.59648E-06 
-3.88215E-06 
-9.73700E-06 
-2.73326E-05 
-1.09686E-06 
-2.67182E-06 
-6.70678E-06 
-1.73685E-05 
-4.89724E-05 
-1.68655E-06 
-4.22802E-06 
-1.08277E-05 
-2.84345E-05 
-7.93636E-05 
-2.57681E-04 
-2.39917E-06 
-6.14747E-06 
-1.59081E-05 
-4.19443E-05 
-1.15703E-04 
-3.56929E-04 
-1.37523E-03 
-7.87677E-06 
-2.02204E-05 
-5.29439E-05 
-1.44434E-04 
-4.33519E-04 
-1.56916E-03 
-1.96945E-05 
-5.10134E-05 
-1.39002E-04 
-4.20034E-04 
-1.52613E-03 
-7.16034E-03 
-2.80611E-05 
-8.05393E-05 
-2.67325E-04 
-1.09318E-03 
-5.59006E-03 
-3.42353E-02 
---
