PdfType: replica
Format: lhagrid1
---
4.34963E-04 7.77181E-04 7.77181E-04 1.38865E-03 1.38865E-03 2.48120E-03 2.48120E-03 2.48120E-03 4.43334E-03 4.43334E-03 4.43334E-03 4.43334E-03 7.92137E-03 7.92137E-03 7.92137E-03 7.92137E-03 1.41537E-02 1.41537E-02 1.41537E-02 1.41537E-02 1.41537E-02 2.52895E-02 2.52895E-02 2.52895E-02 2.52895E-02 2.52895E-02 4.51866E-02 4.51866E-02 4.51866E-02 4.51866E-02 4.51866E-02 4.51866E-02 8.07383E-02 8.07383E-02 8.07383E-02 8.07383E-02 8.07383E-02 8.07383E-02 8.07383E-02 1.44261E-01 1.44261E-01 1.44261E-01 1.44261E-01 1.44261E-01 1.44261E-01 2.57762E-01 2.57762E-01 2.57762E-01 2.57762E-01 2.57762E-01 2.57762E-01 4.60562E-01 4.60562E-01 4.60562E-01 4.60562E-01 4.60562E-01 4.60562E-01 
1.58489E+00 1.58489E+00 2.51189E+00 1.58489E+00 2.51189E+00 1.58489E+00 2.51189E+00 3.98107E+00 1.58489E+00 2.51189E+00 3.98107E+00 6.30957E+00 1.58489E+00 2.51189E+00 3.98107E+00 6.30957E+00 1.58489E+00 2.51189E+00 3.98107E+00 6.30957E+00 9.99999E+00 1.58489E+00 2.51189E+00 3.98107E+00 6.30957E+00 9.99999E+00 1.58489E+00 2.51189E+00 3.98107E+00 6.30957E+00 9.99999E+00 1.58489E+01 1.58489E+00 2.51189E+00 3.98107E+00 6.30957E+00 9.99999E+00 1.58489E+01 2.51189E+01 2.51189E+00 3.98107E+00 6.30957E+00 9.99999E+00 1.58489E+01 2.51189E+01 3.98107E+00 6.30957E+00 9.99999E+00 1.58489E+01 2.51189E+01 3.98107E+01 6.30957E+00 9.99999E+00 1.58489E+01 2.51189E+01 3.98107E+01 6.30957E+01 
90000 
1.14115E-08 
-3.08694E-08 
1.29301E-07 
-8.63918E-08 
-4.25570E-08 
-1.64533E-07 
-2.51708E-07 
1.42312E-08 
-2.78279E-07 
-5.39490E-07 
-8.64472E-07 
1.64658E-08 
-4.46326E-07 
-9.59818E-07 
-2.03001E-06 
-3.77909E-06 
-6.93801E-07 
-1.58365E-06 
-3.70176E-06 
-8.68318E-06 
-2.02137E-05 
-1.04462E-06 
-2.48689E-06 
-6.11741E-06 
-1.55065E-05 
-4.20127E-05 
-1.49538E-06 
-3.69427E-06 
-9.39426E-06 
-2.46942E-05 
-6.96810E-05 
-2.32980E-04 
-1.99150E-06 
-5.08208E-06 
-1.32130E-05 
-3.53499E-05 
-1.00600E-04 
-3.29085E-04 
-1.37750E-03 
-6.30370E-06 
-1.65681E-05 
-4.46139E-05 
-1.26467E-04 
-4.01237E-04 
-1.55829E-03 
-1.90460E-05 
-5.20614E-05 
-1.47891E-04 
-4.57930E-04 
-1.66358E-03 
-7.63989E-03 
-8.12517E-05 
-2.28490E-04 
-6.73242E-04 
-2.18949E-03 
-8.46428E-03 
-4.11561E-02 
---
