PdfType: replica
Format: lhagrid1
---
4.34963E-04 7.77181E-04 7.77181E-04 1.38865E-03 1.38865E-03 2.48120E-03 2.48120E-03 2.48120E-03 4.43334E-03 4.43334E-03 4.43334E-03 4.43334E-03 7.92137E-03 7.92137E-03 7.92137E-03 7.92137E-03 1.41537E-02 1.41537E-02 1.41537E-02 1.41537E-02 1.41537E-02 2.52895E-02 2.52895E-02 2.52895E-02 2.52895E-02 2.52895E-02 4.51866E-02 4.51866E-02 4.51866E-02 4.51866E-02 4.51866E-02 4.51866E-02 8.07383E-02 8.07383E-02 8.07383E-02 8.07383E-02 8.07383E-02 8.07383E-02 8.07383E-02 1.44261E-01 1.44261E-01 1.44261E-01 1.44261E-01 1.44261E-01 1.44261E-01 2.57762E-01 2.57762E-01 2.57762E-01 2.57762E-01 2.57762E-01 2.57762E-01 4.60562E-01 4.60562E-01 4.60562E-01 4.60562E-01 4.60562E-01 4.60562E-01 
1.58489E+00 1.58489E+00 2.51189E+00 1.58489E+00 2.51189E+00 1.58489E+00 2.51189E+00 3.98107E+00 1.58489E+00 2.51189E+00 3.98107E+00 6.30957E+00 1.58489E+00 2.51189E+00 3.98107E+00 6.30957E+00 1.58489E+00 2.51189E+00 3.98107E+00 6.30957E+00 9.99999E+00 1.58489E+00 2.51189E+00 3.98107E+00 6.30957E+00 9.99999E+00 1.58489E+00 2.51189E+00 3.98107E+00 6.30957E+00 9.99999E+00 1.58489E+01 1.58489E+00 2.51189E+00 3.98107E+00 6.30957E+00 9.99999E+00 1.58489E+01 2.51189E+01 2.51189E+00 3.98107E+00 6.30957E+00 9.99999E+00 1.58489E+01 2.51189E+01 3.98107E+00 6.30957E+00 9.99999E+00 1.58489E+01 2.51189E+01 3.98107E+01 6.30957E+00 9.99999E+00 1.58489E+01 2.51189E+01 3.98107E+01 6.30957E+01 
90000 
-4.60117E-08 
-7.86047E-08 
-1.03805E-07 
-1.32436E-07 
-2.24579E-07 
-2.18957E-07 
-4.22517E-07 
-6.51173E-07 
-3.55977E-07 
-7.43837E-07 
-1.46061E-06 
-1.90892E-06 
-5.70785E-07 
-1.25917E-06 
-2.75312E-06 
-5.42110E-06 
-9.01112E-07 
-2.06466E-06 
-4.79054E-06 
-1.08601E-05 
-2.18328E-05 
-1.37929E-06 
-3.25052E-06 
-7.83524E-06 
-1.90272E-05 
-4.60827E-05 
-1.97804E-06 
-4.78568E-06 
-1.18542E-05 
-2.99348E-05 
-7.81245E-05 
-2.25251E-04 
-2.56320E-06 
-6.32280E-06 
-1.58813E-05 
-4.08401E-05 
-1.10003E-04 
-3.32200E-04 
-1.26464E-03 
-6.92152E-06 
-1.71793E-05 
-4.40634E-05 
-1.19898E-04 
-3.70123E-04 
-1.43045E-03 
-1.16723E-05 
-2.96685E-05 
-8.30612E-05 
-2.76936E-04 
-1.18217E-03 
-6.49416E-03 
4.12725E-07 
-7.74423E-06 
-8.71554E-05 
-6.87983E-04 
-4.97444E-03 
-3.57525E-02 
---
