PdfType: replica
Format: lhagrid1
---
4.34963E-04 7.77181E-04 7.77181E-04 1.38865E-03 1.38865E-03 2.48120E-03 2.48120E-03 2.48120E-03 4.43334E-03 4.43334E-03 4.43334E-03 4.43334E-03 7.92137E-03 7.92137E-03 7.92137E-03 7.92137E-03 1.41537E-02 1.41537E-02 1.41537E-02 1.41537E-02 1.41537E-02 2.52895E-02 2.52895E-02 2.52895E-02 2.52895E-02 2.52895E-02 4.51866E-02 4.51866E-02 4.51866E-02 4.51866E-02 4.51866E-02 4.51866E-02 8.07383E-02 8.07383E-02 8.07383E-02 8.07383E-02 8.07383E-02 8.07383E-02 8.07383E-02 1.44261E-01 1.44261E-01 1.44261E-01 1.44261E-01 1.44261E-01 1.44261E-01 2.57762E-01 2.57762E-01 2.57762E-01 2.57762E-01 2.57762E-01 2.57762E-01 4.60562E-01 4.60562E-01 4.60562E-01 4.60562E-01 4.60562E-01 4.60562E-01 
1.58489E+00 1.58489E+00 2.51189E+00 1.58489E+00 2.51189E+00 1.58489E+00 2.51189E+00 3.98107E+00 1.58489E+00 2.51189E+00 3.98107E+00 6.30957E+00 1.58489E+00 2.51189E+00 3.98107E+00 6.30957E+00 1.58489E+00 2.51189E+00 3.98107E+00 6.30957E+00 9.99999E+00 1.58489E+00 2.51189E+00 3.98107E+00 6.30957E+00 9.99999E+00 1.58489E+00 2.51189E+00 3.98107E+00 6.30957E+00 9.99999E+00 1.58489E+01 1.58489E+00 2.51189E+00 3.98107E+00 6.30957E+00 9.99999E+00 1.58489E+01 2.51189E+01 2.51189E+00 3.98107E+00 6.30957E+00 9.99999E+00 1.58489E+01 2.51189E+01 3.98107E+00 6.30957E+00 9.99999E+00 1.58489E+01 2.51189E+01 3.98107E+01 6.30957E+00 9.99999E+00 1.58489E+01 2.51189E+01 3.98107E+01 6.30957E+01 
90000 
3.09634E-07 
1.60489E-07 
1.07720E-06 
2.70755E-08 
5.30751E-07 
-1.11377E-07 
6.06942E-08 
1.89128E-06 
-2.76361E-07 
-4.26679E-07 
1.91706E-08 
5.81773E-06 
-4.95891E-07 
-1.02307E-06 
-1.88895E-06 
-1.79798E-06 
-8.08209E-07 
-1.83776E-06 
-4.21656E-06 
-9.40667E-06 
-1.91475E-05 
-1.25425E-06 
-2.98801E-06 
-7.32768E-06 
-1.84398E-05 
-4.96588E-05 
-1.83690E-06 
-4.50415E-06 
-1.13443E-05 
-2.94623E-05 
-8.20421E-05 
-2.69571E-04 
-2.44868E-06 
-6.09629E-06 
-1.54791E-05 
-4.04185E-05 
-1.11892E-04 
-3.53725E-04 
-1.42658E-03 
-6.85534E-06 
-1.72478E-05 
-4.47951E-05 
-1.23174E-04 
-3.82352E-04 
-1.47314E-03 
-1.36405E-05 
-3.58573E-05 
-1.01465E-04 
-3.30020E-04 
-1.33301E-03 
-6.92916E-03 
-2.80111E-05 
-8.59296E-05 
-3.04125E-04 
-1.31151E-03 
-6.93899E-03 
-4.32567E-02 
---
