PdfType: replica
Format: lhagrid1
---
4.34963E-04 7.77181E-04 7.77181E-04 1.38865E-03 1.38865E-03 2.48120E-03 2.48120E-03 2.48120E-03 4.43334E-03 4.43334E-03 4.43334E-03 4.43334E-03 7.92137E-03 7.92137E-03 7.92137E-03 7.92137E-03 1.41537E-02 1.41537E-02 1.41537E-02 1.41537E-02 1.41537E-02 2.52895E-02 2.52895E-02 2.52895E-02 2.52895E-02 2.52895E-02 4.51866E-02 4.51866E-02 4.51866E-02 4.51866E-02 4.51866E-02 4.51866E-02 8.07383E-02 8.07383E-02 8.07383E-02 8.07383E-02 8.07383E-02 8.07383E-02 8.07383E-02 1.44261E-01 1.44261E-01 1.44261E-01 1.44261E-01 1.44261E-01 1.44261E-01 2.57762E-01 2.57762E-01 2.57762E-01 2.57762E-01 2.57762E-01 2.57762E-01 4.60562E-01 4.60562E-01 4.60562E-01 4.60562E-01 4.60562E-01 4.60562E-01 
1.58489E+00 1.58489E+00 2.51189E+00 1.58489E+00 2.51189E+00 1.58489E+00 2.51189E+00 3.98107E+00 1.58489E+00 2.51189E+00 3.98107E+00 6.30957E+00 1.58489E+00 2.51189E+00 3.98107E+00 6.30957E+00 1.58489E+00 2.51189E+00 3.98107E+00 6.30957E+00 9.99999E+00 1.58489E+00 2.51189E+00 3.98107E+00 6.30957E+00 9.99999E+00 1.58489E+00 2.51189E+00 3.98107E+00 6.30957E+00 9.99999E+00 1.58489E+01 1.58489E+00 2.51189E+00 3.98107E+00 6.30957E+00 9.99999E+00 1.58489E+01 2.51189E+01 2.51189E+00 3.98107E+00 6.30957E+00 9.99999E+00 1.58489E+01 2.51189E+01 3.98107E+00 6.30957E+00 9.99999E+00 1.58489E+01 2.51189E+01 3.98107E+01 6.30957E+00 9.99999E+00 1.58489E+01 2.51189E+01 3.98107E+01 6.30957E+01 
90000 
4.90782E-08 
-1.51494E-08 
2.52126E-07 
-9.24584E-08 
6.26413E-09 
-1.93772E-07 
-2.74298E-07 
1.99793E-07 
-3.33769E-07 
-6.36862E-07 
-9.36692E-07 
8.32360E-07 
-5.34342E-07 
-1.14210E-06 
-2.35668E-06 
-3.95732E-06 
-8.26815E-07 
-1.87123E-06 
-4.30687E-06 
-9.74771E-06 
-2.00971E-05 
-1.23973E-06 
-2.91066E-06 
-7.05716E-06 
-1.74784E-05 
-4.48383E-05 
-1.75548E-06 
-4.27889E-06 
-1.07371E-05 
-2.76772E-05 
-7.51954E-05 
-2.34458E-04 
-2.31201E-06 
-5.83804E-06 
-1.49545E-05 
-3.91868E-05 
-1.08005E-04 
-3.36283E-04 
-1.32491E-03 
-7.09746E-06 
-1.80061E-05 
-4.68876E-05 
-1.28577E-04 
-3.95329E-04 
-1.49964E-03 
-1.53918E-05 
-3.94557E-05 
-1.08553E-04 
-3.42454E-04 
-1.34551E-03 
-6.86869E-03 
-8.70390E-06 
-3.08267E-05 
-1.47356E-04 
-8.56234E-04 
-5.52603E-03 
-3.81600E-02 
---
