PdfType: replica
Format: lhagrid1
---
4.34963E-04 7.77181E-04 7.77181E-04 1.38865E-03 1.38865E-03 2.48120E-03 2.48120E-03 2.48120E-03 4.43334E-03 4.43334E-03 4.43334E-03 4.43334E-03 7.92137E-03 7.92137E-03 7.92137E-03 7.92137E-03 1.41537E-02 1.41537E-02 1.41537E-02 1.41537E-02 1.41537E-02 2.52895E-02 2.52895E-02 2.52895E-02 2.52895E-02 2.52895E-02 4.51866E-02 4.51866E-02 4.51866E-02 4.51866E-02 4.51866E-02 4.51866E-02 8.07383E-02 8.07383E-02 8.07383E-02 8.07383E-02 8.07383E-02 8.07383E-02 8.07383E-02 1.44261E-01 1.44261E-01 1.44261E-01 1.44261E-01 1.44261E-01 1.44261E-01 2.57762E-01 2.57762E-01 2.57762E-01 2.57762E-01 2.57762E-01 2.57762E-01 4.60562E-01 4.60562E-01 4.60562E-01 4.60562E-01 4.60562E-01 4.60562E-01 
1.58489E+00 1.58489E+00 2.51189E+00 1.58489E+00 2.51189E+00 1.58489E+00 2.51189E+00 3.98107E+00 1.58489E+00 2.51189E+00 3.98107E+00 6.30957E+00 1.58489E+00 2.51189E+00 3.98107E+00 6.30957E+00 1.58489E+00 2.51189E+00 3.98107E+00 6.30957E+00 9.99999E+00 1.58489E+00 2.51189E+00 3.98107E+00 6.30957E+00 9.99999E+00 1.58489E+00 2.51189E+00 3.98107E+00 6.30957E+00 9.99999E+00 1.58489E+01 1.58489E+00 2.51189E+00 3.98107E+00 6.30957E+00 9.99999E+00 1.58489E+01 2.51189E+01 2.51189E+00 3.98107E+00 6.30957E+00 9.99999E+00 1.58489E+01 2.51189E+01 3.98107E+00 6.30957E+00 9.99999E+00 1.58489E+01 2.51189E+01 3.98107E+01 6.30957E+00 9.99999E+00 1.58489E+01 2.51189E+01 3.98107E+01 6.30957E+01 
90000 
2.23166E-08 
3.72168E-08 
5.73852E-08 
6.16449E-08 
9.38179E-08 
9.94209E-08 
1.66253E-07 
1.42978E-07 
1.55856E-07 
2.87170E-07 
3.80171E-07 
-1.08128E-06 
2.37897E-07 
4.74705E-07 
7.93707E-07 
-2.17301E-07 
3.53131E-07 
7.48533E-07 
1.42650E-06 
1.21637E-06 
-1.21824E-05 
5.04720E-07 
1.11527E-06 
2.28386E-06 
3.17133E-06 
-7.81839E-06 
6.78994E-07 
1.52917E-06 
3.20896E-06 
5.14239E-06 
-3.87717E-06 
-1.22601E-04 
8.32169E-07 
1.81775E-06 
3.60818E-06 
5.26134E-06 
-5.73524E-06 
-1.27676E-04 
-1.10104E-03 
1.50798E-06 
1.75988E-06 
-2.00487E-06 
-2.99056E-05 
-1.95312E-04 
-1.20189E-03 
-8.86021E-06 
-3.78725E-05 
-1.41612E-04 
-5.17550E-04 
-1.99920E-03 
-8.85435E-03 
-2.85656E-04 
-9.09631E-04 
-2.78925E-03 
-8.34299E-03 
-2.45862E-02 
-7.23482E-02 
---
