PdfType: replica
Format: lhagrid1
---
4.34963E-04 7.77181E-04 7.77181E-04 1.38865E-03 1.38865E-03 2.48120E-03 2.48120E-03 2.48120E-03 4.43334E-03 4.43334E-03 4.43334E-03 4.43334E-03 7.92137E-03 7.92137E-03 7.92137E-03 7.92137E-03 1.41537E-02 1.41537E-02 1.41537E-02 1.41537E-02 1.41537E-02 2.52895E-02 2.52895E-02 2.52895E-02 2.52895E-02 2.52895E-02 4.51866E-02 4.51866E-02 4.51866E-02 4.51866E-02 4.51866E-02 4.51866E-02 8.07383E-02 8.07383E-02 8.07383E-02 8.07383E-02 8.07383E-02 8.07383E-02 8.07383E-02 1.44261E-01 1.44261E-01 1.44261E-01 1.44261E-01 1.44261E-01 1.44261E-01 2.57762E-01 2.57762E-01 2.57762E-01 2.57762E-01 2.57762E-01 2.57762E-01 4.60562E-01 4.60562E-01 4.60562E-01 4.60562E-01 4.60562E-01 4.60562E-01 
1.58489E+00 1.58489E+00 2.51189E+00 1.58489E+00 2.51189E+00 1.58489E+00 2.51189E+00 3.98107E+00 1.58489E+00 2.51189E+00 3.98107E+00 6.30957E+00 1.58489E+00 2.51189E+00 3.98107E+00 6.30957E+00 1.58489E+00 2.51189E+00 3.98107E+00 6.30957E+00 9.99999E+00 1.58489E+00 2.51189E+00 3.98107E+00 6.30957E+00 9.99999E+00 1.58489E+00 2.51189E+00 3.98107E+00 6.30957E+00 9.99999E+00 1.58489E+01 1.58489E+00 2.51189E+00 3.98107E+00 6.30957E+00 9.99999E+00 1.58489E+01 2.51189E+01 2.51189E+00 3.98107E+00 6.30957E+00 9.99999E+00 1.58489E+01 2.51189E+01 3.98107E+00 6.30957E+00 9.99999E+00 1.58489E+01 2.51189E+01 3.98107E+01 6.30957E+00 9.99999E+00 1.58489E+01 2.51189E+01 3.98107E+01 6.30957E+01 
90000 
1.07721E-07 
3.59551E-08 
4.33525E-07 
-3.33495E-08 
1.64734E-07 
-1.09196E-07 
-8.02624E-08 
7.30867E-07 
-2.00919E-07 
-3.43278E-07 
-2.54767E-07 
2.37151E-06 
-3.20648E-07 
-6.66368E-07 
-1.28446E-06 
-1.73197E-06 
-4.85154E-07 
-1.10253E-06 
-2.55770E-06 
-5.97935E-06 
-1.37275E-05 
-7.14349E-07 
-1.72110E-06 
-4.31106E-06 
-1.13045E-05 
-3.28598E-05 
-1.02373E-06 
-2.60152E-06 
-6.82170E-06 
-1.86522E-05 
-5.61449E-05 
-2.07826E-04 
-1.43385E-06 
-3.83830E-06 
-1.03815E-05 
-2.88320E-05 
-8.58690E-05 
-2.97934E-04 
-1.32853E-03 
-5.62402E-06 
-1.53739E-05 
-4.25588E-05 
-1.23168E-04 
-3.95971E-04 
-1.54330E-03 
-2.23559E-05 
-6.09615E-05 
-1.70774E-04 
-5.12068E-04 
-1.76106E-03 
-7.57237E-03 
-8.84402E-05 
-2.42533E-04 
-6.96252E-04 
-2.20782E-03 
-8.39793E-03 
-4.09512E-02 
---
