PdfType: replica
Format: lhagrid1
---
4.34963E-04 7.77181E-04 7.77181E-04 1.38865E-03 1.38865E-03 2.48120E-03 2.48120E-03 2.48120E-03 4.43334E-03 4.43334E-03 4.43334E-03 4.43334E-03 7.92137E-03 7.92137E-03 7.92137E-03 7.92137E-03 1.41537E-02 1.41537E-02 1.41537E-02 1.41537E-02 1.41537E-02 2.52895E-02 2.52895E-02 2.52895E-02 2.52895E-02 2.52895E-02 4.51866E-02 4.51866E-02 4.51866E-02 4.51866E-02 4.51866E-02 4.51866E-02 8.07383E-02 8.07383E-02 8.07383E-02 8.07383E-02 8.07383E-02 8.07383E-02 8.07383E-02 1.44261E-01 1.44261E-01 1.44261E-01 1.44261E-01 1.44261E-01 1.44261E-01 2.57762E-01 2.57762E-01 2.57762E-01 2.57762E-01 2.57762E-01 2.57762E-01 4.60562E-01 4.60562E-01 4.60562E-01 4.60562E-01 4.60562E-01 4.60562E-01 
1.58489E+00 1.58489E+00 2.51189E+00 1.58489E+00 2.51189E+00 1.58489E+00 2.51189E+00 3.98107E+00 1.58489E+00 2.51189E+00 3.98107E+00 6.30957E+00 1.58489E+00 2.51189E+00 3.98107E+00 6.30957E+00 1.58489E+00 2.51189E+00 3.98107E+00 6.30957E+00 9.99999E+00 1.58489E+00 2.51189E+00 3.98107E+00 6.30957E+00 9.99999E+00 1.58489E+00 2.51189E+00 3.98107E+00 6.30957E+00 9.99999E+00 1.58489E+01 1.58489E+00 2.51189E+00 3.98107E+00 6.30957E+00 9.99999E+00 1.58489E+01 2.51189E+01 2.51189E+00 3.98107E+00 6.30957E+00 9.99999E+00 1.58489E+01 2.51189E+01 3.98107E+00 6.30957E+00 9.99999E+00 1.58489E+01 2.51189E+01 3.98107E+01 6.30957E+00 9.99999E+00 1.58489E+01 2.51189E+01 3.98107E+01 6.30957E+01 
90000 
7.05119E-08 
4.82362E-08 
1.91012E-07 
2.95744E-08 
1.09501E-07 
8.73039E-09 
3.70522E-08 
1.97650E-07 
-2.23973E-08 
-5.43904E-08 
-1.22956E-07 
-3.53060E-07 
-7.74919E-08 
-2.05608E-07 
-5.77130E-07 
-1.82855E-06 
-1.80736E-07 
-4.85811E-07 
-1.36746E-06 
-4.14292E-06 
-1.62897E-05 
-3.71921E-07 
-1.00924E-06 
-2.81372E-06 
-8.21030E-06 
-2.80591E-05 
-7.03223E-07 
-1.93229E-06 
-5.34980E-06 
-1.51869E-05 
-4.70410E-05 
-1.73168E-04 
-1.22581E-06 
-3.40402E-06 
-9.36270E-06 
-2.59847E-05 
-7.50910E-05 
-2.39080E-04 
-9.12471E-04 
-5.50970E-06 
-1.49507E-05 
-4.06374E-05 
-1.12234E-04 
-3.25324E-04 
-1.04748E-03 
-2.17480E-05 
-5.82159E-05 
-1.57557E-04 
-4.40622E-04 
-1.32628E-03 
-4.64383E-03 
-7.61663E-05 
-2.04094E-04 
-5.62257E-04 
-1.64788E-03 
-5.48883E-03 
-2.26939E-02 
---
