PdfType: replica
Format: lhagrid1
---
4.34963E-04 7.77181E-04 7.77181E-04 1.38865E-03 1.38865E-03 2.48120E-03 2.48120E-03 2.48120E-03 4.43334E-03 4.43334E-03 4.43334E-03 4.43334E-03 7.92137E-03 7.92137E-03 7.92137E-03 7.92137E-03 1.41537E-02 1.41537E-02 1.41537E-02 1.41537E-02 1.41537E-02 2.52895E-02 2.52895E-02 2.52895E-02 2.52895E-02 2.52895E-02 4.51866E-02 4.51866E-02 4.51866E-02 4.51866E-02 4.51866E-02 4.51866E-02 8.07383E-02 8.07383E-02 8.07383E-02 8.07383E-02 8.07383E-02 8.07383E-02 8.07383E-02 1.44261E-01 1.44261E-01 1.44261E-01 1.44261E-01 1.44261E-01 1.44261E-01 2.57762E-01 2.57762E-01 2.57762E-01 2.57762E-01 2.57762E-01 2.57762E-01 4.60562E-01 4.60562E-01 4.60562E-01 4.60562E-01 4.60562E-01 4.60562E-01 
1.58489E+00 1.58489E+00 2.51189E+00 1.58489E+00 2.51189E+00 1.58489E+00 2.51189E+00 3.98107E+00 1.58489E+00 2.51189E+00 3.98107E+00 6.30957E+00 1.58489E+00 2.51189E+00 3.98107E+00 6.30957E+00 1.58489E+00 2.51189E+00 3.98107E+00 6.30957E+00 9.99999E+00 1.58489E+00 2.51189E+00 3.98107E+00 6.30957E+00 9.99999E+00 1.58489E+00 2.51189E+00 3.98107E+00 6.30957E+00 9.99999E+00 1.58489E+01 1.58489E+00 2.51189E+00 3.98107E+00 6.30957E+00 9.99999E+00 1.58489E+01 2.51189E+01 2.51189E+00 3.98107E+00 6.30957E+00 9.99999E+00 1.58489E+01 2.51189E+01 3.98107E+00 6.30957E+00 9.99999E+00 1.58489E+01 2.51189E+01 3.98107E+01 6.30957E+00 9.99999E+00 1.58489E+01 2.51189E+01 3.98107E+01 6.30957E+01 
90000 
6.38556E-07 
2.85320E-07 
1.74967E-06 
4.55488E-08 
7.46920E-07 
-1.46146E-07 
6.41805E-08 
2.21087E-06 
-3.29960E-07 
-5.01448E-07 
-4.09953E-08 
6.27179E-06 
-5.36272E-07 
-1.07412E-06 
-1.93392E-06 
-1.64193E-06 
-7.91692E-07 
-1.74793E-06 
-3.90411E-06 
-8.37546E-06 
-1.45126E-05 
-1.11421E-06 
-2.59716E-06 
-6.26332E-06 
-1.55074E-05 
-4.01071E-05 
-1.49547E-06 
-3.64614E-06 
-9.17154E-06 
-2.38787E-05 
-6.66711E-05 
-2.20893E-04 
-1.90252E-06 
-4.81864E-06 
-1.24316E-05 
-3.30448E-05 
-9.39227E-05 
-3.10144E-04 
-1.32742E-03 
-5.85359E-06 
-1.51400E-05 
-4.03008E-05 
-1.14126E-04 
-3.68398E-04 
-1.48584E-03 
-1.51577E-05 
-4.01045E-05 
-1.13073E-04 
-3.61207E-04 
-1.41317E-03 
-7.09769E-03 
-2.82065E-05 
-8.25698E-05 
-2.79926E-04 
-1.16765E-03 
-6.05828E-03 
-3.74301E-02 
---
