PdfType: replica
Format: lhagrid1
---
4.34963E-04 7.77181E-04 7.77181E-04 1.38865E-03 1.38865E-03 2.48120E-03 2.48120E-03 2.48120E-03 4.43334E-03 4.43334E-03 4.43334E-03 4.43334E-03 7.92137E-03 7.92137E-03 7.92137E-03 7.92137E-03 1.41537E-02 1.41537E-02 1.41537E-02 1.41537E-02 1.41537E-02 2.52895E-02 2.52895E-02 2.52895E-02 2.52895E-02 2.52895E-02 4.51866E-02 4.51866E-02 4.51866E-02 4.51866E-02 4.51866E-02 4.51866E-02 8.07383E-02 8.07383E-02 8.07383E-02 8.07383E-02 8.07383E-02 8.07383E-02 8.07383E-02 1.44261E-01 1.44261E-01 1.44261E-01 1.44261E-01 1.44261E-01 1.44261E-01 2.57762E-01 2.57762E-01 2.57762E-01 2.57762E-01 2.57762E-01 2.57762E-01 4.60562E-01 4.60562E-01 4.60562E-01 4.60562E-01 4.60562E-01 4.60562E-01 
1.58489E+00 1.58489E+00 2.51189E+00 1.58489E+00 2.51189E+00 1.58489E+00 2.51189E+00 3.98107E+00 1.58489E+00 2.51189E+00 3.98107E+00 6.30957E+00 1.58489E+00 2.51189E+00 3.98107E+00 6.30957E+00 1.58489E+00 2.51189E+00 3.98107E+00 6.30957E+00 9.99999E+00 1.58489E+00 2.51189E+00 3.98107E+00 6.30957E+00 9.99999E+00 1.58489E+00 2.51189E+00 3.98107E+00 6.30957E+00 9.99999E+00 1.58489E+01 1.58489E+00 2.51189E+00 3.98107E+00 6.30957E+00 9.99999E+00 1.58489E+01 2.51189E+01 2.51189E+00 3.98107E+00 6.30957E+00 9.99999E+00 1.58489E+01 2.51189E+01 3.98107E+00 6.30957E+00 9.99999E+00 1.58489E+01 2.51189E+01 3.98107E+01 6.30957E+00 9.99999E+00 1.58489E+01 2.51189E+01 3.98107E+01 6.30957E+01 
90000 
-1.67876E-08 
-4.88715E-08 
7.66421E-09 
-9.67468E-08 
-1.15485E-07 
-1.68860E-07 
-2.91462E-07 
-2.49693E-07 
-2.77493E-07 
-5.54722E-07 
-9.80209E-07 
-5.74430E-07 
-4.40479E-07 
-9.54455E-07 
-2.03763E-06 
-3.79069E-06 
-6.81678E-07 
-1.55644E-06 
-3.61456E-06 
-8.27271E-06 
-1.72174E-05 
-1.02320E-06 
-2.42761E-06 
-5.91659E-06 
-1.47010E-05 
-3.75707E-05 
-1.45632E-06 
-3.56984E-06 
-8.99272E-06 
-2.33298E-05 
-6.40182E-05 
-2.03504E-04 
-1.90068E-06 
-4.79621E-06 
-1.23707E-05 
-3.28845E-05 
-9.28812E-05 
-3.01405E-04 
-1.25501E-03 
-5.69651E-06 
-1.49557E-05 
-4.03536E-05 
-1.15207E-04 
-3.71179E-04 
-1.47653E-03 
-1.70816E-05 
-4.70809E-05 
-1.35251E-04 
-4.25882E-04 
-1.58264E-03 
-7.43385E-03 
-7.62488E-05 
-2.14298E-04 
-6.31241E-04 
-2.05342E-03 
-7.94614E-03 
-3.86945E-02 
---
