PdfType: replica
Format: lhagrid1
---
4.34963E-04 7.77181E-04 7.77181E-04 1.38865E-03 1.38865E-03 2.48120E-03 2.48120E-03 2.48120E-03 4.43334E-03 4.43334E-03 4.43334E-03 4.43334E-03 7.92137E-03 7.92137E-03 7.92137E-03 7.92137E-03 1.41537E-02 1.41537E-02 1.41537E-02 1.41537E-02 1.41537E-02 2.52895E-02 2.52895E-02 2.52895E-02 2.52895E-02 2.52895E-02 4.51866E-02 4.51866E-02 4.51866E-02 4.51866E-02 4.51866E-02 4.51866E-02 8.07383E-02 8.07383E-02 8.07383E-02 8.07383E-02 8.07383E-02 8.07383E-02 8.07383E-02 1.44261E-01 1.44261E-01 1.44261E-01 1.44261E-01 1.44261E-01 1.44261E-01 2.57762E-01 2.57762E-01 2.57762E-01 2.57762E-01 2.57762E-01 2.57762E-01 4.60562E-01 4.60562E-01 4.60562E-01 4.60562E-01 4.60562E-01 4.60562E-01 
1.58489E+00 1.58489E+00 2.51189E+00 1.58489E+00 2.51189E+00 1.58489E+00 2.51189E+00 3.98107E+00 1.58489E+00 2.51189E+00 3.98107E+00 6.30957E+00 1.58489E+00 2.51189E+00 3.98107E+00 6.30957E+00 1.58489E+00 2.51189E+00 3.98107E+00 6.30957E+00 9.99999E+00 1.58489E+00 2.51189E+00 3.98107E+00 6.30957E+00 9.99999E+00 1.58489E+00 2.51189E+00 3.98107E+00 6.30957E+00 9.99999E+00 1.58489E+01 1.58489E+00 2.51189E+00 3.98107E+00 6.30957E+00 9.99999E+00 1.58489E+01 2.51189E+01 2.51189E+00 3.98107E+00 6.30957E+00 9.99999E+00 1.58489E+01 2.51189E+01 3.98107E+00 6.30957E+00 9.99999E+00 1.58489E+01 2.51189E+01 3.98107E+01 6.30957E+00 9.99999E+00 1.58489E+01 2.51189E+01 3.98107E+01 6.30957E+01 
90000 
9.53541E-08 
6.84426E-08 
3.49505E-07 
4.44009E-08 
2.27329E-07 
1.76372E-08 
1.19857E-07 
8.21464E-07 
-1.86433E-08 
5.95252E-11 
2.98576E-07 
2.58362E-06 
-7.46492E-08 
-1.64747E-07 
-2.80261E-07 
2.99775E-08 
-1.67030E-07 
-4.25395E-07 
-1.08620E-06 
-2.81884E-06 
-7.17100E-06 
-3.22378E-07 
-8.67539E-07 
-2.38699E-06 
-6.87705E-06 
-2.17830E-05 
-5.80352E-07 
-1.63310E-06 
-4.62722E-06 
-1.35096E-05 
-4.27129E-05 
-1.62965E-04 
-1.01138E-06 
-2.96682E-06 
-8.54198E-06 
-2.48074E-05 
-7.58770E-05 
-2.64878E-04 
-1.16598E-03 
-5.38585E-06 
-1.54887E-05 
-4.42854E-05 
-1.30135E-04 
-4.15344E-04 
-1.56636E-03 
-2.85129E-05 
-7.97821E-05 
-2.25542E-04 
-6.64771E-04 
-2.15845E-03 
-8.42032E-03 
-1.63162E-04 
-4.48905E-04 
-1.24736E-03 
-3.57570E-03 
-1.10642E-02 
-4.00744E-02 
---
