PdfType: replica
Format: lhagrid1
---
4.34963E-04 7.77181E-04 7.77181E-04 1.38865E-03 1.38865E-03 2.48120E-03 2.48120E-03 2.48120E-03 4.43334E-03 4.43334E-03 4.43334E-03 4.43334E-03 7.92137E-03 7.92137E-03 7.92137E-03 7.92137E-03 1.41537E-02 1.41537E-02 1.41537E-02 1.41537E-02 1.41537E-02 2.52895E-02 2.52895E-02 2.52895E-02 2.52895E-02 2.52895E-02 4.51866E-02 4.51866E-02 4.51866E-02 4.51866E-02 4.51866E-02 4.51866E-02 8.07383E-02 8.07383E-02 8.07383E-02 8.07383E-02 8.07383E-02 8.07383E-02 8.07383E-02 1.44261E-01 1.44261E-01 1.44261E-01 1.44261E-01 1.44261E-01 1.44261E-01 2.57762E-01 2.57762E-01 2.57762E-01 2.57762E-01 2.57762E-01 2.57762E-01 4.60562E-01 4.60562E-01 4.60562E-01 4.60562E-01 4.60562E-01 4.60562E-01 
1.58489E+00 1.58489E+00 2.51189E+00 1.58489E+00 2.51189E+00 1.58489E+00 2.51189E+00 3.98107E+00 1.58489E+00 2.51189E+00 3.98107E+00 6.30957E+00 1.58489E+00 2.51189E+00 3.98107E+00 6.30957E+00 1.58489E+00 2.51189E+00 3.98107E+00 6.30957E+00 9.99999E+00 1.58489E+00 2.51189E+00 3.98107E+00 6.30957E+00 9.99999E+00 1.58489E+00 2.51189E+00 3.98107E+00 6.30957E+00 9.99999E+00 1.58489E+01 1.58489E+00 2.51189E+00 3.98107E+00 6.30957E+00 9.99999E+00 1.58489E+01 2.51189E+01 2.51189E+00 3.98107E+00 6.30957E+00 9.99999E+00 1.58489E+01 2.51189E+01 3.98107E+00 6.30957E+00 9.99999E+00 1.58489E+01 2.51189E+01 3.98107E+01 6.30957E+00 9.99999E+00 1.58489E+01 2.51189E+01 3.98107E+01 6.30957E+01 
90000 
1.68861E-07 
1.36201E-07 
5.28237E-07 
1.17828E-07 
3.79312E-07 
1.07016E-07 
2.83964E-07 
1.07310E-06 
9.60491E-08 
2.07358E-07 
5.93860E-07 
2.31239E-06 
7.15082E-08 
1.05086E-07 
1.47102E-07 
1.15635E-07 
5.03962E-09 
-1.07653E-07 
-5.39672E-07 
-2.24123E-06 
-9.41025E-06 
-1.63427E-07 
-6.05524E-07 
-1.98250E-06 
-6.43545E-06 
-2.23828E-05 
-5.39789E-07 
-1.70788E-06 
-5.12104E-06 
-1.52902E-05 
-4.79502E-05 
-1.75077E-04 
-1.28595E-06 
-3.90872E-06 
-1.13392E-05 
-3.25930E-05 
-9.65652E-05 
-3.16366E-04 
-1.27151E-03 
-7.85315E-06 
-2.19619E-05 
-6.09404E-05 
-1.72071E-04 
-5.16824E-04 
-1.78298E-03 
-3.62964E-05 
-9.76239E-05 
-2.65502E-04 
-7.48506E-04 
-2.29677E-03 
-8.38411E-03 
-1.33845E-04 
-3.58018E-04 
-9.87468E-04 
-2.91926E-03 
-9.94748E-03 
-4.27119E-02 
---
