PdfType: replica
Format: lhagrid1
---
4.34963E-04 7.77181E-04 7.77181E-04 1.38865E-03 1.38865E-03 2.48120E-03 2.48120E-03 2.48120E-03 4.43334E-03 4.43334E-03 4.43334E-03 4.43334E-03 7.92137E-03 7.92137E-03 7.92137E-03 7.92137E-03 1.41537E-02 1.41537E-02 1.41537E-02 1.41537E-02 1.41537E-02 2.52895E-02 2.52895E-02 2.52895E-02 2.52895E-02 2.52895E-02 4.51866E-02 4.51866E-02 4.51866E-02 4.51866E-02 4.51866E-02 4.51866E-02 8.07383E-02 8.07383E-02 8.07383E-02 8.07383E-02 8.07383E-02 8.07383E-02 8.07383E-02 1.44261E-01 1.44261E-01 1.44261E-01 1.44261E-01 1.44261E-01 1.44261E-01 2.57762E-01 2.57762E-01 2.57762E-01 2.57762E-01 2.57762E-01 2.57762E-01 4.60562E-01 4.60562E-01 4.60562E-01 4.60562E-01 4.60562E-01 4.60562E-01 
1.58489E+00 1.58489E+00 2.51189E+00 1.58489E+00 2.51189E+00 1.58489E+00 2.51189E+00 3.98107E+00 1.58489E+00 2.51189E+00 3.98107E+00 6.30957E+00 1.58489E+00 2.51189E+00 3.98107E+00 6.30957E+00 1.58489E+00 2.51189E+00 3.98107E+00 6.30957E+00 9.99999E+00 1.58489E+00 2.51189E+00 3.98107E+00 6.30957E+00 9.99999E+00 1.58489E+00 2.51189E+00 3.98107E+00 6.30957E+00 9.99999E+00 1.58489E+01 1.58489E+00 2.51189E+00 3.98107E+00 6.30957E+00 9.99999E+00 1.58489E+01 2.51189E+01 2.51189E+00 3.98107E+00 6.30957E+00 9.99999E+00 1.58489E+01 2.51189E+01 3.98107E+00 6.30957E+00 9.99999E+00 1.58489E+01 2.51189E+01 3.98107E+01 6.30957E+00 9.99999E+00 1.58489E+01 2.51189E+01 3.98107E+01 6.30957E+01 
90000 
1.28217E-09 
4.16569E-09 
-1.56834E-08 
8.34034E-09 
-1.26781E-08 
1.39981E-08 
-4.29251E-09 
-2.28043E-07 
2.03938E-08 
4.73395E-09 
-2.15668E-07 
-2.16074E-06 
2.37187E-08 
-2.44227E-09 
-2.63784E-07 
-2.17476E-06 
9.34753E-09 
-8.13528E-08 
-5.50760E-07 
-2.97123E-06 
-1.75805E-05 
-7.36355E-08 
-3.97699E-07 
-1.56718E-06 
-5.96421E-06 
-2.57397E-05 
-3.70259E-07 
-1.36771E-06 
-4.46498E-06 
-1.42907E-05 
-4.92117E-05 
-2.03288E-04 
-1.16891E-06 
-3.75247E-06 
-1.12124E-05 
-3.29240E-05 
-9.98516E-05 
-3.36725E-04 
-1.39576E-03 
-8.40052E-06 
-2.35914E-05 
-6.55061E-05 
-1.84273E-04 
-5.47119E-04 
-1.84274E-03 
-3.99064E-05 
-1.06608E-04 
-2.87656E-04 
-8.01886E-04 
-2.41667E-03 
-8.59101E-03 
-1.31866E-04 
-3.51006E-04 
-9.65189E-04 
-2.85184E-03 
-9.74385E-03 
-4.20446E-02 
---
