PdfType: replica
Format: lhagrid1
---
4.34963E-04 7.77181E-04 7.77181E-04 1.38865E-03 1.38865E-03 2.48120E-03 2.48120E-03 2.48120E-03 4.43334E-03 4.43334E-03 4.43334E-03 4.43334E-03 7.92137E-03 7.92137E-03 7.92137E-03 7.92137E-03 1.41537E-02 1.41537E-02 1.41537E-02 1.41537E-02 1.41537E-02 2.52895E-02 2.52895E-02 2.52895E-02 2.52895E-02 2.52895E-02 4.51866E-02 4.51866E-02 4.51866E-02 4.51866E-02 4.51866E-02 4.51866E-02 8.07383E-02 8.07383E-02 8.07383E-02 8.07383E-02 8.07383E-02 8.07383E-02 8.07383E-02 1.44261E-01 1.44261E-01 1.44261E-01 1.44261E-01 1.44261E-01 1.44261E-01 2.57762E-01 2.57762E-01 2.57762E-01 2.57762E-01 2.57762E-01 2.57762E-01 4.60562E-01 4.60562E-01 4.60562E-01 4.60562E-01 4.60562E-01 4.60562E-01 
1.58489E+00 1.58489E+00 2.51189E+00 1.58489E+00 2.51189E+00 1.58489E+00 2.51189E+00 3.98107E+00 1.58489E+00 2.51189E+00 3.98107E+00 6.30957E+00 1.58489E+00 2.51189E+00 3.98107E+00 6.30957E+00 1.58489E+00 2.51189E+00 3.98107E+00 6.30957E+00 9.99999E+00 1.58489E+00 2.51189E+00 3.98107E+00 6.30957E+00 9.99999E+00 1.58489E+00 2.51189E+00 3.98107E+00 6.30957E+00 9.99999E+00 1.58489E+01 1.58489E+00 2.51189E+00 3.98107E+00 6.30957E+00 9.99999E+00 1.58489E+01 2.51189E+01 2.51189E+00 3.98107E+00 6.30957E+00 9.99999E+00 1.58489E+01 2.51189E+01 3.98107E+00 6.30957E+00 9.99999E+00 1.58489E+01 2.51189E+01 3.98107E+01 6.30957E+00 9.99999E+00 1.58489E+01 2.51189E+01 3.98107E+01 6.30957E+01 
90000 
1.65207E-08 
-2.53361E-08 
1.36743E-07 
-8.09697E-08 
-3.35887E-08 
-1.59603E-07 
-2.45681E-07 
7.92284E-08 
-2.74427E-07 
-5.39334E-07 
-8.11558E-07 
6.54226E-07 
-4.45639E-07 
-9.69823E-07 
-1.99996E-06 
-3.24246E-06 
-7.03443E-07 
-1.61481E-06 
-3.71545E-06 
-8.27738E-06 
-1.57387E-05 
-1.08076E-06 
-2.56208E-06 
-6.21891E-06 
-1.53377E-05 
-3.88576E-05 
-1.56919E-06 
-3.82817E-06 
-9.61703E-06 
-2.48782E-05 
-6.82832E-05 
-2.18432E-04 
-2.06933E-06 
-5.21620E-06 
-1.34336E-05 
-3.55997E-05 
-1.00145E-04 
-3.22950E-04 
-1.33360E-03 
-6.29662E-06 
-1.63889E-05 
-4.37818E-05 
-1.23359E-04 
-3.90078E-04 
-1.51582E-03 
-1.74482E-05 
-4.73356E-05 
-1.34219E-04 
-4.18187E-04 
-1.54332E-03 
-7.23537E-03 
-6.76609E-05 
-1.91673E-04 
-5.74831E-04 
-1.93681E-03 
-7.90558E-03 
-4.07613E-02 
---
