PdfType: replica
Format: lhagrid1
---
4.34963E-04 7.77181E-04 7.77181E-04 1.38865E-03 1.38865E-03 2.48120E-03 2.48120E-03 2.48120E-03 4.43334E-03 4.43334E-03 4.43334E-03 4.43334E-03 7.92137E-03 7.92137E-03 7.92137E-03 7.92137E-03 1.41537E-02 1.41537E-02 1.41537E-02 1.41537E-02 1.41537E-02 2.52895E-02 2.52895E-02 2.52895E-02 2.52895E-02 2.52895E-02 4.51866E-02 4.51866E-02 4.51866E-02 4.51866E-02 4.51866E-02 4.51866E-02 8.07383E-02 8.07383E-02 8.07383E-02 8.07383E-02 8.07383E-02 8.07383E-02 8.07383E-02 1.44261E-01 1.44261E-01 1.44261E-01 1.44261E-01 1.44261E-01 1.44261E-01 2.57762E-01 2.57762E-01 2.57762E-01 2.57762E-01 2.57762E-01 2.57762E-01 4.60562E-01 4.60562E-01 4.60562E-01 4.60562E-01 4.60562E-01 4.60562E-01 
1.58489E+00 1.58489E+00 2.51189E+00 1.58489E+00 2.51189E+00 1.58489E+00 2.51189E+00 3.98107E+00 1.58489E+00 2.51189E+00 3.98107E+00 6.30957E+00 1.58489E+00 2.51189E+00 3.98107E+00 6.30957E+00 1.58489E+00 2.51189E+00 3.98107E+00 6.30957E+00 9.99999E+00 1.58489E+00 2.51189E+00 3.98107E+00 6.30957E+00 9.99999E+00 1.58489E+00 2.51189E+00 3.98107E+00 6.30957E+00 9.99999E+00 1.58489E+01 1.58489E+00 2.51189E+00 3.98107E+00 6.30957E+00 9.99999E+00 1.58489E+01 2.51189E+01 2.51189E+00 3.98107E+00 6.30957E+00 9.99999E+00 1.58489E+01 2.51189E+01 3.98107E+00 6.30957E+00 9.99999E+00 1.58489E+01 2.51189E+01 3.98107E+01 6.30957E+00 9.99999E+00 1.58489E+01 2.51189E+01 3.98107E+01 6.30957E+01 
90000 
-2.77924E-08 
-6.13961E-08 
-6.06972E-08 
-1.11618E-07 
-1.80371E-07 
-1.87050E-07 
-3.56452E-07 
-6.04601E-07 
-3.00315E-07 
-6.23890E-07 
-1.29107E-06 
-2.48862E-06 
-4.69923E-07 
-1.03359E-06 
-2.33290E-06 
-5.29167E-06 
-7.21015E-07 
-1.65509E-06 
-3.92969E-06 
-9.57441E-06 
-2.51718E-05 
-1.07756E-06 
-2.56269E-06 
-6.30702E-06 
-1.60304E-05 
-4.40628E-05 
-1.53343E-06 
-3.77168E-06 
-9.54840E-06 
-2.49602E-05 
-7.00239E-05 
-2.32488E-04 
-2.02008E-06 
-5.11606E-06 
-1.32026E-05 
-3.50408E-05 
-9.88328E-05 
-3.19917E-04 
-1.32545E-03 
-6.14888E-06 
-1.59597E-05 
-4.25318E-05 
-1.19618E-04 
-3.78109E-04 
-1.47209E-03 
-1.66211E-05 
-4.49203E-05 
-1.27657E-04 
-4.02645E-04 
-1.52166E-03 
-7.33550E-03 
-5.78689E-05 
-1.65580E-04 
-5.07772E-04 
-1.77728E-03 
-7.60648E-03 
-4.07911E-02 
---
