PdfType: replica
Format: lhagrid1
---
4.34963E-04 7.77181E-04 7.77181E-04 1.38865E-03 1.38865E-03 2.48120E-03 2.48120E-03 2.48120E-03 4.43334E-03 4.43334E-03 4.43334E-03 4.43334E-03 7.92137E-03 7.92137E-03 7.92137E-03 7.92137E-03 1.41537E-02 1.41537E-02 1.41537E-02 1.41537E-02 1.41537E-02 2.52895E-02 2.52895E-02 2.52895E-02 2.52895E-02 2.52895E-02 4.51866E-02 4.51866E-02 4.51866E-02 4.51866E-02 4.51866E-02 4.51866E-02 8.07383E-02 8.07383E-02 8.07383E-02 8.07383E-02 8.07383E-02 8.07383E-02 8.07383E-02 1.44261E-01 1.44261E-01 1.44261E-01 1.44261E-01 1.44261E-01 1.44261E-01 2.57762E-01 2.57762E-01 2.57762E-01 2.57762E-01 2.57762E-01 2.57762E-01 4.60562E-01 4.60562E-01 4.60562E-01 4.60562E-01 4.60562E-01 4.60562E-01 
1.58489E+00 1.58489E+00 2.51189E+00 1.58489E+00 2.51189E+00 1.58489E+00 2.51189E+00 3.98107E+00 1.58489E+00 2.51189E+00 3.98107E+00 6.30957E+00 1.58489E+00 2.51189E+00 3.98107E+00 6.30957E+00 1.58489E+00 2.51189E+00 3.98107E+00 6.30957E+00 9.99999E+00 1.58489E+00 2.51189E+00 3.98107E+00 6.30957E+00 9.99999E+00 1.58489E+00 2.51189E+00 3.98107E+00 6.30957E+00 9.99999E+00 1.58489E+01 1.58489E+00 2.51189E+00 3.98107E+00 6.30957E+00 9.99999E+00 1.58489E+01 2.51189E+01 2.51189E+00 3.98107E+00 6.30957E+00 9.99999E+00 1.58489E+01 2.51189E+01 3.98107E+00 6.30957E+00 9.99999E+00 1.58489E+01 2.51189E+01 3.98107E+01 6.30957E+00 9.99999E+00 1.58489E+01 2.51189E+01 3.98107E+01 6.30957E+01 
90000 
6.07643E-08 
4.44196E-08 
2.53466E-07 
2.89976E-08 
1.64226E-07 
1.13311E-08 
8.54010E-08 
6.45628E-07 
-1.38282E-08 
-4.85760E-09 
2.21568E-07 
1.91325E-06 
-5.73468E-08 
-1.42924E-07 
-2.87241E-07 
-3.33427E-07 
-1.43336E-07 
-4.04443E-07 
-1.12385E-06 
-3.24031E-06 
-1.00439E-05 
-3.24298E-07 
-9.50462E-07 
-2.76228E-06 
-8.27136E-06 
-2.75515E-05 
-7.03838E-07 
-2.09648E-06 
-6.09768E-06 
-1.79184E-05 
-5.65794E-05 
-2.13189E-04 
-1.47319E-06 
-4.38083E-06 
-1.25432E-05 
-3.57370E-05 
-1.05613E-04 
-3.47295E-04 
-1.40749E-03 
-8.46315E-06 
-2.33727E-05 
-6.41341E-05 
-1.78958E-04 
-5.29437E-04 
-1.78965E-03 
-3.65032E-05 
-9.69603E-05 
-2.61318E-04 
-7.33814E-04 
-2.26325E-03 
-8.41542E-03 
-1.08963E-04 
-2.90373E-04 
-8.11833E-04 
-2.51104E-03 
-9.34677E-03 
-4.48958E-02 
---
