PdfType: replica
Format: lhagrid1
---
4.34963E-04 7.77181E-04 7.77181E-04 1.38865E-03 1.38865E-03 2.48120E-03 2.48120E-03 2.48120E-03 4.43334E-03 4.43334E-03 4.43334E-03 4.43334E-03 7.92137E-03 7.92137E-03 7.92137E-03 7.92137E-03 1.41537E-02 1.41537E-02 1.41537E-02 1.41537E-02 1.41537E-02 2.52895E-02 2.52895E-02 2.52895E-02 2.52895E-02 2.52895E-02 4.51866E-02 4.51866E-02 4.51866E-02 4.51866E-02 4.51866E-02 4.51866E-02 8.07383E-02 8.07383E-02 8.07383E-02 8.07383E-02 8.07383E-02 8.07383E-02 8.07383E-02 1.44261E-01 1.44261E-01 1.44261E-01 1.44261E-01 1.44261E-01 1.44261E-01 2.57762E-01 2.57762E-01 2.57762E-01 2.57762E-01 2.57762E-01 2.57762E-01 4.60562E-01 4.60562E-01 4.60562E-01 4.60562E-01 4.60562E-01 4.60562E-01 
1.58489E+00 1.58489E+00 2.51189E+00 1.58489E+00 2.51189E+00 1.58489E+00 2.51189E+00 3.98107E+00 1.58489E+00 2.51189E+00 3.98107E+00 6.30957E+00 1.58489E+00 2.51189E+00 3.98107E+00 6.30957E+00 1.58489E+00 2.51189E+00 3.98107E+00 6.30957E+00 9.99999E+00 1.58489E+00 2.51189E+00 3.98107E+00 6.30957E+00 9.99999E+00 1.58489E+00 2.51189E+00 3.98107E+00 6.30957E+00 9.99999E+00 1.58489E+01 1.58489E+00 2.51189E+00 3.98107E+00 6.30957E+00 9.99999E+00 1.58489E+01 2.51189E+01 2.51189E+00 3.98107E+00 6.30957E+00 9.99999E+00 1.58489E+01 2.51189E+01 3.98107E+00 6.30957E+00 9.99999E+00 1.58489E+01 2.51189E+01 3.98107E+01 6.30957E+00 9.99999E+00 1.58489E+01 2.51189E+01 3.98107E+01 6.30957E+01 
90000 
1.40112E-07 
2.60781E-08 
5.88811E-07 
-8.57848E-08 
1.82864E-07 
-2.07818E-07 
-1.94765E-07 
9.51064E-07 
-3.51714E-07 
-5.97138E-07 
-4.96230E-07 
3.74421E-06 
-5.31382E-07 
-1.07033E-06 
-1.96693E-06 
-2.05959E-06 
-7.62637E-07 
-1.65774E-06 
-3.64223E-06 
-7.68469E-06 
-1.31369E-05 
-1.04803E-06 
-2.37779E-06 
-5.62714E-06 
-1.37861E-05 
-3.60382E-05 
-1.33489E-06 
-3.14917E-06 
-7.79074E-06 
-2.02721E-05 
-5.81529E-05 
-2.06247E-04 
-1.51667E-06 
-3.73866E-06 
-9.56183E-06 
-2.56858E-05 
-7.59829E-05 
-2.71339E-04 
-1.27883E-03 
-3.89682E-06 
-1.02258E-05 
-2.81076E-05 
-8.43886E-05 
-2.98282E-04 
-1.33587E-03 
-1.05847E-05 
-3.04166E-05 
-9.28895E-05 
-3.19695E-04 
-1.32492E-03 
-6.86091E-03 
-6.39755E-05 
-1.88662E-04 
-5.76761E-04 
-1.92224E-03 
-7.50282E-03 
-3.63953E-02 
---
