PdfType: replica
Format: lhagrid1
---
4.34963E-04 7.77181E-04 7.77181E-04 1.38865E-03 1.38865E-03 2.48120E-03 2.48120E-03 2.48120E-03 4.43334E-03 4.43334E-03 4.43334E-03 4.43334E-03 7.92137E-03 7.92137E-03 7.92137E-03 7.92137E-03 1.41537E-02 1.41537E-02 1.41537E-02 1.41537E-02 1.41537E-02 2.52895E-02 2.52895E-02 2.52895E-02 2.52895E-02 2.52895E-02 4.51866E-02 4.51866E-02 4.51866E-02 4.51866E-02 4.51866E-02 4.51866E-02 8.07383E-02 8.07383E-02 8.07383E-02 8.07383E-02 8.07383E-02 8.07383E-02 8.07383E-02 1.44261E-01 1.44261E-01 1.44261E-01 1.44261E-01 1.44261E-01 1.44261E-01 2.57762E-01 2.57762E-01 2.57762E-01 2.57762E-01 2.57762E-01 2.57762E-01 4.60562E-01 4.60562E-01 4.60562E-01 4.60562E-01 4.60562E-01 4.60562E-01 
1.58489E+00 1.58489E+00 2.51189E+00 1.58489E+00 2.51189E+00 1.58489E+00 2.51189E+00 3.98107E+00 1.58489E+00 2.51189E+00 3.98107E+00 6.30957E+00 1.58489E+00 2.51189E+00 3.98107E+00 6.30957E+00 1.58489E+00 2.51189E+00 3.98107E+00 6.30957E+00 9.99999E+00 1.58489E+00 2.51189E+00 3.98107E+00 6.30957E+00 9.99999E+00 1.58489E+00 2.51189E+00 3.98107E+00 6.30957E+00 9.99999E+00 1.58489E+01 1.58489E+00 2.51189E+00 3.98107E+00 6.30957E+00 9.99999E+00 1.58489E+01 2.51189E+01 2.51189E+00 3.98107E+00 6.30957E+00 9.99999E+00 1.58489E+01 2.51189E+01 3.98107E+00 6.30957E+00 9.99999E+00 1.58489E+01 2.51189E+01 3.98107E+01 6.30957E+00 9.99999E+00 1.58489E+01 2.51189E+01 3.98107E+01 6.30957E+01 
90000 
4.66638E-09 
-3.01982E-08 
8.25657E-08 
-7.86683E-08 
-5.31073E-08 
-1.49261E-07 
-2.33894E-07 
-9.75656E-09 
-2.54379E-07 
-4.95225E-07 
-7.70573E-07 
3.91603E-07 
-4.12863E-07 
-8.86965E-07 
-1.83366E-06 
-3.02169E-06 
-6.51101E-07 
-1.47603E-06 
-3.39422E-06 
-7.60841E-06 
-1.50105E-05 
-9.89982E-07 
-2.32665E-06 
-5.65732E-06 
-1.40683E-05 
-3.61591E-05 
-1.40200E-06 
-3.43166E-06 
-8.68906E-06 
-2.27213E-05 
-6.29934E-05 
-2.02476E-04 
-1.82136E-06 
-4.68315E-06 
-1.22447E-05 
-3.28501E-05 
-9.31302E-05 
-3.00539E-04 
-1.23061E-03 
-5.98607E-06 
-1.58626E-05 
-4.28899E-05 
-1.21593E-04 
-3.84051E-04 
-1.47940E-03 
-1.92366E-05 
-5.24275E-05 
-1.48545E-04 
-4.58994E-04 
-1.66507E-03 
-7.64134E-03 
-7.54719E-05 
-2.11464E-04 
-6.21431E-04 
-2.02168E-03 
-7.86752E-03 
-3.87896E-02 
---
