PdfType: replica
Format: lhagrid1
---
4.34963E-04 7.77181E-04 7.77181E-04 1.38865E-03 1.38865E-03 2.48120E-03 2.48120E-03 2.48120E-03 4.43334E-03 4.43334E-03 4.43334E-03 4.43334E-03 7.92137E-03 7.92137E-03 7.92137E-03 7.92137E-03 1.41537E-02 1.41537E-02 1.41537E-02 1.41537E-02 1.41537E-02 2.52895E-02 2.52895E-02 2.52895E-02 2.52895E-02 2.52895E-02 4.51866E-02 4.51866E-02 4.51866E-02 4.51866E-02 4.51866E-02 4.51866E-02 8.07383E-02 8.07383E-02 8.07383E-02 8.07383E-02 8.07383E-02 8.07383E-02 8.07383E-02 1.44261E-01 1.44261E-01 1.44261E-01 1.44261E-01 1.44261E-01 1.44261E-01 2.57762E-01 2.57762E-01 2.57762E-01 2.57762E-01 2.57762E-01 2.57762E-01 4.60562E-01 4.60562E-01 4.60562E-01 4.60562E-01 4.60562E-01 4.60562E-01 
1.58489E+00 1.58489E+00 2.51189E+00 1.58489E+00 2.51189E+00 1.58489E+00 2.51189E+00 3.98107E+00 1.58489E+00 2.51189E+00 3.98107E+00 6.30957E+00 1.58489E+00 2.51189E+00 3.98107E+00 6.30957E+00 1.58489E+00 2.51189E+00 3.98107E+00 6.30957E+00 9.99999E+00 1.58489E+00 2.51189E+00 3.98107E+00 6.30957E+00 9.99999E+00 1.58489E+00 2.51189E+00 3.98107E+00 6.30957E+00 9.99999E+00 1.58489E+01 1.58489E+00 2.51189E+00 3.98107E+00 6.30957E+00 9.99999E+00 1.58489E+01 2.51189E+01 2.51189E+00 3.98107E+00 6.30957E+00 9.99999E+00 1.58489E+01 2.51189E+01 3.98107E+00 6.30957E+00 9.99999E+00 1.58489E+01 2.51189E+01 3.98107E+01 6.30957E+00 9.99999E+00 1.58489E+01 2.51189E+01 3.98107E+01 6.30957E+01 
90000 
6.41468E-08 
-2.03947E-09 
2.90869E-07 
-7.79631E-08 
4.22977E-08 
-1.75021E-07 
-2.30407E-07 
3.11210E-07 
-3.07617E-07 
-5.77000E-07 
-7.97009E-07 
1.17385E-06 
-4.96056E-07 
-1.05942E-06 
-2.17450E-06 
-3.53804E-06 
-7.69384E-07 
-1.76369E-06 
-4.09435E-06 
-9.29697E-06 
-1.89824E-05 
-1.16520E-06 
-2.80596E-06 
-6.90698E-06 
-1.72629E-05 
-4.45808E-05 
-1.72169E-06 
-4.30874E-06 
-1.09639E-05 
-2.84831E-05 
-7.78308E-05 
-2.44103E-04 
-2.45919E-06 
-6.27470E-06 
-1.61507E-05 
-4.23941E-05 
-1.16795E-04 
-3.62789E-04 
-1.42516E-03 
-8.03973E-06 
-2.02953E-05 
-5.25298E-05 
-1.42922E-04 
-4.34930E-04 
-1.63201E-03 
-1.62647E-05 
-4.09340E-05 
-1.11251E-04 
-3.50441E-04 
-1.39394E-03 
-7.25683E-03 
-5.80119E-07 
-1.11463E-05 
-1.05478E-04 
-8.22803E-04 
-6.08568E-03 
-4.52729E-02 
---
