PdfType: replica
Format: lhagrid1
---
4.34963E-04 7.77181E-04 7.77181E-04 1.38865E-03 1.38865E-03 2.48120E-03 2.48120E-03 2.48120E-03 4.43334E-03 4.43334E-03 4.43334E-03 4.43334E-03 7.92137E-03 7.92137E-03 7.92137E-03 7.92137E-03 1.41537E-02 1.41537E-02 1.41537E-02 1.41537E-02 1.41537E-02 2.52895E-02 2.52895E-02 2.52895E-02 2.52895E-02 2.52895E-02 4.51866E-02 4.51866E-02 4.51866E-02 4.51866E-02 4.51866E-02 4.51866E-02 8.07383E-02 8.07383E-02 8.07383E-02 8.07383E-02 8.07383E-02 8.07383E-02 8.07383E-02 1.44261E-01 1.44261E-01 1.44261E-01 1.44261E-01 1.44261E-01 1.44261E-01 2.57762E-01 2.57762E-01 2.57762E-01 2.57762E-01 2.57762E-01 2.57762E-01 4.60562E-01 4.60562E-01 4.60562E-01 4.60562E-01 4.60562E-01 4.60562E-01 
1.58489E+00 1.58489E+00 2.51189E+00 1.58489E+00 2.51189E+00 1.58489E+00 2.51189E+00 3.98107E+00 1.58489E+00 2.51189E+00 3.98107E+00 6.30957E+00 1.58489E+00 2.51189E+00 3.98107E+00 6.30957E+00 1.58489E+00 2.51189E+00 3.98107E+00 6.30957E+00 9.99999E+00 1.58489E+00 2.51189E+00 3.98107E+00 6.30957E+00 9.99999E+00 1.58489E+00 2.51189E+00 3.98107E+00 6.30957E+00 9.99999E+00 1.58489E+01 1.58489E+00 2.51189E+00 3.98107E+00 6.30957E+00 9.99999E+00 1.58489E+01 2.51189E+01 2.51189E+00 3.98107E+00 6.30957E+00 9.99999E+00 1.58489E+01 2.51189E+01 3.98107E+00 6.30957E+00 9.99999E+00 1.58489E+01 2.51189E+01 3.98107E+01 6.30957E+00 9.99999E+00 1.58489E+01 2.51189E+01 3.98107E+01 6.30957E+01 
90000 
-4.41061E-09 
-4.14582E-08 
4.96166E-08 
-9.38576E-08 
-9.19257E-08 
-1.70632E-07 
-2.84176E-07 
-1.72446E-07 
-2.84821E-07 
-5.64590E-07 
-9.69825E-07 
-3.47859E-07 
-4.55641E-07 
-9.86241E-07 
-2.09912E-06 
-3.85111E-06 
-7.09444E-07 
-1.62164E-06 
-3.77287E-06 
-8.64630E-06 
-1.80734E-05 
-1.07205E-06 
-2.54981E-06 
-6.23104E-06 
-1.55105E-05 
-3.96920E-05 
-1.54075E-06 
-3.79508E-06 
-9.58470E-06 
-2.48547E-05 
-6.78540E-05 
-2.12403E-04 
-2.05709E-06 
-5.21728E-06 
-1.34566E-05 
-3.55983E-05 
-9.93174E-05 
-3.14370E-04 
-1.26207E-03 
-6.39934E-06 
-1.65991E-05 
-4.41472E-05 
-1.23513E-04 
-3.86343E-04 
-1.48088E-03 
-1.73437E-05 
-4.67329E-05 
-1.31917E-04 
-4.10468E-04 
-1.51891E-03 
-7.16066E-03 
-6.19835E-05 
-1.76900E-04 
-5.37346E-04 
-1.84771E-03 
-7.73696E-03 
-4.07946E-02 
---
