PdfType: replica
Format: lhagrid1
---
4.34963E-04 7.77181E-04 7.77181E-04 1.38865E-03 1.38865E-03 2.48120E-03 2.48120E-03 2.48120E-03 4.43334E-03 4.43334E-03 4.43334E-03 4.43334E-03 7.92137E-03 7.92137E-03 7.92137E-03 7.92137E-03 1.41537E-02 1.41537E-02 1.41537E-02 1.41537E-02 1.41537E-02 2.52895E-02 2.52895E-02 2.52895E-02 2.52895E-02 2.52895E-02 4.51866E-02 4.51866E-02 4.51866E-02 4.51866E-02 4.51866E-02 4.51866E-02 8.07383E-02 8.07383E-02 8.07383E-02 8.07383E-02 8.07383E-02 8.07383E-02 8.07383E-02 1.44261E-01 1.44261E-01 1.44261E-01 1.44261E-01 1.44261E-01 1.44261E-01 2.57762E-01 2.57762E-01 2.57762E-01 2.57762E-01 2.57762E-01 2.57762E-01 4.60562E-01 4.60562E-01 4.60562E-01 4.60562E-01 4.60562E-01 4.60562E-01 
1.58489E+00 1.58489E+00 2.51189E+00 1.58489E+00 2.51189E+00 1.58489E+00 2.51189E+00 3.98107E+00 1.58489E+00 2.51189E+00 3.98107E+00 6.30957E+00 1.58489E+00 2.51189E+00 3.98107E+00 6.30957E+00 1.58489E+00 2.51189E+00 3.98107E+00 6.30957E+00 9.99999E+00 1.58489E+00 2.51189E+00 3.98107E+00 6.30957E+00 9.99999E+00 1.58489E+00 2.51189E+00 3.98107E+00 6.30957E+00 9.99999E+00 1.58489E+01 1.58489E+00 2.51189E+00 3.98107E+00 6.30957E+00 9.99999E+00 1.58489E+01 2.51189E+01 2.51189E+00 3.98107E+00 6.30957E+00 9.99999E+00 1.58489E+01 2.51189E+01 3.98107E+00 6.30957E+00 9.99999E+00 1.58489E+01 2.51189E+01 3.98107E+01 6.30957E+00 9.99999E+00 1.58489E+01 2.51189E+01 3.98107E+01 6.30957E+01 
90000 
3.47615E-08 
-1.51195E-08 
1.92049E-07 
-7.69352E-08 
-8.60520E-09 
-1.61520E-07 
-2.43988E-07 
1.19782E-07 
-2.84408E-07 
-5.62586E-07 
-8.68971E-07 
4.49441E-07 
-4.69957E-07 
-1.03120E-06 
-2.17080E-06 
-3.80737E-06 
-7.55624E-07 
-1.74498E-06 
-4.06223E-06 
-9.28332E-06 
-1.94995E-05 
-1.18330E-06 
-2.81241E-06 
-6.85531E-06 
-1.70063E-05 
-4.37238E-05 
-1.74305E-06 
-4.25117E-06 
-1.06665E-05 
-2.74750E-05 
-7.46286E-05 
-2.32955E-04 
-2.31344E-06 
-5.81852E-06 
-1.49150E-05 
-3.91771E-05 
-1.08271E-04 
-3.37727E-04 
-1.33018E-03 
-7.01402E-06 
-1.80885E-05 
-4.77754E-05 
-1.32375E-04 
-4.08062E-04 
-1.53420E-03 
-1.82752E-05 
-4.85879E-05 
-1.35557E-04 
-4.17853E-04 
-1.53737E-03 
-7.23435E-03 
-4.97783E-05 
-1.41471E-04 
-4.36109E-04 
-1.55715E-03 
-6.86254E-03 
-3.77519E-02 
---
