PdfType: replica
Format: lhagrid1
---
4.34963E-04 7.77181E-04 7.77181E-04 1.38865E-03 1.38865E-03 2.48120E-03 2.48120E-03 2.48120E-03 4.43334E-03 4.43334E-03 4.43334E-03 4.43334E-03 7.92137E-03 7.92137E-03 7.92137E-03 7.92137E-03 1.41537E-02 1.41537E-02 1.41537E-02 1.41537E-02 1.41537E-02 2.52895E-02 2.52895E-02 2.52895E-02 2.52895E-02 2.52895E-02 4.51866E-02 4.51866E-02 4.51866E-02 4.51866E-02 4.51866E-02 4.51866E-02 8.07383E-02 8.07383E-02 8.07383E-02 8.07383E-02 8.07383E-02 8.07383E-02 8.07383E-02 1.44261E-01 1.44261E-01 1.44261E-01 1.44261E-01 1.44261E-01 1.44261E-01 2.57762E-01 2.57762E-01 2.57762E-01 2.57762E-01 2.57762E-01 2.57762E-01 4.60562E-01 4.60562E-01 4.60562E-01 4.60562E-01 4.60562E-01 4.60562E-01 
1.58489E+00 1.58489E+00 2.51189E+00 1.58489E+00 2.51189E+00 1.58489E+00 2.51189E+00 3.98107E+00 1.58489E+00 2.51189E+00 3.98107E+00 6.30957E+00 1.58489E+00 2.51189E+00 3.98107E+00 6.30957E+00 1.58489E+00 2.51189E+00 3.98107E+00 6.30957E+00 9.99999E+00 1.58489E+00 2.51189E+00 3.98107E+00 6.30957E+00 9.99999E+00 1.58489E+00 2.51189E+00 3.98107E+00 6.30957E+00 9.99999E+00 1.58489E+01 1.58489E+00 2.51189E+00 3.98107E+00 6.30957E+00 9.99999E+00 1.58489E+01 2.51189E+01 2.51189E+00 3.98107E+00 6.30957E+00 9.99999E+00 1.58489E+01 2.51189E+01 3.98107E+00 6.30957E+00 9.99999E+00 1.58489E+01 2.51189E+01 3.98107E+01 6.30957E+00 9.99999E+00 1.58489E+01 2.51189E+01 3.98107E+01 6.30957E+01 
90000 
8.35308E-08 
5.98777E-09 
4.32562E-07 
-8.25861E-08 
1.34464E-07 
-1.92612E-07 
-1.84213E-07 
9.00055E-07 
-3.36156E-07 
-5.68815E-07 
-4.16382E-07 
4.17551E-06 
-5.28423E-07 
-1.06743E-06 
-1.92295E-06 
-1.58388E-06 
-7.86697E-07 
-1.73105E-06 
-3.80570E-06 
-7.80822E-06 
-1.11783E-05 
-1.11926E-06 
-2.59236E-06 
-6.19012E-06 
-1.50987E-05 
-3.83230E-05 
-1.49437E-06 
-3.59414E-06 
-8.96092E-06 
-2.32657E-05 
-6.55939E-05 
-2.23557E-04 
-1.80579E-06 
-4.47388E-06 
-1.14319E-05 
-3.04320E-05 
-8.78250E-05 
-2.99441E-04 
-1.33348E-03 
-4.78362E-06 
-1.24946E-05 
-3.38483E-05 
-9.83655E-05 
-3.28855E-04 
-1.37783E-03 
-1.37021E-05 
-3.85914E-05 
-1.14048E-04 
-3.74283E-04 
-1.46861E-03 
-7.27906E-03 
-7.27035E-05 
-2.07572E-04 
-6.25140E-04 
-2.10179E-03 
-8.48784E-03 
-4.30562E-02 
---
