PdfType: replica
Format: lhagrid1
---
4.34963E-04 7.77181E-04 7.77181E-04 1.38865E-03 1.38865E-03 2.48120E-03 2.48120E-03 2.48120E-03 4.43334E-03 4.43334E-03 4.43334E-03 4.43334E-03 7.92137E-03 7.92137E-03 7.92137E-03 7.92137E-03 1.41537E-02 1.41537E-02 1.41537E-02 1.41537E-02 1.41537E-02 2.52895E-02 2.52895E-02 2.52895E-02 2.52895E-02 2.52895E-02 4.51866E-02 4.51866E-02 4.51866E-02 4.51866E-02 4.51866E-02 4.51866E-02 8.07383E-02 8.07383E-02 8.07383E-02 8.07383E-02 8.07383E-02 8.07383E-02 8.07383E-02 1.44261E-01 1.44261E-01 1.44261E-01 1.44261E-01 1.44261E-01 1.44261E-01 2.57762E-01 2.57762E-01 2.57762E-01 2.57762E-01 2.57762E-01 2.57762E-01 4.60562E-01 4.60562E-01 4.60562E-01 4.60562E-01 4.60562E-01 4.60562E-01 
1.58489E+00 1.58489E+00 2.51189E+00 1.58489E+00 2.51189E+00 1.58489E+00 2.51189E+00 3.98107E+00 1.58489E+00 2.51189E+00 3.98107E+00 6.30957E+00 1.58489E+00 2.51189E+00 3.98107E+00 6.30957E+00 1.58489E+00 2.51189E+00 3.98107E+00 6.30957E+00 9.99999E+00 1.58489E+00 2.51189E+00 3.98107E+00 6.30957E+00 9.99999E+00 1.58489E+00 2.51189E+00 3.98107E+00 6.30957E+00 9.99999E+00 1.58489E+01 1.58489E+00 2.51189E+00 3.98107E+00 6.30957E+00 9.99999E+00 1.58489E+01 2.51189E+01 2.51189E+00 3.98107E+00 6.30957E+00 9.99999E+00 1.58489E+01 2.51189E+01 3.98107E+00 6.30957E+00 9.99999E+00 1.58489E+01 2.51189E+01 3.98107E+01 6.30957E+00 9.99999E+00 1.58489E+01 2.51189E+01 3.98107E+01 6.30957E+01 
90000 
3.51720E-07 
1.46543E-07 
1.12087E-06 
-1.81029E-08 
4.58556E-07 
-1.70727E-07 
-5.91622E-08 
1.54498E-06 
-3.33001E-07 
-5.41878E-07 
-3.20452E-07 
4.32271E-06 
-5.26190E-07 
-1.07219E-06 
-2.04488E-06 
-2.66202E-06 
-7.74289E-07 
-1.72989E-06 
-3.96359E-06 
-9.08875E-06 
-2.08614E-05 
-1.10092E-06 
-2.59701E-06 
-6.37233E-06 
-1.62738E-05 
-4.57172E-05 
-1.51483E-06 
-3.72926E-06 
-9.47994E-06 
-2.50411E-05 
-7.19886E-05 
-2.49452E-04 
-1.99783E-06 
-5.07912E-06 
-1.31422E-05 
-3.50010E-05 
-9.93815E-05 
-3.25289E-04 
-1.36439E-03 
-6.30406E-06 
-1.62418E-05 
-4.29365E-05 
-1.19697E-04 
-3.74867E-04 
-1.44723E-03 
-1.57668E-05 
-4.14193E-05 
-1.15522E-04 
-3.63162E-04 
-1.39504E-03 
-6.91728E-03 
-3.06398E-05 
-9.10165E-05 
-3.11404E-04 
-1.30397E-03 
-6.77332E-03 
-4.18970E-02 
---
