PdfType: replica
Format: lhagrid1
---
4.34963E-04 7.77181E-04 7.77181E-04 1.38865E-03 1.38865E-03 2.48120E-03 2.48120E-03 2.48120E-03 4.43334E-03 4.43334E-03 4.43334E-03 4.43334E-03 7.92137E-03 7.92137E-03 7.92137E-03 7.92137E-03 1.41537E-02 1.41537E-02 1.41537E-02 1.41537E-02 1.41537E-02 2.52895E-02 2.52895E-02 2.52895E-02 2.52895E-02 2.52895E-02 4.51866E-02 4.51866E-02 4.51866E-02 4.51866E-02 4.51866E-02 4.51866E-02 8.07383E-02 8.07383E-02 8.07383E-02 8.07383E-02 8.07383E-02 8.07383E-02 8.07383E-02 1.44261E-01 1.44261E-01 1.44261E-01 1.44261E-01 1.44261E-01 1.44261E-01 2.57762E-01 2.57762E-01 2.57762E-01 2.57762E-01 2.57762E-01 2.57762E-01 4.60562E-01 4.60562E-01 4.60562E-01 4.60562E-01 4.60562E-01 4.60562E-01 
1.58489E+00 1.58489E+00 2.51189E+00 1.58489E+00 2.51189E+00 1.58489E+00 2.51189E+00 3.98107E+00 1.58489E+00 2.51189E+00 3.98107E+00 6.30957E+00 1.58489E+00 2.51189E+00 3.98107E+00 6.30957E+00 1.58489E+00 2.51189E+00 3.98107E+00 6.30957E+00 9.99999E+00 1.58489E+00 2.51189E+00 3.98107E+00 6.30957E+00 9.99999E+00 1.58489E+00 2.51189E+00 3.98107E+00 6.30957E+00 9.99999E+00 1.58489E+01 1.58489E+00 2.51189E+00 3.98107E+00 6.30957E+00 9.99999E+00 1.58489E+01 2.51189E+01 2.51189E+00 3.98107E+00 6.30957E+00 9.99999E+00 1.58489E+01 2.51189E+01 3.98107E+00 6.30957E+00 9.99999E+00 1.58489E+01 2.51189E+01 3.98107E+01 6.30957E+00 9.99999E+00 1.58489E+01 2.51189E+01 3.98107E+01 6.30957E+01 
90000 
8.00813E-08 
1.17829E-07 
1.94129E-07 
1.73804E-07 
2.97466E-07 
2.52744E-07 
4.61319E-07 
6.71190E-07 
3.60848E-07 
6.98817E-07 
1.19223E-06 
1.58824E-07 
5.05202E-07 
1.02462E-06 
1.93258E-06 
1.91666E-06 
6.88968E-07 
1.43981E-06 
2.88204E-06 
4.16511E-06 
-7.71071E-06 
8.91534E-07 
1.89028E-06 
3.89310E-06 
6.47076E-06 
-2.03278E-06 
1.03484E-06 
2.19025E-06 
4.46132E-06 
7.43113E-06 
-5.06657E-07 
-1.23116E-04 
1.00254E-06 
1.95726E-06 
3.37922E-06 
3.45189E-06 
-1.30646E-05 
-1.52176E-04 
-1.17159E-03 
3.39706E-07 
-2.24243E-06 
-1.42259E-05 
-6.46707E-05 
-2.86215E-04 
-1.39342E-03 
-2.17168E-05 
-7.38186E-05 
-2.38175E-04 
-7.62074E-04 
-2.53007E-03 
-9.34487E-03 
-3.90908E-04 
-1.17856E-03 
-3.45155E-03 
-9.84465E-03 
-2.71395E-02 
-6.99809E-02 
---
