PdfType: replica
Format: lhagrid1
---
4.34963E-04 7.77181E-04 7.77181E-04 1.38865E-03 1.38865E-03 2.48120E-03 2.48120E-03 2.48120E-03 4.43334E-03 4.43334E-03 4.43334E-03 4.43334E-03 7.92137E-03 7.92137E-03 7.92137E-03 7.92137E-03 1.41537E-02 1.41537E-02 1.41537E-02 1.41537E-02 1.41537E-02 2.52895E-02 2.52895E-02 2.52895E-02 2.52895E-02 2.52895E-02 4.51866E-02 4.51866E-02 4.51866E-02 4.51866E-02 4.51866E-02 4.51866E-02 8.07383E-02 8.07383E-02 8.07383E-02 8.07383E-02 8.07383E-02 8.07383E-02 8.07383E-02 1.44261E-01 1.44261E-01 1.44261E-01 1.44261E-01 1.44261E-01 1.44261E-01 2.57762E-01 2.57762E-01 2.57762E-01 2.57762E-01 2.57762E-01 2.57762E-01 4.60562E-01 4.60562E-01 4.60562E-01 4.60562E-01 4.60562E-01 4.60562E-01 
1.58489E+00 1.58489E+00 2.51189E+00 1.58489E+00 2.51189E+00 1.58489E+00 2.51189E+00 3.98107E+00 1.58489E+00 2.51189E+00 3.98107E+00 6.30957E+00 1.58489E+00 2.51189E+00 3.98107E+00 6.30957E+00 1.58489E+00 2.51189E+00 3.98107E+00 6.30957E+00 9.99999E+00 1.58489E+00 2.51189E+00 3.98107E+00 6.30957E+00 9.99999E+00 1.58489E+00 2.51189E+00 3.98107E+00 6.30957E+00 9.99999E+00 1.58489E+01 1.58489E+00 2.51189E+00 3.98107E+00 6.30957E+00 9.99999E+00 1.58489E+01 2.51189E+01 2.51189E+00 3.98107E+00 6.30957E+00 9.99999E+00 1.58489E+01 2.51189E+01 3.98107E+00 6.30957E+00 9.99999E+00 1.58489E+01 2.51189E+01 3.98107E+01 6.30957E+00 9.99999E+00 1.58489E+01 2.51189E+01 3.98107E+01 6.30957E+01 
90000 
7.41988E-08 
4.75417E-08 
2.64626E-07 
2.05365E-08 
1.43081E-07 
-1.41810E-08 
2.10090E-08 
4.26342E-07 
-6.68643E-08 
-1.35809E-07 
-1.54065E-07 
7.13251E-07 
-1.54341E-07 
-3.74980E-07 
-8.82720E-07 
-1.94244E-06 
-3.05712E-07 
-7.74516E-07 
-1.98615E-06 
-5.23120E-06 
-1.42299E-05 
-5.66173E-07 
-1.45973E-06 
-3.82671E-06 
-1.03083E-05 
-2.93471E-05 
-9.80374E-07 
-2.58801E-06 
-6.91031E-06 
-1.88327E-05 
-5.39913E-05 
-1.78685E-04 
-1.56674E-06 
-4.28526E-06 
-1.16814E-05 
-3.22337E-05 
-9.29002E-05 
-3.00499E-04 
-1.21605E-03 
-6.71134E-06 
-1.83930E-05 
-5.06628E-05 
-1.43995E-04 
-4.44979E-04 
-1.62795E-03 
-2.76660E-05 
-7.52827E-05 
-2.08829E-04 
-6.10740E-04 
-2.00105E-03 
-8.03590E-03 
-1.14673E-04 
-3.11246E-04 
-8.66457E-04 
-2.56211E-03 
-8.60561E-03 
-3.58926E-02 
---
