PdfType: replica
Format: lhagrid1
---
4.34963E-04 7.77181E-04 7.77181E-04 1.38865E-03 1.38865E-03 2.48120E-03 2.48120E-03 2.48120E-03 4.43334E-03 4.43334E-03 4.43334E-03 4.43334E-03 7.92137E-03 7.92137E-03 7.92137E-03 7.92137E-03 1.41537E-02 1.41537E-02 1.41537E-02 1.41537E-02 1.41537E-02 2.52895E-02 2.52895E-02 2.52895E-02 2.52895E-02 2.52895E-02 4.51866E-02 4.51866E-02 4.51866E-02 4.51866E-02 4.51866E-02 4.51866E-02 8.07383E-02 8.07383E-02 8.07383E-02 8.07383E-02 8.07383E-02 8.07383E-02 8.07383E-02 1.44261E-01 1.44261E-01 1.44261E-01 1.44261E-01 1.44261E-01 1.44261E-01 2.57762E-01 2.57762E-01 2.57762E-01 2.57762E-01 2.57762E-01 2.57762E-01 4.60562E-01 4.60562E-01 4.60562E-01 4.60562E-01 4.60562E-01 4.60562E-01 
1.58489E+00 1.58489E+00 2.51189E+00 1.58489E+00 2.51189E+00 1.58489E+00 2.51189E+00 3.98107E+00 1.58489E+00 2.51189E+00 3.98107E+00 6.30957E+00 1.58489E+00 2.51189E+00 3.98107E+00 6.30957E+00 1.58489E+00 2.51189E+00 3.98107E+00 6.30957E+00 9.99999E+00 1.58489E+00 2.51189E+00 3.98107E+00 6.30957E+00 9.99999E+00 1.58489E+00 2.51189E+00 3.98107E+00 6.30957E+00 9.99999E+00 1.58489E+01 1.58489E+00 2.51189E+00 3.98107E+00 6.30957E+00 9.99999E+00 1.58489E+01 2.51189E+01 2.51189E+00 3.98107E+00 6.30957E+00 9.99999E+00 1.58489E+01 2.51189E+01 3.98107E+00 6.30957E+00 9.99999E+00 1.58489E+01 2.51189E+01 3.98107E+01 6.30957E+00 9.99999E+00 1.58489E+01 2.51189E+01 3.98107E+01 6.30957E+01 
90000 
3.20968E-07 
1.38644E-07 
1.08408E-06 
-1.79347E-08 
4.68808E-07 
-1.72395E-07 
-4.32183E-08 
1.69555E-06 
-3.43720E-07 
-5.44745E-07 
-2.05810E-07 
5.51040E-06 
-5.50340E-07 
-1.10543E-06 
-2.00675E-06 
-1.82675E-06 
-8.10238E-07 
-1.78475E-06 
-3.97167E-06 
-8.48306E-06 
-1.46141E-05 
-1.13229E-06 
-2.62087E-06 
-6.27397E-06 
-1.54386E-05 
-3.97882E-05 
-1.49183E-06 
-3.57631E-06 
-8.88583E-06 
-2.29701E-05 
-6.40807E-05 
-2.14328E-04 
-1.79860E-06 
-4.43515E-06 
-1.12884E-05 
-2.99172E-05 
-8.57959E-05 
-2.90670E-04 
-1.29201E-03 
-4.74721E-06 
-1.23771E-05 
-3.35796E-05 
-9.83530E-05 
-3.34445E-04 
-1.43494E-03 
-1.31624E-05 
-3.73154E-05 
-1.11472E-04 
-3.71491E-04 
-1.48246E-03 
-7.43409E-03 
-7.25948E-05 
-2.07102E-04 
-6.18208E-04 
-2.03619E-03 
-7.97473E-03 
-3.92818E-02 
---
