PdfType: replica
Format: lhagrid1
---
4.34963E-04 7.77181E-04 7.77181E-04 1.38865E-03 1.38865E-03 2.48120E-03 2.48120E-03 2.48120E-03 4.43334E-03 4.43334E-03 4.43334E-03 4.43334E-03 7.92137E-03 7.92137E-03 7.92137E-03 7.92137E-03 1.41537E-02 1.41537E-02 1.41537E-02 1.41537E-02 1.41537E-02 2.52895E-02 2.52895E-02 2.52895E-02 2.52895E-02 2.52895E-02 4.51866E-02 4.51866E-02 4.51866E-02 4.51866E-02 4.51866E-02 4.51866E-02 8.07383E-02 8.07383E-02 8.07383E-02 8.07383E-02 8.07383E-02 8.07383E-02 8.07383E-02 1.44261E-01 1.44261E-01 1.44261E-01 1.44261E-01 1.44261E-01 1.44261E-01 2.57762E-01 2.57762E-01 2.57762E-01 2.57762E-01 2.57762E-01 2.57762E-01 4.60562E-01 4.60562E-01 4.60562E-01 4.60562E-01 4.60562E-01 4.60562E-01 
1.58489E+00 1.58489E+00 2.51189E+00 1.58489E+00 2.51189E+00 1.58489E+00 2.51189E+00 3.98107E+00 1.58489E+00 2.51189E+00 3.98107E+00 6.30957E+00 1.58489E+00 2.51189E+00 3.98107E+00 6.30957E+00 1.58489E+00 2.51189E+00 3.98107E+00 6.30957E+00 9.99999E+00 1.58489E+00 2.51189E+00 3.98107E+00 6.30957E+00 9.99999E+00 1.58489E+00 2.51189E+00 3.98107E+00 6.30957E+00 9.99999E+00 1.58489E+01 1.58489E+00 2.51189E+00 3.98107E+00 6.30957E+00 9.99999E+00 1.58489E+01 2.51189E+01 2.51189E+00 3.98107E+00 6.30957E+00 9.99999E+00 1.58489E+01 2.51189E+01 3.98107E+00 6.30957E+00 9.99999E+00 1.58489E+01 2.51189E+01 3.98107E+01 6.30957E+00 9.99999E+00 1.58489E+01 2.51189E+01 3.98107E+01 6.30957E+01 
90000 
8.30557E-08 
5.86016E-08 
2.74642E-07 
3.49548E-08 
1.65044E-07 
5.44201E-09 
5.89898E-08 
4.24659E-07 
-3.94126E-08 
-7.63866E-08 
-7.76679E-08 
2.40545E-07 
-1.15384E-07 
-2.87376E-07 
-7.34069E-07 
-2.10273E-06 
-2.49748E-07 
-6.50289E-07 
-1.77116E-06 
-5.27546E-06 
-1.95969E-05 
-4.84557E-07 
-1.28915E-06 
-3.54811E-06 
-1.03470E-05 
-3.48252E-05 
-8.68792E-07 
-2.38378E-06 
-6.61368E-06 
-1.88875E-05 
-5.86667E-05 
-2.19282E-04 
-1.48284E-06 
-4.21445E-06 
-1.17743E-05 
-3.30723E-05 
-9.69315E-05 
-3.18164E-04 
-1.29675E-03 
-7.29244E-06 
-2.01049E-05 
-5.53236E-05 
-1.55676E-04 
-4.69396E-04 
-1.64418E-03 
-3.15521E-05 
-8.50136E-05 
-2.33132E-04 
-6.71594E-04 
-2.15573E-03 
-8.45727E-03 
-1.13897E-04 
-3.06250E-04 
-8.54313E-04 
-2.58270E-03 
-9.12660E-03 
-4.08546E-02 
---
