PdfType: replica
Format: lhagrid1
---
4.34963E-04 7.77181E-04 7.77181E-04 1.38865E-03 1.38865E-03 2.48120E-03 2.48120E-03 2.48120E-03 4.43334E-03 4.43334E-03 4.43334E-03 4.43334E-03 7.92137E-03 7.92137E-03 7.92137E-03 7.92137E-03 1.41537E-02 1.41537E-02 1.41537E-02 1.41537E-02 1.41537E-02 2.52895E-02 2.52895E-02 2.52895E-02 2.52895E-02 2.52895E-02 4.51866E-02 4.51866E-02 4.51866E-02 4.51866E-02 4.51866E-02 4.51866E-02 8.07383E-02 8.07383E-02 8.07383E-02 8.07383E-02 8.07383E-02 8.07383E-02 8.07383E-02 1.44261E-01 1.44261E-01 1.44261E-01 1.44261E-01 1.44261E-01 1.44261E-01 2.57762E-01 2.57762E-01 2.57762E-01 2.57762E-01 2.57762E-01 2.57762E-01 4.60562E-01 4.60562E-01 4.60562E-01 4.60562E-01 4.60562E-01 4.60562E-01 
1.58489E+00 1.58489E+00 2.51189E+00 1.58489E+00 2.51189E+00 1.58489E+00 2.51189E+00 3.98107E+00 1.58489E+00 2.51189E+00 3.98107E+00 6.30957E+00 1.58489E+00 2.51189E+00 3.98107E+00 6.30957E+00 1.58489E+00 2.51189E+00 3.98107E+00 6.30957E+00 9.99999E+00 1.58489E+00 2.51189E+00 3.98107E+00 6.30957E+00 9.99999E+00 1.58489E+00 2.51189E+00 3.98107E+00 6.30957E+00 9.99999E+00 1.58489E+01 1.58489E+00 2.51189E+00 3.98107E+00 6.30957E+00 9.99999E+00 1.58489E+01 2.51189E+01 2.51189E+00 3.98107E+00 6.30957E+00 9.99999E+00 1.58489E+01 2.51189E+01 3.98107E+00 6.30957E+00 9.99999E+00 1.58489E+01 2.51189E+01 3.98107E+01 6.30957E+00 9.99999E+00 1.58489E+01 2.51189E+01 3.98107E+01 6.30957E+01 
90000 
8.76604E-10 
1.06804E-09 
3.98852E-08 
1.83535E-09 
2.52701E-08 
4.10065E-09 
1.72692E-08 
1.09440E-07 
9.21143E-09 
1.77878E-08 
2.39820E-08 
-2.51300E-07 
1.91783E-08 
3.08283E-08 
-2.03298E-08 
-8.39008E-07 
3.67626E-08 
6.13894E-08 
-2.51959E-08 
-1.28313E-06 
-1.14020E-05 
6.44842E-08 
1.10137E-07 
-8.34782E-09 
-1.72152E-06 
-1.52031E-05 
9.97207E-08 
1.54579E-07 
-6.65008E-08 
-2.49733E-06 
-2.00359E-05 
-1.44859E-04 
1.22878E-07 
9.80133E-08 
-5.53474E-07 
-4.72588E-06 
-2.89567E-05 
-1.77245E-04 
-1.17510E-03 
-3.84188E-07 
-2.64622E-06 
-1.21569E-05 
-5.28353E-05 
-2.45302E-04 
-1.30181E-03 
-1.12824E-05 
-4.06928E-05 
-1.40218E-04 
-4.91900E-04 
-1.87693E-03 
-8.39864E-03 
-2.25226E-04 
-7.05964E-04 
-2.14438E-03 
-6.39249E-03 
-1.89493E-02 
-5.71659E-02 
---
