PdfType: replica
Format: lhagrid1
---
4.34963E-04 7.77181E-04 7.77181E-04 1.38865E-03 1.38865E-03 2.48120E-03 2.48120E-03 2.48120E-03 4.43334E-03 4.43334E-03 4.43334E-03 4.43334E-03 7.92137E-03 7.92137E-03 7.92137E-03 7.92137E-03 1.41537E-02 1.41537E-02 1.41537E-02 1.41537E-02 1.41537E-02 2.52895E-02 2.52895E-02 2.52895E-02 2.52895E-02 2.52895E-02 4.51866E-02 4.51866E-02 4.51866E-02 4.51866E-02 4.51866E-02 4.51866E-02 8.07383E-02 8.07383E-02 8.07383E-02 8.07383E-02 8.07383E-02 8.07383E-02 8.07383E-02 1.44261E-01 1.44261E-01 1.44261E-01 1.44261E-01 1.44261E-01 1.44261E-01 2.57762E-01 2.57762E-01 2.57762E-01 2.57762E-01 2.57762E-01 2.57762E-01 4.60562E-01 4.60562E-01 4.60562E-01 4.60562E-01 4.60562E-01 4.60562E-01 
1.58489E+00 1.58489E+00 2.51189E+00 1.58489E+00 2.51189E+00 1.58489E+00 2.51189E+00 3.98107E+00 1.58489E+00 2.51189E+00 3.98107E+00 6.30957E+00 1.58489E+00 2.51189E+00 3.98107E+00 6.30957E+00 1.58489E+00 2.51189E+00 3.98107E+00 6.30957E+00 9.99999E+00 1.58489E+00 2.51189E+00 3.98107E+00 6.30957E+00 9.99999E+00 1.58489E+00 2.51189E+00 3.98107E+00 6.30957E+00 9.99999E+00 1.58489E+01 1.58489E+00 2.51189E+00 3.98107E+00 6.30957E+00 9.99999E+00 1.58489E+01 2.51189E+01 2.51189E+00 3.98107E+00 6.30957E+00 9.99999E+00 1.58489E+01 2.51189E+01 3.98107E+00 6.30957E+00 9.99999E+00 1.58489E+01 2.51189E+01 3.98107E+01 6.30957E+00 9.99999E+00 1.58489E+01 2.51189E+01 3.98107E+01 6.30957E+01 
90000 
2.71703E-07 
1.47123E-07 
8.31398E-07 
5.61181E-08 
4.18434E-07 
-2.27493E-08 
1.17879E-07 
1.25605E-06 
-1.06858E-07 
-1.52438E-07 
1.28421E-07 
3.00576E-06 
-2.15316E-07 
-4.60190E-07 
-9.08283E-07 
-1.29409E-06 
-3.72842E-07 
-8.81042E-07 
-2.13938E-06 
-5.35630E-06 
-1.44531E-05 
-6.08684E-07 
-1.50901E-06 
-3.87686E-06 
-1.03997E-05 
-3.08877E-05 
-9.47062E-07 
-2.45151E-06 
-6.48707E-06 
-1.76724E-05 
-5.17979E-05 
-1.80324E-04 
-1.42201E-06 
-3.84050E-06 
-1.03720E-05 
-2.83726E-05 
-8.12109E-05 
-2.60688E-04 
-1.04443E-03 
-5.84221E-06 
-1.57850E-05 
-4.28935E-05 
-1.19976E-04 
-3.62476E-04 
-1.28591E-03 
-2.19192E-05 
-5.89174E-05 
-1.61958E-04 
-4.70814E-04 
-1.54016E-03 
-6.21422E-03 
-7.53180E-05 
-2.09632E-04 
-6.09886E-04 
-1.95020E-03 
-7.42254E-03 
-3.60458E-02 
---
