PdfType: replica
Format: lhagrid1
---
4.34963E-04 7.77181E-04 7.77181E-04 1.38865E-03 1.38865E-03 2.48120E-03 2.48120E-03 2.48120E-03 4.43334E-03 4.43334E-03 4.43334E-03 4.43334E-03 7.92137E-03 7.92137E-03 7.92137E-03 7.92137E-03 1.41537E-02 1.41537E-02 1.41537E-02 1.41537E-02 1.41537E-02 2.52895E-02 2.52895E-02 2.52895E-02 2.52895E-02 2.52895E-02 4.51866E-02 4.51866E-02 4.51866E-02 4.51866E-02 4.51866E-02 4.51866E-02 8.07383E-02 8.07383E-02 8.07383E-02 8.07383E-02 8.07383E-02 8.07383E-02 8.07383E-02 1.44261E-01 1.44261E-01 1.44261E-01 1.44261E-01 1.44261E-01 1.44261E-01 2.57762E-01 2.57762E-01 2.57762E-01 2.57762E-01 2.57762E-01 2.57762E-01 4.60562E-01 4.60562E-01 4.60562E-01 4.60562E-01 4.60562E-01 4.60562E-01 
1.58489E+00 1.58489E+00 2.51189E+00 1.58489E+00 2.51189E+00 1.58489E+00 2.51189E+00 3.98107E+00 1.58489E+00 2.51189E+00 3.98107E+00 6.30957E+00 1.58489E+00 2.51189E+00 3.98107E+00 6.30957E+00 1.58489E+00 2.51189E+00 3.98107E+00 6.30957E+00 9.99999E+00 1.58489E+00 2.51189E+00 3.98107E+00 6.30957E+00 9.99999E+00 1.58489E+00 2.51189E+00 3.98107E+00 6.30957E+00 9.99999E+00 1.58489E+01 1.58489E+00 2.51189E+00 3.98107E+00 6.30957E+00 9.99999E+00 1.58489E+01 2.51189E+01 2.51189E+00 3.98107E+00 6.30957E+00 9.99999E+00 1.58489E+01 2.51189E+01 3.98107E+00 6.30957E+00 9.99999E+00 1.58489E+01 2.51189E+01 3.98107E+01 6.30957E+00 9.99999E+00 1.58489E+01 2.51189E+01 3.98107E+01 6.30957E+01 
90000 
6.09861E-08 
-2.19156E-09 
2.79721E-07 
-7.54520E-08 
4.21008E-08 
-1.69967E-07 
-2.21194E-07 
3.09071E-07 
-2.99856E-07 
-5.57707E-07 
-7.61357E-07 
1.18294E-06 
-4.84560E-07 
-1.02433E-06 
-2.08611E-06 
-3.36006E-06 
-7.49366E-07 
-1.69170E-06 
-3.88971E-06 
-8.79640E-06 
-1.82390E-05 
-1.11623E-06 
-2.62913E-06 
-6.39373E-06 
-1.59314E-05 
-4.15645E-05 
-1.57336E-06 
-3.83994E-06 
-9.65977E-06 
-2.50814E-05 
-6.93310E-05 
-2.23834E-04 
-2.04751E-06 
-5.15045E-06 
-1.32326E-05 
-3.50021E-05 
-9.82333E-05 
-3.15617E-04 
-1.29582E-03 
-6.09424E-06 
-1.57707E-05 
-4.19701E-05 
-1.18025E-04 
-3.73682E-04 
-1.46000E-03 
-1.60195E-05 
-4.34898E-05 
-1.24150E-04 
-3.93319E-04 
-1.49208E-03 
-7.20893E-03 
-6.09161E-05 
-1.73078E-04 
-5.24154E-04 
-1.79868E-03 
-7.51196E-03 
-3.94203E-02 
---
