PdfType: replica
Format: lhagrid1
---
4.34963E-04 7.77181E-04 7.77181E-04 1.38865E-03 1.38865E-03 2.48120E-03 2.48120E-03 2.48120E-03 4.43334E-03 4.43334E-03 4.43334E-03 4.43334E-03 7.92137E-03 7.92137E-03 7.92137E-03 7.92137E-03 1.41537E-02 1.41537E-02 1.41537E-02 1.41537E-02 1.41537E-02 2.52895E-02 2.52895E-02 2.52895E-02 2.52895E-02 2.52895E-02 4.51866E-02 4.51866E-02 4.51866E-02 4.51866E-02 4.51866E-02 4.51866E-02 8.07383E-02 8.07383E-02 8.07383E-02 8.07383E-02 8.07383E-02 8.07383E-02 8.07383E-02 1.44261E-01 1.44261E-01 1.44261E-01 1.44261E-01 1.44261E-01 1.44261E-01 2.57762E-01 2.57762E-01 2.57762E-01 2.57762E-01 2.57762E-01 2.57762E-01 4.60562E-01 4.60562E-01 4.60562E-01 4.60562E-01 4.60562E-01 4.60562E-01 
1.58489E+00 1.58489E+00 2.51189E+00 1.58489E+00 2.51189E+00 1.58489E+00 2.51189E+00 3.98107E+00 1.58489E+00 2.51189E+00 3.98107E+00 6.30957E+00 1.58489E+00 2.51189E+00 3.98107E+00 6.30957E+00 1.58489E+00 2.51189E+00 3.98107E+00 6.30957E+00 9.99999E+00 1.58489E+00 2.51189E+00 3.98107E+00 6.30957E+00 9.99999E+00 1.58489E+00 2.51189E+00 3.98107E+00 6.30957E+00 9.99999E+00 1.58489E+01 1.58489E+00 2.51189E+00 3.98107E+00 6.30957E+00 9.99999E+00 1.58489E+01 2.51189E+01 2.51189E+00 3.98107E+00 6.30957E+00 9.99999E+00 1.58489E+01 2.51189E+01 3.98107E+00 6.30957E+00 9.99999E+00 1.58489E+01 2.51189E+01 3.98107E+01 6.30957E+00 9.99999E+00 1.58489E+01 2.51189E+01 3.98107E+01 6.30957E+01 
90000 
8.71545E-08 
7.92961E-09 
3.73122E-07 
-7.08412E-08 
7.92356E-08 
-1.61175E-07 
-1.99398E-07 
3.70962E-07 
-2.75491E-07 
-5.13713E-07 
-7.14512E-07 
7.40280E-07 
-4.28853E-07 
-9.12168E-07 
-1.90131E-06 
-3.54983E-06 
-6.38934E-07 
-1.44506E-06 
-3.37360E-06 
-8.13410E-06 
-2.15080E-05 
-9.16473E-07 
-2.14861E-06 
-5.26923E-06 
-1.36376E-05 
-3.98489E-05 
-1.23470E-06 
-2.98740E-06 
-7.56095E-06 
-2.01839E-05 
-5.99693E-05 
-2.21462E-04 
-1.50798E-06 
-3.79576E-06 
-9.89654E-06 
-2.69785E-05 
-8.02128E-05 
-2.83407E-04 
-1.30387E-03 
-4.40954E-06 
-1.19267E-05 
-3.32861E-05 
-9.91031E-05 
-3.36388E-04 
-1.41307E-03 
-1.55529E-05 
-4.51998E-05 
-1.35295E-04 
-4.37348E-04 
-1.63608E-03 
-7.60516E-03 
-1.19768E-04 
-3.49733E-04 
-1.03472E-03 
-3.21987E-03 
-1.12740E-02 
-4.85714E-02 
---
