PdfType: replica
Format: lhagrid1
---
4.34963E-04 7.77181E-04 7.77181E-04 1.38865E-03 1.38865E-03 2.48120E-03 2.48120E-03 2.48120E-03 4.43334E-03 4.43334E-03 4.43334E-03 4.43334E-03 7.92137E-03 7.92137E-03 7.92137E-03 7.92137E-03 1.41537E-02 1.41537E-02 1.41537E-02 1.41537E-02 1.41537E-02 2.52895E-02 2.52895E-02 2.52895E-02 2.52895E-02 2.52895E-02 4.51866E-02 4.51866E-02 4.51866E-02 4.51866E-02 4.51866E-02 4.51866E-02 8.07383E-02 8.07383E-02 8.07383E-02 8.07383E-02 8.07383E-02 8.07383E-02 8.07383E-02 1.44261E-01 1.44261E-01 1.44261E-01 1.44261E-01 1.44261E-01 1.44261E-01 2.57762E-01 2.57762E-01 2.57762E-01 2.57762E-01 2.57762E-01 2.57762E-01 4.60562E-01 4.60562E-01 4.60562E-01 4.60562E-01 4.60562E-01 4.60562E-01 
1.58489E+00 1.58489E+00 2.51189E+00 1.58489E+00 2.51189E+00 1.58489E+00 2.51189E+00 3.98107E+00 1.58489E+00 2.51189E+00 3.98107E+00 6.30957E+00 1.58489E+00 2.51189E+00 3.98107E+00 6.30957E+00 1.58489E+00 2.51189E+00 3.98107E+00 6.30957E+00 9.99999E+00 1.58489E+00 2.51189E+00 3.98107E+00 6.30957E+00 9.99999E+00 1.58489E+00 2.51189E+00 3.98107E+00 6.30957E+00 9.99999E+00 1.58489E+01 1.58489E+00 2.51189E+00 3.98107E+00 6.30957E+00 9.99999E+00 1.58489E+01 2.51189E+01 2.51189E+00 3.98107E+00 6.30957E+00 9.99999E+00 1.58489E+01 2.51189E+01 3.98107E+00 6.30957E+00 9.99999E+00 1.58489E+01 2.51189E+01 3.98107E+01 6.30957E+00 9.99999E+00 1.58489E+01 2.51189E+01 3.98107E+01 6.30957E+01 
90000 
1.13940E-08 
5.20933E-09 
8.39639E-08 
9.48063E-10 
3.97480E-08 
-2.38947E-09 
1.00447E-08 
1.59899E-07 
-5.80644E-09 
-1.50616E-08 
-2.50664E-08 
-2.23411E-07 
-1.12980E-08 
-4.95575E-08 
-2.21124E-07 
-1.25766E-06 
-2.60706E-08 
-1.29876E-07 
-5.71540E-07 
-2.68093E-06 
-1.44017E-05 
-7.98706E-08 
-3.69606E-07 
-1.43760E-06 
-5.61075E-06 
-2.48246E-05 
-2.78408E-07 
-1.10142E-06 
-3.77079E-06 
-1.26340E-05 
-4.57007E-05 
-1.98475E-04 
-9.13694E-07 
-3.12703E-06 
-9.68121E-06 
-2.91382E-05 
-9.02958E-05 
-3.11051E-04 
-1.31536E-03 
-7.72434E-06 
-2.20355E-05 
-6.17566E-05 
-1.74699E-04 
-5.19865E-04 
-1.74927E-03 
-3.98075E-05 
-1.06897E-04 
-2.89682E-04 
-8.10713E-04 
-2.45229E-03 
-8.74388E-03 
-1.41690E-04 
-3.76533E-04 
-1.02834E-03 
-2.98834E-03 
-9.89791E-03 
-4.10024E-02 
---
