PdfType: replica
Format: lhagrid1
---
4.34963E-04 7.77181E-04 7.77181E-04 1.38865E-03 1.38865E-03 2.48120E-03 2.48120E-03 2.48120E-03 4.43334E-03 4.43334E-03 4.43334E-03 4.43334E-03 7.92137E-03 7.92137E-03 7.92137E-03 7.92137E-03 1.41537E-02 1.41537E-02 1.41537E-02 1.41537E-02 1.41537E-02 2.52895E-02 2.52895E-02 2.52895E-02 2.52895E-02 2.52895E-02 4.51866E-02 4.51866E-02 4.51866E-02 4.51866E-02 4.51866E-02 4.51866E-02 8.07383E-02 8.07383E-02 8.07383E-02 8.07383E-02 8.07383E-02 8.07383E-02 8.07383E-02 1.44261E-01 1.44261E-01 1.44261E-01 1.44261E-01 1.44261E-01 1.44261E-01 2.57762E-01 2.57762E-01 2.57762E-01 2.57762E-01 2.57762E-01 2.57762E-01 4.60562E-01 4.60562E-01 4.60562E-01 4.60562E-01 4.60562E-01 4.60562E-01 
1.58489E+00 1.58489E+00 2.51189E+00 1.58489E+00 2.51189E+00 1.58489E+00 2.51189E+00 3.98107E+00 1.58489E+00 2.51189E+00 3.98107E+00 6.30957E+00 1.58489E+00 2.51189E+00 3.98107E+00 6.30957E+00 1.58489E+00 2.51189E+00 3.98107E+00 6.30957E+00 9.99999E+00 1.58489E+00 2.51189E+00 3.98107E+00 6.30957E+00 9.99999E+00 1.58489E+00 2.51189E+00 3.98107E+00 6.30957E+00 9.99999E+00 1.58489E+01 1.58489E+00 2.51189E+00 3.98107E+00 6.30957E+00 9.99999E+00 1.58489E+01 2.51189E+01 2.51189E+00 3.98107E+00 6.30957E+00 9.99999E+00 1.58489E+01 2.51189E+01 3.98107E+00 6.30957E+00 9.99999E+00 1.58489E+01 2.51189E+01 3.98107E+01 6.30957E+00 9.99999E+00 1.58489E+01 2.51189E+01 3.98107E+01 6.30957E+01 
90000 
1.89286E-08 
5.56861E-08 
4.63478E-08 
1.13340E-07 
1.62976E-07 
2.04714E-07 
3.63144E-07 
4.01098E-07 
3.50582E-07 
6.97006E-07 
1.15756E-06 
-2.02108E-07 
5.84524E-07 
1.24053E-06 
2.41859E-06 
2.74929E-06 
9.52912E-07 
2.07913E-06 
4.34658E-06 
7.28268E-06 
-9.67470E-07 
1.47336E-06 
3.18873E-06 
6.77183E-06 
1.27584E-05 
1.23697E-05 
1.96806E-06 
4.02879E-06 
8.11338E-06 
1.47247E-05 
1.53440E-05 
-7.56910E-05 
1.78320E-06 
2.71646E-06 
3.09335E-06 
-1.22847E-06 
-3.03504E-05 
-1.87502E-04 
-1.08764E-03 
-5.22714E-06 
-1.99110E-05 
-6.48091E-05 
-2.00056E-04 
-6.16983E-04 
-2.01403E-03 
-7.38133E-05 
-2.04773E-04 
-5.60139E-04 
-1.52411E-03 
-4.15749E-03 
-1.15786E-02 
-3.93415E-04 
-1.03359E-03 
-2.70556E-03 
-7.03508E-03 
-1.80343E-02 
-4.46617E-02 
---
