PdfType: replica
Format: lhagrid1
---
4.34963E-04 7.77181E-04 7.77181E-04 1.38865E-03 1.38865E-03 2.48120E-03 2.48120E-03 2.48120E-03 4.43334E-03 4.43334E-03 4.43334E-03 4.43334E-03 7.92137E-03 7.92137E-03 7.92137E-03 7.92137E-03 1.41537E-02 1.41537E-02 1.41537E-02 1.41537E-02 1.41537E-02 2.52895E-02 2.52895E-02 2.52895E-02 2.52895E-02 2.52895E-02 4.51866E-02 4.51866E-02 4.51866E-02 4.51866E-02 4.51866E-02 4.51866E-02 8.07383E-02 8.07383E-02 8.07383E-02 8.07383E-02 8.07383E-02 8.07383E-02 8.07383E-02 1.44261E-01 1.44261E-01 1.44261E-01 1.44261E-01 1.44261E-01 1.44261E-01 2.57762E-01 2.57762E-01 2.57762E-01 2.57762E-01 2.57762E-01 2.57762E-01 4.60562E-01 4.60562E-01 4.60562E-01 4.60562E-01 4.60562E-01 4.60562E-01 
1.58489E+00 1.58489E+00 2.51189E+00 1.58489E+00 2.51189E+00 1.58489E+00 2.51189E+00 3.98107E+00 1.58489E+00 2.51189E+00 3.98107E+00 6.30957E+00 1.58489E+00 2.51189E+00 3.98107E+00 6.30957E+00 1.58489E+00 2.51189E+00 3.98107E+00 6.30957E+00 9.99999E+00 1.58489E+00 2.51189E+00 3.98107E+00 6.30957E+00 9.99999E+00 1.58489E+00 2.51189E+00 3.98107E+00 6.30957E+00 9.99999E+00 1.58489E+01 1.58489E+00 2.51189E+00 3.98107E+00 6.30957E+00 9.99999E+00 1.58489E+01 2.51189E+01 2.51189E+00 3.98107E+00 6.30957E+00 9.99999E+00 1.58489E+01 2.51189E+01 3.98107E+00 6.30957E+00 9.99999E+00 1.58489E+01 2.51189E+01 3.98107E+01 6.30957E+00 9.99999E+00 1.58489E+01 2.51189E+01 3.98107E+01 6.30957E+01 
90000 
-1.25427E-08 
-1.77160E-08 
3.92790E-09 
-2.74424E-08 
-4.16205E-08 
-4.50851E-08 
-9.75633E-08 
-1.90626E-07 
-7.67568E-08 
-1.84889E-07 
-4.80671E-07 
-1.67423E-06 
-1.33924E-07 
-3.38303E-07 
-9.26331E-07 
-3.04645E-06 
-2.38594E-07 
-6.22536E-07 
-1.72291E-06 
-5.32467E-06 
-2.04847E-05 
-4.31015E-07 
-1.15799E-06 
-3.22176E-06 
-9.54747E-06 
-3.27943E-05 
-7.72822E-07 
-2.14466E-06 
-6.01081E-06 
-1.73722E-05 
-5.48571E-05 
-2.09738E-04 
-1.35230E-06 
-3.87320E-06 
-1.09173E-05 
-3.09965E-05 
-9.21621E-05 
-3.08761E-04 
-1.28944E-03 
-6.80832E-06 
-1.90255E-05 
-5.29885E-05 
-1.50903E-04 
-4.60811E-04 
-1.63468E-03 
-3.16615E-05 
-8.65083E-05 
-2.39429E-04 
-6.91110E-04 
-2.19565E-03 
-8.39299E-03 
-1.40359E-04 
-3.79829E-04 
-1.04626E-03 
-3.01760E-03 
-9.67203E-03 
-3.78620E-02 
---
