PdfType: replica
Format: lhagrid1
---
4.34963E-04 7.77181E-04 7.77181E-04 1.38865E-03 1.38865E-03 2.48120E-03 2.48120E-03 2.48120E-03 4.43334E-03 4.43334E-03 4.43334E-03 4.43334E-03 7.92137E-03 7.92137E-03 7.92137E-03 7.92137E-03 1.41537E-02 1.41537E-02 1.41537E-02 1.41537E-02 1.41537E-02 2.52895E-02 2.52895E-02 2.52895E-02 2.52895E-02 2.52895E-02 4.51866E-02 4.51866E-02 4.51866E-02 4.51866E-02 4.51866E-02 4.51866E-02 8.07383E-02 8.07383E-02 8.07383E-02 8.07383E-02 8.07383E-02 8.07383E-02 8.07383E-02 1.44261E-01 1.44261E-01 1.44261E-01 1.44261E-01 1.44261E-01 1.44261E-01 2.57762E-01 2.57762E-01 2.57762E-01 2.57762E-01 2.57762E-01 2.57762E-01 4.60562E-01 4.60562E-01 4.60562E-01 4.60562E-01 4.60562E-01 4.60562E-01 
1.58489E+00 1.58489E+00 2.51189E+00 1.58489E+00 2.51189E+00 1.58489E+00 2.51189E+00 3.98107E+00 1.58489E+00 2.51189E+00 3.98107E+00 6.30957E+00 1.58489E+00 2.51189E+00 3.98107E+00 6.30957E+00 1.58489E+00 2.51189E+00 3.98107E+00 6.30957E+00 9.99999E+00 1.58489E+00 2.51189E+00 3.98107E+00 6.30957E+00 9.99999E+00 1.58489E+00 2.51189E+00 3.98107E+00 6.30957E+00 9.99999E+00 1.58489E+01 1.58489E+00 2.51189E+00 3.98107E+00 6.30957E+00 9.99999E+00 1.58489E+01 2.51189E+01 2.51189E+00 3.98107E+00 6.30957E+00 9.99999E+00 1.58489E+01 2.51189E+01 3.98107E+00 6.30957E+00 9.99999E+00 1.58489E+01 2.51189E+01 3.98107E+01 6.30957E+00 9.99999E+00 1.58489E+01 2.51189E+01 3.98107E+01 6.30957E+01 
90000 
-3.50420E-09 
-3.29197E-08 
5.36975E-08 
-7.42690E-08 
-7.04811E-08 
-1.36600E-07 
-2.34514E-07 
-1.13595E-07 
-2.33725E-07 
-4.79528E-07 
-8.33747E-07 
-4.12759E-07 
-3.87748E-07 
-8.66321E-07 
-1.88625E-06 
-3.68808E-06 
-6.33159E-07 
-1.48527E-06 
-3.53086E-06 
-8.40413E-06 
-1.98511E-05 
-1.01184E-06 
-2.44931E-06 
-6.08954E-06 
-1.55469E-05 
-4.22629E-05 
-1.53256E-06 
-3.82164E-06 
-9.78632E-06 
-2.58090E-05 
-7.26045E-05 
-2.39444E-04 
-2.12839E-06 
-5.49870E-06 
-1.44004E-05 
-3.85529E-05 
-1.08672E-04 
-3.46398E-04 
-1.39227E-03 
-7.29259E-06 
-1.92528E-05 
-5.16383E-05 
-1.44103E-04 
-4.41945E-04 
-1.62874E-03 
-2.33561E-05 
-6.24263E-05 
-1.72904E-04 
-5.18502E-04 
-1.81150E-03 
-8.01746E-03 
-6.58763E-05 
-1.85761E-04 
-5.61253E-04 
-1.93029E-03 
-8.13454E-03 
-4.34369E-02 
---
