PdfType: replica
Format: lhagrid1
---
4.34963E-04 7.77181E-04 7.77181E-04 1.38865E-03 1.38865E-03 2.48120E-03 2.48120E-03 2.48120E-03 4.43334E-03 4.43334E-03 4.43334E-03 4.43334E-03 7.92137E-03 7.92137E-03 7.92137E-03 7.92137E-03 1.41537E-02 1.41537E-02 1.41537E-02 1.41537E-02 1.41537E-02 2.52895E-02 2.52895E-02 2.52895E-02 2.52895E-02 2.52895E-02 4.51866E-02 4.51866E-02 4.51866E-02 4.51866E-02 4.51866E-02 4.51866E-02 8.07383E-02 8.07383E-02 8.07383E-02 8.07383E-02 8.07383E-02 8.07383E-02 8.07383E-02 1.44261E-01 1.44261E-01 1.44261E-01 1.44261E-01 1.44261E-01 1.44261E-01 2.57762E-01 2.57762E-01 2.57762E-01 2.57762E-01 2.57762E-01 2.57762E-01 4.60562E-01 4.60562E-01 4.60562E-01 4.60562E-01 4.60562E-01 4.60562E-01 
1.58489E+00 1.58489E+00 2.51189E+00 1.58489E+00 2.51189E+00 1.58489E+00 2.51189E+00 3.98107E+00 1.58489E+00 2.51189E+00 3.98107E+00 6.30957E+00 1.58489E+00 2.51189E+00 3.98107E+00 6.30957E+00 1.58489E+00 2.51189E+00 3.98107E+00 6.30957E+00 9.99999E+00 1.58489E+00 2.51189E+00 3.98107E+00 6.30957E+00 9.99999E+00 1.58489E+00 2.51189E+00 3.98107E+00 6.30957E+00 9.99999E+00 1.58489E+01 1.58489E+00 2.51189E+00 3.98107E+00 6.30957E+00 9.99999E+00 1.58489E+01 2.51189E+01 2.51189E+00 3.98107E+00 6.30957E+00 9.99999E+00 1.58489E+01 2.51189E+01 3.98107E+00 6.30957E+00 9.99999E+00 1.58489E+01 2.51189E+01 3.98107E+01 6.30957E+00 9.99999E+00 1.58489E+01 2.51189E+01 3.98107E+01 6.30957E+01 
90000 
3.52327E-10 
-6.71757E-08 
1.39318E-07 
-1.48497E-07 
-1.02799E-07 
-2.51684E-07 
-3.78346E-07 
1.06710E-08 
-3.86577E-07 
-7.21151E-07 
-1.05409E-06 
7.74175E-07 
-5.66073E-07 
-1.16803E-06 
-2.31702E-06 
-3.60215E-06 
-8.03989E-07 
-1.75501E-06 
-3.90899E-06 
-8.54258E-06 
-1.66660E-05 
-1.09755E-06 
-2.48928E-06 
-5.89480E-06 
-1.44419E-05 
-3.76118E-05 
-1.38951E-06 
-3.28226E-06 
-8.11760E-06 
-2.10425E-05 
-5.96310E-05 
-2.06386E-04 
-1.58595E-06 
-3.92136E-06 
-1.00303E-05 
-2.68360E-05 
-7.84491E-05 
-2.74219E-04 
-1.26163E-03 
-4.14413E-06 
-1.08608E-05 
-2.96944E-05 
-8.81021E-05 
-3.05564E-04 
-1.34082E-03 
-1.14670E-05 
-3.28071E-05 
-9.94972E-05 
-3.39483E-04 
-1.39603E-03 
-7.20101E-03 
-6.81743E-05 
-1.98706E-04 
-6.04740E-04 
-2.02609E-03 
-8.03156E-03 
-3.97241E-02 
---
