PdfType: replica
Format: lhagrid1
---
4.34963E-04 7.77181E-04 7.77181E-04 1.38865E-03 1.38865E-03 2.48120E-03 2.48120E-03 2.48120E-03 4.43334E-03 4.43334E-03 4.43334E-03 4.43334E-03 7.92137E-03 7.92137E-03 7.92137E-03 7.92137E-03 1.41537E-02 1.41537E-02 1.41537E-02 1.41537E-02 1.41537E-02 2.52895E-02 2.52895E-02 2.52895E-02 2.52895E-02 2.52895E-02 4.51866E-02 4.51866E-02 4.51866E-02 4.51866E-02 4.51866E-02 4.51866E-02 8.07383E-02 8.07383E-02 8.07383E-02 8.07383E-02 8.07383E-02 8.07383E-02 8.07383E-02 1.44261E-01 1.44261E-01 1.44261E-01 1.44261E-01 1.44261E-01 1.44261E-01 2.57762E-01 2.57762E-01 2.57762E-01 2.57762E-01 2.57762E-01 2.57762E-01 4.60562E-01 4.60562E-01 4.60562E-01 4.60562E-01 4.60562E-01 4.60562E-01 
1.58489E+00 1.58489E+00 2.51189E+00 1.58489E+00 2.51189E+00 1.58489E+00 2.51189E+00 3.98107E+00 1.58489E+00 2.51189E+00 3.98107E+00 6.30957E+00 1.58489E+00 2.51189E+00 3.98107E+00 6.30957E+00 1.58489E+00 2.51189E+00 3.98107E+00 6.30957E+00 9.99999E+00 1.58489E+00 2.51189E+00 3.98107E+00 6.30957E+00 9.99999E+00 1.58489E+00 2.51189E+00 3.98107E+00 6.30957E+00 9.99999E+00 1.58489E+01 1.58489E+00 2.51189E+00 3.98107E+00 6.30957E+00 9.99999E+00 1.58489E+01 2.51189E+01 2.51189E+00 3.98107E+00 6.30957E+00 9.99999E+00 1.58489E+01 2.51189E+01 3.98107E+00 6.30957E+00 9.99999E+00 1.58489E+01 2.51189E+01 3.98107E+01 6.30957E+00 9.99999E+00 1.58489E+01 2.51189E+01 3.98107E+01 6.30957E+01 
90000 
-4.45270E-09 
-5.73902E-08 
8.05291E-08 
-1.30830E-07 
-1.19708E-07 
-2.36090E-07 
-3.84888E-07 
-1.86849E-07 
-3.89103E-07 
-7.61502E-07 
-1.26518E-06 
-1.44030E-07 
-6.12624E-07 
-1.31321E-06 
-2.74642E-06 
-4.76844E-06 
-9.36597E-07 
-2.12399E-06 
-4.88201E-06 
-1.08844E-05 
-2.06063E-05 
-1.38766E-06 
-3.28172E-06 
-7.95056E-06 
-1.94249E-05 
-4.73840E-05 
-1.95638E-06 
-4.81299E-06 
-1.21020E-05 
-3.09880E-05 
-8.20443E-05 
-2.40720E-04 
-2.58396E-06 
-6.60724E-06 
-1.70762E-05 
-4.48817E-05 
-1.22731E-04 
-3.72442E-04 
-1.40585E-03 
-8.49383E-06 
-2.21766E-05 
-5.87128E-05 
-1.61443E-04 
-4.87355E-04 
-1.77311E-03 
-2.63480E-05 
-6.85450E-05 
-1.84764E-04 
-5.41920E-04 
-1.87801E-03 
-8.40286E-03 
-4.59636E-05 
-1.00776E-04 
-2.64318E-04 
-1.03774E-03 
-6.08373E-03 
-4.34287E-02 
---
