PdfType: replica
Format: lhagrid1
---
4.34963E-04 7.77181E-04 7.77181E-04 1.38865E-03 1.38865E-03 2.48120E-03 2.48120E-03 2.48120E-03 4.43334E-03 4.43334E-03 4.43334E-03 4.43334E-03 7.92137E-03 7.92137E-03 7.92137E-03 7.92137E-03 1.41537E-02 1.41537E-02 1.41537E-02 1.41537E-02 1.41537E-02 2.52895E-02 2.52895E-02 2.52895E-02 2.52895E-02 2.52895E-02 4.51866E-02 4.51866E-02 4.51866E-02 4.51866E-02 4.51866E-02 4.51866E-02 8.07383E-02 8.07383E-02 8.07383E-02 8.07383E-02 8.07383E-02 8.07383E-02 8.07383E-02 1.44261E-01 1.44261E-01 1.44261E-01 1.44261E-01 1.44261E-01 1.44261E-01 2.57762E-01 2.57762E-01 2.57762E-01 2.57762E-01 2.57762E-01 2.57762E-01 4.60562E-01 4.60562E-01 4.60562E-01 4.60562E-01 4.60562E-01 4.60562E-01 
1.58489E+00 1.58489E+00 2.51189E+00 1.58489E+00 2.51189E+00 1.58489E+00 2.51189E+00 3.98107E+00 1.58489E+00 2.51189E+00 3.98107E+00 6.30957E+00 1.58489E+00 2.51189E+00 3.98107E+00 6.30957E+00 1.58489E+00 2.51189E+00 3.98107E+00 6.30957E+00 9.99999E+00 1.58489E+00 2.51189E+00 3.98107E+00 6.30957E+00 9.99999E+00 1.58489E+00 2.51189E+00 3.98107E+00 6.30957E+00 9.99999E+00 1.58489E+01 1.58489E+00 2.51189E+00 3.98107E+00 6.30957E+00 9.99999E+00 1.58489E+01 2.51189E+01 2.51189E+00 3.98107E+00 6.30957E+00 9.99999E+00 1.58489E+01 2.51189E+01 3.98107E+00 6.30957E+00 9.99999E+00 1.58489E+01 2.51189E+01 3.98107E+01 6.30957E+00 9.99999E+00 1.58489E+01 2.51189E+01 3.98107E+01 6.30957E+01 
90000 
3.85930E-08 
2.25396E-08 
1.72939E-07 
5.38398E-09 
9.06245E-08 
-1.65958E-08 
1.00928E-08 
3.60989E-07 
-4.92401E-08 
-9.07264E-08 
-4.66734E-08 
8.07749E-07 
-1.03293E-07 
-2.46966E-07 
-5.65106E-07 
-1.24640E-06 
-2.00229E-07 
-5.27449E-07 
-1.41663E-06 
-4.02856E-06 
-1.26654E-05 
-3.84717E-07 
-1.07532E-06 
-3.03201E-06 
-8.87843E-06 
-2.89129E-05 
-7.48966E-07 
-2.17713E-06 
-6.23353E-06 
-1.81126E-05 
-5.66334E-05 
-2.12119E-04 
-1.47541E-06 
-4.33488E-06 
-1.23348E-05 
-3.50711E-05 
-1.03968E-04 
-3.46273E-04 
-1.43893E-03 
-8.17808E-06 
-2.26215E-05 
-6.23530E-05 
-1.75831E-04 
-5.32171E-04 
-1.87639E-03 
-3.57807E-05 
-9.55592E-05 
-2.59751E-04 
-7.40800E-04 
-2.34959E-03 
-9.10258E-03 
-1.10190E-04 
-2.93317E-04 
-8.16609E-04 
-2.50895E-03 
-9.30474E-03 
-4.50667E-02 
---
