PdfType: replica
Format: lhagrid1
---
4.34963E-04 7.77181E-04 7.77181E-04 1.38865E-03 1.38865E-03 2.48120E-03 2.48120E-03 2.48120E-03 4.43334E-03 4.43334E-03 4.43334E-03 4.43334E-03 7.92137E-03 7.92137E-03 7.92137E-03 7.92137E-03 1.41537E-02 1.41537E-02 1.41537E-02 1.41537E-02 1.41537E-02 2.52895E-02 2.52895E-02 2.52895E-02 2.52895E-02 2.52895E-02 4.51866E-02 4.51866E-02 4.51866E-02 4.51866E-02 4.51866E-02 4.51866E-02 8.07383E-02 8.07383E-02 8.07383E-02 8.07383E-02 8.07383E-02 8.07383E-02 8.07383E-02 1.44261E-01 1.44261E-01 1.44261E-01 1.44261E-01 1.44261E-01 1.44261E-01 2.57762E-01 2.57762E-01 2.57762E-01 2.57762E-01 2.57762E-01 2.57762E-01 4.60562E-01 4.60562E-01 4.60562E-01 4.60562E-01 4.60562E-01 4.60562E-01 
1.58489E+00 1.58489E+00 2.51189E+00 1.58489E+00 2.51189E+00 1.58489E+00 2.51189E+00 3.98107E+00 1.58489E+00 2.51189E+00 3.98107E+00 6.30957E+00 1.58489E+00 2.51189E+00 3.98107E+00 6.30957E+00 1.58489E+00 2.51189E+00 3.98107E+00 6.30957E+00 9.99999E+00 1.58489E+00 2.51189E+00 3.98107E+00 6.30957E+00 9.99999E+00 1.58489E+00 2.51189E+00 3.98107E+00 6.30957E+00 9.99999E+00 1.58489E+01 1.58489E+00 2.51189E+00 3.98107E+00 6.30957E+00 9.99999E+00 1.58489E+01 2.51189E+01 2.51189E+00 3.98107E+00 6.30957E+00 9.99999E+00 1.58489E+01 2.51189E+01 3.98107E+00 6.30957E+00 9.99999E+00 1.58489E+01 2.51189E+01 3.98107E+01 6.30957E+00 9.99999E+00 1.58489E+01 2.51189E+01 3.98107E+01 6.30957E+01 
90000 
2.23667E-09 
1.17468E-08 
4.45952E-08 
2.13616E-08 
5.68421E-08 
3.24218E-08 
7.26534E-08 
2.31184E-07 
4.59967E-08 
9.44333E-08 
2.10116E-07 
3.72819E-07 
6.27793E-08 
1.22633E-07 
2.06844E-07 
-7.40974E-08 
8.20827E-08 
1.51228E-07 
1.89228E-07 
-5.43587E-07 
-7.37673E-06 
9.78758E-08 
1.53769E-07 
5.96862E-08 
-1.40269E-06 
-1.23603E-05 
8.82940E-08 
4.76245E-08 
-4.57805E-07 
-3.52034E-06 
-2.11415E-05 
-1.33465E-04 
-2.74139E-09 
-3.85782E-07 
-2.08217E-06 
-9.04802E-06 
-3.96396E-05 
-1.95444E-04 
-1.14053E-03 
-1.77104E-06 
-6.81653E-06 
-2.38931E-05 
-8.40873E-05 
-3.21470E-04 
-1.44245E-03 
-2.20472E-05 
-6.98382E-05 
-2.16583E-04 
-6.82979E-04 
-2.30370E-03 
-8.98147E-03 
-2.93112E-04 
-8.61420E-04 
-2.48331E-03 
-7.06641E-03 
-1.99791E-02 
-5.68634E-02 
---
