PdfType: replica
Format: lhagrid1
---
4.34963E-04 7.77181E-04 7.77181E-04 1.38865E-03 1.38865E-03 2.48120E-03 2.48120E-03 2.48120E-03 4.43334E-03 4.43334E-03 4.43334E-03 4.43334E-03 7.92137E-03 7.92137E-03 7.92137E-03 7.92137E-03 1.41537E-02 1.41537E-02 1.41537E-02 1.41537E-02 1.41537E-02 2.52895E-02 2.52895E-02 2.52895E-02 2.52895E-02 2.52895E-02 4.51866E-02 4.51866E-02 4.51866E-02 4.51866E-02 4.51866E-02 4.51866E-02 8.07383E-02 8.07383E-02 8.07383E-02 8.07383E-02 8.07383E-02 8.07383E-02 8.07383E-02 1.44261E-01 1.44261E-01 1.44261E-01 1.44261E-01 1.44261E-01 1.44261E-01 2.57762E-01 2.57762E-01 2.57762E-01 2.57762E-01 2.57762E-01 2.57762E-01 4.60562E-01 4.60562E-01 4.60562E-01 4.60562E-01 4.60562E-01 4.60562E-01 
1.58489E+00 1.58489E+00 2.51189E+00 1.58489E+00 2.51189E+00 1.58489E+00 2.51189E+00 3.98107E+00 1.58489E+00 2.51189E+00 3.98107E+00 6.30957E+00 1.58489E+00 2.51189E+00 3.98107E+00 6.30957E+00 1.58489E+00 2.51189E+00 3.98107E+00 6.30957E+00 9.99999E+00 1.58489E+00 2.51189E+00 3.98107E+00 6.30957E+00 9.99999E+00 1.58489E+00 2.51189E+00 3.98107E+00 6.30957E+00 9.99999E+00 1.58489E+01 1.58489E+00 2.51189E+00 3.98107E+00 6.30957E+00 9.99999E+00 1.58489E+01 2.51189E+01 2.51189E+00 3.98107E+00 6.30957E+00 9.99999E+00 1.58489E+01 2.51189E+01 3.98107E+00 6.30957E+00 9.99999E+00 1.58489E+01 2.51189E+01 3.98107E+01 6.30957E+00 9.99999E+00 1.58489E+01 2.51189E+01 3.98107E+01 6.30957E+01 
90000 
1.04543E-07 
6.55695E-08 
3.89142E-07 
2.71875E-08 
2.24255E-07 
-1.84089E-08 
6.65850E-08 
8.76173E-07 
-8.11735E-08 
-1.19712E-07 
1.50288E-07 
3.03316E-06 
-1.76261E-07 
-3.80342E-07 
-6.90166E-07 
-3.99356E-07 
-3.27462E-07 
-7.83977E-07 
-1.86917E-06 
-4.33420E-06 
-8.25975E-06 
-5.67531E-07 
-1.43295E-06 
-3.70490E-06 
-9.87546E-06 
-2.79629E-05 
-9.31298E-07 
-2.46671E-06 
-6.64401E-06 
-1.84113E-05 
-5.47254E-05 
-1.93357E-04 
-1.47728E-06 
-4.09754E-06 
-1.12994E-05 
-3.15638E-05 
-9.26537E-05 
-3.08052E-04 
-1.28749E-03 
-6.69023E-06 
-1.84033E-05 
-5.07429E-05 
-1.44048E-04 
-4.43223E-04 
-1.60848E-03 
-2.80392E-05 
-7.57716E-05 
-2.08698E-04 
-6.05834E-04 
-1.97104E-03 
-7.88209E-03 
-1.05006E-04 
-2.83539E-04 
-7.95834E-04 
-2.42998E-03 
-8.71454E-03 
-3.96477E-02 
---
