PdfType: replica
Format: lhagrid1
---
4.34963E-04 7.77181E-04 7.77181E-04 1.38865E-03 1.38865E-03 2.48120E-03 2.48120E-03 2.48120E-03 4.43334E-03 4.43334E-03 4.43334E-03 4.43334E-03 7.92137E-03 7.92137E-03 7.92137E-03 7.92137E-03 1.41537E-02 1.41537E-02 1.41537E-02 1.41537E-02 1.41537E-02 2.52895E-02 2.52895E-02 2.52895E-02 2.52895E-02 2.52895E-02 4.51866E-02 4.51866E-02 4.51866E-02 4.51866E-02 4.51866E-02 4.51866E-02 8.07383E-02 8.07383E-02 8.07383E-02 8.07383E-02 8.07383E-02 8.07383E-02 8.07383E-02 1.44261E-01 1.44261E-01 1.44261E-01 1.44261E-01 1.44261E-01 1.44261E-01 2.57762E-01 2.57762E-01 2.57762E-01 2.57762E-01 2.57762E-01 2.57762E-01 4.60562E-01 4.60562E-01 4.60562E-01 4.60562E-01 4.60562E-01 4.60562E-01 
1.58489E+00 1.58489E+00 2.51189E+00 1.58489E+00 2.51189E+00 1.58489E+00 2.51189E+00 3.98107E+00 1.58489E+00 2.51189E+00 3.98107E+00 6.30957E+00 1.58489E+00 2.51189E+00 3.98107E+00 6.30957E+00 1.58489E+00 2.51189E+00 3.98107E+00 6.30957E+00 9.99999E+00 1.58489E+00 2.51189E+00 3.98107E+00 6.30957E+00 9.99999E+00 1.58489E+00 2.51189E+00 3.98107E+00 6.30957E+00 9.99999E+00 1.58489E+01 1.58489E+00 2.51189E+00 3.98107E+00 6.30957E+00 9.99999E+00 1.58489E+01 2.51189E+01 2.51189E+00 3.98107E+00 6.30957E+00 9.99999E+00 1.58489E+01 2.51189E+01 3.98107E+00 6.30957E+00 9.99999E+00 1.58489E+01 2.51189E+01 3.98107E+01 6.30957E+00 9.99999E+00 1.58489E+01 2.51189E+01 3.98107E+01 6.30957E+01 
90000 
-1.11467E-08 
-1.44079E-08 
1.74950E-09 
-1.99555E-08 
-2.12651E-08 
-2.80877E-08 
-4.87692E-08 
-1.98232E-08 
-3.94330E-08 
-8.33424E-08 
-1.69714E-07 
-4.08278E-07 
-5.51227E-08 
-1.28884E-07 
-3.40165E-07 
-1.21991E-06 
-7.70716E-08 
-1.92420E-07 
-5.63792E-07 
-2.14425E-06 
-1.04778E-05 
-1.07852E-07 
-2.87488E-07 
-8.99686E-07 
-3.44408E-06 
-1.63959E-05 
-1.49971E-07 
-4.41648E-07 
-1.46752E-06 
-5.56176E-06 
-2.50144E-05 
-1.39483E-04 
-2.12944E-07 
-7.27557E-07 
-2.55163E-06 
-9.41281E-06 
-3.88941E-05 
-1.91481E-04 
-1.14129E-03 
-1.40741E-06 
-5.06322E-06 
-1.77937E-05 
-6.56758E-05 
-2.73756E-04 
-1.36343E-03 
-1.29576E-05 
-4.31772E-05 
-1.42509E-04 
-4.91145E-04 
-1.88572E-03 
-8.66248E-03 
-1.89436E-04 
-5.88027E-04 
-1.78532E-03 
-5.39494E-03 
-1.66660E-02 
-5.54281E-02 
---
