PdfType: replica
Format: lhagrid1
---
4.34963E-04 7.77181E-04 7.77181E-04 1.38865E-03 1.38865E-03 2.48120E-03 2.48120E-03 2.48120E-03 4.43334E-03 4.43334E-03 4.43334E-03 4.43334E-03 7.92137E-03 7.92137E-03 7.92137E-03 7.92137E-03 1.41537E-02 1.41537E-02 1.41537E-02 1.41537E-02 1.41537E-02 2.52895E-02 2.52895E-02 2.52895E-02 2.52895E-02 2.52895E-02 4.51866E-02 4.51866E-02 4.51866E-02 4.51866E-02 4.51866E-02 4.51866E-02 8.07383E-02 8.07383E-02 8.07383E-02 8.07383E-02 8.07383E-02 8.07383E-02 8.07383E-02 1.44261E-01 1.44261E-01 1.44261E-01 1.44261E-01 1.44261E-01 1.44261E-01 2.57762E-01 2.57762E-01 2.57762E-01 2.57762E-01 2.57762E-01 2.57762E-01 4.60562E-01 4.60562E-01 4.60562E-01 4.60562E-01 4.60562E-01 4.60562E-01 
1.58489E+00 1.58489E+00 2.51189E+00 1.58489E+00 2.51189E+00 1.58489E+00 2.51189E+00 3.98107E+00 1.58489E+00 2.51189E+00 3.98107E+00 6.30957E+00 1.58489E+00 2.51189E+00 3.98107E+00 6.30957E+00 1.58489E+00 2.51189E+00 3.98107E+00 6.30957E+00 9.99999E+00 1.58489E+00 2.51189E+00 3.98107E+00 6.30957E+00 9.99999E+00 1.58489E+00 2.51189E+00 3.98107E+00 6.30957E+00 9.99999E+00 1.58489E+01 1.58489E+00 2.51189E+00 3.98107E+00 6.30957E+00 9.99999E+00 1.58489E+01 2.51189E+01 2.51189E+00 3.98107E+00 6.30957E+00 9.99999E+00 1.58489E+01 2.51189E+01 3.98107E+00 6.30957E+00 9.99999E+00 1.58489E+01 2.51189E+01 3.98107E+01 6.30957E+00 9.99999E+00 1.58489E+01 2.51189E+01 3.98107E+01 6.30957E+01 
90000 
-1.45118E-08 
-2.21984E-08 
-1.32078E-08 
-3.46998E-08 
-6.12908E-08 
-5.56226E-08 
-1.21760E-07 
-2.58508E-07 
-9.09729E-08 
-2.14827E-07 
-5.51306E-07 
-1.81519E-06 
-1.51220E-07 
-3.73520E-07 
-1.00248E-06 
-3.17130E-06 
-2.55593E-07 
-6.59654E-07 
-1.80570E-06 
-5.45445E-06 
-1.99994E-05 
-4.41473E-07 
-1.19627E-06 
-3.33367E-06 
-9.78569E-06 
-3.26841E-05 
-7.85425E-07 
-2.22904E-06 
-6.30177E-06 
-1.81769E-05 
-5.65534E-05 
-2.09989E-04 
-1.44788E-06 
-4.20771E-06 
-1.19021E-05 
-3.36853E-05 
-9.90903E-05 
-3.24967E-04 
-1.31646E-03 
-7.74671E-06 
-2.14437E-05 
-5.90917E-05 
-1.65987E-04 
-4.96892E-04 
-1.71379E-03 
-3.44240E-05 
-9.22588E-05 
-2.51014E-04 
-7.13692E-04 
-2.24176E-03 
-8.54022E-03 
-1.16251E-04 
-3.10006E-04 
-8.58768E-04 
-2.58843E-03 
-9.21719E-03 
-4.22526E-02 
---
