PdfType: replica
Format: lhagrid1
---
4.34963E-04 7.77181E-04 7.77181E-04 1.38865E-03 1.38865E-03 2.48120E-03 2.48120E-03 2.48120E-03 4.43334E-03 4.43334E-03 4.43334E-03 4.43334E-03 7.92137E-03 7.92137E-03 7.92137E-03 7.92137E-03 1.41537E-02 1.41537E-02 1.41537E-02 1.41537E-02 1.41537E-02 2.52895E-02 2.52895E-02 2.52895E-02 2.52895E-02 2.52895E-02 4.51866E-02 4.51866E-02 4.51866E-02 4.51866E-02 4.51866E-02 4.51866E-02 8.07383E-02 8.07383E-02 8.07383E-02 8.07383E-02 8.07383E-02 8.07383E-02 8.07383E-02 1.44261E-01 1.44261E-01 1.44261E-01 1.44261E-01 1.44261E-01 1.44261E-01 2.57762E-01 2.57762E-01 2.57762E-01 2.57762E-01 2.57762E-01 2.57762E-01 4.60562E-01 4.60562E-01 4.60562E-01 4.60562E-01 4.60562E-01 4.60562E-01 
1.58489E+00 1.58489E+00 2.51189E+00 1.58489E+00 2.51189E+00 1.58489E+00 2.51189E+00 3.98107E+00 1.58489E+00 2.51189E+00 3.98107E+00 6.30957E+00 1.58489E+00 2.51189E+00 3.98107E+00 6.30957E+00 1.58489E+00 2.51189E+00 3.98107E+00 6.30957E+00 9.99999E+00 1.58489E+00 2.51189E+00 3.98107E+00 6.30957E+00 9.99999E+00 1.58489E+00 2.51189E+00 3.98107E+00 6.30957E+00 9.99999E+00 1.58489E+01 1.58489E+00 2.51189E+00 3.98107E+00 6.30957E+00 9.99999E+00 1.58489E+01 2.51189E+01 2.51189E+00 3.98107E+00 6.30957E+00 9.99999E+00 1.58489E+01 2.51189E+01 3.98107E+00 6.30957E+00 9.99999E+00 1.58489E+01 2.51189E+01 3.98107E+01 6.30957E+00 9.99999E+00 1.58489E+01 2.51189E+01 3.98107E+01 6.30957E+01 
90000 
-1.30330E-08 
-2.05282E-08 
-4.62283E-08 
-3.07198E-08 
-8.96125E-08 
-4.60623E-08 
-1.38966E-07 
-5.19169E-07 
-7.02803E-08 
-2.05716E-07 
-7.54511E-07 
-3.76377E-06 
-1.08759E-07 
-3.04858E-07 
-1.05712E-06 
-4.77481E-06 
-1.67347E-07 
-4.55397E-07 
-1.49876E-06 
-6.14280E-06 
-3.15066E-05 
-2.45358E-07 
-6.75208E-07 
-2.17855E-06 
-8.28602E-06 
-3.82510E-05 
-3.23223E-07 
-9.87638E-07 
-3.30362E-06 
-1.20324E-05 
-5.00330E-05 
-2.52095E-04 
-4.03335E-07 
-1.59930E-06 
-5.77628E-06 
-2.03504E-05 
-7.52519E-05 
-3.16416E-04 
-1.60969E-03 
-3.92572E-06 
-1.40080E-05 
-4.58636E-05 
-1.47922E-04 
-4.98879E-04 
-1.89382E-03 
-4.56133E-05 
-1.35719E-04 
-3.93350E-04 
-1.13177E-03 
-3.29836E-03 
-1.01261E-02 
-4.58240E-04 
-1.25418E-03 
-3.39132E-03 
-9.03176E-03 
-2.34020E-02 
-5.67127E-02 
---
