PdfType: replica
Format: lhagrid1
---
4.34963E-04 7.77181E-04 7.77181E-04 1.38865E-03 1.38865E-03 2.48120E-03 2.48120E-03 2.48120E-03 4.43334E-03 4.43334E-03 4.43334E-03 4.43334E-03 7.92137E-03 7.92137E-03 7.92137E-03 7.92137E-03 1.41537E-02 1.41537E-02 1.41537E-02 1.41537E-02 1.41537E-02 2.52895E-02 2.52895E-02 2.52895E-02 2.52895E-02 2.52895E-02 4.51866E-02 4.51866E-02 4.51866E-02 4.51866E-02 4.51866E-02 4.51866E-02 8.07383E-02 8.07383E-02 8.07383E-02 8.07383E-02 8.07383E-02 8.07383E-02 8.07383E-02 1.44261E-01 1.44261E-01 1.44261E-01 1.44261E-01 1.44261E-01 1.44261E-01 2.57762E-01 2.57762E-01 2.57762E-01 2.57762E-01 2.57762E-01 2.57762E-01 4.60562E-01 4.60562E-01 4.60562E-01 4.60562E-01 4.60562E-01 4.60562E-01 
1.58489E+00 1.58489E+00 2.51189E+00 1.58489E+00 2.51189E+00 1.58489E+00 2.51189E+00 3.98107E+00 1.58489E+00 2.51189E+00 3.98107E+00 6.30957E+00 1.58489E+00 2.51189E+00 3.98107E+00 6.30957E+00 1.58489E+00 2.51189E+00 3.98107E+00 6.30957E+00 9.99999E+00 1.58489E+00 2.51189E+00 3.98107E+00 6.30957E+00 9.99999E+00 1.58489E+00 2.51189E+00 3.98107E+00 6.30957E+00 9.99999E+00 1.58489E+01 1.58489E+00 2.51189E+00 3.98107E+00 6.30957E+00 9.99999E+00 1.58489E+01 2.51189E+01 2.51189E+00 3.98107E+00 6.30957E+00 9.99999E+00 1.58489E+01 2.51189E+01 3.98107E+00 6.30957E+00 9.99999E+00 1.58489E+01 2.51189E+01 3.98107E+01 6.30957E+00 9.99999E+00 1.58489E+01 2.51189E+01 3.98107E+01 6.30957E+01 
90000 
4.27808E-08 
7.20662E-08 
1.29751E-07 
1.24082E-07 
2.15051E-07 
2.11186E-07 
3.91841E-07 
5.49940E-07 
3.53493E-07 
7.08730E-07 
1.21402E-06 
-5.00591E-08 
5.83317E-07 
1.24620E-06 
2.44782E-06 
2.63972E-06 
9.48264E-07 
2.11849E-06 
4.52424E-06 
7.54352E-06 
-3.96625E-06 
1.49540E-06 
3.43363E-06 
7.69532E-06 
1.52208E-05 
1.50171E-05 
2.20431E-06 
5.12909E-06 
1.17260E-05 
2.48746E-05 
3.88488E-05 
-5.04971E-05 
2.90637E-06 
6.60660E-06 
1.46394E-05 
3.04324E-05 
5.00430E-05 
-1.30630E-05 
-9.20443E-04 
5.68313E-06 
9.36369E-06 
1.09349E-05 
-1.08063E-05 
-1.72242E-04 
-1.14751E-03 
-2.73681E-05 
-9.92049E-05 
-3.25661E-04 
-1.02621E-03 
-3.21822E-03 
-1.05149E-02 
-6.50709E-04 
-1.87621E-03 
-5.26889E-03 
-1.43129E-02 
-3.64274E-02 
-7.62185E-02 
---
