PdfType: replica
Format: lhagrid1
---
4.34963E-04 7.77181E-04 7.77181E-04 1.38865E-03 1.38865E-03 2.48120E-03 2.48120E-03 2.48120E-03 4.43334E-03 4.43334E-03 4.43334E-03 4.43334E-03 7.92137E-03 7.92137E-03 7.92137E-03 7.92137E-03 1.41537E-02 1.41537E-02 1.41537E-02 1.41537E-02 1.41537E-02 2.52895E-02 2.52895E-02 2.52895E-02 2.52895E-02 2.52895E-02 4.51866E-02 4.51866E-02 4.51866E-02 4.51866E-02 4.51866E-02 4.51866E-02 8.07383E-02 8.07383E-02 8.07383E-02 8.07383E-02 8.07383E-02 8.07383E-02 8.07383E-02 1.44261E-01 1.44261E-01 1.44261E-01 1.44261E-01 1.44261E-01 1.44261E-01 2.57762E-01 2.57762E-01 2.57762E-01 2.57762E-01 2.57762E-01 2.57762E-01 4.60562E-01 4.60562E-01 4.60562E-01 4.60562E-01 4.60562E-01 4.60562E-01 
1.58489E+00 1.58489E+00 2.51189E+00 1.58489E+00 2.51189E+00 1.58489E+00 2.51189E+00 3.98107E+00 1.58489E+00 2.51189E+00 3.98107E+00 6.30957E+00 1.58489E+00 2.51189E+00 3.98107E+00 6.30957E+00 1.58489E+00 2.51189E+00 3.98107E+00 6.30957E+00 9.99999E+00 1.58489E+00 2.51189E+00 3.98107E+00 6.30957E+00 9.99999E+00 1.58489E+00 2.51189E+00 3.98107E+00 6.30957E+00 9.99999E+00 1.58489E+01 1.58489E+00 2.51189E+00 3.98107E+00 6.30957E+00 9.99999E+00 1.58489E+01 2.51189E+01 2.51189E+00 3.98107E+00 6.30957E+00 9.99999E+00 1.58489E+01 2.51189E+01 3.98107E+00 6.30957E+00 9.99999E+00 1.58489E+01 2.51189E+01 3.98107E+01 6.30957E+00 9.99999E+00 1.58489E+01 2.51189E+01 3.98107E+01 6.30957E+01 
90000 
-4.33284E-08 
-7.13007E-08 
-1.45497E-07 
-1.24695E-07 
-2.44813E-07 
-2.19641E-07 
-4.52920E-07 
-9.37982E-07 
-3.86532E-07 
-8.46995E-07 
-1.83614E-06 
-3.68743E-06 
-6.83367E-07 
-1.57302E-06 
-3.59948E-06 
-7.76409E-06 
-1.21565E-06 
-2.87988E-06 
-6.83391E-06 
-1.57898E-05 
-3.52477E-05 
-2.12360E-06 
-5.06966E-06 
-1.22489E-05 
-2.95021E-05 
-7.11888E-05 
-3.38868E-06 
-8.05559E-06 
-1.95358E-05 
-4.79575E-05 
-1.20405E-04 
-3.24933E-04 
-4.41563E-06 
-1.02720E-05 
-2.44729E-05 
-5.97707E-05 
-1.52211E-04 
-4.29998E-04 
-1.52444E-03 
-7.73532E-06 
-1.68834E-05 
-3.90667E-05 
-1.00042E-04 
-3.15497E-04 
-1.36561E-03 
7.83556E-06 
2.18576E-05 
4.95698E-05 
4.81101E-05 
-4.93757E-04 
-5.87045E-03 
5.03379E-05 
1.13915E-04 
1.95245E-04 
-1.51532E-04 
-4.97210E-03 
-4.65424E-02 
---
