PdfType: replica
Format: lhagrid1
---
4.34963E-04 7.77181E-04 7.77181E-04 1.38865E-03 1.38865E-03 2.48120E-03 2.48120E-03 2.48120E-03 4.43334E-03 4.43334E-03 4.43334E-03 4.43334E-03 7.92137E-03 7.92137E-03 7.92137E-03 7.92137E-03 1.41537E-02 1.41537E-02 1.41537E-02 1.41537E-02 1.41537E-02 2.52895E-02 2.52895E-02 2.52895E-02 2.52895E-02 2.52895E-02 4.51866E-02 4.51866E-02 4.51866E-02 4.51866E-02 4.51866E-02 4.51866E-02 8.07383E-02 8.07383E-02 8.07383E-02 8.07383E-02 8.07383E-02 8.07383E-02 8.07383E-02 1.44261E-01 1.44261E-01 1.44261E-01 1.44261E-01 1.44261E-01 1.44261E-01 2.57762E-01 2.57762E-01 2.57762E-01 2.57762E-01 2.57762E-01 2.57762E-01 4.60562E-01 4.60562E-01 4.60562E-01 4.60562E-01 4.60562E-01 4.60562E-01 
1.58489E+00 1.58489E+00 2.51189E+00 1.58489E+00 2.51189E+00 1.58489E+00 2.51189E+00 3.98107E+00 1.58489E+00 2.51189E+00 3.98107E+00 6.30957E+00 1.58489E+00 2.51189E+00 3.98107E+00 6.30957E+00 1.58489E+00 2.51189E+00 3.98107E+00 6.30957E+00 9.99999E+00 1.58489E+00 2.51189E+00 3.98107E+00 6.30957E+00 9.99999E+00 1.58489E+00 2.51189E+00 3.98107E+00 6.30957E+00 9.99999E+00 1.58489E+01 1.58489E+00 2.51189E+00 3.98107E+00 6.30957E+00 9.99999E+00 1.58489E+01 2.51189E+01 2.51189E+00 3.98107E+00 6.30957E+00 9.99999E+00 1.58489E+01 2.51189E+01 3.98107E+00 6.30957E+00 9.99999E+00 1.58489E+01 2.51189E+01 3.98107E+01 6.30957E+00 9.99999E+00 1.58489E+01 2.51189E+01 3.98107E+01 6.30957E+01 
90000 
4.99749E-09 
-6.49048E-10 
6.00555E-08 
-3.87374E-09 
1.96282E-08 
-5.04049E-09 
-1.97297E-09 
8.89668E-08 
-3.34133E-09 
-9.42819E-09 
-3.32364E-08 
-4.58308E-07 
4.47983E-09 
-2.74837E-09 
-1.06045E-07 
-1.07583E-06 
2.56013E-08 
1.51331E-08 
-1.99167E-07 
-1.79970E-06 
-1.26608E-05 
6.19495E-08 
-9.91840E-09 
-5.64514E-07 
-3.55931E-06 
-2.03844E-05 
3.47784E-08 
-4.06762E-07 
-2.24388E-06 
-9.33899E-06 
-3.92027E-05 
-1.90240E-04 
-4.96336E-07 
-2.43261E-06 
-8.60746E-06 
-2.78340E-05 
-9.04926E-05 
-3.22315E-04 
-1.38913E-03 
-8.91477E-06 
-2.61363E-05 
-7.40928E-05 
-2.09533E-04 
-6.13401E-04 
-1.98030E-03 
-5.29400E-05 
-1.39213E-04 
-3.68527E-04 
-9.99372E-04 
-2.87938E-03 
-9.54425E-03 
-1.21127E-04 
-3.13775E-04 
-8.52721E-04 
-2.56055E-03 
-9.27171E-03 
-4.37569E-02 
---
