PdfType: replica
Format: lhagrid1
---
4.34963E-04 7.77181E-04 7.77181E-04 1.38865E-03 1.38865E-03 2.48120E-03 2.48120E-03 2.48120E-03 4.43334E-03 4.43334E-03 4.43334E-03 4.43334E-03 7.92137E-03 7.92137E-03 7.92137E-03 7.92137E-03 1.41537E-02 1.41537E-02 1.41537E-02 1.41537E-02 1.41537E-02 2.52895E-02 2.52895E-02 2.52895E-02 2.52895E-02 2.52895E-02 4.51866E-02 4.51866E-02 4.51866E-02 4.51866E-02 4.51866E-02 4.51866E-02 8.07383E-02 8.07383E-02 8.07383E-02 8.07383E-02 8.07383E-02 8.07383E-02 8.07383E-02 1.44261E-01 1.44261E-01 1.44261E-01 1.44261E-01 1.44261E-01 1.44261E-01 2.57762E-01 2.57762E-01 2.57762E-01 2.57762E-01 2.57762E-01 2.57762E-01 4.60562E-01 4.60562E-01 4.60562E-01 4.60562E-01 4.60562E-01 4.60562E-01 
1.58489E+00 1.58489E+00 2.51189E+00 1.58489E+00 2.51189E+00 1.58489E+00 2.51189E+00 3.98107E+00 1.58489E+00 2.51189E+00 3.98107E+00 6.30957E+00 1.58489E+00 2.51189E+00 3.98107E+00 6.30957E+00 1.58489E+00 2.51189E+00 3.98107E+00 6.30957E+00 9.99999E+00 1.58489E+00 2.51189E+00 3.98107E+00 6.30957E+00 9.99999E+00 1.58489E+00 2.51189E+00 3.98107E+00 6.30957E+00 9.99999E+00 1.58489E+01 1.58489E+00 2.51189E+00 3.98107E+00 6.30957E+00 9.99999E+00 1.58489E+01 2.51189E+01 2.51189E+00 3.98107E+00 6.30957E+00 9.99999E+00 1.58489E+01 2.51189E+01 3.98107E+00 6.30957E+00 9.99999E+00 1.58489E+01 2.51189E+01 3.98107E+01 6.30957E+00 9.99999E+00 1.58489E+01 2.51189E+01 3.98107E+01 6.30957E+01 
90000 
6.45623E-08 
9.11796E-08 
1.97547E-07 
1.32528E-07 
2.57500E-07 
1.92906E-07 
3.70213E-07 
7.04291E-07 
2.77872E-07 
5.47559E-07 
1.01862E-06 
8.99347E-07 
3.93761E-07 
8.04952E-07 
1.55332E-06 
1.74739E-06 
5.44797E-07 
1.15145E-06 
2.31813E-06 
3.27992E-06 
-6.50942E-06 
7.22333E-07 
1.56181E-06 
3.23291E-06 
5.19610E-06 
-3.24975E-06 
8.82275E-07 
1.91201E-06 
3.93212E-06 
6.43002E-06 
-1.79082E-06 
-1.19742E-04 
9.30037E-07 
1.88131E-06 
3.40401E-06 
3.97038E-06 
-1.06016E-05 
-1.42783E-04 
-1.13767E-03 
7.42151E-07 
-7.98973E-07 
-9.70017E-06 
-5.15944E-05 
-2.52085E-04 
-1.32647E-03 
-1.69230E-05 
-6.02348E-05 
-2.01498E-04 
-6.70431E-04 
-2.34690E-03 
-9.33480E-03 
-3.46875E-04 
-1.06134E-03 
-3.14950E-03 
-9.11460E-03 
-2.56769E-02 
-6.93092E-02 
---
