PdfType: replica
Format: lhagrid1
---
4.34963E-04 7.77181E-04 7.77181E-04 1.38865E-03 1.38865E-03 2.48120E-03 2.48120E-03 2.48120E-03 4.43334E-03 4.43334E-03 4.43334E-03 4.43334E-03 7.92137E-03 7.92137E-03 7.92137E-03 7.92137E-03 1.41537E-02 1.41537E-02 1.41537E-02 1.41537E-02 1.41537E-02 2.52895E-02 2.52895E-02 2.52895E-02 2.52895E-02 2.52895E-02 4.51866E-02 4.51866E-02 4.51866E-02 4.51866E-02 4.51866E-02 4.51866E-02 8.07383E-02 8.07383E-02 8.07383E-02 8.07383E-02 8.07383E-02 8.07383E-02 8.07383E-02 1.44261E-01 1.44261E-01 1.44261E-01 1.44261E-01 1.44261E-01 1.44261E-01 2.57762E-01 2.57762E-01 2.57762E-01 2.57762E-01 2.57762E-01 2.57762E-01 4.60562E-01 4.60562E-01 4.60562E-01 4.60562E-01 4.60562E-01 4.60562E-01 
1.58489E+00 1.58489E+00 2.51189E+00 1.58489E+00 2.51189E+00 1.58489E+00 2.51189E+00 3.98107E+00 1.58489E+00 2.51189E+00 3.98107E+00 6.30957E+00 1.58489E+00 2.51189E+00 3.98107E+00 6.30957E+00 1.58489E+00 2.51189E+00 3.98107E+00 6.30957E+00 9.99999E+00 1.58489E+00 2.51189E+00 3.98107E+00 6.30957E+00 9.99999E+00 1.58489E+00 2.51189E+00 3.98107E+00 6.30957E+00 9.99999E+00 1.58489E+01 1.58489E+00 2.51189E+00 3.98107E+00 6.30957E+00 9.99999E+00 1.58489E+01 2.51189E+01 2.51189E+00 3.98107E+00 6.30957E+00 9.99999E+00 1.58489E+01 2.51189E+01 3.98107E+00 6.30957E+00 9.99999E+00 1.58489E+01 2.51189E+01 3.98107E+01 6.30957E+00 9.99999E+00 1.58489E+01 2.51189E+01 3.98107E+01 6.30957E+01 
90000 
1.69143E-08 
4.36607E-09 
9.30471E-08 
-1.00741E-08 
2.82246E-08 
-2.94782E-08 
-3.84079E-08 
1.10122E-07 
-5.83750E-08 
-1.23315E-07 
-2.16690E-07 
-2.07318E-07 
-1.04363E-07 
-2.50553E-07 
-6.24891E-07 
-1.77294E-06 
-1.80965E-07 
-4.62987E-07 
-1.25632E-06 
-3.80632E-06 
-1.37041E-05 
-3.12369E-07 
-8.43007E-07 
-2.37187E-06 
-7.16101E-06 
-2.48796E-05 
-5.42904E-07 
-1.55320E-06 
-4.48067E-06 
-1.33670E-05 
-4.38186E-05 
-1.75791E-04 
-9.75495E-07 
-2.93155E-06 
-8.56470E-06 
-2.51352E-05 
-7.77735E-05 
-2.75175E-04 
-1.22666E-03 
-5.67905E-06 
-1.63562E-05 
-4.67021E-05 
-1.36715E-04 
-4.33145E-04 
-1.61402E-03 
-3.03553E-05 
-8.40076E-05 
-2.34826E-04 
-6.83012E-04 
-2.18029E-03 
-8.33924E-03 
-1.54563E-04 
-4.19248E-04 
-1.15408E-03 
-3.30672E-03 
-1.04119E-02 
-3.94669E-02 
---
