PdfType: replica
Format: lhagrid1
---
4.34963E-04 7.77181E-04 7.77181E-04 1.38865E-03 1.38865E-03 2.48120E-03 2.48120E-03 2.48120E-03 4.43334E-03 4.43334E-03 4.43334E-03 4.43334E-03 7.92137E-03 7.92137E-03 7.92137E-03 7.92137E-03 1.41537E-02 1.41537E-02 1.41537E-02 1.41537E-02 1.41537E-02 2.52895E-02 2.52895E-02 2.52895E-02 2.52895E-02 2.52895E-02 4.51866E-02 4.51866E-02 4.51866E-02 4.51866E-02 4.51866E-02 4.51866E-02 8.07383E-02 8.07383E-02 8.07383E-02 8.07383E-02 8.07383E-02 8.07383E-02 8.07383E-02 1.44261E-01 1.44261E-01 1.44261E-01 1.44261E-01 1.44261E-01 1.44261E-01 2.57762E-01 2.57762E-01 2.57762E-01 2.57762E-01 2.57762E-01 2.57762E-01 4.60562E-01 4.60562E-01 4.60562E-01 4.60562E-01 4.60562E-01 4.60562E-01 
1.58489E+00 1.58489E+00 2.51189E+00 1.58489E+00 2.51189E+00 1.58489E+00 2.51189E+00 3.98107E+00 1.58489E+00 2.51189E+00 3.98107E+00 6.30957E+00 1.58489E+00 2.51189E+00 3.98107E+00 6.30957E+00 1.58489E+00 2.51189E+00 3.98107E+00 6.30957E+00 9.99999E+00 1.58489E+00 2.51189E+00 3.98107E+00 6.30957E+00 9.99999E+00 1.58489E+00 2.51189E+00 3.98107E+00 6.30957E+00 9.99999E+00 1.58489E+01 1.58489E+00 2.51189E+00 3.98107E+00 6.30957E+00 9.99999E+00 1.58489E+01 2.51189E+01 2.51189E+00 3.98107E+00 6.30957E+00 9.99999E+00 1.58489E+01 2.51189E+01 3.98107E+00 6.30957E+00 9.99999E+00 1.58489E+01 2.51189E+01 3.98107E+01 6.30957E+00 9.99999E+00 1.58489E+01 2.51189E+01 3.98107E+01 6.30957E+01 
90000 
5.27300E-08 
3.34244E-08 
1.98435E-07 
1.31729E-08 
1.08753E-07 
-1.29712E-08 
1.86975E-08 
3.76205E-07 
-5.21005E-08 
-9.62020E-08 
-5.19582E-08 
9.33999E-07 
-1.16110E-07 
-2.71311E-07 
-5.94458E-07 
-1.10087E-06 
-2.25720E-07 
-5.66188E-07 
-1.43396E-06 
-3.71749E-06 
-9.90157E-06 
-4.14277E-07 
-1.07885E-06 
-2.85732E-06 
-7.82231E-06 
-2.32726E-05 
-7.24507E-07 
-1.94442E-06 
-5.26003E-06 
-1.45754E-05 
-4.33529E-05 
-1.53287E-04 
-1.20068E-06 
-3.30019E-06 
-9.01577E-06 
-2.49374E-05 
-7.24012E-05 
-2.37303E-04 
-9.74985E-04 
-5.24970E-06 
-1.42604E-05 
-3.89494E-05 
-1.09569E-04 
-3.33583E-04 
-1.19442E-03 
-2.06897E-05 
-5.56283E-05 
-1.52681E-04 
-4.42419E-04 
-1.43970E-03 
-5.76875E-03 
-7.25639E-05 
-1.95866E-04 
-5.51589E-04 
-1.70014E-03 
-6.19758E-03 
-2.87109E-02 
---
