PdfType: replica
Format: lhagrid1
---
4.34963E-04 7.77181E-04 7.77181E-04 1.38865E-03 1.38865E-03 2.48120E-03 2.48120E-03 2.48120E-03 4.43334E-03 4.43334E-03 4.43334E-03 4.43334E-03 7.92137E-03 7.92137E-03 7.92137E-03 7.92137E-03 1.41537E-02 1.41537E-02 1.41537E-02 1.41537E-02 1.41537E-02 2.52895E-02 2.52895E-02 2.52895E-02 2.52895E-02 2.52895E-02 4.51866E-02 4.51866E-02 4.51866E-02 4.51866E-02 4.51866E-02 4.51866E-02 8.07383E-02 8.07383E-02 8.07383E-02 8.07383E-02 8.07383E-02 8.07383E-02 8.07383E-02 1.44261E-01 1.44261E-01 1.44261E-01 1.44261E-01 1.44261E-01 1.44261E-01 2.57762E-01 2.57762E-01 2.57762E-01 2.57762E-01 2.57762E-01 2.57762E-01 4.60562E-01 4.60562E-01 4.60562E-01 4.60562E-01 4.60562E-01 4.60562E-01 
1.58489E+00 1.58489E+00 2.51189E+00 1.58489E+00 2.51189E+00 1.58489E+00 2.51189E+00 3.98107E+00 1.58489E+00 2.51189E+00 3.98107E+00 6.30957E+00 1.58489E+00 2.51189E+00 3.98107E+00 6.30957E+00 1.58489E+00 2.51189E+00 3.98107E+00 6.30957E+00 9.99999E+00 1.58489E+00 2.51189E+00 3.98107E+00 6.30957E+00 9.99999E+00 1.58489E+00 2.51189E+00 3.98107E+00 6.30957E+00 9.99999E+00 1.58489E+01 1.58489E+00 2.51189E+00 3.98107E+00 6.30957E+00 9.99999E+00 1.58489E+01 2.51189E+01 2.51189E+00 3.98107E+00 6.30957E+00 9.99999E+00 1.58489E+01 2.51189E+01 3.98107E+00 6.30957E+00 9.99999E+00 1.58489E+01 2.51189E+01 3.98107E+01 6.30957E+00 9.99999E+00 1.58489E+01 2.51189E+01 3.98107E+01 6.30957E+01 
90000 
3.18467E-09 
-5.00404E-08 
1.08249E-07 
-1.18707E-07 
-8.85834E-08 
-2.12065E-07 
-3.31896E-07 
-5.21290E-08 
-3.42507E-07 
-6.58949E-07 
-1.02384E-06 
4.10796E-07 
-5.27728E-07 
-1.11671E-06 
-2.27703E-06 
-3.70601E-06 
-7.90372E-07 
-1.76093E-06 
-3.98149E-06 
-8.76571E-06 
-1.66511E-05 
-1.14105E-06 
-2.62854E-06 
-6.27338E-06 
-1.53191E-05 
-3.85004E-05 
-1.53073E-06 
-3.65635E-06 
-9.07212E-06 
-2.33351E-05 
-6.39927E-05 
-2.06098E-04 
-1.85693E-06 
-4.62229E-06 
-1.18123E-05 
-3.12701E-05 
-8.88266E-05 
-2.94504E-04 
-1.27039E-03 
-5.13990E-06 
-1.33003E-05 
-3.56943E-05 
-1.02839E-04 
-3.41599E-04 
-1.42709E-03 
-1.29757E-05 
-3.59936E-05 
-1.05968E-04 
-3.50876E-04 
-1.40342E-03 
-7.09363E-03 
-5.94442E-05 
-1.71237E-04 
-5.19728E-04 
-1.75953E-03 
-7.14691E-03 
-3.64031E-02 
---
