PdfType: replica
Format: lhagrid1
---
4.34963E-04 7.77181E-04 7.77181E-04 1.38865E-03 1.38865E-03 2.48120E-03 2.48120E-03 2.48120E-03 4.43334E-03 4.43334E-03 4.43334E-03 4.43334E-03 7.92137E-03 7.92137E-03 7.92137E-03 7.92137E-03 1.41537E-02 1.41537E-02 1.41537E-02 1.41537E-02 1.41537E-02 2.52895E-02 2.52895E-02 2.52895E-02 2.52895E-02 2.52895E-02 4.51866E-02 4.51866E-02 4.51866E-02 4.51866E-02 4.51866E-02 4.51866E-02 8.07383E-02 8.07383E-02 8.07383E-02 8.07383E-02 8.07383E-02 8.07383E-02 8.07383E-02 1.44261E-01 1.44261E-01 1.44261E-01 1.44261E-01 1.44261E-01 1.44261E-01 2.57762E-01 2.57762E-01 2.57762E-01 2.57762E-01 2.57762E-01 2.57762E-01 4.60562E-01 4.60562E-01 4.60562E-01 4.60562E-01 4.60562E-01 4.60562E-01 
1.58489E+00 1.58489E+00 2.51189E+00 1.58489E+00 2.51189E+00 1.58489E+00 2.51189E+00 3.98107E+00 1.58489E+00 2.51189E+00 3.98107E+00 6.30957E+00 1.58489E+00 2.51189E+00 3.98107E+00 6.30957E+00 1.58489E+00 2.51189E+00 3.98107E+00 6.30957E+00 9.99999E+00 1.58489E+00 2.51189E+00 3.98107E+00 6.30957E+00 9.99999E+00 1.58489E+00 2.51189E+00 3.98107E+00 6.30957E+00 9.99999E+00 1.58489E+01 1.58489E+00 2.51189E+00 3.98107E+00 6.30957E+00 9.99999E+00 1.58489E+01 2.51189E+01 2.51189E+00 3.98107E+00 6.30957E+00 9.99999E+00 1.58489E+01 2.51189E+01 3.98107E+00 6.30957E+00 9.99999E+00 1.58489E+01 2.51189E+01 3.98107E+01 6.30957E+00 9.99999E+00 1.58489E+01 2.51189E+01 3.98107E+01 6.30957E+01 
90000 
1.15993E-07 
8.38402E-08 
4.19169E-07 
5.85813E-08 
2.69021E-07 
3.30420E-08 
1.49146E-07 
8.99185E-07 
-1.89492E-09 
2.20645E-08 
3.02982E-07 
2.19836E-06 
-6.12704E-08 
-1.60014E-07 
-3.52236E-07 
-6.43326E-07 
-1.72357E-07 
-4.76364E-07 
-1.32026E-06 
-3.91678E-06 
-1.35011E-05 
-3.82513E-07 
-1.06348E-06 
-2.99927E-06 
-8.90375E-06 
-3.01673E-05 
-7.58016E-07 
-2.12764E-06 
-5.99520E-06 
-1.73850E-05 
-5.50771E-05 
-2.12001E-04 
-1.37520E-06 
-3.93496E-06 
-1.10987E-05 
-3.15787E-05 
-9.44267E-05 
-3.20132E-04 
-1.36186E-03 
-6.91225E-06 
-1.93705E-05 
-5.41131E-05 
-1.54860E-04 
-4.76895E-04 
-1.71516E-03 
-3.24972E-05 
-8.90477E-05 
-2.46924E-04 
-7.13540E-04 
-2.26950E-03 
-8.70123E-03 
-1.51644E-04 
-4.13077E-04 
-1.15093E-03 
-3.39659E-03 
-1.13889E-02 
-4.78606E-02 
---
