PdfType: replica
Format: lhagrid1
---
4.34963E-04 7.77181E-04 7.77181E-04 1.38865E-03 1.38865E-03 2.48120E-03 2.48120E-03 2.48120E-03 4.43334E-03 4.43334E-03 4.43334E-03 4.43334E-03 7.92137E-03 7.92137E-03 7.92137E-03 7.92137E-03 1.41537E-02 1.41537E-02 1.41537E-02 1.41537E-02 1.41537E-02 2.52895E-02 2.52895E-02 2.52895E-02 2.52895E-02 2.52895E-02 4.51866E-02 4.51866E-02 4.51866E-02 4.51866E-02 4.51866E-02 4.51866E-02 8.07383E-02 8.07383E-02 8.07383E-02 8.07383E-02 8.07383E-02 8.07383E-02 8.07383E-02 1.44261E-01 1.44261E-01 1.44261E-01 1.44261E-01 1.44261E-01 1.44261E-01 2.57762E-01 2.57762E-01 2.57762E-01 2.57762E-01 2.57762E-01 2.57762E-01 4.60562E-01 4.60562E-01 4.60562E-01 4.60562E-01 4.60562E-01 4.60562E-01 
1.58489E+00 1.58489E+00 2.51189E+00 1.58489E+00 2.51189E+00 1.58489E+00 2.51189E+00 3.98107E+00 1.58489E+00 2.51189E+00 3.98107E+00 6.30957E+00 1.58489E+00 2.51189E+00 3.98107E+00 6.30957E+00 1.58489E+00 2.51189E+00 3.98107E+00 6.30957E+00 9.99999E+00 1.58489E+00 2.51189E+00 3.98107E+00 6.30957E+00 9.99999E+00 1.58489E+00 2.51189E+00 3.98107E+00 6.30957E+00 9.99999E+00 1.58489E+01 1.58489E+00 2.51189E+00 3.98107E+00 6.30957E+00 9.99999E+00 1.58489E+01 2.51189E+01 2.51189E+00 3.98107E+00 6.30957E+00 9.99999E+00 1.58489E+01 2.51189E+01 3.98107E+00 6.30957E+00 9.99999E+00 1.58489E+01 2.51189E+01 3.98107E+01 6.30957E+00 9.99999E+00 1.58489E+01 2.51189E+01 3.98107E+01 6.30957E+01 
90000 
1.32556E-08 
1.79325E-08 
5.56500E-08 
2.69570E-08 
5.74249E-08 
4.18829E-08 
7.76308E-08 
1.35569E-07 
6.50534E-08 
1.20455E-07 
1.63288E-07 
-4.65846E-07 
9.98382E-08 
1.93171E-07 
2.78198E-07 
-5.33885E-07 
1.50284E-07 
3.03534E-07 
4.86807E-07 
-3.17874E-07 
-1.06474E-05 
2.17332E-07 
4.50082E-07 
7.68520E-07 
3.57670E-08 
-1.14934E-05 
2.88916E-07 
5.96219E-07 
9.94399E-07 
7.88514E-08 
-1.36127E-05 
-1.27402E-04 
3.38201E-07 
6.26648E-07 
7.41104E-07 
-1.56316E-06 
-2.10574E-05 
-1.56182E-04 
-1.10870E-03 
1.98859E-07 
-1.29161E-06 
-9.06946E-06 
-4.59338E-05 
-2.30347E-04 
-1.27160E-03 
-1.03451E-05 
-3.93950E-05 
-1.39803E-04 
-4.98252E-04 
-1.91033E-03 
-8.50714E-03 
-2.45751E-04 
-7.80251E-04 
-2.39087E-03 
-7.16200E-03 
-2.11944E-02 
-6.28106E-02 
---
