PdfType: central
Format: lhagrid1
---
4.34963E-04 7.77181E-04 7.77181E-04 1.38865E-03 1.38865E-03 2.48120E-03 2.48120E-03 2.48120E-03 4.43334E-03 4.43334E-03 4.43334E-03 4.43334E-03 7.92137E-03 7.92137E-03 7.92137E-03 7.92137E-03 1.41537E-02 1.41537E-02 1.41537E-02 1.41537E-02 1.41537E-02 2.52895E-02 2.52895E-02 2.52895E-02 2.52895E-02 2.52895E-02 4.51866E-02 4.51866E-02 4.51866E-02 4.51866E-02 4.51866E-02 4.51866E-02 8.07383E-02 8.07383E-02 8.07383E-02 8.07383E-02 8.07383E-02 8.07383E-02 8.07383E-02 1.44261E-01 1.44261E-01 1.44261E-01 1.44261E-01 1.44261E-01 1.44261E-01 2.57762E-01 2.57762E-01 2.57762E-01 2.57762E-01 2.57762E-01 2.57762E-01 4.60562E-01 4.60562E-01 4.60562E-01 4.60562E-01 4.60562E-01 4.60562E-01 
1.58489E+00 1.58489E+00 2.51189E+00 1.58489E+00 2.51189E+00 1.58489E+00 2.51189E+00 3.98107E+00 1.58489E+00 2.51189E+00 3.98107E+00 6.30957E+00 1.58489E+00 2.51189E+00 3.98107E+00 6.30957E+00 1.58489E+00 2.51189E+00 3.98107E+00 6.30957E+00 9.99999E+00 1.58489E+00 2.51189E+00 3.98107E+00 6.30957E+00 9.99999E+00 1.58489E+00 2.51189E+00 3.98107E+00 6.30957E+00 9.99999E+00 1.58489E+01 1.58489E+00 2.51189E+00 3.98107E+00 6.30957E+00 9.99999E+00 1.58489E+01 2.51189E+01 2.51189E+00 3.98107E+00 6.30957E+00 9.99999E+00 1.58489E+01 2.51189E+01 3.98107E+00 6.30957E+00 9.99999E+00 1.58489E+01 2.51189E+01 3.98107E+01 6.30957E+00 9.99999E+00 1.58489E+01 2.51189E+01 3.98107E+01 6.30957E+01 
90000 
6.58064E-08 
2.18108E-08 
2.48770E-07 
-2.09999E-08 
8.48832E-08 
-7.11481E-08 
-7.23340E-08 
3.25427E-07 
-1.38116E-07 
-2.58808E-07 
-3.31761E-07 
6.57400E-07 
-2.35100E-07 
-5.15892E-07 
-1.11131E-06 
-2.20075E-06 
-3.81801E-07 
-9.02360E-07 
-2.20787E-06 
-5.64786E-06 
-1.58712E-05 
-6.04706E-07 
-1.50463E-06 
-3.89446E-06 
-1.06103E-05 
-3.23380E-05 
-9.31977E-07 
-2.44106E-06 
-6.55464E-06 
-1.82687E-05 
-5.55701E-05 
-2.05019E-04 
-1.41184E-06 
-3.88728E-06 
-1.07008E-05 
-2.99974E-05 
-8.90983E-05 
-3.03210E-04 
-1.30796E-03 
-6.15463E-06 
-1.69968E-05 
-4.72144E-05 
-1.35770E-04 
-4.27075E-04 
-1.60110E-03 
-2.60947E-05 
-7.15471E-05 
-2.00260E-04 
-5.92977E-04 
-1.97790E-03 
-8.12349E-03 
-1.16403E-04 
-3.23651E-04 
-9.25208E-04 
-2.82555E-03 
-9.88395E-03 
-4.31026E-02 
---
