PdfType: replica
Format: lhagrid1
---
4.34963E-04 7.77181E-04 7.77181E-04 1.38865E-03 1.38865E-03 2.48120E-03 2.48120E-03 2.48120E-03 4.43334E-03 4.43334E-03 4.43334E-03 4.43334E-03 7.92137E-03 7.92137E-03 7.92137E-03 7.92137E-03 1.41537E-02 1.41537E-02 1.41537E-02 1.41537E-02 1.41537E-02 2.52895E-02 2.52895E-02 2.52895E-02 2.52895E-02 2.52895E-02 4.51866E-02 4.51866E-02 4.51866E-02 4.51866E-02 4.51866E-02 4.51866E-02 8.07383E-02 8.07383E-02 8.07383E-02 8.07383E-02 8.07383E-02 8.07383E-02 8.07383E-02 1.44261E-01 1.44261E-01 1.44261E-01 1.44261E-01 1.44261E-01 1.44261E-01 2.57762E-01 2.57762E-01 2.57762E-01 2.57762E-01 2.57762E-01 2.57762E-01 4.60562E-01 4.60562E-01 4.60562E-01 4.60562E-01 4.60562E-01 4.60562E-01 
1.58489E+00 1.58489E+00 2.51189E+00 1.58489E+00 2.51189E+00 1.58489E+00 2.51189E+00 3.98107E+00 1.58489E+00 2.51189E+00 3.98107E+00 6.30957E+00 1.58489E+00 2.51189E+00 3.98107E+00 6.30957E+00 1.58489E+00 2.51189E+00 3.98107E+00 6.30957E+00 9.99999E+00 1.58489E+00 2.51189E+00 3.98107E+00 6.30957E+00 9.99999E+00 1.58489E+00 2.51189E+00 3.98107E+00 6.30957E+00 9.99999E+00 1.58489E+01 1.58489E+00 2.51189E+00 3.98107E+00 6.30957E+00 9.99999E+00 1.58489E+01 2.51189E+01 2.51189E+00 3.98107E+00 6.30957E+00 9.99999E+00 1.58489E+01 2.51189E+01 3.98107E+00 6.30957E+00 9.99999E+00 1.58489E+01 2.51189E+01 3.98107E+01 6.30957E+00 9.99999E+00 1.58489E+01 2.51189E+01 3.98107E+01 6.30957E+01 
90000 
-2.95172E-08 
-5.95295E-08 
-3.22127E-08 
-1.05751E-07 
-1.52725E-07 
-1.77934E-07 
-3.28944E-07 
-3.91143E-07 
-2.90862E-07 
-6.02876E-07 
-1.13518E-06 
-1.23063E-06 
-4.67211E-07 
-1.03684E-06 
-2.26998E-06 
-4.51398E-06 
-7.40464E-07 
-1.72079E-06 
-4.05145E-06 
-9.44195E-06 
-2.11092E-05 
-1.15045E-06 
-2.76512E-06 
-6.79577E-06 
-1.69661E-05 
-4.39075E-05 
-1.71276E-06 
-4.24022E-06 
-1.07331E-05 
-2.77885E-05 
-7.55113E-05 
-2.33720E-04 
-2.37670E-06 
-6.04983E-06 
-1.56129E-05 
-4.11304E-05 
-1.13344E-04 
-3.49366E-04 
-1.34611E-03 
-7.79877E-06 
-2.01192E-05 
-5.29316E-05 
-1.45264E-04 
-4.39980E-04 
-1.61328E-03 
-2.05313E-05 
-5.31463E-05 
-1.44811E-04 
-4.38710E-04 
-1.60464E-03 
-7.59814E-03 
-2.40798E-05 
-6.96775E-05 
-2.45722E-04 
-1.10333E-03 
-6.12223E-03 
-3.93642E-02 
---
