PdfType: replica
Format: lhagrid1
---
4.34963E-04 7.77181E-04 7.77181E-04 1.38865E-03 1.38865E-03 2.48120E-03 2.48120E-03 2.48120E-03 4.43334E-03 4.43334E-03 4.43334E-03 4.43334E-03 7.92137E-03 7.92137E-03 7.92137E-03 7.92137E-03 1.41537E-02 1.41537E-02 1.41537E-02 1.41537E-02 1.41537E-02 2.52895E-02 2.52895E-02 2.52895E-02 2.52895E-02 2.52895E-02 4.51866E-02 4.51866E-02 4.51866E-02 4.51866E-02 4.51866E-02 4.51866E-02 8.07383E-02 8.07383E-02 8.07383E-02 8.07383E-02 8.07383E-02 8.07383E-02 8.07383E-02 1.44261E-01 1.44261E-01 1.44261E-01 1.44261E-01 1.44261E-01 1.44261E-01 2.57762E-01 2.57762E-01 2.57762E-01 2.57762E-01 2.57762E-01 2.57762E-01 4.60562E-01 4.60562E-01 4.60562E-01 4.60562E-01 4.60562E-01 4.60562E-01 
1.58489E+00 1.58489E+00 2.51189E+00 1.58489E+00 2.51189E+00 1.58489E+00 2.51189E+00 3.98107E+00 1.58489E+00 2.51189E+00 3.98107E+00 6.30957E+00 1.58489E+00 2.51189E+00 3.98107E+00 6.30957E+00 1.58489E+00 2.51189E+00 3.98107E+00 6.30957E+00 9.99999E+00 1.58489E+00 2.51189E+00 3.98107E+00 6.30957E+00 9.99999E+00 1.58489E+00 2.51189E+00 3.98107E+00 6.30957E+00 9.99999E+00 1.58489E+01 1.58489E+00 2.51189E+00 3.98107E+00 6.30957E+00 9.99999E+00 1.58489E+01 2.51189E+01 2.51189E+00 3.98107E+00 6.30957E+00 9.99999E+00 1.58489E+01 2.51189E+01 3.98107E+00 6.30957E+00 9.99999E+00 1.58489E+01 2.51189E+01 3.98107E+01 6.30957E+00 9.99999E+00 1.58489E+01 2.51189E+01 3.98107E+01 6.30957E+01 
90000 
2.87050E-08 
2.68038E-08 
1.42318E-07 
2.81800E-08 
1.02854E-07 
3.28117E-08 
8.47435E-08 
3.06137E-07 
4.06097E-08 
8.17349E-08 
1.60108E-07 
-9.79307E-08 
5.08379E-08 
8.84972E-08 
7.29341E-08 
-8.63898E-07 
6.09052E-08 
9.47615E-08 
-5.98551E-09 
-1.48670E-06 
-1.39526E-05 
6.36608E-08 
7.50982E-08 
-1.66835E-07 
-2.32500E-06 
-1.81526E-05 
4.25938E-08 
-3.11501E-08 
-6.11383E-07 
-4.01817E-06 
-2.45289E-05 
-1.60089E-04 
-3.58328E-08 
-3.62095E-07 
-1.80633E-06 
-7.98824E-06 
-3.70721E-05 
-1.95247E-04 
-1.19806E-03 
-1.28223E-06 
-4.98606E-06 
-1.80258E-05 
-6.67131E-05 
-2.73415E-04 
-1.32400E-03 
-1.48753E-05 
-4.88586E-05 
-1.57586E-04 
-5.23198E-04 
-1.89831E-03 
-8.12971E-03 
-2.18422E-04 
-6.66474E-04 
-1.98799E-03 
-5.86405E-03 
-1.73634E-02 
-5.31009E-02 
---
