PdfType: replica
Format: lhagrid1
---
4.34963E-04 7.77181E-04 7.77181E-04 1.38865E-03 1.38865E-03 2.48120E-03 2.48120E-03 2.48120E-03 4.43334E-03 4.43334E-03 4.43334E-03 4.43334E-03 7.92137E-03 7.92137E-03 7.92137E-03 7.92137E-03 1.41537E-02 1.41537E-02 1.41537E-02 1.41537E-02 1.41537E-02 2.52895E-02 2.52895E-02 2.52895E-02 2.52895E-02 2.52895E-02 4.51866E-02 4.51866E-02 4.51866E-02 4.51866E-02 4.51866E-02 4.51866E-02 8.07383E-02 8.07383E-02 8.07383E-02 8.07383E-02 8.07383E-02 8.07383E-02 8.07383E-02 1.44261E-01 1.44261E-01 1.44261E-01 1.44261E-01 1.44261E-01 1.44261E-01 2.57762E-01 2.57762E-01 2.57762E-01 2.57762E-01 2.57762E-01 2.57762E-01 4.60562E-01 4.60562E-01 4.60562E-01 4.60562E-01 4.60562E-01 4.60562E-01 
1.58489E+00 1.58489E+00 2.51189E+00 1.58489E+00 2.51189E+00 1.58489E+00 2.51189E+00 3.98107E+00 1.58489E+00 2.51189E+00 3.98107E+00 6.30957E+00 1.58489E+00 2.51189E+00 3.98107E+00 6.30957E+00 1.58489E+00 2.51189E+00 3.98107E+00 6.30957E+00 9.99999E+00 1.58489E+00 2.51189E+00 3.98107E+00 6.30957E+00 9.99999E+00 1.58489E+00 2.51189E+00 3.98107E+00 6.30957E+00 9.99999E+00 1.58489E+01 1.58489E+00 2.51189E+00 3.98107E+00 6.30957E+00 9.99999E+00 1.58489E+01 2.51189E+01 2.51189E+00 3.98107E+00 6.30957E+00 9.99999E+00 1.58489E+01 2.51189E+01 3.98107E+00 6.30957E+00 9.99999E+00 1.58489E+01 2.51189E+01 3.98107E+01 6.30957E+00 9.99999E+00 1.58489E+01 2.51189E+01 3.98107E+01 6.30957E+01 
90000 
-7.05059E-09 
-4.08614E-08 
5.11812E-08 
-8.71132E-08 
-9.21129E-08 
-1.54674E-07 
-2.72178E-07 
-2.34267E-07 
-2.56423E-07 
-5.28819E-07 
-9.87959E-07 
-1.14285E-06 
-4.12056E-07 
-9.16351E-07 
-2.03170E-06 
-4.30900E-06 
-6.50608E-07 
-1.51007E-06 
-3.58597E-06 
-8.65940E-06 
-2.19483E-05 
-1.00297E-06 
-2.39412E-06 
-5.90106E-06 
-1.50113E-05 
-4.11485E-05 
-1.46078E-06 
-3.58887E-06 
-9.10185E-06 
-2.38636E-05 
-6.70876E-05 
-2.22856E-04 
-1.93922E-06 
-4.95024E-06 
-1.28871E-05 
-3.44752E-05 
-9.77756E-05 
-3.17032E-04 
-1.30961E-03 
-6.28299E-06 
-1.66230E-05 
-4.48953E-05 
-1.27129E-04 
-4.00621E-04 
-1.53633E-03 
-2.01982E-05 
-5.48262E-05 
-1.54299E-04 
-4.71241E-04 
-1.67942E-03 
-7.55515E-03 
-7.63518E-05 
-2.13470E-04 
-6.26534E-04 
-2.03829E-03 
-7.94555E-03 
-3.92887E-02 
---
