PdfType: replica
Format: lhagrid1
---
4.34963E-04 7.77181E-04 7.77181E-04 1.38865E-03 1.38865E-03 2.48120E-03 2.48120E-03 2.48120E-03 4.43334E-03 4.43334E-03 4.43334E-03 4.43334E-03 7.92137E-03 7.92137E-03 7.92137E-03 7.92137E-03 1.41537E-02 1.41537E-02 1.41537E-02 1.41537E-02 1.41537E-02 2.52895E-02 2.52895E-02 2.52895E-02 2.52895E-02 2.52895E-02 4.51866E-02 4.51866E-02 4.51866E-02 4.51866E-02 4.51866E-02 4.51866E-02 8.07383E-02 8.07383E-02 8.07383E-02 8.07383E-02 8.07383E-02 8.07383E-02 8.07383E-02 1.44261E-01 1.44261E-01 1.44261E-01 1.44261E-01 1.44261E-01 1.44261E-01 2.57762E-01 2.57762E-01 2.57762E-01 2.57762E-01 2.57762E-01 2.57762E-01 4.60562E-01 4.60562E-01 4.60562E-01 4.60562E-01 4.60562E-01 4.60562E-01 
1.58489E+00 1.58489E+00 2.51189E+00 1.58489E+00 2.51189E+00 1.58489E+00 2.51189E+00 3.98107E+00 1.58489E+00 2.51189E+00 3.98107E+00 6.30957E+00 1.58489E+00 2.51189E+00 3.98107E+00 6.30957E+00 1.58489E+00 2.51189E+00 3.98107E+00 6.30957E+00 9.99999E+00 1.58489E+00 2.51189E+00 3.98107E+00 6.30957E+00 9.99999E+00 1.58489E+00 2.51189E+00 3.98107E+00 6.30957E+00 9.99999E+00 1.58489E+01 1.58489E+00 2.51189E+00 3.98107E+00 6.30957E+00 9.99999E+00 1.58489E+01 2.51189E+01 2.51189E+00 3.98107E+00 6.30957E+00 9.99999E+00 1.58489E+01 2.51189E+01 3.98107E+00 6.30957E+00 9.99999E+00 1.58489E+01 2.51189E+01 3.98107E+01 6.30957E+00 9.99999E+00 1.58489E+01 2.51189E+01 3.98107E+01 6.30957E+01 
90000 
1.21355E-07 
8.88423E-08 
4.32799E-07 
6.22898E-08 
2.81798E-07 
3.54068E-08 
1.59933E-07 
9.65446E-07 
4.70235E-10 
3.42818E-08 
3.68431E-07 
2.63353E-06 
-5.46570E-08 
-1.35141E-07 
-2.59378E-07 
-2.28996E-07 
-1.50880E-07 
-4.12986E-07 
-1.13754E-06 
-3.35632E-06 
-1.10960E-05 
-3.24339E-07 
-9.13552E-07 
-2.61645E-06 
-7.92754E-06 
-2.73476E-05 
-6.35785E-07 
-1.83655E-06 
-5.29120E-06 
-1.56914E-05 
-5.09655E-05 
-2.01646E-04 
-1.19713E-06 
-3.52686E-06 
-1.01276E-05 
-2.92322E-05 
-8.86867E-05 
-3.05615E-04 
-1.32010E-03 
-6.59247E-06 
-1.85819E-05 
-5.20372E-05 
-1.48911E-04 
-4.57191E-04 
-1.63275E-03 
-3.21516E-05 
-8.73273E-05 
-2.39895E-04 
-6.85482E-04 
-2.14824E-03 
-8.08569E-03 
-1.30994E-04 
-3.51398E-04 
-9.70001E-04 
-2.85875E-03 
-9.65026E-03 
-4.08206E-02 
---
