PdfType: replica
Format: lhagrid1
---
4.34963E-04 7.77181E-04 7.77181E-04 1.38865E-03 1.38865E-03 2.48120E-03 2.48120E-03 2.48120E-03 4.43334E-03 4.43334E-03 4.43334E-03 4.43334E-03 7.92137E-03 7.92137E-03 7.92137E-03 7.92137E-03 1.41537E-02 1.41537E-02 1.41537E-02 1.41537E-02 1.41537E-02 2.52895E-02 2.52895E-02 2.52895E-02 2.52895E-02 2.52895E-02 4.51866E-02 4.51866E-02 4.51866E-02 4.51866E-02 4.51866E-02 4.51866E-02 8.07383E-02 8.07383E-02 8.07383E-02 8.07383E-02 8.07383E-02 8.07383E-02 8.07383E-02 1.44261E-01 1.44261E-01 1.44261E-01 1.44261E-01 1.44261E-01 1.44261E-01 2.57762E-01 2.57762E-01 2.57762E-01 2.57762E-01 2.57762E-01 2.57762E-01 4.60562E-01 4.60562E-01 4.60562E-01 4.60562E-01 4.60562E-01 4.60562E-01 
1.58489E+00 1.58489E+00 2.51189E+00 1.58489E+00 2.51189E+00 1.58489E+00 2.51189E+00 3.98107E+00 1.58489E+00 2.51189E+00 3.98107E+00 6.30957E+00 1.58489E+00 2.51189E+00 3.98107E+00 6.30957E+00 1.58489E+00 2.51189E+00 3.98107E+00 6.30957E+00 9.99999E+00 1.58489E+00 2.51189E+00 3.98107E+00 6.30957E+00 9.99999E+00 1.58489E+00 2.51189E+00 3.98107E+00 6.30957E+00 9.99999E+00 1.58489E+01 1.58489E+00 2.51189E+00 3.98107E+00 6.30957E+00 9.99999E+00 1.58489E+01 2.51189E+01 2.51189E+00 3.98107E+00 6.30957E+00 9.99999E+00 1.58489E+01 2.51189E+01 3.98107E+00 6.30957E+00 9.99999E+00 1.58489E+01 2.51189E+01 3.98107E+01 6.30957E+00 9.99999E+00 1.58489E+01 2.51189E+01 3.98107E+01 6.30957E+01 
90000 
2.76007E-08 
-2.07793E-08 
1.74894E-07 
-8.44820E-08 
-2.08910E-08 
-1.75853E-07 
-2.66540E-07 
1.06801E-07 
-3.13521E-07 
-6.17985E-07 
-9.48586E-07 
6.44210E-07 
-5.28067E-07 
-1.15894E-06 
-2.42932E-06 
-4.05780E-06 
-8.69535E-07 
-2.02000E-06 
-4.70478E-06 
-1.05473E-05 
-2.00931E-05 
-1.40431E-06 
-3.37914E-06 
-8.26779E-06 
-2.03010E-05 
-4.98612E-05 
-2.16934E-06 
-5.36606E-06 
-1.34814E-05 
-3.43412E-05 
-9.01561E-05 
-2.60500E-04 
-3.10267E-06 
-7.75382E-06 
-1.95505E-05 
-5.01158E-05 
-1.33372E-04 
-3.91817E-04 
-1.42510E-03 
-8.98737E-06 
-2.18037E-05 
-5.45294E-05 
-1.43699E-04 
-4.25179E-04 
-1.56639E-03 
-9.82354E-06 
-2.28839E-05 
-6.22366E-05 
-2.21503E-04 
-1.07358E-03 
-6.57346E-03 
3.06057E-05 
6.82751E-05 
9.93194E-05 
-2.61256E-04 
-4.19815E-03 
-3.57942E-02 
---
