PdfType: replica
Format: lhagrid1
---
4.34963E-04 7.77181E-04 7.77181E-04 1.38865E-03 1.38865E-03 2.48120E-03 2.48120E-03 2.48120E-03 4.43334E-03 4.43334E-03 4.43334E-03 4.43334E-03 7.92137E-03 7.92137E-03 7.92137E-03 7.92137E-03 1.41537E-02 1.41537E-02 1.41537E-02 1.41537E-02 1.41537E-02 2.52895E-02 2.52895E-02 2.52895E-02 2.52895E-02 2.52895E-02 4.51866E-02 4.51866E-02 4.51866E-02 4.51866E-02 4.51866E-02 4.51866E-02 8.07383E-02 8.07383E-02 8.07383E-02 8.07383E-02 8.07383E-02 8.07383E-02 8.07383E-02 1.44261E-01 1.44261E-01 1.44261E-01 1.44261E-01 1.44261E-01 1.44261E-01 2.57762E-01 2.57762E-01 2.57762E-01 2.57762E-01 2.57762E-01 2.57762E-01 4.60562E-01 4.60562E-01 4.60562E-01 4.60562E-01 4.60562E-01 4.60562E-01 
1.58489E+00 1.58489E+00 2.51189E+00 1.58489E+00 2.51189E+00 1.58489E+00 2.51189E+00 3.98107E+00 1.58489E+00 2.51189E+00 3.98107E+00 6.30957E+00 1.58489E+00 2.51189E+00 3.98107E+00 6.30957E+00 1.58489E+00 2.51189E+00 3.98107E+00 6.30957E+00 9.99999E+00 1.58489E+00 2.51189E+00 3.98107E+00 6.30957E+00 9.99999E+00 1.58489E+00 2.51189E+00 3.98107E+00 6.30957E+00 9.99999E+00 1.58489E+01 1.58489E+00 2.51189E+00 3.98107E+00 6.30957E+00 9.99999E+00 1.58489E+01 2.51189E+01 2.51189E+00 3.98107E+00 6.30957E+00 9.99999E+00 1.58489E+01 2.51189E+01 3.98107E+00 6.30957E+00 9.99999E+00 1.58489E+01 2.51189E+01 3.98107E+01 6.30957E+00 9.99999E+00 1.58489E+01 2.51189E+01 3.98107E+01 6.30957E+01 
90000 
-4.98552E-08 
-6.01711E-08 
-1.77944E-07 
-8.26369E-08 
-2.07215E-07 
-1.22340E-07 
-2.83444E-07 
-8.07792E-07 
-1.87949E-07 
-4.27204E-07 
-1.08290E-06 
-3.43489E-06 
-2.93354E-07 
-6.74435E-07 
-1.64905E-06 
-4.48664E-06 
-4.59250E-07 
-1.07938E-06 
-2.64877E-06 
-6.89161E-06 
-2.13474E-05 
-7.08672E-07 
-1.70564E-06 
-4.26120E-06 
-1.11202E-05 
-3.25134E-05 
-1.04176E-06 
-2.57562E-06 
-6.57429E-06 
-1.74091E-05 
-5.00487E-05 
-1.72842E-04 
-1.40373E-06 
-3.58314E-06 
-9.33140E-06 
-2.49936E-05 
-7.11237E-05 
-2.31894E-04 
-9.63259E-04 
-4.51814E-06 
-1.19330E-05 
-3.21724E-05 
-9.08288E-05 
-2.84622E-04 
-1.08225E-03 
-1.44367E-05 
-3.93404E-05 
-1.10981E-04 
-3.39107E-04 
-1.20619E-03 
-5.40593E-03 
-5.83524E-05 
-1.62164E-04 
-4.71992E-04 
-1.51701E-03 
-5.82103E-03 
-2.83430E-02 
---
