PdfType: replica
Format: lhagrid1
---
4.34963E-04 7.77181E-04 7.77181E-04 1.38865E-03 1.38865E-03 2.48120E-03 2.48120E-03 2.48120E-03 4.43334E-03 4.43334E-03 4.43334E-03 4.43334E-03 7.92137E-03 7.92137E-03 7.92137E-03 7.92137E-03 1.41537E-02 1.41537E-02 1.41537E-02 1.41537E-02 1.41537E-02 2.52895E-02 2.52895E-02 2.52895E-02 2.52895E-02 2.52895E-02 4.51866E-02 4.51866E-02 4.51866E-02 4.51866E-02 4.51866E-02 4.51866E-02 8.07383E-02 8.07383E-02 8.07383E-02 8.07383E-02 8.07383E-02 8.07383E-02 8.07383E-02 1.44261E-01 1.44261E-01 1.44261E-01 1.44261E-01 1.44261E-01 1.44261E-01 2.57762E-01 2.57762E-01 2.57762E-01 2.57762E-01 2.57762E-01 2.57762E-01 4.60562E-01 4.60562E-01 4.60562E-01 4.60562E-01 4.60562E-01 4.60562E-01 
1.58489E+00 1.58489E+00 2.51189E+00 1.58489E+00 2.51189E+00 1.58489E+00 2.51189E+00 3.98107E+00 1.58489E+00 2.51189E+00 3.98107E+00 6.30957E+00 1.58489E+00 2.51189E+00 3.98107E+00 6.30957E+00 1.58489E+00 2.51189E+00 3.98107E+00 6.30957E+00 9.99999E+00 1.58489E+00 2.51189E+00 3.98107E+00 6.30957E+00 9.99999E+00 1.58489E+00 2.51189E+00 3.98107E+00 6.30957E+00 9.99999E+00 1.58489E+01 1.58489E+00 2.51189E+00 3.98107E+00 6.30957E+00 9.99999E+00 1.58489E+01 2.51189E+01 2.51189E+00 3.98107E+00 6.30957E+00 9.99999E+00 1.58489E+01 2.51189E+01 3.98107E+00 6.30957E+00 9.99999E+00 1.58489E+01 2.51189E+01 3.98107E+01 6.30957E+00 9.99999E+00 1.58489E+01 2.51189E+01 3.98107E+01 6.30957E+01 
90000 
-1.48599E-07 
-1.21179E-07 
-3.70600E-07 
-1.25044E-07 
-3.00505E-07 
-1.58484E-07 
-3.35267E-07 
-7.30627E-07 
-2.25498E-07 
-4.70570E-07 
-9.57624E-07 
-1.53173E-06 
-3.35722E-07 
-7.24271E-07 
-1.55087E-06 
-2.94030E-06 
-5.04023E-07 
-1.13047E-06 
-2.57910E-06 
-5.72394E-06 
-1.07903E-05 
-7.40555E-07 
-1.72277E-06 
-4.14089E-06 
-1.01084E-05 
-2.47903E-05 
-1.02357E-06 
-2.48991E-06 
-6.25537E-06 
-1.61727E-05 
-4.38783E-05 
-1.35980E-04 
-1.31360E-06 
-3.35764E-06 
-8.72565E-06 
-2.32686E-05 
-6.56006E-05 
-2.11006E-04 
-8.65768E-04 
-4.20529E-06 
-1.10458E-05 
-2.96881E-05 
-8.40160E-05 
-2.66483E-04 
-1.03744E-03 
-1.26019E-05 
-3.41060E-05 
-9.61477E-05 
-2.96279E-04 
-1.07516E-03 
-4.94858E-03 
-4.62043E-05 
-1.29185E-04 
-3.82403E-04 
-1.27119E-03 
-5.12331E-03 
-2.61681E-02 
---
