PdfType: replica
Format: lhagrid1
---
4.34963E-04 7.77181E-04 7.77181E-04 1.38865E-03 1.38865E-03 2.48120E-03 2.48120E-03 2.48120E-03 4.43334E-03 4.43334E-03 4.43334E-03 4.43334E-03 7.92137E-03 7.92137E-03 7.92137E-03 7.92137E-03 1.41537E-02 1.41537E-02 1.41537E-02 1.41537E-02 1.41537E-02 2.52895E-02 2.52895E-02 2.52895E-02 2.52895E-02 2.52895E-02 4.51866E-02 4.51866E-02 4.51866E-02 4.51866E-02 4.51866E-02 4.51866E-02 8.07383E-02 8.07383E-02 8.07383E-02 8.07383E-02 8.07383E-02 8.07383E-02 8.07383E-02 1.44261E-01 1.44261E-01 1.44261E-01 1.44261E-01 1.44261E-01 1.44261E-01 2.57762E-01 2.57762E-01 2.57762E-01 2.57762E-01 2.57762E-01 2.57762E-01 4.60562E-01 4.60562E-01 4.60562E-01 4.60562E-01 4.60562E-01 4.60562E-01 
1.58489E+00 1.58489E+00 2.51189E+00 1.58489E+00 2.51189E+00 1.58489E+00 2.51189E+00 3.98107E+00 1.58489E+00 2.51189E+00 3.98107E+00 6.30957E+00 1.58489E+00 2.51189E+00 3.98107E+00 6.30957E+00 1.58489E+00 2.51189E+00 3.98107E+00 6.30957E+00 9.99999E+00 1.58489E+00 2.51189E+00 3.98107E+00 6.30957E+00 9.99999E+00 1.58489E+00 2.51189E+00 3.98107E+00 6.30957E+00 9.99999E+00 1.58489E+01 1.58489E+00 2.51189E+00 3.98107E+00 6.30957E+00 9.99999E+00 1.58489E+01 2.51189E+01 2.51189E+00 3.98107E+00 6.30957E+00 9.99999E+00 1.58489E+01 2.51189E+01 3.98107E+00 6.30957E+00 9.99999E+00 1.58489E+01 2.51189E+01 3.98107E+01 6.30957E+00 9.99999E+00 1.58489E+01 2.51189E+01 3.98107E+01 6.30957E+01 
90000 
-7.15469E-08 
-4.84290E-08 
-1.95739E-07 
-3.63339E-08 
-1.48557E-07 
-3.13221E-08 
-1.27267E-07 
-6.00295E-07 
-3.17435E-08 
-1.19820E-07 
-5.60075E-07 
-3.37938E-06 
-3.50723E-08 
-1.12421E-07 
-5.23509E-07 
-3.17299E-06 
-2.66790E-08 
-6.07071E-08 
-3.79893E-07 
-2.80378E-06 
-1.98625E-05 
5.95955E-08 
1.84825E-07 
1.83686E-07 
-1.65918E-06 
-1.79372E-05 
4.12408E-07 
9.30795E-07 
1.61824E-06 
7.85976E-07 
-1.49819E-05 
-1.43933E-04 
1.12327E-06 
1.82088E-06 
2.06068E-06 
-1.78739E-06 
-2.91558E-05 
-1.89184E-04 
-1.17709E-03 
-2.42095E-06 
-1.27216E-05 
-4.65476E-05 
-1.54871E-04 
-5.12573E-04 
-1.82588E-03 
-7.15590E-05 
-1.97435E-04 
-5.37185E-04 
-1.45751E-03 
-3.99328E-03 
-1.13817E-02 
-2.93986E-04 
-7.52356E-04 
-1.94307E-03 
-5.10687E-03 
-1.40004E-02 
-4.26070E-02 
---
