PdfType: replica
Format: lhagrid1
---
4.34963E-04 7.77181E-04 7.77181E-04 1.38865E-03 1.38865E-03 2.48120E-03 2.48120E-03 2.48120E-03 4.43334E-03 4.43334E-03 4.43334E-03 4.43334E-03 7.92137E-03 7.92137E-03 7.92137E-03 7.92137E-03 1.41537E-02 1.41537E-02 1.41537E-02 1.41537E-02 1.41537E-02 2.52895E-02 2.52895E-02 2.52895E-02 2.52895E-02 2.52895E-02 4.51866E-02 4.51866E-02 4.51866E-02 4.51866E-02 4.51866E-02 4.51866E-02 8.07383E-02 8.07383E-02 8.07383E-02 8.07383E-02 8.07383E-02 8.07383E-02 8.07383E-02 1.44261E-01 1.44261E-01 1.44261E-01 1.44261E-01 1.44261E-01 1.44261E-01 2.57762E-01 2.57762E-01 2.57762E-01 2.57762E-01 2.57762E-01 2.57762E-01 4.60562E-01 4.60562E-01 4.60562E-01 4.60562E-01 4.60562E-01 4.60562E-01 
1.58489E+00 1.58489E+00 2.51189E+00 1.58489E+00 2.51189E+00 1.58489E+00 2.51189E+00 3.98107E+00 1.58489E+00 2.51189E+00 3.98107E+00 6.30957E+00 1.58489E+00 2.51189E+00 3.98107E+00 6.30957E+00 1.58489E+00 2.51189E+00 3.98107E+00 6.30957E+00 9.99999E+00 1.58489E+00 2.51189E+00 3.98107E+00 6.30957E+00 9.99999E+00 1.58489E+00 2.51189E+00 3.98107E+00 6.30957E+00 9.99999E+00 1.58489E+01 1.58489E+00 2.51189E+00 3.98107E+00 6.30957E+00 9.99999E+00 1.58489E+01 2.51189E+01 2.51189E+00 3.98107E+00 6.30957E+00 9.99999E+00 1.58489E+01 2.51189E+01 3.98107E+00 6.30957E+00 9.99999E+00 1.58489E+01 2.51189E+01 3.98107E+01 6.30957E+00 9.99999E+00 1.58489E+01 2.51189E+01 3.98107E+01 6.30957E+01 
90000 
-4.91864E-08 
-5.58236E-08 
-1.43132E-07 
-7.03461E-08 
-1.68890E-07 
-9.49269E-08 
-2.20625E-07 
-5.76832E-07 
-1.33166E-07 
-3.06903E-07 
-7.79238E-07 
-2.41616E-06 
-1.90507E-07 
-4.42535E-07 
-1.11370E-06 
-3.26483E-06 
-2.74480E-07 
-6.50354E-07 
-1.65561E-06 
-4.74542E-06 
-1.63604E-05 
-3.92522E-07 
-9.61904E-07 
-2.52492E-06 
-7.29588E-06 
-2.47225E-05 
-5.45040E-07 
-1.41789E-06 
-3.90490E-06 
-1.15653E-05 
-3.89626E-05 
-1.65879E-04 
-7.38378E-07 
-2.11422E-06 
-6.16775E-06 
-1.86737E-05 
-6.17715E-05 
-2.43037E-04 
-1.21973E-03 
-3.47576E-06 
-1.05860E-05 
-3.21184E-05 
-1.01608E-04 
-3.57889E-04 
-1.51896E-03 
-2.22547E-05 
-6.63156E-05 
-1.98275E-04 
-6.18003E-04 
-2.12888E-03 
-8.79397E-03 
-2.07408E-04 
-5.94075E-04 
-1.69093E-03 
-4.84666E-03 
-1.43633E-02 
-4.65726E-02 
---
