PdfType: replica
Format: lhagrid1
---
4.34963E-04 7.77181E-04 7.77181E-04 1.38865E-03 1.38865E-03 2.48120E-03 2.48120E-03 2.48120E-03 4.43334E-03 4.43334E-03 4.43334E-03 4.43334E-03 7.92137E-03 7.92137E-03 7.92137E-03 7.92137E-03 1.41537E-02 1.41537E-02 1.41537E-02 1.41537E-02 1.41537E-02 2.52895E-02 2.52895E-02 2.52895E-02 2.52895E-02 2.52895E-02 4.51866E-02 4.51866E-02 4.51866E-02 4.51866E-02 4.51866E-02 4.51866E-02 8.07383E-02 8.07383E-02 8.07383E-02 8.07383E-02 8.07383E-02 8.07383E-02 8.07383E-02 1.44261E-01 1.44261E-01 1.44261E-01 1.44261E-01 1.44261E-01 1.44261E-01 2.57762E-01 2.57762E-01 2.57762E-01 2.57762E-01 2.57762E-01 2.57762E-01 4.60562E-01 4.60562E-01 4.60562E-01 4.60562E-01 4.60562E-01 4.60562E-01 
1.58489E+00 1.58489E+00 2.51189E+00 1.58489E+00 2.51189E+00 1.58489E+00 2.51189E+00 3.98107E+00 1.58489E+00 2.51189E+00 3.98107E+00 6.30957E+00 1.58489E+00 2.51189E+00 3.98107E+00 6.30957E+00 1.58489E+00 2.51189E+00 3.98107E+00 6.30957E+00 9.99999E+00 1.58489E+00 2.51189E+00 3.98107E+00 6.30957E+00 9.99999E+00 1.58489E+00 2.51189E+00 3.98107E+00 6.30957E+00 9.99999E+00 1.58489E+01 1.58489E+00 2.51189E+00 3.98107E+00 6.30957E+00 9.99999E+00 1.58489E+01 2.51189E+01 2.51189E+00 3.98107E+00 6.30957E+00 9.99999E+00 1.58489E+01 2.51189E+01 3.98107E+00 6.30957E+00 9.99999E+00 1.58489E+01 2.51189E+01 3.98107E+01 6.30957E+00 9.99999E+00 1.58489E+01 2.51189E+01 3.98107E+01 6.30957E+01 
90000 
1.38004E-07 
4.29807E-08 
4.05177E-07 
-4.08460E-08 
1.04456E-07 
-1.38399E-07 
-1.81579E-07 
3.19239E-07 
-2.76022E-07 
-5.43593E-07 
-8.08091E-07 
9.40967E-07 
-4.90398E-07 
-1.08696E-06 
-2.29421E-06 
-3.77142E-06 
-8.36618E-07 
-1.95815E-06 
-4.56780E-06 
-1.01149E-05 
-1.76505E-05 
-1.38361E-06 
-3.33971E-06 
-8.14148E-06 
-1.97035E-05 
-4.60232E-05 
-2.16436E-06 
-5.33580E-06 
-1.33189E-05 
-3.35239E-05 
-8.56112E-05 
-2.32688E-04 
-3.07580E-06 
-7.63024E-06 
-1.91385E-05 
-4.88066E-05 
-1.28976E-04 
-3.75320E-04 
-1.35286E-03 
-8.65388E-06 
-2.10392E-05 
-5.28270E-05 
-1.40525E-04 
-4.23718E-04 
-1.60586E-03 
-9.86564E-06 
-2.32158E-05 
-6.37247E-05 
-2.27547E-04 
-1.09734E-03 
-6.66242E-03 
3.16170E-05 
7.20368E-05 
1.12386E-04 
-2.18211E-04 
-4.07644E-03 
-3.56884E-02 
---
