PdfType: replica
Format: lhagrid1
---
4.34963E-04 7.77181E-04 7.77181E-04 1.38865E-03 1.38865E-03 2.48120E-03 2.48120E-03 2.48120E-03 4.43334E-03 4.43334E-03 4.43334E-03 4.43334E-03 7.92137E-03 7.92137E-03 7.92137E-03 7.92137E-03 1.41537E-02 1.41537E-02 1.41537E-02 1.41537E-02 1.41537E-02 2.52895E-02 2.52895E-02 2.52895E-02 2.52895E-02 2.52895E-02 4.51866E-02 4.51866E-02 4.51866E-02 4.51866E-02 4.51866E-02 4.51866E-02 8.07383E-02 8.07383E-02 8.07383E-02 8.07383E-02 8.07383E-02 8.07383E-02 8.07383E-02 1.44261E-01 1.44261E-01 1.44261E-01 1.44261E-01 1.44261E-01 1.44261E-01 2.57762E-01 2.57762E-01 2.57762E-01 2.57762E-01 2.57762E-01 2.57762E-01 4.60562E-01 4.60562E-01 4.60562E-01 4.60562E-01 4.60562E-01 4.60562E-01 
1.58489E+00 1.58489E+00 2.51189E+00 1.58489E+00 2.51189E+00 1.58489E+00 2.51189E+00 3.98107E+00 1.58489E+00 2.51189E+00 3.98107E+00 6.30957E+00 1.58489E+00 2.51189E+00 3.98107E+00 6.30957E+00 1.58489E+00 2.51189E+00 3.98107E+00 6.30957E+00 9.99999E+00 1.58489E+00 2.51189E+00 3.98107E+00 6.30957E+00 9.99999E+00 1.58489E+00 2.51189E+00 3.98107E+00 6.30957E+00 9.99999E+00 1.58489E+01 1.58489E+00 2.51189E+00 3.98107E+00 6.30957E+00 9.99999E+00 1.58489E+01 2.51189E+01 2.51189E+00 3.98107E+00 6.30957E+00 9.99999E+00 1.58489E+01 2.51189E+01 3.98107E+00 6.30957E+00 9.99999E+00 1.58489E+01 2.51189E+01 3.98107E+01 6.30957E+00 9.99999E+00 1.58489E+01 2.51189E+01 3.98107E+01 6.30957E+01 
90000 
7.57291E-08 
5.54549E-08 
2.93355E-07 
3.69826E-08 
1.91286E-07 
1.61598E-08 
1.01973E-07 
7.02707E-07 
-1.26277E-08 
2.72146E-09 
2.47645E-07 
2.04810E-06 
-5.86044E-08 
-1.36438E-07 
-2.58733E-07 
-2.33430E-07 
-1.37898E-07 
-3.66177E-07 
-9.88864E-07 
-2.85470E-06 
-9.16056E-06 
-2.78292E-07 
-7.79026E-07 
-2.23405E-06 
-6.79688E-06 
-2.35438E-05 
-5.27549E-07 
-1.54608E-06 
-4.52131E-06 
-1.36212E-05 
-4.50244E-05 
-1.81809E-04 
-9.91239E-07 
-3.00797E-06 
-8.82195E-06 
-2.59335E-05 
-8.02526E-05 
-2.83377E-04 
-1.25753E-03 
-5.90571E-06 
-1.69626E-05 
-4.82392E-05 
-1.40302E-04 
-4.39937E-04 
-1.61608E-03 
-3.16201E-05 
-8.69807E-05 
-2.42020E-04 
-7.02326E-04 
-2.24673E-03 
-8.66898E-03 
-1.47985E-04 
-3.99739E-04 
-1.10268E-03 
-3.20156E-03 
-1.04010E-02 
-4.13996E-02 
---
