PdfType: replica
Format: lhagrid1
---
4.34963E-04 7.77181E-04 7.77181E-04 1.38865E-03 1.38865E-03 2.48120E-03 2.48120E-03 2.48120E-03 4.43334E-03 4.43334E-03 4.43334E-03 4.43334E-03 7.92137E-03 7.92137E-03 7.92137E-03 7.92137E-03 1.41537E-02 1.41537E-02 1.41537E-02 1.41537E-02 1.41537E-02 2.52895E-02 2.52895E-02 2.52895E-02 2.52895E-02 2.52895E-02 4.51866E-02 4.51866E-02 4.51866E-02 4.51866E-02 4.51866E-02 4.51866E-02 8.07383E-02 8.07383E-02 8.07383E-02 8.07383E-02 8.07383E-02 8.07383E-02 8.07383E-02 1.44261E-01 1.44261E-01 1.44261E-01 1.44261E-01 1.44261E-01 1.44261E-01 2.57762E-01 2.57762E-01 2.57762E-01 2.57762E-01 2.57762E-01 2.57762E-01 4.60562E-01 4.60562E-01 4.60562E-01 4.60562E-01 4.60562E-01 4.60562E-01 
1.58489E+00 1.58489E+00 2.51189E+00 1.58489E+00 2.51189E+00 1.58489E+00 2.51189E+00 3.98107E+00 1.58489E+00 2.51189E+00 3.98107E+00 6.30957E+00 1.58489E+00 2.51189E+00 3.98107E+00 6.30957E+00 1.58489E+00 2.51189E+00 3.98107E+00 6.30957E+00 9.99999E+00 1.58489E+00 2.51189E+00 3.98107E+00 6.30957E+00 9.99999E+00 1.58489E+00 2.51189E+00 3.98107E+00 6.30957E+00 9.99999E+00 1.58489E+01 1.58489E+00 2.51189E+00 3.98107E+00 6.30957E+00 9.99999E+00 1.58489E+01 2.51189E+01 2.51189E+00 3.98107E+00 6.30957E+00 9.99999E+00 1.58489E+01 2.51189E+01 3.98107E+00 6.30957E+00 9.99999E+00 1.58489E+01 2.51189E+01 3.98107E+01 6.30957E+00 9.99999E+00 1.58489E+01 2.51189E+01 3.98107E+01 6.30957E+01 
90000 
-2.55491E-08 
-5.07147E-08 
-4.18818E-08 
-8.99385E-08 
-1.41544E-07 
-1.51033E-07 
-2.90368E-07 
-4.16609E-07 
-2.46034E-07 
-5.21165E-07 
-1.04176E-06 
-1.49179E-06 
-3.93767E-07 
-8.84974E-07 
-1.99270E-06 
-4.25580E-06 
-6.22729E-07 
-1.45950E-06 
-3.49339E-06 
-8.41784E-06 
-1.98624E-05 
-9.67877E-07 
-2.34894E-06 
-5.85794E-06 
-1.49610E-05 
-3.98016E-05 
-1.44695E-06 
-3.64797E-06 
-9.41700E-06 
-2.49420E-05 
-6.95445E-05 
-2.22281E-04 
-2.04661E-06 
-5.39260E-06 
-1.43319E-05 
-3.87830E-05 
-1.09716E-04 
-3.47165E-04 
-1.36694E-03 
-7.67056E-06 
-2.06425E-05 
-5.60601E-05 
-1.57165E-04 
-4.78183E-04 
-1.71787E-03 
-2.84592E-05 
-7.65660E-05 
-2.10590E-04 
-6.12949E-04 
-2.01107E-03 
-8.15401E-03 
-1.00211E-04 
-2.73374E-04 
-7.78640E-04 
-2.43307E-03 
-9.03181E-03 
-4.27848E-02 
---
