PdfType: replica
Format: lhagrid1
---
4.34963E-04 7.77181E-04 7.77181E-04 1.38865E-03 1.38865E-03 2.48120E-03 2.48120E-03 2.48120E-03 4.43334E-03 4.43334E-03 4.43334E-03 4.43334E-03 7.92137E-03 7.92137E-03 7.92137E-03 7.92137E-03 1.41537E-02 1.41537E-02 1.41537E-02 1.41537E-02 1.41537E-02 2.52895E-02 2.52895E-02 2.52895E-02 2.52895E-02 2.52895E-02 4.51866E-02 4.51866E-02 4.51866E-02 4.51866E-02 4.51866E-02 4.51866E-02 8.07383E-02 8.07383E-02 8.07383E-02 8.07383E-02 8.07383E-02 8.07383E-02 8.07383E-02 1.44261E-01 1.44261E-01 1.44261E-01 1.44261E-01 1.44261E-01 1.44261E-01 2.57762E-01 2.57762E-01 2.57762E-01 2.57762E-01 2.57762E-01 2.57762E-01 4.60562E-01 4.60562E-01 4.60562E-01 4.60562E-01 4.60562E-01 4.60562E-01 
1.58489E+00 1.58489E+00 2.51189E+00 1.58489E+00 2.51189E+00 1.58489E+00 2.51189E+00 3.98107E+00 1.58489E+00 2.51189E+00 3.98107E+00 6.30957E+00 1.58489E+00 2.51189E+00 3.98107E+00 6.30957E+00 1.58489E+00 2.51189E+00 3.98107E+00 6.30957E+00 9.99999E+00 1.58489E+00 2.51189E+00 3.98107E+00 6.30957E+00 9.99999E+00 1.58489E+00 2.51189E+00 3.98107E+00 6.30957E+00 9.99999E+00 1.58489E+01 1.58489E+00 2.51189E+00 3.98107E+00 6.30957E+00 9.99999E+00 1.58489E+01 2.51189E+01 2.51189E+00 3.98107E+00 6.30957E+00 9.99999E+00 1.58489E+01 2.51189E+01 3.98107E+00 6.30957E+00 9.99999E+00 1.58489E+01 2.51189E+01 3.98107E+01 6.30957E+00 9.99999E+00 1.58489E+01 2.51189E+01 3.98107E+01 6.30957E+01 
90000 
3.66246E-08 
-2.79321E-08 
1.80040E-07 
-1.03869E-07 
-5.04247E-08 
-2.03344E-07 
-3.15203E-07 
-3.87966E-08 
-3.41608E-07 
-6.62411E-07 
-1.07497E-06 
5.96194E-08 
-5.39401E-07 
-1.14930E-06 
-2.39709E-06 
-4.19266E-06 
-8.22048E-07 
-1.84303E-06 
-4.21441E-06 
-9.44322E-06 
-1.87541E-05 
-1.20317E-06 
-2.79606E-06 
-6.71520E-06 
-1.64172E-05 
-4.07570E-05 
-1.64736E-06 
-3.97969E-06 
-9.91277E-06 
-2.53678E-05 
-6.79531E-05 
-2.06504E-04 
-2.08618E-06 
-5.23306E-06 
-1.33701E-05 
-3.50796E-05 
-9.71823E-05 
-3.06565E-04 
-1.23572E-03 
-6.12037E-06 
-1.56483E-05 
-4.12664E-05 
-1.15601E-04 
-3.68096E-04 
-1.46298E-03 
-1.40653E-05 
-3.75559E-05 
-1.07148E-04 
-3.47001E-04 
-1.37574E-03 
-6.97668E-03 
-3.96048E-05 
-1.16639E-04 
-3.75327E-04 
-1.40807E-03 
-6.49180E-03 
-3.67555E-02 
---
