PdfType: replica
Format: lhagrid1
---
4.34963E-04 7.77181E-04 7.77181E-04 1.38865E-03 1.38865E-03 2.48120E-03 2.48120E-03 2.48120E-03 4.43334E-03 4.43334E-03 4.43334E-03 4.43334E-03 7.92137E-03 7.92137E-03 7.92137E-03 7.92137E-03 1.41537E-02 1.41537E-02 1.41537E-02 1.41537E-02 1.41537E-02 2.52895E-02 2.52895E-02 2.52895E-02 2.52895E-02 2.52895E-02 4.51866E-02 4.51866E-02 4.51866E-02 4.51866E-02 4.51866E-02 4.51866E-02 8.07383E-02 8.07383E-02 8.07383E-02 8.07383E-02 8.07383E-02 8.07383E-02 8.07383E-02 1.44261E-01 1.44261E-01 1.44261E-01 1.44261E-01 1.44261E-01 1.44261E-01 2.57762E-01 2.57762E-01 2.57762E-01 2.57762E-01 2.57762E-01 2.57762E-01 4.60562E-01 4.60562E-01 4.60562E-01 4.60562E-01 4.60562E-01 4.60562E-01 
1.58489E+00 1.58489E+00 2.51189E+00 1.58489E+00 2.51189E+00 1.58489E+00 2.51189E+00 3.98107E+00 1.58489E+00 2.51189E+00 3.98107E+00 6.30957E+00 1.58489E+00 2.51189E+00 3.98107E+00 6.30957E+00 1.58489E+00 2.51189E+00 3.98107E+00 6.30957E+00 9.99999E+00 1.58489E+00 2.51189E+00 3.98107E+00 6.30957E+00 9.99999E+00 1.58489E+00 2.51189E+00 3.98107E+00 6.30957E+00 9.99999E+00 1.58489E+01 1.58489E+00 2.51189E+00 3.98107E+00 6.30957E+00 9.99999E+00 1.58489E+01 2.51189E+01 2.51189E+00 3.98107E+00 6.30957E+00 9.99999E+00 1.58489E+01 2.51189E+01 3.98107E+00 6.30957E+00 9.99999E+00 1.58489E+01 2.51189E+01 3.98107E+01 6.30957E+00 9.99999E+00 1.58489E+01 2.51189E+01 3.98107E+01 6.30957E+01 
90000 
3.50227E-07 
1.67935E-07 
1.12034E-06 
1.85411E-08 
5.09889E-07 
-1.26077E-07 
1.77018E-08 
1.69070E-06 
-2.89348E-07 
-4.63217E-07 
-1.42133E-07 
5.01397E-06 
-4.95735E-07 
-1.01817E-06 
-1.90472E-06 
-2.03432E-06 
-7.71347E-07 
-1.72716E-06 
-3.91947E-06 
-8.65735E-06 
-1.67783E-05 
-1.13186E-06 
-2.65207E-06 
-6.43230E-06 
-1.60490E-05 
-4.23010E-05 
-1.55469E-06 
-3.78310E-06 
-9.50675E-06 
-2.47293E-05 
-6.89737E-05 
-2.27443E-04 
-1.97574E-06 
-4.96107E-06 
-1.27275E-05 
-3.36810E-05 
-9.51028E-05 
-3.10231E-04 
-1.30360E-03 
-5.68300E-06 
-1.46577E-05 
-3.90403E-05 
-1.10600E-04 
-3.56144E-04 
-1.42662E-03 
-1.43071E-05 
-3.93052E-05 
-1.13856E-04 
-3.67587E-04 
-1.42468E-03 
-7.00715E-03 
-6.21956E-05 
-1.77291E-04 
-5.35447E-04 
-1.81756E-03 
-7.45887E-03 
-3.84816E-02 
---
