PdfType: replica
Format: lhagrid1
---
4.34963E-04 7.77181E-04 7.77181E-04 1.38865E-03 1.38865E-03 2.48120E-03 2.48120E-03 2.48120E-03 4.43334E-03 4.43334E-03 4.43334E-03 4.43334E-03 7.92137E-03 7.92137E-03 7.92137E-03 7.92137E-03 1.41537E-02 1.41537E-02 1.41537E-02 1.41537E-02 1.41537E-02 2.52895E-02 2.52895E-02 2.52895E-02 2.52895E-02 2.52895E-02 4.51866E-02 4.51866E-02 4.51866E-02 4.51866E-02 4.51866E-02 4.51866E-02 8.07383E-02 8.07383E-02 8.07383E-02 8.07383E-02 8.07383E-02 8.07383E-02 8.07383E-02 1.44261E-01 1.44261E-01 1.44261E-01 1.44261E-01 1.44261E-01 1.44261E-01 2.57762E-01 2.57762E-01 2.57762E-01 2.57762E-01 2.57762E-01 2.57762E-01 4.60562E-01 4.60562E-01 4.60562E-01 4.60562E-01 4.60562E-01 4.60562E-01 
1.58489E+00 1.58489E+00 2.51189E+00 1.58489E+00 2.51189E+00 1.58489E+00 2.51189E+00 3.98107E+00 1.58489E+00 2.51189E+00 3.98107E+00 6.30957E+00 1.58489E+00 2.51189E+00 3.98107E+00 6.30957E+00 1.58489E+00 2.51189E+00 3.98107E+00 6.30957E+00 9.99999E+00 1.58489E+00 2.51189E+00 3.98107E+00 6.30957E+00 9.99999E+00 1.58489E+00 2.51189E+00 3.98107E+00 6.30957E+00 9.99999E+00 1.58489E+01 1.58489E+00 2.51189E+00 3.98107E+00 6.30957E+00 9.99999E+00 1.58489E+01 2.51189E+01 2.51189E+00 3.98107E+00 6.30957E+00 9.99999E+00 1.58489E+01 2.51189E+01 3.98107E+00 6.30957E+00 9.99999E+00 1.58489E+01 2.51189E+01 3.98107E+01 6.30957E+00 9.99999E+00 1.58489E+01 2.51189E+01 3.98107E+01 6.30957E+01 
90000 
4.17509E-08 
3.88433E-08 
1.68488E-07 
4.09051E-08 
1.32931E-07 
4.86098E-08 
1.21507E-07 
4.31114E-07 
6.32202E-08 
1.33097E-07 
3.08348E-07 
5.43090E-07 
8.62244E-08 
1.69365E-07 
2.80417E-07 
-2.30813E-07 
1.18414E-07 
2.30141E-07 
3.26017E-07 
-6.58693E-07 
-1.12331E-05 
1.57150E-07 
3.03547E-07 
3.93244E-07 
-1.00264E-06 
-1.50024E-05 
1.90379E-07 
3.43114E-07 
3.20085E-07 
-1.79968E-06 
-1.96872E-05 
-1.52854E-04 
1.88302E-07 
2.19430E-07 
-3.45588E-07 
-4.46236E-06 
-2.92930E-05 
-1.83009E-04 
-1.21966E-03 
-4.28557E-07 
-2.89501E-06 
-1.30916E-05 
-5.59246E-05 
-2.54881E-04 
-1.33007E-03 
-1.24741E-05 
-4.42468E-05 
-1.50391E-04 
-5.19956E-04 
-1.95028E-03 
-8.57081E-03 
-2.38277E-04 
-7.44838E-04 
-2.26207E-03 
-6.77160E-03 
-2.03533E-02 
-6.36836E-02 
---
