PdfType: replica
Format: lhagrid1
---
4.34963E-04 7.77181E-04 7.77181E-04 1.38865E-03 1.38865E-03 2.48120E-03 2.48120E-03 2.48120E-03 4.43334E-03 4.43334E-03 4.43334E-03 4.43334E-03 7.92137E-03 7.92137E-03 7.92137E-03 7.92137E-03 1.41537E-02 1.41537E-02 1.41537E-02 1.41537E-02 1.41537E-02 2.52895E-02 2.52895E-02 2.52895E-02 2.52895E-02 2.52895E-02 4.51866E-02 4.51866E-02 4.51866E-02 4.51866E-02 4.51866E-02 4.51866E-02 8.07383E-02 8.07383E-02 8.07383E-02 8.07383E-02 8.07383E-02 8.07383E-02 8.07383E-02 1.44261E-01 1.44261E-01 1.44261E-01 1.44261E-01 1.44261E-01 1.44261E-01 2.57762E-01 2.57762E-01 2.57762E-01 2.57762E-01 2.57762E-01 2.57762E-01 4.60562E-01 4.60562E-01 4.60562E-01 4.60562E-01 4.60562E-01 4.60562E-01 
1.58489E+00 1.58489E+00 2.51189E+00 1.58489E+00 2.51189E+00 1.58489E+00 2.51189E+00 3.98107E+00 1.58489E+00 2.51189E+00 3.98107E+00 6.30957E+00 1.58489E+00 2.51189E+00 3.98107E+00 6.30957E+00 1.58489E+00 2.51189E+00 3.98107E+00 6.30957E+00 9.99999E+00 1.58489E+00 2.51189E+00 3.98107E+00 6.30957E+00 9.99999E+00 1.58489E+00 2.51189E+00 3.98107E+00 6.30957E+00 9.99999E+00 1.58489E+01 1.58489E+00 2.51189E+00 3.98107E+00 6.30957E+00 9.99999E+00 1.58489E+01 2.51189E+01 2.51189E+00 3.98107E+00 6.30957E+00 9.99999E+00 1.58489E+01 2.51189E+01 3.98107E+00 6.30957E+00 9.99999E+00 1.58489E+01 2.51189E+01 3.98107E+01 6.30957E+00 9.99999E+00 1.58489E+01 2.51189E+01 3.98107E+01 6.30957E+01 
90000 
5.27084E-08 
4.75426E-08 
2.13518E-07 
4.59049E-08 
1.68561E-07 
4.66536E-08 
1.39708E-07 
6.15030E-07 
4.80905E-08 
1.17472E-07 
3.96032E-07 
1.71904E-06 
4.65366E-08 
8.81118E-08 
1.87369E-07 
3.76269E-07 
3.32958E-08 
2.14589E-08 
-1.19431E-07 
-1.05685E-06 
-6.44189E-06 
-1.25940E-08 
-1.55758E-07 
-7.58727E-07 
-3.36096E-06 
-1.57281E-05 
-1.41704E-07 
-6.19852E-07 
-2.27633E-06 
-8.16334E-06 
-3.14858E-05 
-1.46161E-04 
-4.79059E-07 
-1.78462E-06 
-5.90350E-06 
-1.89554E-05 
-6.33884E-05 
-2.41310E-04 
-1.14344E-03 
-4.63916E-06 
-1.43615E-05 
-4.30433E-05 
-1.30592E-04 
-4.24304E-04 
-1.60221E-03 
-3.40281E-05 
-9.69978E-05 
-2.75969E-04 
-8.04892E-04 
-2.51736E-03 
-9.15276E-03 
-2.36085E-04 
-6.46156E-04 
-1.77134E-03 
-4.92762E-03 
-1.43437E-02 
-4.67923E-02 
---
