PdfType: replica
Format: lhagrid1
---
4.34963E-04 7.77181E-04 7.77181E-04 1.38865E-03 1.38865E-03 2.48120E-03 2.48120E-03 2.48120E-03 4.43334E-03 4.43334E-03 4.43334E-03 4.43334E-03 7.92137E-03 7.92137E-03 7.92137E-03 7.92137E-03 1.41537E-02 1.41537E-02 1.41537E-02 1.41537E-02 1.41537E-02 2.52895E-02 2.52895E-02 2.52895E-02 2.52895E-02 2.52895E-02 4.51866E-02 4.51866E-02 4.51866E-02 4.51866E-02 4.51866E-02 4.51866E-02 8.07383E-02 8.07383E-02 8.07383E-02 8.07383E-02 8.07383E-02 8.07383E-02 8.07383E-02 1.44261E-01 1.44261E-01 1.44261E-01 1.44261E-01 1.44261E-01 1.44261E-01 2.57762E-01 2.57762E-01 2.57762E-01 2.57762E-01 2.57762E-01 2.57762E-01 4.60562E-01 4.60562E-01 4.60562E-01 4.60562E-01 4.60562E-01 4.60562E-01 
1.58489E+00 1.58489E+00 2.51189E+00 1.58489E+00 2.51189E+00 1.58489E+00 2.51189E+00 3.98107E+00 1.58489E+00 2.51189E+00 3.98107E+00 6.30957E+00 1.58489E+00 2.51189E+00 3.98107E+00 6.30957E+00 1.58489E+00 2.51189E+00 3.98107E+00 6.30957E+00 9.99999E+00 1.58489E+00 2.51189E+00 3.98107E+00 6.30957E+00 9.99999E+00 1.58489E+00 2.51189E+00 3.98107E+00 6.30957E+00 9.99999E+00 1.58489E+01 1.58489E+00 2.51189E+00 3.98107E+00 6.30957E+00 9.99999E+00 1.58489E+01 2.51189E+01 2.51189E+00 3.98107E+00 6.30957E+00 9.99999E+00 1.58489E+01 2.51189E+01 3.98107E+00 6.30957E+00 9.99999E+00 1.58489E+01 2.51189E+01 3.98107E+01 6.30957E+00 9.99999E+00 1.58489E+01 2.51189E+01 3.98107E+01 6.30957E+01 
90000 
9.78366E-08 
3.65428E-08 
4.43863E-07 
-3.16997E-08 
1.91755E-07 
-1.17542E-07 
-7.01669E-08 
1.01356E-06 
-2.35036E-07 
-3.93275E-07 
-1.45418E-07 
4.10601E-06 
-4.04742E-07 
-8.41499E-07 
-1.52935E-06 
-1.23866E-06 
-6.55770E-07 
-1.50057E-06 
-3.42107E-06 
-7.42254E-06 
-1.28014E-05 
-1.02111E-06 
-2.47206E-06 
-6.12924E-06 
-1.55283E-05 
-4.17834E-05 
-1.51711E-06 
-3.82819E-06 
-9.88100E-06 
-2.62525E-05 
-7.50966E-05 
-2.55793E-04 
-2.12394E-06 
-5.53905E-06 
-1.46034E-05 
-3.93377E-05 
-1.11985E-04 
-3.62317E-04 
-1.48183E-03 
-7.48316E-06 
-1.98887E-05 
-5.36292E-05 
-1.50192E-04 
-4.60563E-04 
-1.68602E-03 
-2.54934E-05 
-6.87030E-05 
-1.90525E-04 
-5.65712E-04 
-1.92537E-03 
-8.19421E-03 
-9.14579E-05 
-2.51681E-04 
-7.25506E-04 
-2.30698E-03 
-8.74895E-03 
-4.21574E-02 
---
