PdfType: replica
Format: lhagrid1
---
4.34963E-04 7.77181E-04 7.77181E-04 1.38865E-03 1.38865E-03 2.48120E-03 2.48120E-03 2.48120E-03 4.43334E-03 4.43334E-03 4.43334E-03 4.43334E-03 7.92137E-03 7.92137E-03 7.92137E-03 7.92137E-03 1.41537E-02 1.41537E-02 1.41537E-02 1.41537E-02 1.41537E-02 2.52895E-02 2.52895E-02 2.52895E-02 2.52895E-02 2.52895E-02 4.51866E-02 4.51866E-02 4.51866E-02 4.51866E-02 4.51866E-02 4.51866E-02 8.07383E-02 8.07383E-02 8.07383E-02 8.07383E-02 8.07383E-02 8.07383E-02 8.07383E-02 1.44261E-01 1.44261E-01 1.44261E-01 1.44261E-01 1.44261E-01 1.44261E-01 2.57762E-01 2.57762E-01 2.57762E-01 2.57762E-01 2.57762E-01 2.57762E-01 4.60562E-01 4.60562E-01 4.60562E-01 4.60562E-01 4.60562E-01 4.60562E-01 
1.58489E+00 1.58489E+00 2.51189E+00 1.58489E+00 2.51189E+00 1.58489E+00 2.51189E+00 3.98107E+00 1.58489E+00 2.51189E+00 3.98107E+00 6.30957E+00 1.58489E+00 2.51189E+00 3.98107E+00 6.30957E+00 1.58489E+00 2.51189E+00 3.98107E+00 6.30957E+00 9.99999E+00 1.58489E+00 2.51189E+00 3.98107E+00 6.30957E+00 9.99999E+00 1.58489E+00 2.51189E+00 3.98107E+00 6.30957E+00 9.99999E+00 1.58489E+01 1.58489E+00 2.51189E+00 3.98107E+00 6.30957E+00 9.99999E+00 1.58489E+01 2.51189E+01 2.51189E+00 3.98107E+00 6.30957E+00 9.99999E+00 1.58489E+01 2.51189E+01 3.98107E+00 6.30957E+00 9.99999E+00 1.58489E+01 2.51189E+01 3.98107E+01 6.30957E+00 9.99999E+00 1.58489E+01 2.51189E+01 3.98107E+01 6.30957E+01 
90000 
7.17952E-08 
5.19916E-08 
2.74129E-07 
3.25153E-08 
1.73156E-07 
8.07779E-09 
7.60820E-08 
5.92623E-07 
-2.90788E-08 
-4.48822E-08 
8.82235E-08 
1.43369E-06 
-9.24905E-08 
-2.30722E-07 
-5.35794E-07 
-1.11296E-06 
-2.07259E-07 
-5.54553E-07 
-1.50192E-06 
-4.27890E-06 
-1.32848E-05 
-4.18511E-07 
-1.14984E-06 
-3.19651E-06 
-9.24862E-06 
-2.94638E-05 
-7.97116E-07 
-2.23638E-06 
-6.26116E-06 
-1.78998E-05 
-5.48824E-05 
-2.00078E-04 
-1.44035E-06 
-4.11303E-06 
-1.15449E-05 
-3.26132E-05 
-9.63307E-05 
-3.20250E-04 
-1.32960E-03 
-7.13409E-06 
-1.98517E-05 
-5.51973E-05 
-1.57474E-04 
-4.84297E-04 
-1.74253E-03 
-3.20457E-05 
-8.76256E-05 
-2.43125E-04 
-7.05733E-04 
-2.26677E-03 
-8.81256E-03 
-1.43906E-04 
-3.93284E-04 
-1.09787E-03 
-3.23546E-03 
-1.07558E-02 
-4.43514E-02 
---
