PdfType: replica
Format: lhagrid1
---
4.34963E-04 7.77181E-04 7.77181E-04 1.38865E-03 1.38865E-03 2.48120E-03 2.48120E-03 2.48120E-03 4.43334E-03 4.43334E-03 4.43334E-03 4.43334E-03 7.92137E-03 7.92137E-03 7.92137E-03 7.92137E-03 1.41537E-02 1.41537E-02 1.41537E-02 1.41537E-02 1.41537E-02 2.52895E-02 2.52895E-02 2.52895E-02 2.52895E-02 2.52895E-02 4.51866E-02 4.51866E-02 4.51866E-02 4.51866E-02 4.51866E-02 4.51866E-02 8.07383E-02 8.07383E-02 8.07383E-02 8.07383E-02 8.07383E-02 8.07383E-02 8.07383E-02 1.44261E-01 1.44261E-01 1.44261E-01 1.44261E-01 1.44261E-01 1.44261E-01 2.57762E-01 2.57762E-01 2.57762E-01 2.57762E-01 2.57762E-01 2.57762E-01 4.60562E-01 4.60562E-01 4.60562E-01 4.60562E-01 4.60562E-01 4.60562E-01 
1.58489E+00 1.58489E+00 2.51189E+00 1.58489E+00 2.51189E+00 1.58489E+00 2.51189E+00 3.98107E+00 1.58489E+00 2.51189E+00 3.98107E+00 6.30957E+00 1.58489E+00 2.51189E+00 3.98107E+00 6.30957E+00 1.58489E+00 2.51189E+00 3.98107E+00 6.30957E+00 9.99999E+00 1.58489E+00 2.51189E+00 3.98107E+00 6.30957E+00 9.99999E+00 1.58489E+00 2.51189E+00 3.98107E+00 6.30957E+00 9.99999E+00 1.58489E+01 1.58489E+00 2.51189E+00 3.98107E+00 6.30957E+00 9.99999E+00 1.58489E+01 2.51189E+01 2.51189E+00 3.98107E+00 6.30957E+00 9.99999E+00 1.58489E+01 2.51189E+01 3.98107E+00 6.30957E+00 9.99999E+00 1.58489E+01 2.51189E+01 3.98107E+01 6.30957E+00 9.99999E+00 1.58489E+01 2.51189E+01 3.98107E+01 6.30957E+01 
90000 
-1.47742E-09 
-8.31192E-09 
-2.57054E-08 
-2.01645E-08 
-5.47733E-08 
-4.06139E-08 
-1.04479E-07 
-3.91128E-07 
-7.60594E-08 
-1.92447E-07 
-6.11087E-07 
-2.83389E-06 
-1.37940E-07 
-3.51075E-07 
-1.02712E-06 
-3.79947E-06 
-2.46670E-07 
-6.40441E-07 
-1.80942E-06 
-5.85804E-06 
-2.49651E-05 
-4.36935E-07 
-1.16942E-06 
-3.27624E-06 
-9.89203E-06 
-3.56369E-05 
-7.63125E-07 
-2.12361E-06 
-5.97951E-06 
-1.74359E-05 
-5.62964E-05 
-2.23134E-04 
-1.32467E-06 
-3.81407E-06 
-1.07855E-05 
-3.07565E-05 
-9.23926E-05 
-3.15613E-04 
-1.35375E-03 
-6.79067E-06 
-1.89444E-05 
-5.27065E-05 
-1.50267E-04 
-4.61373E-04 
-1.65562E-03 
-3.14283E-05 
-8.50660E-05 
-2.33625E-04 
-6.71006E-04 
-2.13260E-03 
-8.22531E-03 
-1.20570E-04 
-3.23882E-04 
-9.01084E-04 
-2.71502E-03 
-9.59810E-03 
-4.34237E-02 
---
