PdfType: replica
Format: lhagrid1
---
4.34963E-04 7.77181E-04 7.77181E-04 1.38865E-03 1.38865E-03 2.48120E-03 2.48120E-03 2.48120E-03 4.43334E-03 4.43334E-03 4.43334E-03 4.43334E-03 7.92137E-03 7.92137E-03 7.92137E-03 7.92137E-03 1.41537E-02 1.41537E-02 1.41537E-02 1.41537E-02 1.41537E-02 2.52895E-02 2.52895E-02 2.52895E-02 2.52895E-02 2.52895E-02 4.51866E-02 4.51866E-02 4.51866E-02 4.51866E-02 4.51866E-02 4.51866E-02 8.07383E-02 8.07383E-02 8.07383E-02 8.07383E-02 8.07383E-02 8.07383E-02 8.07383E-02 1.44261E-01 1.44261E-01 1.44261E-01 1.44261E-01 1.44261E-01 1.44261E-01 2.57762E-01 2.57762E-01 2.57762E-01 2.57762E-01 2.57762E-01 2.57762E-01 4.60562E-01 4.60562E-01 4.60562E-01 4.60562E-01 4.60562E-01 4.60562E-01 
1.58489E+00 1.58489E+00 2.51189E+00 1.58489E+00 2.51189E+00 1.58489E+00 2.51189E+00 3.98107E+00 1.58489E+00 2.51189E+00 3.98107E+00 6.30957E+00 1.58489E+00 2.51189E+00 3.98107E+00 6.30957E+00 1.58489E+00 2.51189E+00 3.98107E+00 6.30957E+00 9.99999E+00 1.58489E+00 2.51189E+00 3.98107E+00 6.30957E+00 9.99999E+00 1.58489E+00 2.51189E+00 3.98107E+00 6.30957E+00 9.99999E+00 1.58489E+01 1.58489E+00 2.51189E+00 3.98107E+00 6.30957E+00 9.99999E+00 1.58489E+01 2.51189E+01 2.51189E+00 3.98107E+00 6.30957E+00 9.99999E+00 1.58489E+01 2.51189E+01 3.98107E+00 6.30957E+00 9.99999E+00 1.58489E+01 2.51189E+01 3.98107E+01 6.30957E+00 9.99999E+00 1.58489E+01 2.51189E+01 3.98107E+01 6.30957E+01 
90000 
8.91936E-08 
2.38486E-08 
3.78196E-07 
-4.92781E-08 
1.20475E-07 
-1.42260E-07 
-1.53985E-07 
5.73744E-07 
-2.70927E-07 
-4.98442E-07 
-5.74243E-07 
2.01818E-06 
-4.58672E-07 
-9.78665E-07 
-1.96684E-06 
-2.91507E-06 
-7.38486E-07 
-1.68076E-06 
-3.87046E-06 
-8.69785E-06 
-1.72612E-05 
-1.13979E-06 
-2.69412E-06 
-6.56671E-06 
-1.63414E-05 
-4.21569E-05 
-1.64575E-06 
-4.04236E-06 
-1.02088E-05 
-2.64739E-05 
-7.24581E-05 
-2.28510E-04 
-2.20759E-06 
-5.63496E-06 
-1.45544E-05 
-3.83971E-05 
-1.06505E-04 
-3.33818E-04 
-1.32416E-03 
-7.15358E-06 
-1.83455E-05 
-4.81451E-05 
-1.32699E-04 
-4.08480E-04 
-1.54357E-03 
-1.74092E-05 
-4.49433E-05 
-1.23281E-04 
-3.81467E-04 
-1.44582E-03 
-7.10305E-03 
-1.64720E-05 
-4.98403E-05 
-1.88728E-04 
-9.08931E-04 
-5.28092E-03 
-3.47483E-02 
---
