PdfType: replica
Format: lhagrid1
---
4.34963E-04 7.77181E-04 7.77181E-04 1.38865E-03 1.38865E-03 2.48120E-03 2.48120E-03 2.48120E-03 4.43334E-03 4.43334E-03 4.43334E-03 4.43334E-03 7.92137E-03 7.92137E-03 7.92137E-03 7.92137E-03 1.41537E-02 1.41537E-02 1.41537E-02 1.41537E-02 1.41537E-02 2.52895E-02 2.52895E-02 2.52895E-02 2.52895E-02 2.52895E-02 4.51866E-02 4.51866E-02 4.51866E-02 4.51866E-02 4.51866E-02 4.51866E-02 8.07383E-02 8.07383E-02 8.07383E-02 8.07383E-02 8.07383E-02 8.07383E-02 8.07383E-02 1.44261E-01 1.44261E-01 1.44261E-01 1.44261E-01 1.44261E-01 1.44261E-01 2.57762E-01 2.57762E-01 2.57762E-01 2.57762E-01 2.57762E-01 2.57762E-01 4.60562E-01 4.60562E-01 4.60562E-01 4.60562E-01 4.60562E-01 4.60562E-01 
1.58489E+00 1.58489E+00 2.51189E+00 1.58489E+00 2.51189E+00 1.58489E+00 2.51189E+00 3.98107E+00 1.58489E+00 2.51189E+00 3.98107E+00 6.30957E+00 1.58489E+00 2.51189E+00 3.98107E+00 6.30957E+00 1.58489E+00 2.51189E+00 3.98107E+00 6.30957E+00 9.99999E+00 1.58489E+00 2.51189E+00 3.98107E+00 6.30957E+00 9.99999E+00 1.58489E+00 2.51189E+00 3.98107E+00 6.30957E+00 9.99999E+00 1.58489E+01 1.58489E+00 2.51189E+00 3.98107E+00 6.30957E+00 9.99999E+00 1.58489E+01 2.51189E+01 2.51189E+00 3.98107E+00 6.30957E+00 9.99999E+00 1.58489E+01 2.51189E+01 3.98107E+00 6.30957E+00 9.99999E+00 1.58489E+01 2.51189E+01 3.98107E+01 6.30957E+00 9.99999E+00 1.58489E+01 2.51189E+01 3.98107E+01 6.30957E+01 
90000 
-2.20727E-08 
-5.02712E-08 
-3.06835E-08 
-9.48439E-08 
-1.40743E-07 
-1.65664E-07 
-3.09744E-07 
-4.08420E-07 
-2.78316E-07 
-5.79969E-07 
-1.12300E-06 
-1.33621E-06 
-4.57612E-07 
-1.01843E-06 
-2.25010E-06 
-4.51377E-06 
-7.41035E-07 
-1.72650E-06 
-4.07319E-06 
-9.44676E-06 
-1.98162E-05 
-1.17339E-06 
-2.83101E-06 
-6.95490E-06 
-1.72262E-05 
-4.29247E-05 
-1.77278E-06 
-4.40460E-06 
-1.11256E-05 
-2.85866E-05 
-7.61988E-05 
-2.27467E-04 
-2.47605E-06 
-6.27655E-06 
-1.60918E-05 
-4.20876E-05 
-1.15329E-04 
-3.55518E-04 
-1.38683E-03 
-7.78047E-06 
-1.98136E-05 
-5.17404E-05 
-1.42387E-04 
-4.40162E-04 
-1.68356E-03 
-1.78396E-05 
-4.57844E-05 
-1.25628E-04 
-3.92826E-04 
-1.52074E-03 
-7.64503E-03 
-9.65965E-06 
-3.15580E-05 
-1.46011E-04 
-8.57743E-04 
-5.68740E-03 
-4.04755E-02 
---
