PdfType: replica
Format: lhagrid1
---
4.34963E-04 7.77181E-04 7.77181E-04 1.38865E-03 1.38865E-03 2.48120E-03 2.48120E-03 2.48120E-03 4.43334E-03 4.43334E-03 4.43334E-03 4.43334E-03 7.92137E-03 7.92137E-03 7.92137E-03 7.92137E-03 1.41537E-02 1.41537E-02 1.41537E-02 1.41537E-02 1.41537E-02 2.52895E-02 2.52895E-02 2.52895E-02 2.52895E-02 2.52895E-02 4.51866E-02 4.51866E-02 4.51866E-02 4.51866E-02 4.51866E-02 4.51866E-02 8.07383E-02 8.07383E-02 8.07383E-02 8.07383E-02 8.07383E-02 8.07383E-02 8.07383E-02 1.44261E-01 1.44261E-01 1.44261E-01 1.44261E-01 1.44261E-01 1.44261E-01 2.57762E-01 2.57762E-01 2.57762E-01 2.57762E-01 2.57762E-01 2.57762E-01 4.60562E-01 4.60562E-01 4.60562E-01 4.60562E-01 4.60562E-01 4.60562E-01 
1.58489E+00 1.58489E+00 2.51189E+00 1.58489E+00 2.51189E+00 1.58489E+00 2.51189E+00 3.98107E+00 1.58489E+00 2.51189E+00 3.98107E+00 6.30957E+00 1.58489E+00 2.51189E+00 3.98107E+00 6.30957E+00 1.58489E+00 2.51189E+00 3.98107E+00 6.30957E+00 9.99999E+00 1.58489E+00 2.51189E+00 3.98107E+00 6.30957E+00 9.99999E+00 1.58489E+00 2.51189E+00 3.98107E+00 6.30957E+00 9.99999E+00 1.58489E+01 1.58489E+00 2.51189E+00 3.98107E+00 6.30957E+00 9.99999E+00 1.58489E+01 2.51189E+01 2.51189E+00 3.98107E+00 6.30957E+00 9.99999E+00 1.58489E+01 2.51189E+01 3.98107E+00 6.30957E+00 9.99999E+00 1.58489E+01 2.51189E+01 3.98107E+01 6.30957E+00 9.99999E+00 1.58489E+01 2.51189E+01 3.98107E+01 6.30957E+01 
90000 
7.12135E-08 
7.40292E-09 
3.12070E-07 
-6.46607E-08 
6.62181E-08 
-1.55986E-07 
-1.97015E-07 
3.67759E-07 
-2.80295E-07 
-5.25631E-07 
-7.09658E-07 
1.16195E-06 
-4.56461E-07 
-9.76206E-07 
-2.01062E-06 
-3.38308E-06 
-7.09488E-07 
-1.61983E-06 
-3.76572E-06 
-8.70901E-06 
-1.92685E-05 
-1.06337E-06 
-2.53117E-06 
-6.21240E-06 
-1.56847E-05 
-4.21068E-05 
-1.51461E-06 
-3.73219E-06 
-9.46072E-06 
-2.47692E-05 
-6.95080E-05 
-2.30653E-04 
-2.00338E-06 
-5.08787E-06 
-1.31671E-05 
-3.50509E-05 
-9.92002E-05 
-3.22613E-04 
-1.34458E-03 
-6.22701E-06 
-1.62512E-05 
-4.35114E-05 
-1.22932E-04 
-3.90398E-04 
-1.52644E-03 
-1.76583E-05 
-4.78496E-05 
-1.35935E-04 
-4.26561E-04 
-1.59464E-03 
-7.58444E-03 
-6.35532E-05 
-1.80762E-04 
-5.46838E-04 
-1.86945E-03 
-7.76958E-03 
-4.06673E-02 
---
