PdfType: replica
Format: lhagrid1
---
4.34963E-04 7.77181E-04 7.77181E-04 1.38865E-03 1.38865E-03 2.48120E-03 2.48120E-03 2.48120E-03 4.43334E-03 4.43334E-03 4.43334E-03 4.43334E-03 7.92137E-03 7.92137E-03 7.92137E-03 7.92137E-03 1.41537E-02 1.41537E-02 1.41537E-02 1.41537E-02 1.41537E-02 2.52895E-02 2.52895E-02 2.52895E-02 2.52895E-02 2.52895E-02 4.51866E-02 4.51866E-02 4.51866E-02 4.51866E-02 4.51866E-02 4.51866E-02 8.07383E-02 8.07383E-02 8.07383E-02 8.07383E-02 8.07383E-02 8.07383E-02 8.07383E-02 1.44261E-01 1.44261E-01 1.44261E-01 1.44261E-01 1.44261E-01 1.44261E-01 2.57762E-01 2.57762E-01 2.57762E-01 2.57762E-01 2.57762E-01 2.57762E-01 4.60562E-01 4.60562E-01 4.60562E-01 4.60562E-01 4.60562E-01 4.60562E-01 
1.58489E+00 1.58489E+00 2.51189E+00 1.58489E+00 2.51189E+00 1.58489E+00 2.51189E+00 3.98107E+00 1.58489E+00 2.51189E+00 3.98107E+00 6.30957E+00 1.58489E+00 2.51189E+00 3.98107E+00 6.30957E+00 1.58489E+00 2.51189E+00 3.98107E+00 6.30957E+00 9.99999E+00 1.58489E+00 2.51189E+00 3.98107E+00 6.30957E+00 9.99999E+00 1.58489E+00 2.51189E+00 3.98107E+00 6.30957E+00 9.99999E+00 1.58489E+01 1.58489E+00 2.51189E+00 3.98107E+00 6.30957E+00 9.99999E+00 1.58489E+01 2.51189E+01 2.51189E+00 3.98107E+00 6.30957E+00 9.99999E+00 1.58489E+01 2.51189E+01 3.98107E+00 6.30957E+00 9.99999E+00 1.58489E+01 2.51189E+01 3.98107E+01 6.30957E+00 9.99999E+00 1.58489E+01 2.51189E+01 3.98107E+01 6.30957E+01 
90000 
1.06250E-07 
8.87639E-08 
4.05497E-07 
7.86042E-08 
3.05656E-07 
7.36645E-08 
2.40048E-07 
1.12191E-06 
7.16156E-08 
1.92540E-07 
7.24022E-07 
3.37598E-06 
6.78249E-08 
1.43803E-07 
3.81494E-07 
1.15421E-06 
5.10937E-08 
5.51665E-08 
-5.13449E-08 
-9.85027E-07 
-7.09076E-06 
-6.07029E-09 
-1.63153E-07 
-8.52836E-07 
-3.98536E-06 
-2.00700E-05 
-1.66220E-07 
-7.12634E-07 
-2.61721E-06 
-9.54500E-06 
-3.84211E-05 
-1.87808E-04 
-5.61172E-07 
-2.01325E-06 
-6.56024E-06 
-2.10024E-05 
-7.09737E-05 
-2.75926E-04 
-1.33670E-03 
-4.96154E-06 
-1.51419E-05 
-4.50327E-05 
-1.36029E-04 
-4.40917E-04 
-1.66237E-03 
-3.39506E-05 
-9.67368E-05 
-2.75462E-04 
-8.05054E-04 
-2.52742E-03 
-9.24779E-03 
-2.35424E-04 
-6.51268E-04 
-1.80453E-03 
-5.08551E-03 
-1.51016E-02 
-5.09711E-02 
---
