PdfType: replica
Format: lhagrid1
---
4.34963E-04 7.77181E-04 7.77181E-04 1.38865E-03 1.38865E-03 2.48120E-03 2.48120E-03 2.48120E-03 4.43334E-03 4.43334E-03 4.43334E-03 4.43334E-03 7.92137E-03 7.92137E-03 7.92137E-03 7.92137E-03 1.41537E-02 1.41537E-02 1.41537E-02 1.41537E-02 1.41537E-02 2.52895E-02 2.52895E-02 2.52895E-02 2.52895E-02 2.52895E-02 4.51866E-02 4.51866E-02 4.51866E-02 4.51866E-02 4.51866E-02 4.51866E-02 8.07383E-02 8.07383E-02 8.07383E-02 8.07383E-02 8.07383E-02 8.07383E-02 8.07383E-02 1.44261E-01 1.44261E-01 1.44261E-01 1.44261E-01 1.44261E-01 1.44261E-01 2.57762E-01 2.57762E-01 2.57762E-01 2.57762E-01 2.57762E-01 2.57762E-01 4.60562E-01 4.60562E-01 4.60562E-01 4.60562E-01 4.60562E-01 4.60562E-01 
1.58489E+00 1.58489E+00 2.51189E+00 1.58489E+00 2.51189E+00 1.58489E+00 2.51189E+00 3.98107E+00 1.58489E+00 2.51189E+00 3.98107E+00 6.30957E+00 1.58489E+00 2.51189E+00 3.98107E+00 6.30957E+00 1.58489E+00 2.51189E+00 3.98107E+00 6.30957E+00 9.99999E+00 1.58489E+00 2.51189E+00 3.98107E+00 6.30957E+00 9.99999E+00 1.58489E+00 2.51189E+00 3.98107E+00 6.30957E+00 9.99999E+00 1.58489E+01 1.58489E+00 2.51189E+00 3.98107E+00 6.30957E+00 9.99999E+00 1.58489E+01 2.51189E+01 2.51189E+00 3.98107E+00 6.30957E+00 9.99999E+00 1.58489E+01 2.51189E+01 3.98107E+00 6.30957E+00 9.99999E+00 1.58489E+01 2.51189E+01 3.98107E+01 6.30957E+00 9.99999E+00 1.58489E+01 2.51189E+01 3.98107E+01 6.30957E+01 
90000 
1.23132E-07 
5.57236E-08 
4.58310E-07 
-9.92829E-09 
1.99211E-07 
-8.45840E-08 
-4.25618E-08 
7.48226E-07 
-1.80526E-07 
-3.15386E-07 
-2.49828E-07 
2.14777E-06 
-3.14675E-07 
-6.72459E-07 
-1.35341E-06 
-2.06523E-06 
-5.11058E-07 
-1.18382E-06 
-2.80034E-06 
-6.67528E-06 
-1.57692E-05 
-7.97928E-07 
-1.93926E-06 
-4.87819E-06 
-1.27329E-05 
-3.60438E-05 
-1.19188E-06 
-3.02726E-06 
-7.89900E-06 
-2.12973E-05 
-6.18433E-05 
-2.13824E-04 
-1.69811E-06 
-4.51801E-06 
-1.21157E-05 
-3.31450E-05 
-9.56962E-05 
-3.14125E-04 
-1.30317E-03 
-6.56347E-06 
-1.77944E-05 
-4.87095E-05 
-1.38242E-04 
-4.29594E-04 
-1.59423E-03 
-2.52987E-05 
-6.85087E-05 
-1.90180E-04 
-5.62297E-04 
-1.89264E-03 
-7.92714E-03 
-9.43851E-05 
-2.57219E-04 
-7.32207E-04 
-2.29003E-03 
-8.52521E-03 
-4.05203E-02 
---
