PdfType: replica
Format: lhagrid1
---
4.34963E-04 7.77181E-04 7.77181E-04 1.38865E-03 1.38865E-03 2.48120E-03 2.48120E-03 2.48120E-03 4.43334E-03 4.43334E-03 4.43334E-03 4.43334E-03 7.92137E-03 7.92137E-03 7.92137E-03 7.92137E-03 1.41537E-02 1.41537E-02 1.41537E-02 1.41537E-02 1.41537E-02 2.52895E-02 2.52895E-02 2.52895E-02 2.52895E-02 2.52895E-02 4.51866E-02 4.51866E-02 4.51866E-02 4.51866E-02 4.51866E-02 4.51866E-02 8.07383E-02 8.07383E-02 8.07383E-02 8.07383E-02 8.07383E-02 8.07383E-02 8.07383E-02 1.44261E-01 1.44261E-01 1.44261E-01 1.44261E-01 1.44261E-01 1.44261E-01 2.57762E-01 2.57762E-01 2.57762E-01 2.57762E-01 2.57762E-01 2.57762E-01 4.60562E-01 4.60562E-01 4.60562E-01 4.60562E-01 4.60562E-01 4.60562E-01 
1.58489E+00 1.58489E+00 2.51189E+00 1.58489E+00 2.51189E+00 1.58489E+00 2.51189E+00 3.98107E+00 1.58489E+00 2.51189E+00 3.98107E+00 6.30957E+00 1.58489E+00 2.51189E+00 3.98107E+00 6.30957E+00 1.58489E+00 2.51189E+00 3.98107E+00 6.30957E+00 9.99999E+00 1.58489E+00 2.51189E+00 3.98107E+00 6.30957E+00 9.99999E+00 1.58489E+00 2.51189E+00 3.98107E+00 6.30957E+00 9.99999E+00 1.58489E+01 1.58489E+00 2.51189E+00 3.98107E+00 6.30957E+00 9.99999E+00 1.58489E+01 2.51189E+01 2.51189E+00 3.98107E+00 6.30957E+00 9.99999E+00 1.58489E+01 2.51189E+01 3.98107E+00 6.30957E+00 9.99999E+00 1.58489E+01 2.51189E+01 3.98107E+01 6.30957E+00 9.99999E+00 1.58489E+01 2.51189E+01 3.98107E+01 6.30957E+01 
90000 
-4.57291E-08 
-6.98015E-08 
-7.96720E-08 
-1.09649E-07 
-1.68817E-07 
-1.70889E-07 
-3.09548E-07 
-4.00662E-07 
-2.61603E-07 
-5.23557E-07 
-9.72435E-07 
-1.06568E-06 
-3.92763E-07 
-8.41644E-07 
-1.80696E-06 
-3.58260E-06 
-5.77348E-07 
-1.30215E-06 
-3.02241E-06 
-7.08773E-06 
-1.61385E-05 
-8.23766E-07 
-1.93966E-06 
-4.74257E-06 
-1.20216E-05 
-3.24028E-05 
-1.11961E-06 
-2.75373E-06 
-7.02359E-06 
-1.86673E-05 
-5.36844E-05 
-1.86024E-04 
-1.42765E-06 
-3.68810E-06 
-9.77747E-06 
-2.68624E-05 
-7.94882E-05 
-2.75958E-04 
-1.24368E-03 
-4.74265E-06 
-1.30385E-05 
-3.67048E-05 
-1.09515E-04 
-3.69915E-04 
-1.53966E-03 
-1.84955E-05 
-5.34444E-05 
-1.58999E-04 
-5.09049E-04 
-1.87615E-03 
-8.56573E-03 
-1.28377E-04 
-3.83777E-04 
-1.15493E-03 
-3.61487E-03 
-1.25032E-02 
-5.22373E-02 
---
