PdfType: replica
Format: lhagrid1
---
4.34963E-04 7.77181E-04 7.77181E-04 1.38865E-03 1.38865E-03 2.48120E-03 2.48120E-03 2.48120E-03 4.43334E-03 4.43334E-03 4.43334E-03 4.43334E-03 7.92137E-03 7.92137E-03 7.92137E-03 7.92137E-03 1.41537E-02 1.41537E-02 1.41537E-02 1.41537E-02 1.41537E-02 2.52895E-02 2.52895E-02 2.52895E-02 2.52895E-02 2.52895E-02 4.51866E-02 4.51866E-02 4.51866E-02 4.51866E-02 4.51866E-02 4.51866E-02 8.07383E-02 8.07383E-02 8.07383E-02 8.07383E-02 8.07383E-02 8.07383E-02 8.07383E-02 1.44261E-01 1.44261E-01 1.44261E-01 1.44261E-01 1.44261E-01 1.44261E-01 2.57762E-01 2.57762E-01 2.57762E-01 2.57762E-01 2.57762E-01 2.57762E-01 4.60562E-01 4.60562E-01 4.60562E-01 4.60562E-01 4.60562E-01 4.60562E-01 
1.58489E+00 1.58489E+00 2.51189E+00 1.58489E+00 2.51189E+00 1.58489E+00 2.51189E+00 3.98107E+00 1.58489E+00 2.51189E+00 3.98107E+00 6.30957E+00 1.58489E+00 2.51189E+00 3.98107E+00 6.30957E+00 1.58489E+00 2.51189E+00 3.98107E+00 6.30957E+00 9.99999E+00 1.58489E+00 2.51189E+00 3.98107E+00 6.30957E+00 9.99999E+00 1.58489E+00 2.51189E+00 3.98107E+00 6.30957E+00 9.99999E+00 1.58489E+01 1.58489E+00 2.51189E+00 3.98107E+00 6.30957E+00 9.99999E+00 1.58489E+01 2.51189E+01 2.51189E+00 3.98107E+00 6.30957E+00 9.99999E+00 1.58489E+01 2.51189E+01 3.98107E+00 6.30957E+00 9.99999E+00 1.58489E+01 2.51189E+01 3.98107E+01 6.30957E+00 9.99999E+00 1.58489E+01 2.51189E+01 3.98107E+01 6.30957E+01 
90000 
1.54729E-08 
-4.12989E-08 
2.12097E-07 
-1.14868E-07 
-1.25944E-08 
-2.14612E-07 
-2.81691E-07 
3.78612E-07 
-3.52965E-07 
-6.35717E-07 
-7.52648E-07 
2.14390E-06 
-5.46518E-07 
-1.12233E-06 
-2.15717E-06 
-2.84779E-06 
-8.13610E-07 
-1.79275E-06 
-4.00563E-06 
-8.66482E-06 
-1.62584E-05 
-1.15901E-06 
-2.67666E-06 
-6.41606E-06 
-1.58119E-05 
-4.13848E-05 
-1.54583E-06 
-3.72675E-06 
-9.31894E-06 
-2.42096E-05 
-6.81463E-05 
-2.30954E-04 
-1.90703E-06 
-4.77037E-06 
-1.22297E-05 
-3.24629E-05 
-9.27392E-05 
-3.10067E-04 
-1.34812E-03 
-5.36554E-06 
-1.38506E-05 
-3.70244E-05 
-1.05873E-04 
-3.47049E-04 
-1.42459E-03 
-1.33422E-05 
-3.69389E-05 
-1.08312E-04 
-3.56255E-04 
-1.41349E-03 
-7.09967E-03 
-6.22782E-05 
-1.79337E-04 
-5.45594E-04 
-1.85755E-03 
-7.60291E-03 
-3.89606E-02 
---
