PdfType: replica
Format: lhagrid1
---
4.34963E-04 7.77181E-04 7.77181E-04 1.38865E-03 1.38865E-03 2.48120E-03 2.48120E-03 2.48120E-03 4.43334E-03 4.43334E-03 4.43334E-03 4.43334E-03 7.92137E-03 7.92137E-03 7.92137E-03 7.92137E-03 1.41537E-02 1.41537E-02 1.41537E-02 1.41537E-02 1.41537E-02 2.52895E-02 2.52895E-02 2.52895E-02 2.52895E-02 2.52895E-02 4.51866E-02 4.51866E-02 4.51866E-02 4.51866E-02 4.51866E-02 4.51866E-02 8.07383E-02 8.07383E-02 8.07383E-02 8.07383E-02 8.07383E-02 8.07383E-02 8.07383E-02 1.44261E-01 1.44261E-01 1.44261E-01 1.44261E-01 1.44261E-01 1.44261E-01 2.57762E-01 2.57762E-01 2.57762E-01 2.57762E-01 2.57762E-01 2.57762E-01 4.60562E-01 4.60562E-01 4.60562E-01 4.60562E-01 4.60562E-01 4.60562E-01 
1.58489E+00 1.58489E+00 2.51189E+00 1.58489E+00 2.51189E+00 1.58489E+00 2.51189E+00 3.98107E+00 1.58489E+00 2.51189E+00 3.98107E+00 6.30957E+00 1.58489E+00 2.51189E+00 3.98107E+00 6.30957E+00 1.58489E+00 2.51189E+00 3.98107E+00 6.30957E+00 9.99999E+00 1.58489E+00 2.51189E+00 3.98107E+00 6.30957E+00 9.99999E+00 1.58489E+00 2.51189E+00 3.98107E+00 6.30957E+00 9.99999E+00 1.58489E+01 1.58489E+00 2.51189E+00 3.98107E+00 6.30957E+00 9.99999E+00 1.58489E+01 2.51189E+01 2.51189E+00 3.98107E+00 6.30957E+00 9.99999E+00 1.58489E+01 2.51189E+01 3.98107E+00 6.30957E+00 9.99999E+00 1.58489E+01 2.51189E+01 3.98107E+01 6.30957E+00 9.99999E+00 1.58489E+01 2.51189E+01 3.98107E+01 6.30957E+01 
90000 
-9.76882E-09 
-2.70548E-08 
-5.11689E-08 
-5.15827E-08 
-1.06783E-07 
-8.86206E-08 
-1.91195E-07 
-4.72090E-07 
-1.45811E-07 
-3.25160E-07 
-7.93353E-07 
-2.29701E-06 
-2.34604E-07 
-5.40058E-07 
-1.32761E-06 
-3.59291E-06 
-3.71405E-07 
-8.81867E-07 
-2.20349E-06 
-5.85974E-06 
-1.84023E-05 
-5.74915E-07 
-1.40894E-06 
-3.59336E-06 
-9.58347E-06 
-2.85929E-05 
-8.54020E-07 
-2.17064E-06 
-5.66411E-06 
-1.52510E-05 
-4.43258E-05 
-1.52407E-04 
-1.20364E-06 
-3.18209E-06 
-8.48195E-06 
-2.30309E-05 
-6.57899E-05 
-2.11380E-04 
-8.43820E-04 
-4.48006E-06 
-1.20668E-05 
-3.28313E-05 
-9.24093E-05 
-2.82527E-04 
-1.01589E-03 
-1.66772E-05 
-4.51814E-05 
-1.25311E-04 
-3.68125E-04 
-1.21403E-03 
-4.87540E-03 
-6.36216E-05 
-1.73147E-04 
-4.85285E-04 
-1.44515E-03 
-4.82720E-03 
-1.93524E-02 
---
