PdfType: replica
Format: lhagrid1
---
4.34963E-04 7.77181E-04 7.77181E-04 1.38865E-03 1.38865E-03 2.48120E-03 2.48120E-03 2.48120E-03 4.43334E-03 4.43334E-03 4.43334E-03 4.43334E-03 7.92137E-03 7.92137E-03 7.92137E-03 7.92137E-03 1.41537E-02 1.41537E-02 1.41537E-02 1.41537E-02 1.41537E-02 2.52895E-02 2.52895E-02 2.52895E-02 2.52895E-02 2.52895E-02 4.51866E-02 4.51866E-02 4.51866E-02 4.51866E-02 4.51866E-02 4.51866E-02 8.07383E-02 8.07383E-02 8.07383E-02 8.07383E-02 8.07383E-02 8.07383E-02 8.07383E-02 1.44261E-01 1.44261E-01 1.44261E-01 1.44261E-01 1.44261E-01 1.44261E-01 2.57762E-01 2.57762E-01 2.57762E-01 2.57762E-01 2.57762E-01 2.57762E-01 4.60562E-01 4.60562E-01 4.60562E-01 4.60562E-01 4.60562E-01 4.60562E-01 
1.58489E+00 1.58489E+00 2.51189E+00 1.58489E+00 2.51189E+00 1.58489E+00 2.51189E+00 3.98107E+00 1.58489E+00 2.51189E+00 3.98107E+00 6.30957E+00 1.58489E+00 2.51189E+00 3.98107E+00 6.30957E+00 1.58489E+00 2.51189E+00 3.98107E+00 6.30957E+00 9.99999E+00 1.58489E+00 2.51189E+00 3.98107E+00 6.30957E+00 9.99999E+00 1.58489E+00 2.51189E+00 3.98107E+00 6.30957E+00 9.99999E+00 1.58489E+01 1.58489E+00 2.51189E+00 3.98107E+00 6.30957E+00 9.99999E+00 1.58489E+01 2.51189E+01 2.51189E+00 3.98107E+00 6.30957E+00 9.99999E+00 1.58489E+01 2.51189E+01 3.98107E+00 6.30957E+00 9.99999E+00 1.58489E+01 2.51189E+01 3.98107E+01 6.30957E+00 9.99999E+00 1.58489E+01 2.51189E+01 3.98107E+01 6.30957E+01 
90000 
2.01440E-08 
-2.36639E-08 
1.43347E-07 
-8.44338E-08 
-3.58461E-08 
-1.74803E-07 
-2.72390E-07 
4.65769E-08 
-3.14553E-07 
-6.23058E-07 
-9.77213E-07 
4.80501E-07 
-5.36395E-07 
-1.17429E-06 
-2.45907E-06 
-4.11803E-06 
-8.91778E-07 
-2.05486E-06 
-4.75519E-06 
-1.05890E-05 
-1.98639E-05 
-1.43724E-06 
-3.41177E-06 
-8.27423E-06 
-2.01848E-05 
-4.92871E-05 
-2.16056E-06 
-5.26310E-06 
-1.31168E-05 
-3.32915E-05 
-8.75148E-05 
-2.55507E-04 
-2.90705E-06 
-7.20944E-06 
-1.81525E-05 
-4.66711E-05 
-1.25376E-04 
-3.75785E-04 
-1.41118E-03 
-7.95649E-06 
-1.96253E-05 
-4.99666E-05 
-1.34540E-04 
-4.08553E-04 
-1.54509E-03 
-1.21481E-05 
-3.08186E-05 
-8.64475E-05 
-2.89853E-04 
-1.24603E-03 
-6.87977E-03 
-3.79124E-06 
-2.11496E-05 
-1.31205E-04 
-8.45626E-04 
-5.62741E-03 
-3.90170E-02 
---
