PdfType: replica
Format: lhagrid1
---
4.34963E-04 7.77181E-04 7.77181E-04 1.38865E-03 1.38865E-03 2.48120E-03 2.48120E-03 2.48120E-03 4.43334E-03 4.43334E-03 4.43334E-03 4.43334E-03 7.92137E-03 7.92137E-03 7.92137E-03 7.92137E-03 1.41537E-02 1.41537E-02 1.41537E-02 1.41537E-02 1.41537E-02 2.52895E-02 2.52895E-02 2.52895E-02 2.52895E-02 2.52895E-02 4.51866E-02 4.51866E-02 4.51866E-02 4.51866E-02 4.51866E-02 4.51866E-02 8.07383E-02 8.07383E-02 8.07383E-02 8.07383E-02 8.07383E-02 8.07383E-02 8.07383E-02 1.44261E-01 1.44261E-01 1.44261E-01 1.44261E-01 1.44261E-01 1.44261E-01 2.57762E-01 2.57762E-01 2.57762E-01 2.57762E-01 2.57762E-01 2.57762E-01 4.60562E-01 4.60562E-01 4.60562E-01 4.60562E-01 4.60562E-01 4.60562E-01 
1.58489E+00 1.58489E+00 2.51189E+00 1.58489E+00 2.51189E+00 1.58489E+00 2.51189E+00 3.98107E+00 1.58489E+00 2.51189E+00 3.98107E+00 6.30957E+00 1.58489E+00 2.51189E+00 3.98107E+00 6.30957E+00 1.58489E+00 2.51189E+00 3.98107E+00 6.30957E+00 9.99999E+00 1.58489E+00 2.51189E+00 3.98107E+00 6.30957E+00 9.99999E+00 1.58489E+00 2.51189E+00 3.98107E+00 6.30957E+00 9.99999E+00 1.58489E+01 1.58489E+00 2.51189E+00 3.98107E+00 6.30957E+00 9.99999E+00 1.58489E+01 2.51189E+01 2.51189E+00 3.98107E+00 6.30957E+00 9.99999E+00 1.58489E+01 2.51189E+01 3.98107E+00 6.30957E+00 9.99999E+00 1.58489E+01 2.51189E+01 3.98107E+01 6.30957E+00 9.99999E+00 1.58489E+01 2.51189E+01 3.98107E+01 6.30957E+01 
90000 
6.15003E-08 
4.41142E-08 
2.58028E-07 
2.72740E-08 
1.65664E-07 
7.41242E-09 
8.19841E-08 
6.61318E-07 
-2.12966E-08 
-1.67316E-08 
2.15769E-07 
2.04283E-06 
-7.06056E-08 
-1.69593E-07 
-3.31832E-07 
-3.14256E-07 
-1.66066E-07 
-4.56702E-07 
-1.23626E-06 
-3.40897E-06 
-9.77933E-06 
-3.63202E-07 
-1.04640E-06 
-2.98722E-06 
-8.73442E-06 
-2.80944E-05 
-7.72215E-07 
-2.25953E-06 
-6.47467E-06 
-1.87437E-05 
-5.80727E-05 
-2.13465E-04 
-1.57340E-06 
-4.58002E-06 
-1.29498E-05 
-3.65857E-05 
-1.07295E-04 
-3.49948E-04 
-1.40575E-03 
-8.46107E-06 
-2.33239E-05 
-6.40275E-05 
-1.78939E-04 
-5.30814E-04 
-1.80075E-03 
-3.67341E-05 
-9.81128E-05 
-2.65233E-04 
-7.44549E-04 
-2.28244E-03 
-8.36830E-03 
-1.21586E-04 
-3.18653E-04 
-8.68582E-04 
-2.58219E-03 
-9.10037E-03 
-4.13841E-02 
---
