PdfType: replica
Format: lhagrid1
---
4.34963E-04 7.77181E-04 7.77181E-04 1.38865E-03 1.38865E-03 2.48120E-03 2.48120E-03 2.48120E-03 4.43334E-03 4.43334E-03 4.43334E-03 4.43334E-03 7.92137E-03 7.92137E-03 7.92137E-03 7.92137E-03 1.41537E-02 1.41537E-02 1.41537E-02 1.41537E-02 1.41537E-02 2.52895E-02 2.52895E-02 2.52895E-02 2.52895E-02 2.52895E-02 4.51866E-02 4.51866E-02 4.51866E-02 4.51866E-02 4.51866E-02 4.51866E-02 8.07383E-02 8.07383E-02 8.07383E-02 8.07383E-02 8.07383E-02 8.07383E-02 8.07383E-02 1.44261E-01 1.44261E-01 1.44261E-01 1.44261E-01 1.44261E-01 1.44261E-01 2.57762E-01 2.57762E-01 2.57762E-01 2.57762E-01 2.57762E-01 2.57762E-01 4.60562E-01 4.60562E-01 4.60562E-01 4.60562E-01 4.60562E-01 4.60562E-01 
1.58489E+00 1.58489E+00 2.51189E+00 1.58489E+00 2.51189E+00 1.58489E+00 2.51189E+00 3.98107E+00 1.58489E+00 2.51189E+00 3.98107E+00 6.30957E+00 1.58489E+00 2.51189E+00 3.98107E+00 6.30957E+00 1.58489E+00 2.51189E+00 3.98107E+00 6.30957E+00 9.99999E+00 1.58489E+00 2.51189E+00 3.98107E+00 6.30957E+00 9.99999E+00 1.58489E+00 2.51189E+00 3.98107E+00 6.30957E+00 9.99999E+00 1.58489E+01 1.58489E+00 2.51189E+00 3.98107E+00 6.30957E+00 9.99999E+00 1.58489E+01 2.51189E+01 2.51189E+00 3.98107E+00 6.30957E+00 9.99999E+00 1.58489E+01 2.51189E+01 3.98107E+00 6.30957E+00 9.99999E+00 1.58489E+01 2.51189E+01 3.98107E+01 6.30957E+00 9.99999E+00 1.58489E+01 2.51189E+01 3.98107E+01 6.30957E+01 
90000 
2.89187E-08 
-1.38039E-08 
1.80204E-07 
-7.29728E-08 
3.48738E-09 
-1.59969E-07 
-2.28200E-07 
1.87659E-07 
-2.91195E-07 
-5.61536E-07 
-8.12833E-07 
1.05328E-06 
-4.90838E-07 
-1.06144E-06 
-2.18641E-06 
-3.44476E-06 
-7.91406E-07 
-1.81458E-06 
-4.18610E-06 
-9.29869E-06 
-1.68132E-05 
-1.22142E-06 
-2.91090E-06 
-7.09051E-06 
-1.74370E-05 
-4.28904E-05 
-1.77309E-06 
-4.38107E-06 
-1.10507E-05 
-2.84381E-05 
-7.61565E-05 
-2.29453E-04 
-2.40544E-06 
-6.12178E-06 
-1.57490E-05 
-4.13328E-05 
-1.13725E-04 
-3.52034E-04 
-1.37537E-03 
-7.64516E-06 
-1.94933E-05 
-5.09303E-05 
-1.39956E-04 
-4.30277E-04 
-1.62683E-03 
-1.73182E-05 
-4.43532E-05 
-1.21208E-04 
-3.76019E-04 
-1.43783E-03 
-7.13244E-03 
-9.62337E-06 
-3.19430E-05 
-1.42882E-04 
-7.93023E-04 
-4.97156E-03 
-3.36182E-02 
---
