PdfType: replica
Format: lhagrid1
---
4.34963E-04 7.77181E-04 7.77181E-04 1.38865E-03 1.38865E-03 2.48120E-03 2.48120E-03 2.48120E-03 4.43334E-03 4.43334E-03 4.43334E-03 4.43334E-03 7.92137E-03 7.92137E-03 7.92137E-03 7.92137E-03 1.41537E-02 1.41537E-02 1.41537E-02 1.41537E-02 1.41537E-02 2.52895E-02 2.52895E-02 2.52895E-02 2.52895E-02 2.52895E-02 4.51866E-02 4.51866E-02 4.51866E-02 4.51866E-02 4.51866E-02 4.51866E-02 8.07383E-02 8.07383E-02 8.07383E-02 8.07383E-02 8.07383E-02 8.07383E-02 8.07383E-02 1.44261E-01 1.44261E-01 1.44261E-01 1.44261E-01 1.44261E-01 1.44261E-01 2.57762E-01 2.57762E-01 2.57762E-01 2.57762E-01 2.57762E-01 2.57762E-01 4.60562E-01 4.60562E-01 4.60562E-01 4.60562E-01 4.60562E-01 4.60562E-01 
1.58489E+00 1.58489E+00 2.51189E+00 1.58489E+00 2.51189E+00 1.58489E+00 2.51189E+00 3.98107E+00 1.58489E+00 2.51189E+00 3.98107E+00 6.30957E+00 1.58489E+00 2.51189E+00 3.98107E+00 6.30957E+00 1.58489E+00 2.51189E+00 3.98107E+00 6.30957E+00 9.99999E+00 1.58489E+00 2.51189E+00 3.98107E+00 6.30957E+00 9.99999E+00 1.58489E+00 2.51189E+00 3.98107E+00 6.30957E+00 9.99999E+00 1.58489E+01 1.58489E+00 2.51189E+00 3.98107E+00 6.30957E+00 9.99999E+00 1.58489E+01 2.51189E+01 2.51189E+00 3.98107E+00 6.30957E+00 9.99999E+00 1.58489E+01 2.51189E+01 3.98107E+00 6.30957E+00 9.99999E+00 1.58489E+01 2.51189E+01 3.98107E+01 6.30957E+00 9.99999E+00 1.58489E+01 2.51189E+01 3.98107E+01 6.30957E+01 
90000 
-7.38430E-09 
-5.07040E-08 
5.28469E-08 
-1.11148E-07 
-1.08622E-07 
-1.98213E-07 
-3.25091E-07 
-1.83252E-07 
-3.25069E-07 
-6.35052E-07 
-1.06356E-06 
-2.05500E-07 
-5.10219E-07 
-1.09064E-06 
-2.28342E-06 
-4.01214E-06 
-7.77552E-07 
-1.75922E-06 
-4.04539E-06 
-9.08703E-06 
-1.79539E-05 
-1.14778E-06 
-2.70769E-06 
-6.56133E-06 
-1.61514E-05 
-4.05358E-05 
-1.61137E-06 
-3.94150E-06 
-9.89443E-06 
-2.55098E-05 
-6.92385E-05 
-2.15757E-04 
-2.10328E-06 
-5.30083E-06 
-1.36152E-05 
-3.59528E-05 
-1.00545E-04 
-3.21461E-04 
-1.31468E-03 
-6.36005E-06 
-1.64443E-05 
-4.37448E-05 
-1.23202E-04 
-3.92073E-04 
-1.54523E-03 
-1.65340E-05 
-4.44146E-05 
-1.25988E-04 
-3.98776E-04 
-1.51974E-03 
-7.39147E-03 
-5.17795E-05 
-1.48524E-04 
-4.57842E-04 
-1.61651E-03 
-6.99262E-03 
-3.78357E-02 
---
