PdfType: replica
Format: lhagrid1
---
4.34963E-04 7.77181E-04 7.77181E-04 1.38865E-03 1.38865E-03 2.48120E-03 2.48120E-03 2.48120E-03 4.43334E-03 4.43334E-03 4.43334E-03 4.43334E-03 7.92137E-03 7.92137E-03 7.92137E-03 7.92137E-03 1.41537E-02 1.41537E-02 1.41537E-02 1.41537E-02 1.41537E-02 2.52895E-02 2.52895E-02 2.52895E-02 2.52895E-02 2.52895E-02 4.51866E-02 4.51866E-02 4.51866E-02 4.51866E-02 4.51866E-02 4.51866E-02 8.07383E-02 8.07383E-02 8.07383E-02 8.07383E-02 8.07383E-02 8.07383E-02 8.07383E-02 1.44261E-01 1.44261E-01 1.44261E-01 1.44261E-01 1.44261E-01 1.44261E-01 2.57762E-01 2.57762E-01 2.57762E-01 2.57762E-01 2.57762E-01 2.57762E-01 4.60562E-01 4.60562E-01 4.60562E-01 4.60562E-01 4.60562E-01 4.60562E-01 
1.58489E+00 1.58489E+00 2.51189E+00 1.58489E+00 2.51189E+00 1.58489E+00 2.51189E+00 3.98107E+00 1.58489E+00 2.51189E+00 3.98107E+00 6.30957E+00 1.58489E+00 2.51189E+00 3.98107E+00 6.30957E+00 1.58489E+00 2.51189E+00 3.98107E+00 6.30957E+00 9.99999E+00 1.58489E+00 2.51189E+00 3.98107E+00 6.30957E+00 9.99999E+00 1.58489E+00 2.51189E+00 3.98107E+00 6.30957E+00 9.99999E+00 1.58489E+01 1.58489E+00 2.51189E+00 3.98107E+00 6.30957E+00 9.99999E+00 1.58489E+01 2.51189E+01 2.51189E+00 3.98107E+00 6.30957E+00 9.99999E+00 1.58489E+01 2.51189E+01 3.98107E+00 6.30957E+00 9.99999E+00 1.58489E+01 2.51189E+01 3.98107E+01 6.30957E+00 9.99999E+00 1.58489E+01 2.51189E+01 3.98107E+01 6.30957E+01 
90000 
3.48384E-08 
-1.74215E-08 
2.01062E-07 
-8.33985E-08 
-7.36160E-10 
-1.73049E-07 
-2.41985E-07 
1.96611E-07 
-2.99701E-07 
-5.64968E-07 
-7.99285E-07 
1.03208E-06 
-4.82094E-07 
-1.02373E-06 
-2.08361E-06 
-3.29330E-06 
-7.44718E-07 
-1.68742E-06 
-3.87234E-06 
-8.65582E-06 
-1.68789E-05 
-1.10936E-06 
-2.62531E-06 
-6.38504E-06 
-1.58374E-05 
-4.06770E-05 
-1.56744E-06 
-3.84231E-06 
-9.67730E-06 
-2.51211E-05 
-6.94387E-05 
-2.24887E-04 
-2.04651E-06 
-5.15177E-06 
-1.32401E-05 
-3.50761E-05 
-9.90319E-05 
-3.22554E-04 
-1.35218E-03 
-6.02165E-06 
-1.55934E-05 
-4.16220E-05 
-1.17897E-04 
-3.78420E-04 
-1.50692E-03 
-1.59455E-05 
-4.35784E-05 
-1.25238E-04 
-3.99867E-04 
-1.53049E-03 
-7.45684E-03 
-6.44721E-05 
-1.83370E-04 
-5.58091E-04 
-1.93897E-03 
-8.26940E-03 
-4.44712E-02 
---
