PdfType: replica
Format: lhagrid1
---
4.34963E-04 7.77181E-04 7.77181E-04 1.38865E-03 1.38865E-03 2.48120E-03 2.48120E-03 2.48120E-03 4.43334E-03 4.43334E-03 4.43334E-03 4.43334E-03 7.92137E-03 7.92137E-03 7.92137E-03 7.92137E-03 1.41537E-02 1.41537E-02 1.41537E-02 1.41537E-02 1.41537E-02 2.52895E-02 2.52895E-02 2.52895E-02 2.52895E-02 2.52895E-02 4.51866E-02 4.51866E-02 4.51866E-02 4.51866E-02 4.51866E-02 4.51866E-02 8.07383E-02 8.07383E-02 8.07383E-02 8.07383E-02 8.07383E-02 8.07383E-02 8.07383E-02 1.44261E-01 1.44261E-01 1.44261E-01 1.44261E-01 1.44261E-01 1.44261E-01 2.57762E-01 2.57762E-01 2.57762E-01 2.57762E-01 2.57762E-01 2.57762E-01 4.60562E-01 4.60562E-01 4.60562E-01 4.60562E-01 4.60562E-01 4.60562E-01 
1.58489E+00 1.58489E+00 2.51189E+00 1.58489E+00 2.51189E+00 1.58489E+00 2.51189E+00 3.98107E+00 1.58489E+00 2.51189E+00 3.98107E+00 6.30957E+00 1.58489E+00 2.51189E+00 3.98107E+00 6.30957E+00 1.58489E+00 2.51189E+00 3.98107E+00 6.30957E+00 9.99999E+00 1.58489E+00 2.51189E+00 3.98107E+00 6.30957E+00 9.99999E+00 1.58489E+00 2.51189E+00 3.98107E+00 6.30957E+00 9.99999E+00 1.58489E+01 1.58489E+00 2.51189E+00 3.98107E+00 6.30957E+00 9.99999E+00 1.58489E+01 2.51189E+01 2.51189E+00 3.98107E+00 6.30957E+00 9.99999E+00 1.58489E+01 2.51189E+01 3.98107E+00 6.30957E+00 9.99999E+00 1.58489E+01 2.51189E+01 3.98107E+01 6.30957E+00 9.99999E+00 1.58489E+01 2.51189E+01 3.98107E+01 6.30957E+01 
90000 
1.70994E-07 
6.45202E-08 
6.66779E-07 
-3.97526E-08 
2.62469E-07 
-1.59409E-07 
-1.17844E-07 
1.04069E-06 
-3.14302E-07 
-5.51819E-07 
-4.99506E-07 
3.15109E-06 
-5.31622E-07 
-1.12262E-06 
-2.22061E-06 
-3.18835E-06 
-8.49195E-07 
-1.93345E-06 
-4.46420E-06 
-1.01620E-05 
-2.21568E-05 
-1.30478E-06 
-3.09582E-06 
-7.57760E-06 
-1.90416E-05 
-5.10481E-05 
-1.89438E-06 
-4.65385E-06 
-1.17456E-05 
-3.05062E-05 
-8.45637E-05 
-2.75273E-04 
-2.55857E-06 
-6.45501E-06 
-1.65012E-05 
-4.31474E-05 
-1.19084E-04 
-3.73733E-04 
-1.49621E-03 
-7.77425E-06 
-1.94875E-05 
-5.01867E-05 
-1.36468E-04 
-4.18331E-04 
-1.59684E-03 
-1.45334E-05 
-3.64360E-05 
-1.00061E-04 
-3.25821E-04 
-1.36252E-03 
-7.40752E-03 
9.75067E-06 
1.79536E-05 
-2.45194E-05 
-5.94044E-04 
-5.37677E-03 
-4.24335E-02 
---
