PdfType: replica
Format: lhagrid1
---
4.34963E-04 7.77181E-04 7.77181E-04 1.38865E-03 1.38865E-03 2.48120E-03 2.48120E-03 2.48120E-03 4.43334E-03 4.43334E-03 4.43334E-03 4.43334E-03 7.92137E-03 7.92137E-03 7.92137E-03 7.92137E-03 1.41537E-02 1.41537E-02 1.41537E-02 1.41537E-02 1.41537E-02 2.52895E-02 2.52895E-02 2.52895E-02 2.52895E-02 2.52895E-02 4.51866E-02 4.51866E-02 4.51866E-02 4.51866E-02 4.51866E-02 4.51866E-02 8.07383E-02 8.07383E-02 8.07383E-02 8.07383E-02 8.07383E-02 8.07383E-02 8.07383E-02 1.44261E-01 1.44261E-01 1.44261E-01 1.44261E-01 1.44261E-01 1.44261E-01 2.57762E-01 2.57762E-01 2.57762E-01 2.57762E-01 2.57762E-01 2.57762E-01 4.60562E-01 4.60562E-01 4.60562E-01 4.60562E-01 4.60562E-01 4.60562E-01 
1.58489E+00 1.58489E+00 2.51189E+00 1.58489E+00 2.51189E+00 1.58489E+00 2.51189E+00 3.98107E+00 1.58489E+00 2.51189E+00 3.98107E+00 6.30957E+00 1.58489E+00 2.51189E+00 3.98107E+00 6.30957E+00 1.58489E+00 2.51189E+00 3.98107E+00 6.30957E+00 9.99999E+00 1.58489E+00 2.51189E+00 3.98107E+00 6.30957E+00 9.99999E+00 1.58489E+00 2.51189E+00 3.98107E+00 6.30957E+00 9.99999E+00 1.58489E+01 1.58489E+00 2.51189E+00 3.98107E+00 6.30957E+00 9.99999E+00 1.58489E+01 2.51189E+01 2.51189E+00 3.98107E+00 6.30957E+00 9.99999E+00 1.58489E+01 2.51189E+01 3.98107E+00 6.30957E+00 9.99999E+00 1.58489E+01 2.51189E+01 3.98107E+01 6.30957E+00 9.99999E+00 1.58489E+01 2.51189E+01 3.98107E+01 6.30957E+01 
90000 
-3.07035E-08 
-6.57803E-08 
-2.19258E-08 
-1.19600E-07 
-1.52589E-07 
-2.01086E-07 
-3.45606E-07 
-2.93868E-07 
-3.23256E-07 
-6.36893E-07 
-1.08075E-06 
-2.91942E-07 
-5.04824E-07 
-1.07790E-06 
-2.23314E-06 
-3.75563E-06 
-7.69907E-07 
-1.73547E-06 
-3.94904E-06 
-8.63694E-06 
-1.53057E-05 
-1.13746E-06 
-2.67048E-06 
-6.42120E-06 
-1.55865E-05 
-3.78488E-05 
-1.58831E-06 
-3.86095E-06 
-9.63059E-06 
-2.46404E-05 
-6.61688E-05 
-2.03448E-04 
-2.03197E-06 
-5.07697E-06 
-1.29471E-05 
-3.39756E-05 
-9.46129E-05 
-3.02535E-04 
-1.24660E-03 
-5.80455E-06 
-1.48905E-05 
-3.94076E-05 
-1.10999E-04 
-3.56414E-04 
-1.43230E-03 
-1.40133E-05 
-3.77491E-05 
-1.08470E-04 
-3.53147E-04 
-1.40363E-03 
-7.11430E-03 
-4.28603E-05 
-1.24586E-04 
-3.93611E-04 
-1.44128E-03 
-6.48102E-03 
-3.60272E-02 
---
