PdfType: replica
Format: lhagrid1
---
4.34963E-04 7.77181E-04 7.77181E-04 1.38865E-03 1.38865E-03 2.48120E-03 2.48120E-03 2.48120E-03 4.43334E-03 4.43334E-03 4.43334E-03 4.43334E-03 7.92137E-03 7.92137E-03 7.92137E-03 7.92137E-03 1.41537E-02 1.41537E-02 1.41537E-02 1.41537E-02 1.41537E-02 2.52895E-02 2.52895E-02 2.52895E-02 2.52895E-02 2.52895E-02 4.51866E-02 4.51866E-02 4.51866E-02 4.51866E-02 4.51866E-02 4.51866E-02 8.07383E-02 8.07383E-02 8.07383E-02 8.07383E-02 8.07383E-02 8.07383E-02 8.07383E-02 1.44261E-01 1.44261E-01 1.44261E-01 1.44261E-01 1.44261E-01 1.44261E-01 2.57762E-01 2.57762E-01 2.57762E-01 2.57762E-01 2.57762E-01 2.57762E-01 4.60562E-01 4.60562E-01 4.60562E-01 4.60562E-01 4.60562E-01 4.60562E-01 
1.58489E+00 1.58489E+00 2.51189E+00 1.58489E+00 2.51189E+00 1.58489E+00 2.51189E+00 3.98107E+00 1.58489E+00 2.51189E+00 3.98107E+00 6.30957E+00 1.58489E+00 2.51189E+00 3.98107E+00 6.30957E+00 1.58489E+00 2.51189E+00 3.98107E+00 6.30957E+00 9.99999E+00 1.58489E+00 2.51189E+00 3.98107E+00 6.30957E+00 9.99999E+00 1.58489E+00 2.51189E+00 3.98107E+00 6.30957E+00 9.99999E+00 1.58489E+01 1.58489E+00 2.51189E+00 3.98107E+00 6.30957E+00 9.99999E+00 1.58489E+01 2.51189E+01 2.51189E+00 3.98107E+00 6.30957E+00 9.99999E+00 1.58489E+01 2.51189E+01 3.98107E+00 6.30957E+00 9.99999E+00 1.58489E+01 2.51189E+01 3.98107E+01 6.30957E+00 9.99999E+00 1.58489E+01 2.51189E+01 3.98107E+01 6.30957E+01 
90000 
1.08525E-07 
7.93612E-08 
4.02774E-07 
5.62595E-08 
2.57564E-07 
3.19046E-08 
1.42555E-07 
8.40085E-07 
-2.86593E-09 
1.89282E-08 
2.69459E-07 
1.87152E-06 
-6.24719E-08 
-1.60656E-07 
-3.65583E-07 
-7.87240E-07 
-1.71792E-07 
-4.72336E-07 
-1.31657E-06 
-3.94813E-06 
-1.43810E-05 
-3.74096E-07 
-1.04963E-06 
-2.98423E-06 
-8.90217E-06 
-3.05760E-05 
-7.41447E-07 
-2.12120E-06 
-6.03774E-06 
-1.75811E-05 
-5.58378E-05 
-2.14954E-04 
-1.39830E-06 
-4.05767E-06 
-1.14980E-05 
-3.27010E-05 
-9.73299E-05 
-3.26547E-04 
-1.36767E-03 
-7.41605E-06 
-2.06246E-05 
-5.71269E-05 
-1.61707E-04 
-4.90329E-04 
-1.72596E-03 
-3.36610E-05 
-9.05713E-05 
-2.47249E-04 
-7.05064E-04 
-2.22092E-03 
-8.48340E-03 
-1.18124E-04 
-3.15813E-04 
-8.78130E-04 
-2.66504E-03 
-9.60626E-03 
-4.47581E-02 
---
