PdfType: replica
Format: lhagrid1
---
4.34963E-04 7.77181E-04 7.77181E-04 1.38865E-03 1.38865E-03 2.48120E-03 2.48120E-03 2.48120E-03 4.43334E-03 4.43334E-03 4.43334E-03 4.43334E-03 7.92137E-03 7.92137E-03 7.92137E-03 7.92137E-03 1.41537E-02 1.41537E-02 1.41537E-02 1.41537E-02 1.41537E-02 2.52895E-02 2.52895E-02 2.52895E-02 2.52895E-02 2.52895E-02 4.51866E-02 4.51866E-02 4.51866E-02 4.51866E-02 4.51866E-02 4.51866E-02 8.07383E-02 8.07383E-02 8.07383E-02 8.07383E-02 8.07383E-02 8.07383E-02 8.07383E-02 1.44261E-01 1.44261E-01 1.44261E-01 1.44261E-01 1.44261E-01 1.44261E-01 2.57762E-01 2.57762E-01 2.57762E-01 2.57762E-01 2.57762E-01 2.57762E-01 4.60562E-01 4.60562E-01 4.60562E-01 4.60562E-01 4.60562E-01 4.60562E-01 
1.58489E+00 1.58489E+00 2.51189E+00 1.58489E+00 2.51189E+00 1.58489E+00 2.51189E+00 3.98107E+00 1.58489E+00 2.51189E+00 3.98107E+00 6.30957E+00 1.58489E+00 2.51189E+00 3.98107E+00 6.30957E+00 1.58489E+00 2.51189E+00 3.98107E+00 6.30957E+00 9.99999E+00 1.58489E+00 2.51189E+00 3.98107E+00 6.30957E+00 9.99999E+00 1.58489E+00 2.51189E+00 3.98107E+00 6.30957E+00 9.99999E+00 1.58489E+01 1.58489E+00 2.51189E+00 3.98107E+00 6.30957E+00 9.99999E+00 1.58489E+01 2.51189E+01 2.51189E+00 3.98107E+00 6.30957E+00 9.99999E+00 1.58489E+01 2.51189E+01 3.98107E+00 6.30957E+00 9.99999E+00 1.58489E+01 2.51189E+01 3.98107E+01 6.30957E+00 9.99999E+00 1.58489E+01 2.51189E+01 3.98107E+01 6.30957E+01 
90000 
1.94783E-08 
2.80059E-08 
6.72850E-08 
4.49201E-08 
8.73933E-08 
7.59787E-08 
1.47790E-07 
1.95275E-07 
1.32337E-07 
2.75460E-07 
4.38077E-07 
-7.07971E-07 
2.36322E-07 
5.24764E-07 
9.83915E-07 
3.30878E-07 
4.31491E-07 
9.90798E-07 
2.03189E-06 
2.53242E-06 
-1.03360E-05 
7.84956E-07 
1.78117E-06 
3.74237E-06 
6.09005E-06 
-3.42190E-06 
1.30365E-06 
2.74465E-06 
5.45128E-06 
8.87170E-06 
4.61584E-07 
-1.27160E-04 
1.55487E-06 
2.48079E-06 
3.07514E-06 
-3.95068E-07 
-2.83241E-05 
-1.95181E-04 
-1.22638E-03 
-3.58806E-06 
-1.52937E-05 
-5.23728E-05 
-1.68151E-04 
-5.42440E-04 
-1.88796E-03 
-6.70293E-05 
-1.86757E-04 
-5.12814E-04 
-1.40393E-03 
-3.88307E-03 
-1.11924E-02 
-3.49133E-04 
-9.12039E-04 
-2.38754E-03 
-6.29064E-03 
-1.69240E-02 
-4.85685E-02 
---
