PdfType: replica
Format: lhagrid1
---
4.34963E-04 7.77181E-04 7.77181E-04 1.38865E-03 1.38865E-03 2.48120E-03 2.48120E-03 2.48120E-03 4.43334E-03 4.43334E-03 4.43334E-03 4.43334E-03 7.92137E-03 7.92137E-03 7.92137E-03 7.92137E-03 1.41537E-02 1.41537E-02 1.41537E-02 1.41537E-02 1.41537E-02 2.52895E-02 2.52895E-02 2.52895E-02 2.52895E-02 2.52895E-02 4.51866E-02 4.51866E-02 4.51866E-02 4.51866E-02 4.51866E-02 4.51866E-02 8.07383E-02 8.07383E-02 8.07383E-02 8.07383E-02 8.07383E-02 8.07383E-02 8.07383E-02 1.44261E-01 1.44261E-01 1.44261E-01 1.44261E-01 1.44261E-01 1.44261E-01 2.57762E-01 2.57762E-01 2.57762E-01 2.57762E-01 2.57762E-01 2.57762E-01 4.60562E-01 4.60562E-01 4.60562E-01 4.60562E-01 4.60562E-01 4.60562E-01 
1.58489E+00 1.58489E+00 2.51189E+00 1.58489E+00 2.51189E+00 1.58489E+00 2.51189E+00 3.98107E+00 1.58489E+00 2.51189E+00 3.98107E+00 6.30957E+00 1.58489E+00 2.51189E+00 3.98107E+00 6.30957E+00 1.58489E+00 2.51189E+00 3.98107E+00 6.30957E+00 9.99999E+00 1.58489E+00 2.51189E+00 3.98107E+00 6.30957E+00 9.99999E+00 1.58489E+00 2.51189E+00 3.98107E+00 6.30957E+00 9.99999E+00 1.58489E+01 1.58489E+00 2.51189E+00 3.98107E+00 6.30957E+00 9.99999E+00 1.58489E+01 2.51189E+01 2.51189E+00 3.98107E+00 6.30957E+00 9.99999E+00 1.58489E+01 2.51189E+01 3.98107E+00 6.30957E+00 9.99999E+00 1.58489E+01 2.51189E+01 3.98107E+01 6.30957E+00 9.99999E+00 1.58489E+01 2.51189E+01 3.98107E+01 6.30957E+01 
90000 
9.33048E-08 
3.31722E-08 
3.83022E-07 
-3.34593E-08 
1.42483E-07 
-1.18041E-07 
-1.11531E-07 
6.23716E-07 
-2.35738E-07 
-4.30136E-07 
-4.60483E-07 
2.03264E-06 
-4.08842E-07 
-8.77247E-07 
-1.77688E-06 
-2.71450E-06 
-6.68469E-07 
-1.53739E-06 
-3.58941E-06 
-8.29137E-06 
-1.79233E-05 
-1.04487E-06 
-2.50295E-06 
-6.18540E-06 
-1.57177E-05 
-4.23652E-05 
-1.53565E-06 
-3.81723E-06 
-9.75316E-06 
-2.56947E-05 
-7.22996E-05 
-2.38949E-04 
-2.10111E-06 
-5.41176E-06 
-1.41295E-05 
-3.77812E-05 
-1.06769E-04 
-3.43468E-04 
-1.40214E-03 
-7.03395E-06 
-1.84093E-05 
-4.91860E-05 
-1.37688E-04 
-4.28508E-04 
-1.62354E-03 
-2.05441E-05 
-5.46642E-05 
-1.51946E-04 
-4.63751E-04 
-1.67867E-03 
-7.76306E-03 
-5.36588E-05 
-1.50475E-04 
-4.61400E-04 
-1.65735E-03 
-7.42155E-03 
-4.15704E-02 
---
