PdfType: replica
Format: lhagrid1
---
4.34963E-04 7.77181E-04 7.77181E-04 1.38865E-03 1.38865E-03 2.48120E-03 2.48120E-03 2.48120E-03 4.43334E-03 4.43334E-03 4.43334E-03 4.43334E-03 7.92137E-03 7.92137E-03 7.92137E-03 7.92137E-03 1.41537E-02 1.41537E-02 1.41537E-02 1.41537E-02 1.41537E-02 2.52895E-02 2.52895E-02 2.52895E-02 2.52895E-02 2.52895E-02 4.51866E-02 4.51866E-02 4.51866E-02 4.51866E-02 4.51866E-02 4.51866E-02 8.07383E-02 8.07383E-02 8.07383E-02 8.07383E-02 8.07383E-02 8.07383E-02 8.07383E-02 1.44261E-01 1.44261E-01 1.44261E-01 1.44261E-01 1.44261E-01 1.44261E-01 2.57762E-01 2.57762E-01 2.57762E-01 2.57762E-01 2.57762E-01 2.57762E-01 4.60562E-01 4.60562E-01 4.60562E-01 4.60562E-01 4.60562E-01 4.60562E-01 
1.58489E+00 1.58489E+00 2.51189E+00 1.58489E+00 2.51189E+00 1.58489E+00 2.51189E+00 3.98107E+00 1.58489E+00 2.51189E+00 3.98107E+00 6.30957E+00 1.58489E+00 2.51189E+00 3.98107E+00 6.30957E+00 1.58489E+00 2.51189E+00 3.98107E+00 6.30957E+00 9.99999E+00 1.58489E+00 2.51189E+00 3.98107E+00 6.30957E+00 9.99999E+00 1.58489E+00 2.51189E+00 3.98107E+00 6.30957E+00 9.99999E+00 1.58489E+01 1.58489E+00 2.51189E+00 3.98107E+00 6.30957E+00 9.99999E+00 1.58489E+01 2.51189E+01 2.51189E+00 3.98107E+00 6.30957E+00 9.99999E+00 1.58489E+01 2.51189E+01 3.98107E+00 6.30957E+00 9.99999E+00 1.58489E+01 2.51189E+01 3.98107E+01 6.30957E+00 9.99999E+00 1.58489E+01 2.51189E+01 3.98107E+01 6.30957E+01 
90000 
8.92597E-09 
-3.27381E-08 
9.50532E-08 
-9.03223E-08 
-6.92701E-08 
-1.74743E-07 
-2.86289E-07 
-1.03806E-07 
-3.02121E-07 
-6.03069E-07 
-1.02053E-06 
-2.02090E-07 
-4.97117E-07 
-1.08788E-06 
-2.32468E-06 
-4.24283E-06 
-7.95762E-07 
-1.83824E-06 
-4.29577E-06 
-9.82418E-06 
-2.02257E-05 
-1.23888E-06 
-2.96744E-06 
-7.25579E-06 
-1.79446E-05 
-4.51574E-05 
-1.83444E-06 
-4.51267E-06 
-1.13261E-05 
-2.90188E-05 
-7.75346E-05 
-2.33125E-04 
-2.48598E-06 
-6.21080E-06 
-1.57694E-05 
-4.09714E-05 
-1.11540E-04 
-3.40405E-04 
-1.30450E-03 
-7.21757E-06 
-1.82048E-05 
-4.72287E-05 
-1.28982E-04 
-3.94189E-04 
-1.48304E-03 
-1.51247E-05 
-3.92650E-05 
-1.09122E-04 
-3.45819E-04 
-1.35425E-03 
-6.85428E-03 
-2.21577E-05 
-6.83942E-05 
-2.48496E-04 
-1.10317E-03 
-5.90958E-03 
-3.65417E-02 
---
