PdfType: replica
Format: lhagrid1
---
4.34963E-04 7.77181E-04 7.77181E-04 1.38865E-03 1.38865E-03 2.48120E-03 2.48120E-03 2.48120E-03 4.43334E-03 4.43334E-03 4.43334E-03 4.43334E-03 7.92137E-03 7.92137E-03 7.92137E-03 7.92137E-03 1.41537E-02 1.41537E-02 1.41537E-02 1.41537E-02 1.41537E-02 2.52895E-02 2.52895E-02 2.52895E-02 2.52895E-02 2.52895E-02 4.51866E-02 4.51866E-02 4.51866E-02 4.51866E-02 4.51866E-02 4.51866E-02 8.07383E-02 8.07383E-02 8.07383E-02 8.07383E-02 8.07383E-02 8.07383E-02 8.07383E-02 1.44261E-01 1.44261E-01 1.44261E-01 1.44261E-01 1.44261E-01 1.44261E-01 2.57762E-01 2.57762E-01 2.57762E-01 2.57762E-01 2.57762E-01 2.57762E-01 4.60562E-01 4.60562E-01 4.60562E-01 4.60562E-01 4.60562E-01 4.60562E-01 
1.58489E+00 1.58489E+00 2.51189E+00 1.58489E+00 2.51189E+00 1.58489E+00 2.51189E+00 3.98107E+00 1.58489E+00 2.51189E+00 3.98107E+00 6.30957E+00 1.58489E+00 2.51189E+00 3.98107E+00 6.30957E+00 1.58489E+00 2.51189E+00 3.98107E+00 6.30957E+00 9.99999E+00 1.58489E+00 2.51189E+00 3.98107E+00 6.30957E+00 9.99999E+00 1.58489E+00 2.51189E+00 3.98107E+00 6.30957E+00 9.99999E+00 1.58489E+01 1.58489E+00 2.51189E+00 3.98107E+00 6.30957E+00 9.99999E+00 1.58489E+01 2.51189E+01 2.51189E+00 3.98107E+00 6.30957E+00 9.99999E+00 1.58489E+01 2.51189E+01 3.98107E+00 6.30957E+00 9.99999E+00 1.58489E+01 2.51189E+01 3.98107E+01 6.30957E+00 9.99999E+00 1.58489E+01 2.51189E+01 3.98107E+01 6.30957E+01 
90000 
3.64278E-08 
3.34558E-08 
1.55109E-07 
3.45512E-08 
1.21798E-07 
4.00222E-08 
1.08341E-07 
4.23715E-07 
5.06116E-08 
1.11759E-07 
2.87320E-07 
7.34688E-07 
6.69963E-08 
1.29130E-07 
2.05580E-07 
-1.76815E-07 
8.79572E-08 
1.48105E-07 
1.14304E-07 
-1.01821E-06 
-1.03643E-05 
1.03205E-07 
1.19428E-07 
-1.63511E-07 
-2.41354E-06 
-1.70707E-05 
7.01018E-08 
-1.23079E-07 
-1.16654E-06 
-5.98010E-06 
-2.94216E-05 
-1.62430E-04 
-1.57695E-07 
-1.09245E-06 
-4.46196E-06 
-1.61851E-05 
-5.95736E-05 
-2.45993E-04 
-1.23411E-03 
-4.31813E-06 
-1.42626E-05 
-4.42818E-05 
-1.37006E-04 
-4.47279E-04 
-1.66665E-03 
-4.00722E-05 
-1.14260E-04 
-3.23027E-04 
-9.25900E-04 
-2.78838E-03 
-9.46999E-03 
-2.78621E-04 
-7.53391E-04 
-2.04065E-03 
-5.59925E-03 
-1.59971E-02 
-5.07708E-02 
---
