PdfType: replica
Format: lhagrid1
---
4.34963E-04 7.77181E-04 7.77181E-04 1.38865E-03 1.38865E-03 2.48120E-03 2.48120E-03 2.48120E-03 4.43334E-03 4.43334E-03 4.43334E-03 4.43334E-03 7.92137E-03 7.92137E-03 7.92137E-03 7.92137E-03 1.41537E-02 1.41537E-02 1.41537E-02 1.41537E-02 1.41537E-02 2.52895E-02 2.52895E-02 2.52895E-02 2.52895E-02 2.52895E-02 4.51866E-02 4.51866E-02 4.51866E-02 4.51866E-02 4.51866E-02 4.51866E-02 8.07383E-02 8.07383E-02 8.07383E-02 8.07383E-02 8.07383E-02 8.07383E-02 8.07383E-02 1.44261E-01 1.44261E-01 1.44261E-01 1.44261E-01 1.44261E-01 1.44261E-01 2.57762E-01 2.57762E-01 2.57762E-01 2.57762E-01 2.57762E-01 2.57762E-01 4.60562E-01 4.60562E-01 4.60562E-01 4.60562E-01 4.60562E-01 4.60562E-01 
1.58489E+00 1.58489E+00 2.51189E+00 1.58489E+00 2.51189E+00 1.58489E+00 2.51189E+00 3.98107E+00 1.58489E+00 2.51189E+00 3.98107E+00 6.30957E+00 1.58489E+00 2.51189E+00 3.98107E+00 6.30957E+00 1.58489E+00 2.51189E+00 3.98107E+00 6.30957E+00 9.99999E+00 1.58489E+00 2.51189E+00 3.98107E+00 6.30957E+00 9.99999E+00 1.58489E+00 2.51189E+00 3.98107E+00 6.30957E+00 9.99999E+00 1.58489E+01 1.58489E+00 2.51189E+00 3.98107E+00 6.30957E+00 9.99999E+00 1.58489E+01 2.51189E+01 2.51189E+00 3.98107E+00 6.30957E+00 9.99999E+00 1.58489E+01 2.51189E+01 3.98107E+00 6.30957E+00 9.99999E+00 1.58489E+01 2.51189E+01 3.98107E+01 6.30957E+00 9.99999E+00 1.58489E+01 2.51189E+01 3.98107E+01 6.30957E+01 
90000 
7.18063E-08 
8.13728E-08 
2.36228E-07 
1.04755E-07 
2.44879E-07 
1.45793E-07 
3.07557E-07 
6.74436E-07 
2.10423E-07 
4.34609E-07 
8.36084E-07 
6.37159E-07 
3.06561E-07 
6.43610E-07 
1.23176E-06 
1.04459E-06 
4.42419E-07 
9.51081E-07 
1.88276E-06 
2.22613E-06 
-1.02391E-05 
6.17786E-07 
1.34674E-06 
2.73885E-06 
3.94356E-06 
-7.48810E-06 
7.98792E-07 
1.72472E-06 
3.47585E-06 
5.23489E-06 
-5.72224E-06 
-1.37583E-04 
8.85004E-07 
1.75804E-06 
3.07642E-06 
3.08474E-06 
-1.34109E-05 
-1.54088E-04 
-1.19680E-03 
6.39911E-07 
-1.11494E-06 
-1.05818E-05 
-5.39903E-05 
-2.58529E-04 
-1.34283E-03 
-1.81606E-05 
-6.33545E-05 
-2.08656E-04 
-6.83953E-04 
-2.35353E-03 
-9.16584E-03 
-3.54171E-04 
-1.06406E-03 
-3.10660E-03 
-8.83047E-03 
-2.41932E-02 
-6.12185E-02 
---
