PdfType: replica
Format: lhagrid1
---
4.34963E-04 7.77181E-04 7.77181E-04 1.38865E-03 1.38865E-03 2.48120E-03 2.48120E-03 2.48120E-03 4.43334E-03 4.43334E-03 4.43334E-03 4.43334E-03 7.92137E-03 7.92137E-03 7.92137E-03 7.92137E-03 1.41537E-02 1.41537E-02 1.41537E-02 1.41537E-02 1.41537E-02 2.52895E-02 2.52895E-02 2.52895E-02 2.52895E-02 2.52895E-02 4.51866E-02 4.51866E-02 4.51866E-02 4.51866E-02 4.51866E-02 4.51866E-02 8.07383E-02 8.07383E-02 8.07383E-02 8.07383E-02 8.07383E-02 8.07383E-02 8.07383E-02 1.44261E-01 1.44261E-01 1.44261E-01 1.44261E-01 1.44261E-01 1.44261E-01 2.57762E-01 2.57762E-01 2.57762E-01 2.57762E-01 2.57762E-01 2.57762E-01 4.60562E-01 4.60562E-01 4.60562E-01 4.60562E-01 4.60562E-01 4.60562E-01 
1.58489E+00 1.58489E+00 2.51189E+00 1.58489E+00 2.51189E+00 1.58489E+00 2.51189E+00 3.98107E+00 1.58489E+00 2.51189E+00 3.98107E+00 6.30957E+00 1.58489E+00 2.51189E+00 3.98107E+00 6.30957E+00 1.58489E+00 2.51189E+00 3.98107E+00 6.30957E+00 9.99999E+00 1.58489E+00 2.51189E+00 3.98107E+00 6.30957E+00 9.99999E+00 1.58489E+00 2.51189E+00 3.98107E+00 6.30957E+00 9.99999E+00 1.58489E+01 1.58489E+00 2.51189E+00 3.98107E+00 6.30957E+00 9.99999E+00 1.58489E+01 2.51189E+01 2.51189E+00 3.98107E+00 6.30957E+00 9.99999E+00 1.58489E+01 2.51189E+01 3.98107E+00 6.30957E+00 9.99999E+00 1.58489E+01 2.51189E+01 3.98107E+01 6.30957E+00 9.99999E+00 1.58489E+01 2.51189E+01 3.98107E+01 6.30957E+01 
90000 
8.54350E-08 
9.60409E-08 
2.73557E-07 
1.21628E-07 
2.82509E-07 
1.65821E-07 
3.48413E-07 
7.96634E-07 
2.34229E-07 
4.80870E-07 
9.62404E-07 
1.12718E-06 
3.34299E-07 
6.97443E-07 
1.37287E-06 
1.53373E-06 
4.73652E-07 
1.01681E-06 
2.06095E-06 
2.80178E-06 
-8.03915E-06 
6.52400E-07 
1.43837E-06 
3.01475E-06 
4.81492E-06 
-4.53208E-06 
8.44843E-07 
1.89074E-06 
4.01854E-06 
6.92382E-06 
-4.47132E-07 
-1.19915E-04 
9.85715E-07 
2.14844E-06 
4.33824E-06 
6.87351E-06 
-2.35554E-06 
-1.21858E-04 
-1.10033E-03 
1.66982E-06 
2.04087E-06 
-1.51727E-06 
-2.89701E-05 
-1.92307E-04 
-1.18283E-03 
-9.71205E-06 
-4.02938E-05 
-1.47856E-04 
-5.30650E-04 
-2.00472E-03 
-8.63773E-03 
-2.93475E-04 
-9.26393E-04 
-2.81454E-03 
-8.29768E-03 
-2.36975E-02 
-6.41682E-02 
---
