PdfType: replica
Format: lhagrid1
---
4.34963E-04 7.77181E-04 7.77181E-04 1.38865E-03 1.38865E-03 2.48120E-03 2.48120E-03 2.48120E-03 4.43334E-03 4.43334E-03 4.43334E-03 4.43334E-03 7.92137E-03 7.92137E-03 7.92137E-03 7.92137E-03 1.41537E-02 1.41537E-02 1.41537E-02 1.41537E-02 1.41537E-02 2.52895E-02 2.52895E-02 2.52895E-02 2.52895E-02 2.52895E-02 4.51866E-02 4.51866E-02 4.51866E-02 4.51866E-02 4.51866E-02 4.51866E-02 8.07383E-02 8.07383E-02 8.07383E-02 8.07383E-02 8.07383E-02 8.07383E-02 8.07383E-02 1.44261E-01 1.44261E-01 1.44261E-01 1.44261E-01 1.44261E-01 1.44261E-01 2.57762E-01 2.57762E-01 2.57762E-01 2.57762E-01 2.57762E-01 2.57762E-01 4.60562E-01 4.60562E-01 4.60562E-01 4.60562E-01 4.60562E-01 4.60562E-01 
1.58489E+00 1.58489E+00 2.51189E+00 1.58489E+00 2.51189E+00 1.58489E+00 2.51189E+00 3.98107E+00 1.58489E+00 2.51189E+00 3.98107E+00 6.30957E+00 1.58489E+00 2.51189E+00 3.98107E+00 6.30957E+00 1.58489E+00 2.51189E+00 3.98107E+00 6.30957E+00 9.99999E+00 1.58489E+00 2.51189E+00 3.98107E+00 6.30957E+00 9.99999E+00 1.58489E+00 2.51189E+00 3.98107E+00 6.30957E+00 9.99999E+00 1.58489E+01 1.58489E+00 2.51189E+00 3.98107E+00 6.30957E+00 9.99999E+00 1.58489E+01 2.51189E+01 2.51189E+00 3.98107E+00 6.30957E+00 9.99999E+00 1.58489E+01 2.51189E+01 3.98107E+00 6.30957E+00 9.99999E+00 1.58489E+01 2.51189E+01 3.98107E+01 6.30957E+00 9.99999E+00 1.58489E+01 2.51189E+01 3.98107E+01 6.30957E+01 
90000 
1.12132E-07 
2.94826E-08 
4.96418E-07 
-6.35190E-08 
1.70544E-07 
-1.80189E-07 
-1.73238E-07 
8.61165E-07 
-3.37676E-07 
-5.95985E-07 
-5.74308E-07 
3.20372E-06 
-5.60271E-07 
-1.16987E-06 
-2.27100E-06 
-2.96826E-06 
-8.80123E-07 
-1.98388E-06 
-4.51536E-06 
-9.95921E-06 
-1.92958E-05 
-1.32435E-06 
-3.11917E-06 
-7.55904E-06 
-1.87176E-05 
-4.87826E-05 
-1.87125E-06 
-4.54724E-06 
-1.13658E-05 
-2.92961E-05 
-8.08049E-05 
-2.62669E-04 
-2.40199E-06 
-5.95706E-06 
-1.50940E-05 
-3.94094E-05 
-1.09520E-04 
-3.50035E-04 
-1.43784E-03 
-6.63304E-06 
-1.67276E-05 
-4.35969E-05 
-1.20747E-04 
-3.79936E-04 
-1.49205E-03 
-1.36436E-05 
-3.56145E-05 
-1.00250E-04 
-3.25323E-04 
-1.31478E-03 
-6.84135E-03 
-1.88902E-05 
-5.92966E-05 
-2.22711E-04 
-1.03373E-03 
-5.79181E-03 
-3.72494E-02 
---
