PdfType: replica
Format: lhagrid1
---
4.34963E-04 7.77181E-04 7.77181E-04 1.38865E-03 1.38865E-03 2.48120E-03 2.48120E-03 2.48120E-03 4.43334E-03 4.43334E-03 4.43334E-03 4.43334E-03 7.92137E-03 7.92137E-03 7.92137E-03 7.92137E-03 1.41537E-02 1.41537E-02 1.41537E-02 1.41537E-02 1.41537E-02 2.52895E-02 2.52895E-02 2.52895E-02 2.52895E-02 2.52895E-02 4.51866E-02 4.51866E-02 4.51866E-02 4.51866E-02 4.51866E-02 4.51866E-02 8.07383E-02 8.07383E-02 8.07383E-02 8.07383E-02 8.07383E-02 8.07383E-02 8.07383E-02 1.44261E-01 1.44261E-01 1.44261E-01 1.44261E-01 1.44261E-01 1.44261E-01 2.57762E-01 2.57762E-01 2.57762E-01 2.57762E-01 2.57762E-01 2.57762E-01 4.60562E-01 4.60562E-01 4.60562E-01 4.60562E-01 4.60562E-01 4.60562E-01 
1.58489E+00 1.58489E+00 2.51189E+00 1.58489E+00 2.51189E+00 1.58489E+00 2.51189E+00 3.98107E+00 1.58489E+00 2.51189E+00 3.98107E+00 6.30957E+00 1.58489E+00 2.51189E+00 3.98107E+00 6.30957E+00 1.58489E+00 2.51189E+00 3.98107E+00 6.30957E+00 9.99999E+00 1.58489E+00 2.51189E+00 3.98107E+00 6.30957E+00 9.99999E+00 1.58489E+00 2.51189E+00 3.98107E+00 6.30957E+00 9.99999E+00 1.58489E+01 1.58489E+00 2.51189E+00 3.98107E+00 6.30957E+00 9.99999E+00 1.58489E+01 2.51189E+01 2.51189E+00 3.98107E+00 6.30957E+00 9.99999E+00 1.58489E+01 2.51189E+01 3.98107E+00 6.30957E+00 9.99999E+00 1.58489E+01 2.51189E+01 3.98107E+01 6.30957E+00 9.99999E+00 1.58489E+01 2.51189E+01 3.98107E+01 6.30957E+01 
90000 
8.39589E-08 
7.65641E-08 
2.50870E-07 
7.64731E-08 
2.03278E-07 
8.18656E-08 
1.81747E-07 
4.42346E-07 
9.01054E-08 
1.72965E-07 
2.77505E-07 
-3.94902E-07 
9.56204E-08 
1.57145E-07 
1.13483E-07 
-1.30597E-06 
8.53939E-08 
9.05165E-08 
-1.91565E-07 
-2.51688E-06 
-1.99372E-05 
2.78654E-08 
-1.33484E-07 
-9.60275E-07 
-4.97736E-06 
-2.72402E-05 
-1.54714E-07 
-7.74349E-07 
-2.96680E-06 
-1.08759E-05 
-4.34271E-05 
-2.08018E-04 
-6.59453E-07 
-2.44581E-06 
-7.97101E-06 
-2.50786E-05 
-8.17030E-05 
-2.99374E-04 
-1.35189E-03 
-6.52217E-06 
-1.95243E-05 
-5.67433E-05 
-1.65859E-04 
-5.10476E-04 
-1.78057E-03 
-4.28405E-05 
-1.17843E-04 
-3.24082E-04 
-9.09392E-04 
-2.70230E-03 
-9.17718E-03 
-2.05579E-04 
-5.48177E-04 
-1.48587E-03 
-4.19990E-03 
-1.31055E-02 
-4.97662E-02 
---
