PdfType: replica
Format: lhagrid1
---
4.34963E-04 7.77181E-04 7.77181E-04 1.38865E-03 1.38865E-03 2.48120E-03 2.48120E-03 2.48120E-03 4.43334E-03 4.43334E-03 4.43334E-03 4.43334E-03 7.92137E-03 7.92137E-03 7.92137E-03 7.92137E-03 1.41537E-02 1.41537E-02 1.41537E-02 1.41537E-02 1.41537E-02 2.52895E-02 2.52895E-02 2.52895E-02 2.52895E-02 2.52895E-02 4.51866E-02 4.51866E-02 4.51866E-02 4.51866E-02 4.51866E-02 4.51866E-02 8.07383E-02 8.07383E-02 8.07383E-02 8.07383E-02 8.07383E-02 8.07383E-02 8.07383E-02 1.44261E-01 1.44261E-01 1.44261E-01 1.44261E-01 1.44261E-01 1.44261E-01 2.57762E-01 2.57762E-01 2.57762E-01 2.57762E-01 2.57762E-01 2.57762E-01 4.60562E-01 4.60562E-01 4.60562E-01 4.60562E-01 4.60562E-01 4.60562E-01 
1.58489E+00 1.58489E+00 2.51189E+00 1.58489E+00 2.51189E+00 1.58489E+00 2.51189E+00 3.98107E+00 1.58489E+00 2.51189E+00 3.98107E+00 6.30957E+00 1.58489E+00 2.51189E+00 3.98107E+00 6.30957E+00 1.58489E+00 2.51189E+00 3.98107E+00 6.30957E+00 9.99999E+00 1.58489E+00 2.51189E+00 3.98107E+00 6.30957E+00 9.99999E+00 1.58489E+00 2.51189E+00 3.98107E+00 6.30957E+00 9.99999E+00 1.58489E+01 1.58489E+00 2.51189E+00 3.98107E+00 6.30957E+00 9.99999E+00 1.58489E+01 2.51189E+01 2.51189E+00 3.98107E+00 6.30957E+00 9.99999E+00 1.58489E+01 2.51189E+01 3.98107E+00 6.30957E+00 9.99999E+00 1.58489E+01 2.51189E+01 3.98107E+01 6.30957E+00 9.99999E+00 1.58489E+01 2.51189E+01 3.98107E+01 6.30957E+01 
90000 
1.49790E-07 
5.19194E-08 
5.96301E-07 
-4.74812E-08 
2.29894E-07 
-1.62644E-07 
-1.25416E-07 
1.04196E-06 
-3.09580E-07 
-5.30974E-07 
-3.89048E-07 
3.92609E-06 
-5.09826E-07 
-1.05117E-06 
-1.96316E-06 
-2.05751E-06 
-7.91157E-07 
-1.76000E-06 
-3.93742E-06 
-8.39983E-06 
-1.41348E-05 
-1.17108E-06 
-2.71859E-06 
-6.53359E-06 
-1.60624E-05 
-4.10732E-05 
-1.61095E-06 
-3.89950E-06 
-9.77986E-06 
-2.53849E-05 
-7.05811E-05 
-2.32018E-04 
-2.03447E-06 
-5.14555E-06 
-1.32736E-05 
-3.52613E-05 
-9.98832E-05 
-3.26659E-04 
-1.37505E-03 
-6.15480E-06 
-1.59408E-05 
-4.24549E-05 
-1.19770E-04 
-3.82038E-04 
-1.50941E-03 
-1.60208E-05 
-4.30346E-05 
-1.22059E-04 
-3.86433E-04 
-1.47459E-03 
-7.19066E-03 
-4.98759E-05 
-1.43490E-04 
-4.47166E-04 
-1.61250E-03 
-7.16617E-03 
-3.96701E-02 
---
