PdfType: replica
Format: lhagrid1
---
4.34963E-04 7.77181E-04 7.77181E-04 1.38865E-03 1.38865E-03 2.48120E-03 2.48120E-03 2.48120E-03 4.43334E-03 4.43334E-03 4.43334E-03 4.43334E-03 7.92137E-03 7.92137E-03 7.92137E-03 7.92137E-03 1.41537E-02 1.41537E-02 1.41537E-02 1.41537E-02 1.41537E-02 2.52895E-02 2.52895E-02 2.52895E-02 2.52895E-02 2.52895E-02 4.51866E-02 4.51866E-02 4.51866E-02 4.51866E-02 4.51866E-02 4.51866E-02 8.07383E-02 8.07383E-02 8.07383E-02 8.07383E-02 8.07383E-02 8.07383E-02 8.07383E-02 1.44261E-01 1.44261E-01 1.44261E-01 1.44261E-01 1.44261E-01 1.44261E-01 2.57762E-01 2.57762E-01 2.57762E-01 2.57762E-01 2.57762E-01 2.57762E-01 4.60562E-01 4.60562E-01 4.60562E-01 4.60562E-01 4.60562E-01 4.60562E-01 
1.58489E+00 1.58489E+00 2.51189E+00 1.58489E+00 2.51189E+00 1.58489E+00 2.51189E+00 3.98107E+00 1.58489E+00 2.51189E+00 3.98107E+00 6.30957E+00 1.58489E+00 2.51189E+00 3.98107E+00 6.30957E+00 1.58489E+00 2.51189E+00 3.98107E+00 6.30957E+00 9.99999E+00 1.58489E+00 2.51189E+00 3.98107E+00 6.30957E+00 9.99999E+00 1.58489E+00 2.51189E+00 3.98107E+00 6.30957E+00 9.99999E+00 1.58489E+01 1.58489E+00 2.51189E+00 3.98107E+00 6.30957E+00 9.99999E+00 1.58489E+01 2.51189E+01 2.51189E+00 3.98107E+00 6.30957E+00 9.99999E+00 1.58489E+01 2.51189E+01 3.98107E+00 6.30957E+00 9.99999E+00 1.58489E+01 2.51189E+01 3.98107E+01 6.30957E+00 9.99999E+00 1.58489E+01 2.51189E+01 3.98107E+01 6.30957E+01 
90000 
5.64661E-08 
5.05611E-08 
2.17044E-07 
5.10463E-08 
1.67032E-07 
5.69611E-08 
1.45615E-07 
5.55457E-07 
6.69461E-08 
1.41277E-07 
3.69298E-07 
1.07742E-06 
7.72360E-08 
1.36122E-07 
2.11786E-07 
-7.22785E-08 
7.59980E-08 
8.33801E-08 
-8.70366E-08 
-1.45124E-06 
-1.02421E-05 
2.53086E-08 
-1.50675E-07 
-9.44136E-07 
-4.36971E-06 
-2.08034E-05 
-1.89334E-07 
-9.26842E-07 
-3.40210E-06 
-1.17515E-05 
-4.29471E-05 
-1.86249E-04 
-8.66486E-07 
-3.07783E-06 
-9.68577E-06 
-2.94136E-05 
-9.15694E-05 
-3.15835E-04 
-1.33366E-03 
-8.02162E-06 
-2.30813E-05 
-6.50604E-05 
-1.84829E-04 
-5.51666E-04 
-1.85786E-03 
-4.38200E-05 
-1.17380E-04 
-3.16684E-04 
-8.78975E-04 
-2.61675E-03 
-9.07933E-03 
-1.46700E-04 
-3.85874E-04 
-1.04235E-03 
-2.98629E-03 
-9.69297E-03 
-3.91590E-02 
---
