PdfType: replica
Format: lhagrid1
---
4.34963E-04 7.77181E-04 7.77181E-04 1.38865E-03 1.38865E-03 2.48120E-03 2.48120E-03 2.48120E-03 4.43334E-03 4.43334E-03 4.43334E-03 4.43334E-03 7.92137E-03 7.92137E-03 7.92137E-03 7.92137E-03 1.41537E-02 1.41537E-02 1.41537E-02 1.41537E-02 1.41537E-02 2.52895E-02 2.52895E-02 2.52895E-02 2.52895E-02 2.52895E-02 4.51866E-02 4.51866E-02 4.51866E-02 4.51866E-02 4.51866E-02 4.51866E-02 8.07383E-02 8.07383E-02 8.07383E-02 8.07383E-02 8.07383E-02 8.07383E-02 8.07383E-02 1.44261E-01 1.44261E-01 1.44261E-01 1.44261E-01 1.44261E-01 1.44261E-01 2.57762E-01 2.57762E-01 2.57762E-01 2.57762E-01 2.57762E-01 2.57762E-01 4.60562E-01 4.60562E-01 4.60562E-01 4.60562E-01 4.60562E-01 4.60562E-01 
1.58489E+00 1.58489E+00 2.51189E+00 1.58489E+00 2.51189E+00 1.58489E+00 2.51189E+00 3.98107E+00 1.58489E+00 2.51189E+00 3.98107E+00 6.30957E+00 1.58489E+00 2.51189E+00 3.98107E+00 6.30957E+00 1.58489E+00 2.51189E+00 3.98107E+00 6.30957E+00 9.99999E+00 1.58489E+00 2.51189E+00 3.98107E+00 6.30957E+00 9.99999E+00 1.58489E+00 2.51189E+00 3.98107E+00 6.30957E+00 9.99999E+00 1.58489E+01 1.58489E+00 2.51189E+00 3.98107E+00 6.30957E+00 9.99999E+00 1.58489E+01 2.51189E+01 2.51189E+00 3.98107E+00 6.30957E+00 9.99999E+00 1.58489E+01 2.51189E+01 3.98107E+00 6.30957E+00 9.99999E+00 1.58489E+01 2.51189E+01 3.98107E+01 6.30957E+00 9.99999E+00 1.58489E+01 2.51189E+01 3.98107E+01 6.30957E+01 
90000 
1.21529E-07 
2.70386E-08 
4.68022E-07 
-6.81734E-08 
1.37040E-07 
-1.77662E-07 
-1.86220E-07 
6.37867E-07 
-3.15043E-07 
-5.56218E-07 
-6.16690E-07 
2.34117E-06 
-4.95966E-07 
-1.02474E-06 
-2.00786E-06 
-2.79091E-06 
-7.37493E-07 
-1.64503E-06 
-3.73301E-06 
-8.26934E-06 
-1.60244E-05 
-1.04997E-06 
-2.45844E-06 
-5.94975E-06 
-1.48002E-05 
-3.85550E-05 
-1.41619E-06 
-3.44692E-06 
-8.66420E-06 
-2.25999E-05 
-6.32839E-05 
-2.10257E-04 
-1.77412E-06 
-4.46257E-06 
-1.15083E-05 
-3.07492E-05 
-8.81956E-05 
-2.95206E-04 
-1.28155E-03 
-5.20760E-06 
-1.36718E-05 
-3.70685E-05 
-1.07251E-04 
-3.54651E-04 
-1.46247E-03 
-1.51475E-05 
-4.20889E-05 
-1.22682E-04 
-3.95520E-04 
-1.51678E-03 
-7.34329E-03 
-7.30713E-05 
-2.09933E-04 
-6.28075E-04 
-2.06057E-03 
-7.99390E-03 
-3.89874E-02 
---
