PdfType: replica
Format: lhagrid1
---
4.34963E-04 7.77181E-04 7.77181E-04 1.38865E-03 1.38865E-03 2.48120E-03 2.48120E-03 2.48120E-03 4.43334E-03 4.43334E-03 4.43334E-03 4.43334E-03 7.92137E-03 7.92137E-03 7.92137E-03 7.92137E-03 1.41537E-02 1.41537E-02 1.41537E-02 1.41537E-02 1.41537E-02 2.52895E-02 2.52895E-02 2.52895E-02 2.52895E-02 2.52895E-02 4.51866E-02 4.51866E-02 4.51866E-02 4.51866E-02 4.51866E-02 4.51866E-02 8.07383E-02 8.07383E-02 8.07383E-02 8.07383E-02 8.07383E-02 8.07383E-02 8.07383E-02 1.44261E-01 1.44261E-01 1.44261E-01 1.44261E-01 1.44261E-01 1.44261E-01 2.57762E-01 2.57762E-01 2.57762E-01 2.57762E-01 2.57762E-01 2.57762E-01 4.60562E-01 4.60562E-01 4.60562E-01 4.60562E-01 4.60562E-01 4.60562E-01 
1.58489E+00 1.58489E+00 2.51189E+00 1.58489E+00 2.51189E+00 1.58489E+00 2.51189E+00 3.98107E+00 1.58489E+00 2.51189E+00 3.98107E+00 6.30957E+00 1.58489E+00 2.51189E+00 3.98107E+00 6.30957E+00 1.58489E+00 2.51189E+00 3.98107E+00 6.30957E+00 9.99999E+00 1.58489E+00 2.51189E+00 3.98107E+00 6.30957E+00 9.99999E+00 1.58489E+00 2.51189E+00 3.98107E+00 6.30957E+00 9.99999E+00 1.58489E+01 1.58489E+00 2.51189E+00 3.98107E+00 6.30957E+00 9.99999E+00 1.58489E+01 2.51189E+01 2.51189E+00 3.98107E+00 6.30957E+00 9.99999E+00 1.58489E+01 2.51189E+01 3.98107E+00 6.30957E+00 9.99999E+00 1.58489E+01 2.51189E+01 3.98107E+01 6.30957E+00 9.99999E+00 1.58489E+01 2.51189E+01 3.98107E+01 6.30957E+01 
90000 
9.43808E-08 
5.53377E-09 
3.02002E-07 
-8.26662E-08 
6.92408E-09 
-1.83915E-07 
-2.82371E-07 
-1.21130E-07 
-3.12660E-07 
-6.19335E-07 
-1.16201E-06 
-1.75045E-06 
-4.87365E-07 
-1.05804E-06 
-2.37441E-06 
-5.54843E-06 
-7.31153E-07 
-1.65860E-06 
-3.95438E-06 
-1.00259E-05 
-3.03109E-05 
-1.05761E-06 
-2.46817E-06 
-6.07196E-06 
-1.58377E-05 
-4.72167E-05 
-1.42956E-06 
-3.45575E-06 
-8.73866E-06 
-2.32106E-05 
-6.82123E-05 
-2.47203E-04 
-1.76794E-06 
-4.46492E-06 
-1.15816E-05 
-3.11858E-05 
-9.08559E-05 
-3.11682E-04 
-1.38990E-03 
-5.18644E-06 
-1.36615E-05 
-3.71590E-05 
-1.07875E-04 
-3.57568E-04 
-1.47427E-03 
-1.52507E-05 
-4.29296E-05 
-1.26088E-04 
-4.06815E-04 
-1.54935E-03 
-7.41827E-03 
-8.66714E-05 
-2.47458E-04 
-7.32002E-04 
-2.35460E-03 
-8.87493E-03 
-4.19855E-02 
---
