PdfType: replica
Format: lhagrid1
---
4.34963E-04 7.77181E-04 7.77181E-04 1.38865E-03 1.38865E-03 2.48120E-03 2.48120E-03 2.48120E-03 4.43334E-03 4.43334E-03 4.43334E-03 4.43334E-03 7.92137E-03 7.92137E-03 7.92137E-03 7.92137E-03 1.41537E-02 1.41537E-02 1.41537E-02 1.41537E-02 1.41537E-02 2.52895E-02 2.52895E-02 2.52895E-02 2.52895E-02 2.52895E-02 4.51866E-02 4.51866E-02 4.51866E-02 4.51866E-02 4.51866E-02 4.51866E-02 8.07383E-02 8.07383E-02 8.07383E-02 8.07383E-02 8.07383E-02 8.07383E-02 8.07383E-02 1.44261E-01 1.44261E-01 1.44261E-01 1.44261E-01 1.44261E-01 1.44261E-01 2.57762E-01 2.57762E-01 2.57762E-01 2.57762E-01 2.57762E-01 2.57762E-01 4.60562E-01 4.60562E-01 4.60562E-01 4.60562E-01 4.60562E-01 4.60562E-01 
1.58489E+00 1.58489E+00 2.51189E+00 1.58489E+00 2.51189E+00 1.58489E+00 2.51189E+00 3.98107E+00 1.58489E+00 2.51189E+00 3.98107E+00 6.30957E+00 1.58489E+00 2.51189E+00 3.98107E+00 6.30957E+00 1.58489E+00 2.51189E+00 3.98107E+00 6.30957E+00 9.99999E+00 1.58489E+00 2.51189E+00 3.98107E+00 6.30957E+00 9.99999E+00 1.58489E+00 2.51189E+00 3.98107E+00 6.30957E+00 9.99999E+00 1.58489E+01 1.58489E+00 2.51189E+00 3.98107E+00 6.30957E+00 9.99999E+00 1.58489E+01 2.51189E+01 2.51189E+00 3.98107E+00 6.30957E+00 9.99999E+00 1.58489E+01 2.51189E+01 3.98107E+00 6.30957E+00 9.99999E+00 1.58489E+01 2.51189E+01 3.98107E+01 6.30957E+00 9.99999E+00 1.58489E+01 2.51189E+01 3.98107E+01 6.30957E+01 
90000 
1.95326E-04 
1.95956E-04 
4.86578E-04 
1.96698E-04 
4.87965E-04 
1.97573E-04 
4.89944E-04 
1.22223E-03 
1.98689E-04 
4.92623E-04 
1.22805E-03 
3.12543E-03 
2.00248E-04 
4.96405E-04 
1.23674E-03 
3.13723E-03 
2.02594E-04 
5.01795E-04 
1.24918E-03 
3.15182E-03 
7.99942E-03 
2.05567E-04 
5.08199E-04 
1.26384E-03 
3.16959E-03 
8.02125E-03 
2.06801E-04 
5.10835E-04 
1.26981E-03 
3.17092E-03 
7.99790E-03 
2.02539E-02 
2.02519E-04 
5.02355E-04 
1.25145E-03 
3.12441E-03 
7.86345E-03 
1.98598E-02 
5.07314E-02 
4.88604E-04 
1.22273E-03 
3.05955E-03 
7.69640E-03 
1.94115E-02 
4.93653E-02 
1.21359E-03 
3.04113E-03 
7.64221E-03 
1.92402E-02 
4.87097E-02 
1.25369E-01 
3.05072E-03 
7.65756E-03 
1.92462E-02 
4.85395E-02 
1.23606E-01 
3.23524E-01 
---
