PdfType: replica
Format: lhagrid1
---
4.34963E-04 7.77181E-04 7.77181E-04 1.38865E-03 1.38865E-03 2.48120E-03 2.48120E-03 2.48120E-03 4.43334E-03 4.43334E-03 4.43334E-03 4.43334E-03 7.92137E-03 7.92137E-03 7.92137E-03 7.92137E-03 1.41537E-02 1.41537E-02 1.41537E-02 1.41537E-02 1.41537E-02 2.52895E-02 2.52895E-02 2.52895E-02 2.52895E-02 2.52895E-02 4.51866E-02 4.51866E-02 4.51866E-02 4.51866E-02 4.51866E-02 4.51866E-02 8.07383E-02 8.07383E-02 8.07383E-02 8.07383E-02 8.07383E-02 8.07383E-02 8.07383E-02 1.44261E-01 1.44261E-01 1.44261E-01 1.44261E-01 1.44261E-01 1.44261E-01 2.57762E-01 2.57762E-01 2.57762E-01 2.57762E-01 2.57762E-01 2.57762E-01 4.60562E-01 4.60562E-01 4.60562E-01 4.60562E-01 4.60562E-01 4.60562E-01 
1.58489E+00 1.58489E+00 2.51189E+00 1.58489E+00 2.51189E+00 1.58489E+00 2.51189E+00 3.98107E+00 1.58489E+00 2.51189E+00 3.98107E+00 6.30957E+00 1.58489E+00 2.51189E+00 3.98107E+00 6.30957E+00 1.58489E+00 2.51189E+00 3.98107E+00 6.30957E+00 9.99999E+00 1.58489E+00 2.51189E+00 3.98107E+00 6.30957E+00 9.99999E+00 1.58489E+00 2.51189E+00 3.98107E+00 6.30957E+00 9.99999E+00 1.58489E+01 1.58489E+00 2.51189E+00 3.98107E+00 6.30957E+00 9.99999E+00 1.58489E+01 2.51189E+01 2.51189E+00 3.98107E+00 6.30957E+00 9.99999E+00 1.58489E+01 2.51189E+01 3.98107E+00 6.30957E+00 9.99999E+00 1.58489E+01 2.51189E+01 3.98107E+01 6.30957E+00 9.99999E+00 1.58489E+01 2.51189E+01 3.98107E+01 6.30957E+01 
90000 
1.99905E-04 
2.00698E-04 
4.94432E-04 
2.01534E-04 
4.96054E-04 
2.02384E-04 
4.98173E-04 
1.23790E-03 
2.03292E-04 
5.00670E-04 
1.24347E-03 
3.15726E-03 
2.04359E-04 
5.03694E-04 
1.25083E-03 
3.16597E-03 
2.05815E-04 
5.07547E-04 
1.26041E-03 
3.17485E-03 
8.04873E-03 
2.07609E-04 
5.11990E-04 
1.27158E-03 
3.18595E-03 
8.05754E-03 
2.08218E-04 
5.13896E-04 
1.27681E-03 
3.18666E-03 
8.03533E-03 
2.03439E-02 
2.04445E-04 
5.06568E-04 
1.26106E-03 
3.14597E-03 
7.91394E-03 
1.99802E-02 
5.10305E-02 
4.91522E-04 
1.22898E-03 
3.07322E-03 
7.72637E-03 
1.94792E-02 
4.95281E-02 
1.21445E-03 
3.04355E-03 
7.64691E-03 
1.92505E-02 
4.87373E-02 
1.25474E-01 
3.05462E-03 
7.66740E-03 
1.92721E-02 
4.86083E-02 
1.23794E-01 
3.24068E-01 
---
