PdfType: replica
Format: lhagrid1
---
4.34963E-04 7.77181E-04 7.77181E-04 1.38865E-03 1.38865E-03 2.48120E-03 2.48120E-03 2.48120E-03 4.43334E-03 4.43334E-03 4.43334E-03 4.43334E-03 7.92137E-03 7.92137E-03 7.92137E-03 7.92137E-03 1.41537E-02 1.41537E-02 1.41537E-02 1.41537E-02 1.41537E-02 2.52895E-02 2.52895E-02 2.52895E-02 2.52895E-02 2.52895E-02 4.51866E-02 4.51866E-02 4.51866E-02 4.51866E-02 4.51866E-02 4.51866E-02 8.07383E-02 8.07383E-02 8.07383E-02 8.07383E-02 8.07383E-02 8.07383E-02 8.07383E-02 1.44261E-01 1.44261E-01 1.44261E-01 1.44261E-01 1.44261E-01 1.44261E-01 2.57762E-01 2.57762E-01 2.57762E-01 2.57762E-01 2.57762E-01 2.57762E-01 4.60562E-01 4.60562E-01 4.60562E-01 4.60562E-01 4.60562E-01 4.60562E-01 
1.58489E+00 1.58489E+00 2.51189E+00 1.58489E+00 2.51189E+00 1.58489E+00 2.51189E+00 3.98107E+00 1.58489E+00 2.51189E+00 3.98107E+00 6.30957E+00 1.58489E+00 2.51189E+00 3.98107E+00 6.30957E+00 1.58489E+00 2.51189E+00 3.98107E+00 6.30957E+00 9.99999E+00 1.58489E+00 2.51189E+00 3.98107E+00 6.30957E+00 9.99999E+00 1.58489E+00 2.51189E+00 3.98107E+00 6.30957E+00 9.99999E+00 1.58489E+01 1.58489E+00 2.51189E+00 3.98107E+00 6.30957E+00 9.99999E+00 1.58489E+01 2.51189E+01 2.51189E+00 3.98107E+00 6.30957E+00 9.99999E+00 1.58489E+01 2.51189E+01 3.98107E+00 6.30957E+00 9.99999E+00 1.58489E+01 2.51189E+01 3.98107E+01 6.30957E+00 9.99999E+00 1.58489E+01 2.51189E+01 3.98107E+01 6.30957E+01 
90000 
2.14132E-04 
2.15257E-04 
5.19162E-04 
2.16303E-04 
5.21501E-04 
2.17165E-04 
5.24396E-04 
1.28892E-03 
2.17854E-04 
5.27364E-04 
1.29619E-03 
3.26718E-03 
2.18463E-04 
5.30376E-04 
1.30470E-03 
3.27875E-03 
2.19266E-04 
5.33700E-04 
1.31452E-03 
3.29039E-03 
8.30378E-03 
2.20224E-04 
5.37162E-04 
1.32513E-03 
3.30319E-03 
8.32086E-03 
2.19577E-04 
5.37331E-04 
1.32823E-03 
3.30236E-03 
8.30087E-03 
2.09609E-02 
2.13522E-04 
5.26173E-04 
1.30547E-03 
3.24862E-03 
8.15350E-03 
2.05430E-02 
5.23450E-02 
5.05400E-04 
1.26142E-03 
3.15039E-03 
7.90915E-03 
1.99140E-02 
5.05552E-02 
1.23603E-03 
3.09582E-03 
7.77162E-03 
1.95491E-02 
4.94508E-02 
1.27153E-01 
3.07018E-03 
7.70192E-03 
1.93476E-02 
4.87703E-02 
1.24127E-01 
3.24666E-01 
---
