PdfType: replica
Format: lhagrid1
---
4.34963E-04 7.77181E-04 7.77181E-04 1.38865E-03 1.38865E-03 2.48120E-03 2.48120E-03 2.48120E-03 4.43334E-03 4.43334E-03 4.43334E-03 4.43334E-03 7.92137E-03 7.92137E-03 7.92137E-03 7.92137E-03 1.41537E-02 1.41537E-02 1.41537E-02 1.41537E-02 1.41537E-02 2.52895E-02 2.52895E-02 2.52895E-02 2.52895E-02 2.52895E-02 4.51866E-02 4.51866E-02 4.51866E-02 4.51866E-02 4.51866E-02 4.51866E-02 8.07383E-02 8.07383E-02 8.07383E-02 8.07383E-02 8.07383E-02 8.07383E-02 8.07383E-02 1.44261E-01 1.44261E-01 1.44261E-01 1.44261E-01 1.44261E-01 1.44261E-01 2.57762E-01 2.57762E-01 2.57762E-01 2.57762E-01 2.57762E-01 2.57762E-01 4.60562E-01 4.60562E-01 4.60562E-01 4.60562E-01 4.60562E-01 4.60562E-01 
1.58489E+00 1.58489E+00 2.51189E+00 1.58489E+00 2.51189E+00 1.58489E+00 2.51189E+00 3.98107E+00 1.58489E+00 2.51189E+00 3.98107E+00 6.30957E+00 1.58489E+00 2.51189E+00 3.98107E+00 6.30957E+00 1.58489E+00 2.51189E+00 3.98107E+00 6.30957E+00 9.99999E+00 1.58489E+00 2.51189E+00 3.98107E+00 6.30957E+00 9.99999E+00 1.58489E+00 2.51189E+00 3.98107E+00 6.30957E+00 9.99999E+00 1.58489E+01 1.58489E+00 2.51189E+00 3.98107E+00 6.30957E+00 9.99999E+00 1.58489E+01 2.51189E+01 2.51189E+00 3.98107E+00 6.30957E+00 9.99999E+00 1.58489E+01 2.51189E+01 3.98107E+00 6.30957E+00 9.99999E+00 1.58489E+01 2.51189E+01 3.98107E+01 6.30957E+00 9.99999E+00 1.58489E+01 2.51189E+01 3.98107E+01 6.30957E+01 
90000 
2.01643E-04 
2.02897E-04 
4.98242E-04 
2.04283E-04 
5.00869E-04 
2.05783E-04 
5.04310E-04 
1.25003E-03 
2.07466E-04 
5.08479E-04 
1.25919E-03 
3.19069E-03 
2.09464E-04 
5.13547E-04 
1.27111E-03 
3.20912E-03 
2.11971E-04 
5.19671E-04 
1.28586E-03 
3.22954E-03 
8.17033E-03 
2.14597E-04 
5.25946E-04 
1.30142E-03 
3.25119E-03 
8.20449E-03 
2.15050E-04 
5.27923E-04 
1.30751E-03 
3.25557E-03 
8.19296E-03 
2.07084E-02 
2.09773E-04 
5.18010E-04 
1.28679E-03 
3.20538E-03 
8.05157E-03 
2.03019E-02 
5.17804E-02 
4.98864E-04 
1.24592E-03 
3.11324E-03 
7.82052E-03 
1.97019E-02 
5.00503E-02 
1.22453E-03 
3.06793E-03 
7.70539E-03 
1.93907E-02 
4.90701E-02 
1.26234E-01 
3.06288E-03 
7.68672E-03 
1.93156E-02 
4.87017E-02 
1.23973E-01 
3.24265E-01 
---
