PdfType: replica
Format: lhagrid1
---
4.34963E-04 7.77181E-04 7.77181E-04 1.38865E-03 1.38865E-03 2.48120E-03 2.48120E-03 2.48120E-03 4.43334E-03 4.43334E-03 4.43334E-03 4.43334E-03 7.92137E-03 7.92137E-03 7.92137E-03 7.92137E-03 1.41537E-02 1.41537E-02 1.41537E-02 1.41537E-02 1.41537E-02 2.52895E-02 2.52895E-02 2.52895E-02 2.52895E-02 2.52895E-02 4.51866E-02 4.51866E-02 4.51866E-02 4.51866E-02 4.51866E-02 4.51866E-02 8.07383E-02 8.07383E-02 8.07383E-02 8.07383E-02 8.07383E-02 8.07383E-02 8.07383E-02 1.44261E-01 1.44261E-01 1.44261E-01 1.44261E-01 1.44261E-01 1.44261E-01 2.57762E-01 2.57762E-01 2.57762E-01 2.57762E-01 2.57762E-01 2.57762E-01 4.60562E-01 4.60562E-01 4.60562E-01 4.60562E-01 4.60562E-01 4.60562E-01 
1.58489E+00 1.58489E+00 2.51189E+00 1.58489E+00 2.51189E+00 1.58489E+00 2.51189E+00 3.98107E+00 1.58489E+00 2.51189E+00 3.98107E+00 6.30957E+00 1.58489E+00 2.51189E+00 3.98107E+00 6.30957E+00 1.58489E+00 2.51189E+00 3.98107E+00 6.30957E+00 9.99999E+00 1.58489E+00 2.51189E+00 3.98107E+00 6.30957E+00 9.99999E+00 1.58489E+00 2.51189E+00 3.98107E+00 6.30957E+00 9.99999E+00 1.58489E+01 1.58489E+00 2.51189E+00 3.98107E+00 6.30957E+00 9.99999E+00 1.58489E+01 2.51189E+01 2.51189E+00 3.98107E+00 6.30957E+00 9.99999E+00 1.58489E+01 2.51189E+01 3.98107E+00 6.30957E+00 9.99999E+00 1.58489E+01 2.51189E+01 3.98107E+01 6.30957E+00 9.99999E+00 1.58489E+01 2.51189E+01 3.98107E+01 6.30957E+01 
90000 
2.11887E-04 
2.12130E-04 
5.13466E-04 
2.12281E-04 
5.14173E-04 
2.12282E-04 
5.15316E-04 
1.27069E-03 
2.12203E-04 
5.16581E-04 
1.27433E-03 
3.22124E-03 
2.12247E-04 
5.18236E-04 
1.27975E-03 
3.22619E-03 
2.12898E-04 
5.21099E-04 
1.28833E-03 
3.23442E-03 
8.18153E-03 
2.14446E-04 
5.25693E-04 
1.30099E-03 
3.25080E-03 
8.20505E-03 
2.15109E-04 
5.28192E-04 
1.30819E-03 
3.25741E-03 
8.19777E-03 
2.07232E-02 
2.09917E-04 
5.18053E-04 
1.28654E-03 
3.20381E-03 
8.04799E-03 
2.02937E-02 
5.17610E-02 
4.98455E-04 
1.24567E-03 
3.11349E-03 
7.82407E-03 
1.97164E-02 
5.00976E-02 
1.23149E-03 
3.08686E-03 
7.75331E-03 
1.95126E-02 
4.93827E-02 
1.27051E-01 
3.09640E-03 
7.77239E-03 
1.95337E-02 
4.92548E-02 
1.25359E-01 
3.27616E-01 
---
