PdfType: replica
Format: lhagrid1
---
4.34963E-04 7.77181E-04 7.77181E-04 1.38865E-03 1.38865E-03 2.48120E-03 2.48120E-03 2.48120E-03 4.43334E-03 4.43334E-03 4.43334E-03 4.43334E-03 7.92137E-03 7.92137E-03 7.92137E-03 7.92137E-03 1.41537E-02 1.41537E-02 1.41537E-02 1.41537E-02 1.41537E-02 2.52895E-02 2.52895E-02 2.52895E-02 2.52895E-02 2.52895E-02 4.51866E-02 4.51866E-02 4.51866E-02 4.51866E-02 4.51866E-02 4.51866E-02 8.07383E-02 8.07383E-02 8.07383E-02 8.07383E-02 8.07383E-02 8.07383E-02 8.07383E-02 1.44261E-01 1.44261E-01 1.44261E-01 1.44261E-01 1.44261E-01 1.44261E-01 2.57762E-01 2.57762E-01 2.57762E-01 2.57762E-01 2.57762E-01 2.57762E-01 4.60562E-01 4.60562E-01 4.60562E-01 4.60562E-01 4.60562E-01 4.60562E-01 
1.58489E+00 1.58489E+00 2.51189E+00 1.58489E+00 2.51189E+00 1.58489E+00 2.51189E+00 3.98107E+00 1.58489E+00 2.51189E+00 3.98107E+00 6.30957E+00 1.58489E+00 2.51189E+00 3.98107E+00 6.30957E+00 1.58489E+00 2.51189E+00 3.98107E+00 6.30957E+00 9.99999E+00 1.58489E+00 2.51189E+00 3.98107E+00 6.30957E+00 9.99999E+00 1.58489E+00 2.51189E+00 3.98107E+00 6.30957E+00 9.99999E+00 1.58489E+01 1.58489E+00 2.51189E+00 3.98107E+00 6.30957E+00 9.99999E+00 1.58489E+01 2.51189E+01 2.51189E+00 3.98107E+00 6.30957E+00 9.99999E+00 1.58489E+01 2.51189E+01 3.98107E+00 6.30957E+00 9.99999E+00 1.58489E+01 2.51189E+01 3.98107E+01 6.30957E+00 9.99999E+00 1.58489E+01 2.51189E+01 3.98107E+01 6.30957E+01 
90000 
2.05559E-04 
2.05877E-04 
5.03049E-04 
2.06255E-04 
5.04073E-04 
2.06713E-04 
5.05838E-04 
1.25277E-03 
2.07399E-04 
5.08329E-04 
1.25879E-03 
3.18956E-03 
2.08587E-04 
5.12000E-04 
1.26806E-03 
3.20293E-03 
2.10718E-04 
5.17472E-04 
1.28153E-03 
3.22096E-03 
8.15252E-03 
2.13618E-04 
5.24115E-04 
1.29754E-03 
3.24299E-03 
8.18652E-03 
2.14425E-04 
5.26258E-04 
1.30319E-03 
3.24482E-03 
8.16663E-03 
2.06455E-02 
2.08351E-04 
5.14472E-04 
1.27809E-03 
3.18409E-03 
7.99978E-03 
2.01755E-02 
5.14723E-02 
4.94751E-04 
1.23633E-03 
3.09049E-03 
7.76599E-03 
1.95703E-02 
4.97321E-02 
1.21729E-03 
3.04948E-03 
7.65900E-03 
1.92742E-02 
4.87801E-02 
1.25535E-01 
3.03308E-03 
7.61071E-03 
1.91227E-02 
4.82187E-02 
1.22800E-01 
3.21683E-01 
---
