PdfType: replica
Format: lhagrid1
---
4.34963E-04 7.77181E-04 7.77181E-04 1.38865E-03 1.38865E-03 2.48120E-03 2.48120E-03 2.48120E-03 4.43334E-03 4.43334E-03 4.43334E-03 4.43334E-03 7.92137E-03 7.92137E-03 7.92137E-03 7.92137E-03 1.41537E-02 1.41537E-02 1.41537E-02 1.41537E-02 1.41537E-02 2.52895E-02 2.52895E-02 2.52895E-02 2.52895E-02 2.52895E-02 4.51866E-02 4.51866E-02 4.51866E-02 4.51866E-02 4.51866E-02 4.51866E-02 8.07383E-02 8.07383E-02 8.07383E-02 8.07383E-02 8.07383E-02 8.07383E-02 8.07383E-02 1.44261E-01 1.44261E-01 1.44261E-01 1.44261E-01 1.44261E-01 1.44261E-01 2.57762E-01 2.57762E-01 2.57762E-01 2.57762E-01 2.57762E-01 2.57762E-01 4.60562E-01 4.60562E-01 4.60562E-01 4.60562E-01 4.60562E-01 4.60562E-01 
1.58489E+00 1.58489E+00 2.51189E+00 1.58489E+00 2.51189E+00 1.58489E+00 2.51189E+00 3.98107E+00 1.58489E+00 2.51189E+00 3.98107E+00 6.30957E+00 1.58489E+00 2.51189E+00 3.98107E+00 6.30957E+00 1.58489E+00 2.51189E+00 3.98107E+00 6.30957E+00 9.99999E+00 1.58489E+00 2.51189E+00 3.98107E+00 6.30957E+00 9.99999E+00 1.58489E+00 2.51189E+00 3.98107E+00 6.30957E+00 9.99999E+00 1.58489E+01 1.58489E+00 2.51189E+00 3.98107E+00 6.30957E+00 9.99999E+00 1.58489E+01 2.51189E+01 2.51189E+00 3.98107E+00 6.30957E+00 9.99999E+00 1.58489E+01 2.51189E+01 3.98107E+00 6.30957E+00 9.99999E+00 1.58489E+01 2.51189E+01 3.98107E+01 6.30957E+00 9.99999E+00 1.58489E+01 2.51189E+01 3.98107E+01 6.30957E+01 
90000 
1.95706E-04 
1.95931E-04 
4.86371E-04 
1.96314E-04 
4.87164E-04 
1.96927E-04 
4.88712E-04 
1.21976E-03 
1.97958E-04 
4.91283E-04 
1.22545E-03 
3.12085E-03 
1.99715E-04 
4.95504E-04 
1.23511E-03 
3.13478E-03 
2.02644E-04 
5.02034E-04 
1.24990E-03 
3.15403E-03 
8.00587E-03 
2.06462E-04 
5.09951E-04 
1.26757E-03 
3.17753E-03 
8.03993E-03 
2.08121E-04 
5.13268E-04 
1.27479E-03 
3.18107E-03 
8.02079E-03 
2.03050E-02 
2.03307E-04 
5.03845E-04 
1.25453E-03 
3.13076E-03 
7.87703E-03 
1.98887E-02 
5.07914E-02 
4.88882E-04 
1.22317E-03 
3.06034E-03 
7.69654E-03 
1.94085E-02 
4.93532E-02 
1.21092E-03 
3.03395E-03 
7.62299E-03 
1.91896E-02 
4.85799E-02 
1.25058E-01 
3.02743E-03 
7.59789E-03 
1.90929E-02 
4.81478E-02 
1.22620E-01 
3.21158E-01 
---
