PdfType: replica
Format: lhagrid1
---
4.34963E-04 7.77181E-04 7.77181E-04 1.38865E-03 1.38865E-03 2.48120E-03 2.48120E-03 2.48120E-03 4.43334E-03 4.43334E-03 4.43334E-03 4.43334E-03 7.92137E-03 7.92137E-03 7.92137E-03 7.92137E-03 1.41537E-02 1.41537E-02 1.41537E-02 1.41537E-02 1.41537E-02 2.52895E-02 2.52895E-02 2.52895E-02 2.52895E-02 2.52895E-02 4.51866E-02 4.51866E-02 4.51866E-02 4.51866E-02 4.51866E-02 4.51866E-02 8.07383E-02 8.07383E-02 8.07383E-02 8.07383E-02 8.07383E-02 8.07383E-02 8.07383E-02 1.44261E-01 1.44261E-01 1.44261E-01 1.44261E-01 1.44261E-01 1.44261E-01 2.57762E-01 2.57762E-01 2.57762E-01 2.57762E-01 2.57762E-01 2.57762E-01 4.60562E-01 4.60562E-01 4.60562E-01 4.60562E-01 4.60562E-01 4.60562E-01 
1.58489E+00 1.58489E+00 2.51189E+00 1.58489E+00 2.51189E+00 1.58489E+00 2.51189E+00 3.98107E+00 1.58489E+00 2.51189E+00 3.98107E+00 6.30957E+00 1.58489E+00 2.51189E+00 3.98107E+00 6.30957E+00 1.58489E+00 2.51189E+00 3.98107E+00 6.30957E+00 9.99999E+00 1.58489E+00 2.51189E+00 3.98107E+00 6.30957E+00 9.99999E+00 1.58489E+00 2.51189E+00 3.98107E+00 6.30957E+00 9.99999E+00 1.58489E+01 1.58489E+00 2.51189E+00 3.98107E+00 6.30957E+00 9.99999E+00 1.58489E+01 2.51189E+01 2.51189E+00 3.98107E+00 6.30957E+00 9.99999E+00 1.58489E+01 2.51189E+01 3.98107E+00 6.30957E+00 9.99999E+00 1.58489E+01 2.51189E+01 3.98107E+01 6.30957E+00 9.99999E+00 1.58489E+01 2.51189E+01 3.98107E+01 6.30957E+01 
90000 
1.93960E-04 
1.94382E-04 
4.83814E-04 
1.94958E-04 
4.84886E-04 
1.95748E-04 
4.86667E-04 
1.21583E-03 
1.96917E-04 
4.89416E-04 
1.22180E-03 
3.11263E-03 
1.98750E-04 
4.93716E-04 
1.23155E-03 
3.12663E-03 
2.01661E-04 
5.00189E-04 
1.24620E-03 
3.14554E-03 
7.98605E-03 
2.05393E-04 
5.07986E-04 
1.26365E-03 
3.16888E-03 
8.02000E-03 
2.07093E-04 
5.11450E-04 
1.27129E-03 
3.17400E-03 
8.00504E-03 
2.02690E-02 
2.02699E-04 
5.02959E-04 
1.25327E-03 
3.12966E-03 
7.87640E-03 
1.98911E-02 
5.08011E-02 
4.90035E-04 
1.22673E-03 
3.07101E-03 
7.72542E-03 
1.94848E-02 
4.95459E-02 
1.22073E-03 
3.05912E-03 
7.68884E-03 
1.93597E-02 
4.90094E-02 
1.26077E-01 
3.08192E-03 
7.73876E-03 
1.94550E-02 
4.90688E-02 
1.24907E-01 
3.26429E-01 
---
