PdfType: replica
Format: lhagrid1
---
4.34963E-04 7.77181E-04 7.77181E-04 1.38865E-03 1.38865E-03 2.48120E-03 2.48120E-03 2.48120E-03 4.43334E-03 4.43334E-03 4.43334E-03 4.43334E-03 7.92137E-03 7.92137E-03 7.92137E-03 7.92137E-03 1.41537E-02 1.41537E-02 1.41537E-02 1.41537E-02 1.41537E-02 2.52895E-02 2.52895E-02 2.52895E-02 2.52895E-02 2.52895E-02 4.51866E-02 4.51866E-02 4.51866E-02 4.51866E-02 4.51866E-02 4.51866E-02 8.07383E-02 8.07383E-02 8.07383E-02 8.07383E-02 8.07383E-02 8.07383E-02 8.07383E-02 1.44261E-01 1.44261E-01 1.44261E-01 1.44261E-01 1.44261E-01 1.44261E-01 2.57762E-01 2.57762E-01 2.57762E-01 2.57762E-01 2.57762E-01 2.57762E-01 4.60562E-01 4.60562E-01 4.60562E-01 4.60562E-01 4.60562E-01 4.60562E-01 
1.58489E+00 1.58489E+00 2.51189E+00 1.58489E+00 2.51189E+00 1.58489E+00 2.51189E+00 3.98107E+00 1.58489E+00 2.51189E+00 3.98107E+00 6.30957E+00 1.58489E+00 2.51189E+00 3.98107E+00 6.30957E+00 1.58489E+00 2.51189E+00 3.98107E+00 6.30957E+00 9.99999E+00 1.58489E+00 2.51189E+00 3.98107E+00 6.30957E+00 9.99999E+00 1.58489E+00 2.51189E+00 3.98107E+00 6.30957E+00 9.99999E+00 1.58489E+01 1.58489E+00 2.51189E+00 3.98107E+00 6.30957E+00 9.99999E+00 1.58489E+01 2.51189E+01 2.51189E+00 3.98107E+00 6.30957E+00 9.99999E+00 1.58489E+01 2.51189E+01 3.98107E+00 6.30957E+00 9.99999E+00 1.58489E+01 2.51189E+01 3.98107E+01 6.30957E+00 9.99999E+00 1.58489E+01 2.51189E+01 3.98107E+01 6.30957E+01 
90000 
2.12206E-04 
2.14067E-04 
5.17360E-04 
2.15896E-04 
5.21008E-04 
2.17556E-04 
5.25253E-04 
1.29087E-03 
2.18981E-04 
5.29460E-04 
1.30038E-03 
3.27601E-03 
2.20088E-04 
5.33174E-04 
1.30995E-03 
3.28888E-03 
2.20735E-04 
5.35833E-04 
1.31796E-03 
3.29579E-03 
8.31281E-03 
2.20275E-04 
5.36418E-04 
1.32248E-03 
3.29554E-03 
8.30041E-03 
2.17520E-04 
5.33103E-04 
1.31913E-03 
3.28244E-03 
8.25502E-03 
2.08524E-02 
2.11878E-04 
5.23371E-04 
1.30012E-03 
3.23823E-03 
8.13146E-03 
2.04959E-02 
5.22466E-02 
5.06182E-04 
1.26256E-03 
3.15172E-03 
7.91063E-03 
1.99143E-02 
5.05537E-02 
1.23075E-03 
3.08150E-03 
7.73504E-03 
1.94565E-02 
4.92184E-02 
1.26579E-01 
3.05276E-03 
7.65888E-03 
1.92414E-02 
4.85104E-02 
1.23517E-01 
3.23418E-01 
---
