PdfType: replica
Format: lhagrid1
---
4.34963E-04 7.77181E-04 7.77181E-04 1.38865E-03 1.38865E-03 2.48120E-03 2.48120E-03 2.48120E-03 4.43334E-03 4.43334E-03 4.43334E-03 4.43334E-03 7.92137E-03 7.92137E-03 7.92137E-03 7.92137E-03 1.41537E-02 1.41537E-02 1.41537E-02 1.41537E-02 1.41537E-02 2.52895E-02 2.52895E-02 2.52895E-02 2.52895E-02 2.52895E-02 4.51866E-02 4.51866E-02 4.51866E-02 4.51866E-02 4.51866E-02 4.51866E-02 8.07383E-02 8.07383E-02 8.07383E-02 8.07383E-02 8.07383E-02 8.07383E-02 8.07383E-02 1.44261E-01 1.44261E-01 1.44261E-01 1.44261E-01 1.44261E-01 1.44261E-01 2.57762E-01 2.57762E-01 2.57762E-01 2.57762E-01 2.57762E-01 2.57762E-01 4.60562E-01 4.60562E-01 4.60562E-01 4.60562E-01 4.60562E-01 4.60562E-01 
1.58489E+00 1.58489E+00 2.51189E+00 1.58489E+00 2.51189E+00 1.58489E+00 2.51189E+00 3.98107E+00 1.58489E+00 2.51189E+00 3.98107E+00 6.30957E+00 1.58489E+00 2.51189E+00 3.98107E+00 6.30957E+00 1.58489E+00 2.51189E+00 3.98107E+00 6.30957E+00 9.99999E+00 1.58489E+00 2.51189E+00 3.98107E+00 6.30957E+00 9.99999E+00 1.58489E+00 2.51189E+00 3.98107E+00 6.30957E+00 9.99999E+00 1.58489E+01 1.58489E+00 2.51189E+00 3.98107E+00 6.30957E+00 9.99999E+00 1.58489E+01 2.51189E+01 2.51189E+00 3.98107E+00 6.30957E+00 9.99999E+00 1.58489E+01 2.51189E+01 3.98107E+00 6.30957E+00 9.99999E+00 1.58489E+01 2.51189E+01 3.98107E+01 6.30957E+00 9.99999E+00 1.58489E+01 2.51189E+01 3.98107E+01 6.30957E+01 
90000 
2.00051E-04 
2.01001E-04 
4.95044E-04 
2.02023E-04 
4.97000E-04 
2.03073E-04 
4.99519E-04 
1.24045E-03 
2.04174E-04 
5.02446E-04 
1.24700E-03 
3.16358E-03 
2.05420E-04 
5.05920E-04 
1.25547E-03 
3.17529E-03 
2.07114E-04 
5.10356E-04 
1.26647E-03 
3.18783E-03 
8.07360E-03 
2.09363E-04 
5.15653E-04 
1.27944E-03 
3.20295E-03 
8.09328E-03 
2.10210E-04 
5.17631E-04 
1.28434E-03 
3.20236E-03 
8.06861E-03 
2.04113E-02 
2.04998E-04 
5.07317E-04 
1.26220E-03 
3.14806E-03 
7.91733E-03 
1.99839E-02 
5.10187E-02 
4.90916E-04 
1.22818E-03 
3.07325E-03 
7.72853E-03 
1.94887E-02 
4.95543E-02 
1.21894E-03 
3.05460E-03 
7.67576E-03 
1.93241E-02 
4.89162E-02 
1.25850E-01 
3.07021E-03 
7.70739E-03 
1.93723E-02 
4.88518E-02 
1.24341E-01 
3.24966E-01 
---
