PdfType: replica
Format: lhagrid1
---
4.34963E-04 7.77181E-04 7.77181E-04 1.38865E-03 1.38865E-03 2.48120E-03 2.48120E-03 2.48120E-03 4.43334E-03 4.43334E-03 4.43334E-03 4.43334E-03 7.92137E-03 7.92137E-03 7.92137E-03 7.92137E-03 1.41537E-02 1.41537E-02 1.41537E-02 1.41537E-02 1.41537E-02 2.52895E-02 2.52895E-02 2.52895E-02 2.52895E-02 2.52895E-02 4.51866E-02 4.51866E-02 4.51866E-02 4.51866E-02 4.51866E-02 4.51866E-02 8.07383E-02 8.07383E-02 8.07383E-02 8.07383E-02 8.07383E-02 8.07383E-02 8.07383E-02 1.44261E-01 1.44261E-01 1.44261E-01 1.44261E-01 1.44261E-01 1.44261E-01 2.57762E-01 2.57762E-01 2.57762E-01 2.57762E-01 2.57762E-01 2.57762E-01 4.60562E-01 4.60562E-01 4.60562E-01 4.60562E-01 4.60562E-01 4.60562E-01 
1.58489E+00 1.58489E+00 2.51189E+00 1.58489E+00 2.51189E+00 1.58489E+00 2.51189E+00 3.98107E+00 1.58489E+00 2.51189E+00 3.98107E+00 6.30957E+00 1.58489E+00 2.51189E+00 3.98107E+00 6.30957E+00 1.58489E+00 2.51189E+00 3.98107E+00 6.30957E+00 9.99999E+00 1.58489E+00 2.51189E+00 3.98107E+00 6.30957E+00 9.99999E+00 1.58489E+00 2.51189E+00 3.98107E+00 6.30957E+00 9.99999E+00 1.58489E+01 1.58489E+00 2.51189E+00 3.98107E+00 6.30957E+00 9.99999E+00 1.58489E+01 2.51189E+01 2.51189E+00 3.98107E+00 6.30957E+00 9.99999E+00 1.58489E+01 2.51189E+01 3.98107E+00 6.30957E+00 9.99999E+00 1.58489E+01 2.51189E+01 3.98107E+01 6.30957E+00 9.99999E+00 1.58489E+01 2.51189E+01 3.98107E+01 6.30957E+01 
90000 
2.02037E-04 
2.01983E-04 
4.96437E-04 
2.02003E-04 
4.96726E-04 
2.02118E-04 
4.97632E-04 
1.23656E-03 
2.02463E-04 
4.99192E-04 
1.24046E-03 
3.15011E-03 
2.03296E-04 
5.01879E-04 
1.24734E-03 
3.15851E-03 
2.05057E-04 
5.06394E-04 
1.25843E-03 
3.17096E-03 
8.03892E-03 
2.07712E-04 
5.12429E-04 
1.27282E-03 
3.18896E-03 
8.06378E-03 
2.08909E-04 
5.15252E-04 
1.27962E-03 
3.19298E-03 
8.04849E-03 
2.03685E-02 
2.04506E-04 
5.06674E-04 
1.26126E-03 
3.14692E-03 
7.91592E-03 
1.99830E-02 
5.10206E-02 
4.91679E-04 
1.22990E-03 
3.07644E-03 
7.73646E-03 
1.95080E-02 
4.96031E-02 
1.21880E-03 
3.05433E-03 
7.67442E-03 
1.93196E-02 
4.89081E-02 
1.25881E-01 
3.06315E-03 
7.68905E-03 
1.93250E-02 
4.87342E-02 
1.24073E-01 
3.24538E-01 
---
