PdfType: replica
Format: lhagrid1
---
4.34963E-04 7.77181E-04 7.77181E-04 1.38865E-03 1.38865E-03 2.48120E-03 2.48120E-03 2.48120E-03 4.43334E-03 4.43334E-03 4.43334E-03 4.43334E-03 7.92137E-03 7.92137E-03 7.92137E-03 7.92137E-03 1.41537E-02 1.41537E-02 1.41537E-02 1.41537E-02 1.41537E-02 2.52895E-02 2.52895E-02 2.52895E-02 2.52895E-02 2.52895E-02 4.51866E-02 4.51866E-02 4.51866E-02 4.51866E-02 4.51866E-02 4.51866E-02 8.07383E-02 8.07383E-02 8.07383E-02 8.07383E-02 8.07383E-02 8.07383E-02 8.07383E-02 1.44261E-01 1.44261E-01 1.44261E-01 1.44261E-01 1.44261E-01 1.44261E-01 2.57762E-01 2.57762E-01 2.57762E-01 2.57762E-01 2.57762E-01 2.57762E-01 4.60562E-01 4.60562E-01 4.60562E-01 4.60562E-01 4.60562E-01 4.60562E-01 
1.58489E+00 1.58489E+00 2.51189E+00 1.58489E+00 2.51189E+00 1.58489E+00 2.51189E+00 3.98107E+00 1.58489E+00 2.51189E+00 3.98107E+00 6.30957E+00 1.58489E+00 2.51189E+00 3.98107E+00 6.30957E+00 1.58489E+00 2.51189E+00 3.98107E+00 6.30957E+00 9.99999E+00 1.58489E+00 2.51189E+00 3.98107E+00 6.30957E+00 9.99999E+00 1.58489E+00 2.51189E+00 3.98107E+00 6.30957E+00 9.99999E+00 1.58489E+01 1.58489E+00 2.51189E+00 3.98107E+00 6.30957E+00 9.99999E+00 1.58489E+01 2.51189E+01 2.51189E+00 3.98107E+00 6.30957E+00 9.99999E+00 1.58489E+01 2.51189E+01 3.98107E+00 6.30957E+00 9.99999E+00 1.58489E+01 2.51189E+01 3.98107E+01 6.30957E+00 9.99999E+00 1.58489E+01 2.51189E+01 3.98107E+01 6.30957E+01 
90000 
2.09172E-04 
2.10265E-04 
5.10599E-04 
2.11194E-04 
5.12537E-04 
2.11780E-04 
5.14532E-04 
1.26932E-03 
2.11895E-04 
5.15937E-04 
1.27296E-03 
3.21760E-03 
2.11488E-04 
5.16572E-04 
1.27605E-03 
3.21735E-03 
2.10970E-04 
5.17207E-04 
1.28001E-03 
3.21587E-03 
8.13954E-03 
2.11369E-04 
5.19759E-04 
1.28860E-03 
3.22365E-03 
8.14414E-03 
2.12360E-04 
5.22780E-04 
1.29672E-03 
3.23190E-03 
8.14008E-03 
2.05919E-02 
2.08167E-04 
5.14316E-04 
1.27816E-03 
3.18498E-03 
8.00326E-03 
2.01875E-02 
5.15147E-02 
4.95283E-04 
1.23828E-03 
3.09681E-03 
7.78381E-03 
1.96198E-02 
4.98690E-02 
1.22601E-03 
3.07225E-03 
7.71807E-03 
1.94276E-02 
4.91795E-02 
1.26586E-01 
3.08235E-03 
7.73798E-03 
1.94493E-02 
4.90495E-02 
1.24878E-01 
3.26629E-01 
---
