PdfType: replica
Format: lhagrid1
---
4.34963E-04 7.77181E-04 7.77181E-04 1.38865E-03 1.38865E-03 2.48120E-03 2.48120E-03 2.48120E-03 4.43334E-03 4.43334E-03 4.43334E-03 4.43334E-03 7.92137E-03 7.92137E-03 7.92137E-03 7.92137E-03 1.41537E-02 1.41537E-02 1.41537E-02 1.41537E-02 1.41537E-02 2.52895E-02 2.52895E-02 2.52895E-02 2.52895E-02 2.52895E-02 4.51866E-02 4.51866E-02 4.51866E-02 4.51866E-02 4.51866E-02 4.51866E-02 8.07383E-02 8.07383E-02 8.07383E-02 8.07383E-02 8.07383E-02 8.07383E-02 8.07383E-02 1.44261E-01 1.44261E-01 1.44261E-01 1.44261E-01 1.44261E-01 1.44261E-01 2.57762E-01 2.57762E-01 2.57762E-01 2.57762E-01 2.57762E-01 2.57762E-01 4.60562E-01 4.60562E-01 4.60562E-01 4.60562E-01 4.60562E-01 4.60562E-01 
1.58489E+00 1.58489E+00 2.51189E+00 1.58489E+00 2.51189E+00 1.58489E+00 2.51189E+00 3.98107E+00 1.58489E+00 2.51189E+00 3.98107E+00 6.30957E+00 1.58489E+00 2.51189E+00 3.98107E+00 6.30957E+00 1.58489E+00 2.51189E+00 3.98107E+00 6.30957E+00 9.99999E+00 1.58489E+00 2.51189E+00 3.98107E+00 6.30957E+00 9.99999E+00 1.58489E+00 2.51189E+00 3.98107E+00 6.30957E+00 9.99999E+00 1.58489E+01 1.58489E+00 2.51189E+00 3.98107E+00 6.30957E+00 9.99999E+00 1.58489E+01 2.51189E+01 2.51189E+00 3.98107E+00 6.30957E+00 9.99999E+00 1.58489E+01 2.51189E+01 3.98107E+00 6.30957E+00 9.99999E+00 1.58489E+01 2.51189E+01 3.98107E+01 6.30957E+00 9.99999E+00 1.58489E+01 2.51189E+01 3.98107E+01 6.30957E+01 
90000 
1.99660E-04 
2.00623E-04 
4.94491E-04 
2.01687E-04 
4.96552E-04 
2.02842E-04 
4.99279E-04 
1.24037E-03 
2.04171E-04 
5.02647E-04 
1.24784E-03 
3.16659E-03 
2.05842E-04 
5.06941E-04 
1.25798E-03 
3.18159E-03 
2.08154E-04 
5.12527E-04 
1.27130E-03 
3.19881E-03 
8.10267E-03 
2.10865E-04 
5.18646E-04 
1.28588E-03 
3.21730E-03 
8.12789E-03 
2.11480E-04 
5.20282E-04 
1.29021E-03 
3.21581E-03 
8.10000E-03 
2.04907E-02 
2.05948E-04 
5.09431E-04 
1.26696E-03 
3.15895E-03 
7.94213E-03 
2.00424E-02 
5.11671E-02 
4.91869E-04 
1.22998E-03 
3.07631E-03 
7.73420E-03 
1.94989E-02 
4.95742E-02 
1.21674E-03 
3.04942E-03 
7.66235E-03 
1.92899E-02 
4.88339E-02 
1.25687E-01 
3.06221E-03 
7.68826E-03 
1.93261E-02 
4.87431E-02 
1.24108E-01 
3.24646E-01 
---
