PdfType: replica
Format: lhagrid1
---
4.34963E-04 7.77181E-04 7.77181E-04 1.38865E-03 1.38865E-03 2.48120E-03 2.48120E-03 2.48120E-03 4.43334E-03 4.43334E-03 4.43334E-03 4.43334E-03 7.92137E-03 7.92137E-03 7.92137E-03 7.92137E-03 1.41537E-02 1.41537E-02 1.41537E-02 1.41537E-02 1.41537E-02 2.52895E-02 2.52895E-02 2.52895E-02 2.52895E-02 2.52895E-02 4.51866E-02 4.51866E-02 4.51866E-02 4.51866E-02 4.51866E-02 4.51866E-02 8.07383E-02 8.07383E-02 8.07383E-02 8.07383E-02 8.07383E-02 8.07383E-02 8.07383E-02 1.44261E-01 1.44261E-01 1.44261E-01 1.44261E-01 1.44261E-01 1.44261E-01 2.57762E-01 2.57762E-01 2.57762E-01 2.57762E-01 2.57762E-01 2.57762E-01 4.60562E-01 4.60562E-01 4.60562E-01 4.60562E-01 4.60562E-01 4.60562E-01 
1.58489E+00 1.58489E+00 2.51189E+00 1.58489E+00 2.51189E+00 1.58489E+00 2.51189E+00 3.98107E+00 1.58489E+00 2.51189E+00 3.98107E+00 6.30957E+00 1.58489E+00 2.51189E+00 3.98107E+00 6.30957E+00 1.58489E+00 2.51189E+00 3.98107E+00 6.30957E+00 9.99999E+00 1.58489E+00 2.51189E+00 3.98107E+00 6.30957E+00 9.99999E+00 1.58489E+00 2.51189E+00 3.98107E+00 6.30957E+00 9.99999E+00 1.58489E+01 1.58489E+00 2.51189E+00 3.98107E+00 6.30957E+00 9.99999E+00 1.58489E+01 2.51189E+01 2.51189E+00 3.98107E+00 6.30957E+00 9.99999E+00 1.58489E+01 2.51189E+01 3.98107E+00 6.30957E+00 9.99999E+00 1.58489E+01 2.51189E+01 3.98107E+01 6.30957E+00 9.99999E+00 1.58489E+01 2.51189E+01 3.98107E+01 6.30957E+01 
90000 
2.00612E-04 
2.01717E-04 
4.96327E-04 
2.02946E-04 
4.98680E-04 
2.04286E-04 
5.01799E-04 
1.24528E-03 
2.05816E-04 
5.05635E-04 
1.25373E-03 
3.17945E-03 
2.07703E-04 
5.10441E-04 
1.26504E-03 
3.19671E-03 
2.10243E-04 
5.16550E-04 
1.27963E-03 
3.21656E-03 
8.14161E-03 
2.13191E-04 
5.23259E-04 
1.29582E-03 
3.23892E-03 
8.17708E-03 
2.14091E-04 
5.25821E-04 
1.30278E-03 
3.24449E-03 
8.16742E-03 
2.06480E-02 
2.08837E-04 
5.15949E-04 
1.28217E-03 
3.19481E-03 
8.02690E-03 
2.02432E-02 
5.16360E-02 
4.97580E-04 
1.24329E-03 
3.10788E-03 
7.80881E-03 
1.96759E-02 
4.99905E-02 
1.22550E-03 
3.07038E-03 
7.71220E-03 
1.94091E-02 
4.91176E-02 
1.26347E-01 
3.06964E-03 
7.70330E-03 
1.93570E-02 
4.88061E-02 
1.24233E-01 
3.24881E-01 
---
