PdfType: replica
Format: lhagrid1
---
4.34963E-04 7.77181E-04 7.77181E-04 1.38865E-03 1.38865E-03 2.48120E-03 2.48120E-03 2.48120E-03 4.43334E-03 4.43334E-03 4.43334E-03 4.43334E-03 7.92137E-03 7.92137E-03 7.92137E-03 7.92137E-03 1.41537E-02 1.41537E-02 1.41537E-02 1.41537E-02 1.41537E-02 2.52895E-02 2.52895E-02 2.52895E-02 2.52895E-02 2.52895E-02 4.51866E-02 4.51866E-02 4.51866E-02 4.51866E-02 4.51866E-02 4.51866E-02 8.07383E-02 8.07383E-02 8.07383E-02 8.07383E-02 8.07383E-02 8.07383E-02 8.07383E-02 1.44261E-01 1.44261E-01 1.44261E-01 1.44261E-01 1.44261E-01 1.44261E-01 2.57762E-01 2.57762E-01 2.57762E-01 2.57762E-01 2.57762E-01 2.57762E-01 4.60562E-01 4.60562E-01 4.60562E-01 4.60562E-01 4.60562E-01 4.60562E-01 
1.58489E+00 1.58489E+00 2.51189E+00 1.58489E+00 2.51189E+00 1.58489E+00 2.51189E+00 3.98107E+00 1.58489E+00 2.51189E+00 3.98107E+00 6.30957E+00 1.58489E+00 2.51189E+00 3.98107E+00 6.30957E+00 1.58489E+00 2.51189E+00 3.98107E+00 6.30957E+00 9.99999E+00 1.58489E+00 2.51189E+00 3.98107E+00 6.30957E+00 9.99999E+00 1.58489E+00 2.51189E+00 3.98107E+00 6.30957E+00 9.99999E+00 1.58489E+01 1.58489E+00 2.51189E+00 3.98107E+00 6.30957E+00 9.99999E+00 1.58489E+01 2.51189E+01 2.51189E+00 3.98107E+00 6.30957E+00 9.99999E+00 1.58489E+01 2.51189E+01 3.98107E+00 6.30957E+00 9.99999E+00 1.58489E+01 2.51189E+01 3.98107E+01 6.30957E+00 9.99999E+00 1.58489E+01 2.51189E+01 3.98107E+01 6.30957E+01 
90000 
1.93956E-04 
1.94398E-04 
4.83906E-04 
1.94921E-04 
4.84831E-04 
1.95523E-04 
4.86181E-04 
1.21472E-03 
1.96262E-04 
4.87994E-04 
1.21859E-03 
3.10542E-03 
1.97291E-04 
4.90616E-04 
1.22470E-03 
3.11162E-03 
1.99041E-04 
4.94809E-04 
1.23457E-03 
3.12042E-03 
7.92842E-03 
2.01888E-04 
5.01026E-04 
1.24887E-03 
3.13698E-03 
7.94828E-03 
2.04127E-04 
5.05521E-04 
1.25854E-03 
3.14582E-03 
7.94151E-03 
2.01218E-02 
2.01010E-04 
4.99213E-04 
1.24462E-03 
3.10918E-03 
7.82872E-03 
1.97785E-02 
5.05327E-02 
4.87287E-04 
1.22010E-03 
3.05452E-03 
7.68553E-03 
1.93876E-02 
4.93103E-02 
1.21423E-03 
3.04257E-03 
7.64638E-03 
1.92515E-02 
4.87378E-02 
1.25427E-01 
3.05116E-03 
7.65899E-03 
1.92493E-02 
4.85442E-02 
1.23605E-01 
3.23460E-01 
---
