PdfType: replica
Format: lhagrid1
---
4.34963E-04 7.77181E-04 7.77181E-04 1.38865E-03 1.38865E-03 2.48120E-03 2.48120E-03 2.48120E-03 4.43334E-03 4.43334E-03 4.43334E-03 4.43334E-03 7.92137E-03 7.92137E-03 7.92137E-03 7.92137E-03 1.41537E-02 1.41537E-02 1.41537E-02 1.41537E-02 1.41537E-02 2.52895E-02 2.52895E-02 2.52895E-02 2.52895E-02 2.52895E-02 4.51866E-02 4.51866E-02 4.51866E-02 4.51866E-02 4.51866E-02 4.51866E-02 8.07383E-02 8.07383E-02 8.07383E-02 8.07383E-02 8.07383E-02 8.07383E-02 8.07383E-02 1.44261E-01 1.44261E-01 1.44261E-01 1.44261E-01 1.44261E-01 1.44261E-01 2.57762E-01 2.57762E-01 2.57762E-01 2.57762E-01 2.57762E-01 2.57762E-01 4.60562E-01 4.60562E-01 4.60562E-01 4.60562E-01 4.60562E-01 4.60562E-01 
1.58489E+00 1.58489E+00 2.51189E+00 1.58489E+00 2.51189E+00 1.58489E+00 2.51189E+00 3.98107E+00 1.58489E+00 2.51189E+00 3.98107E+00 6.30957E+00 1.58489E+00 2.51189E+00 3.98107E+00 6.30957E+00 1.58489E+00 2.51189E+00 3.98107E+00 6.30957E+00 9.99999E+00 1.58489E+00 2.51189E+00 3.98107E+00 6.30957E+00 9.99999E+00 1.58489E+00 2.51189E+00 3.98107E+00 6.30957E+00 9.99999E+00 1.58489E+01 1.58489E+00 2.51189E+00 3.98107E+00 6.30957E+00 9.99999E+00 1.58489E+01 2.51189E+01 2.51189E+00 3.98107E+00 6.30957E+00 9.99999E+00 1.58489E+01 2.51189E+01 3.98107E+00 6.30957E+00 9.99999E+00 1.58489E+01 2.51189E+01 3.98107E+01 6.30957E+00 9.99999E+00 1.58489E+01 2.51189E+01 3.98107E+01 6.30957E+01 
90000 
2.03278E-04 
2.03721E-04 
4.99523E-04 
2.04118E-04 
5.00443E-04 
2.04410E-04 
5.01671E-04 
1.24436E-03 
2.04623E-04 
5.02996E-04 
1.24773E-03 
3.16505E-03 
2.04906E-04 
5.04682E-04 
1.25263E-03 
3.16937E-03 
2.05784E-04 
5.07653E-04 
1.26077E-03 
3.17612E-03 
8.05048E-03 
2.07887E-04 
5.12832E-04 
1.27367E-03 
3.19113E-03 
8.06957E-03 
2.09523E-04 
5.16255E-04 
1.28130E-03 
3.19558E-03 
8.05376E-03 
2.03834E-02 
2.04604E-04 
5.06019E-04 
1.25843E-03 
3.13775E-03 
7.89068E-03 
1.99178E-02 
5.08718E-02 
4.87212E-04 
1.21886E-03 
3.04954E-03 
7.66973E-03 
1.93438E-02 
4.92066E-02 
1.20741E-03 
3.02613E-03 
7.60491E-03 
1.91486E-02 
4.84903E-02 
1.24890E-01 
3.03589E-03 
7.62225E-03 
1.91604E-02 
4.83291E-02 
1.23093E-01 
3.22297E-01 
---
