PdfType: replica
Format: lhagrid1
---
4.34963E-04 7.77181E-04 7.77181E-04 1.38865E-03 1.38865E-03 2.48120E-03 2.48120E-03 2.48120E-03 4.43334E-03 4.43334E-03 4.43334E-03 4.43334E-03 7.92137E-03 7.92137E-03 7.92137E-03 7.92137E-03 1.41537E-02 1.41537E-02 1.41537E-02 1.41537E-02 1.41537E-02 2.52895E-02 2.52895E-02 2.52895E-02 2.52895E-02 2.52895E-02 4.51866E-02 4.51866E-02 4.51866E-02 4.51866E-02 4.51866E-02 4.51866E-02 8.07383E-02 8.07383E-02 8.07383E-02 8.07383E-02 8.07383E-02 8.07383E-02 8.07383E-02 1.44261E-01 1.44261E-01 1.44261E-01 1.44261E-01 1.44261E-01 1.44261E-01 2.57762E-01 2.57762E-01 2.57762E-01 2.57762E-01 2.57762E-01 2.57762E-01 4.60562E-01 4.60562E-01 4.60562E-01 4.60562E-01 4.60562E-01 4.60562E-01 
1.58489E+00 1.58489E+00 2.51189E+00 1.58489E+00 2.51189E+00 1.58489E+00 2.51189E+00 3.98107E+00 1.58489E+00 2.51189E+00 3.98107E+00 6.30957E+00 1.58489E+00 2.51189E+00 3.98107E+00 6.30957E+00 1.58489E+00 2.51189E+00 3.98107E+00 6.30957E+00 9.99999E+00 1.58489E+00 2.51189E+00 3.98107E+00 6.30957E+00 9.99999E+00 1.58489E+00 2.51189E+00 3.98107E+00 6.30957E+00 9.99999E+00 1.58489E+01 1.58489E+00 2.51189E+00 3.98107E+00 6.30957E+00 9.99999E+00 1.58489E+01 2.51189E+01 2.51189E+00 3.98107E+00 6.30957E+00 9.99999E+00 1.58489E+01 2.51189E+01 3.98107E+00 6.30957E+00 9.99999E+00 1.58489E+01 2.51189E+01 3.98107E+01 6.30957E+00 9.99999E+00 1.58489E+01 2.51189E+01 3.98107E+01 6.30957E+01 
90000 
2.04828E-04 
2.05554E-04 
5.02448E-04 
2.06323E-04 
5.04114E-04 
2.07124E-04 
5.06480E-04 
1.25398E-03 
2.08058E-04 
5.09424E-04 
1.26083E-03 
3.19353E-03 
2.09289E-04 
5.13147E-04 
1.27011E-03 
3.20652E-03 
2.11026E-04 
5.17803E-04 
1.28178E-03 
3.22057E-03 
8.14876E-03 
2.12851E-04 
5.22401E-04 
1.29355E-03 
3.23386E-03 
8.16326E-03 
2.12523E-04 
5.22600E-04 
1.29553E-03 
3.22855E-03 
8.12934E-03 
2.05549E-02 
2.07138E-04 
5.12422E-04 
1.27434E-03 
3.17700E-03 
7.98626E-03 
2.01479E-02 
5.14015E-02 
4.96252E-04 
1.24019E-03 
3.10000E-03 
7.79062E-03 
1.96325E-02 
4.98818E-02 
1.22247E-03 
3.06221E-03 
7.69038E-03 
1.93512E-02 
4.89634E-02 
1.25851E-01 
3.04734E-03 
7.64476E-03 
1.92058E-02 
4.84183E-02 
1.23172E-01 
3.26360E-01 
---
