PdfType: replica
Format: lhagrid1
---
4.34963E-04 7.77181E-04 7.77181E-04 1.38865E-03 1.38865E-03 2.48120E-03 2.48120E-03 2.48120E-03 4.43334E-03 4.43334E-03 4.43334E-03 4.43334E-03 7.92137E-03 7.92137E-03 7.92137E-03 7.92137E-03 1.41537E-02 1.41537E-02 1.41537E-02 1.41537E-02 1.41537E-02 2.52895E-02 2.52895E-02 2.52895E-02 2.52895E-02 2.52895E-02 4.51866E-02 4.51866E-02 4.51866E-02 4.51866E-02 4.51866E-02 4.51866E-02 8.07383E-02 8.07383E-02 8.07383E-02 8.07383E-02 8.07383E-02 8.07383E-02 8.07383E-02 1.44261E-01 1.44261E-01 1.44261E-01 1.44261E-01 1.44261E-01 1.44261E-01 2.57762E-01 2.57762E-01 2.57762E-01 2.57762E-01 2.57762E-01 2.57762E-01 4.60562E-01 4.60562E-01 4.60562E-01 4.60562E-01 4.60562E-01 4.60562E-01 
1.58489E+00 1.58489E+00 2.51189E+00 1.58489E+00 2.51189E+00 1.58489E+00 2.51189E+00 3.98107E+00 1.58489E+00 2.51189E+00 3.98107E+00 6.30957E+00 1.58489E+00 2.51189E+00 3.98107E+00 6.30957E+00 1.58489E+00 2.51189E+00 3.98107E+00 6.30957E+00 9.99999E+00 1.58489E+00 2.51189E+00 3.98107E+00 6.30957E+00 9.99999E+00 1.58489E+00 2.51189E+00 3.98107E+00 6.30957E+00 9.99999E+00 1.58489E+01 1.58489E+00 2.51189E+00 3.98107E+00 6.30957E+00 9.99999E+00 1.58489E+01 2.51189E+01 2.51189E+00 3.98107E+00 6.30957E+00 9.99999E+00 1.58489E+01 2.51189E+01 3.98107E+00 6.30957E+00 9.99999E+00 1.58489E+01 2.51189E+01 3.98107E+01 6.30957E+00 9.99999E+00 1.58489E+01 2.51189E+01 3.98107E+01 6.30957E+01 
90000 
2.05123E-04 
2.06464E-04 
5.04329E-04 
2.07839E-04 
5.07023E-04 
2.09171E-04 
5.10314E-04 
1.26168E-03 
2.10452E-04 
5.13869E-04 
1.26967E-03 
3.21153E-03 
2.11704E-04 
5.17592E-04 
1.27893E-03 
3.22434E-03 
2.13008E-04 
5.21440E-04 
1.28904E-03 
3.23547E-03 
8.18122E-03 
2.14075E-04 
5.24787E-04 
1.29862E-03 
3.24487E-03 
8.18841E-03 
2.13391E-04 
5.24650E-04 
1.30045E-03 
3.24021E-03 
8.15764E-03 
2.06265E-02 
2.08425E-04 
5.15373E-04 
1.28122E-03 
3.19312E-03 
8.02452E-03 
2.02413E-02 
5.16445E-02 
4.98195E-04 
1.24461E-03 
3.11027E-03 
7.81451E-03 
1.96896E-02 
5.00279E-02 
1.22393E-03 
3.06699E-03 
7.70368E-03 
1.93873E-02 
4.90636E-02 
1.26227E-01 
3.06211E-03 
7.68597E-03 
1.93151E-02 
4.87033E-02 
1.23988E-01 
3.24370E-01 
---
