PdfType: replica
Format: lhagrid1
---
4.34963E-04 7.77181E-04 7.77181E-04 1.38865E-03 1.38865E-03 2.48120E-03 2.48120E-03 2.48120E-03 4.43334E-03 4.43334E-03 4.43334E-03 4.43334E-03 7.92137E-03 7.92137E-03 7.92137E-03 7.92137E-03 1.41537E-02 1.41537E-02 1.41537E-02 1.41537E-02 1.41537E-02 2.52895E-02 2.52895E-02 2.52895E-02 2.52895E-02 2.52895E-02 4.51866E-02 4.51866E-02 4.51866E-02 4.51866E-02 4.51866E-02 4.51866E-02 8.07383E-02 8.07383E-02 8.07383E-02 8.07383E-02 8.07383E-02 8.07383E-02 8.07383E-02 1.44261E-01 1.44261E-01 1.44261E-01 1.44261E-01 1.44261E-01 1.44261E-01 2.57762E-01 2.57762E-01 2.57762E-01 2.57762E-01 2.57762E-01 2.57762E-01 4.60562E-01 4.60562E-01 4.60562E-01 4.60562E-01 4.60562E-01 4.60562E-01 
1.58489E+00 1.58489E+00 2.51189E+00 1.58489E+00 2.51189E+00 1.58489E+00 2.51189E+00 3.98107E+00 1.58489E+00 2.51189E+00 3.98107E+00 6.30957E+00 1.58489E+00 2.51189E+00 3.98107E+00 6.30957E+00 1.58489E+00 2.51189E+00 3.98107E+00 6.30957E+00 9.99999E+00 1.58489E+00 2.51189E+00 3.98107E+00 6.30957E+00 9.99999E+00 1.58489E+00 2.51189E+00 3.98107E+00 6.30957E+00 9.99999E+00 1.58489E+01 1.58489E+00 2.51189E+00 3.98107E+00 6.30957E+00 9.99999E+00 1.58489E+01 2.51189E+01 2.51189E+00 3.98107E+00 6.30957E+00 9.99999E+00 1.58489E+01 2.51189E+01 3.98107E+00 6.30957E+00 9.99999E+00 1.58489E+01 2.51189E+01 3.98107E+01 6.30957E+00 9.99999E+00 1.58489E+01 2.51189E+01 3.98107E+01 6.30957E+01 
90000 
2.06560E-04 
2.07532E-04 
5.05780E-04 
2.08518E-04 
5.07865E-04 
2.09485E-04 
5.10635E-04 
1.26208E-03 
2.10514E-04 
5.13892E-04 
1.26964E-03 
3.21223E-03 
2.11761E-04 
5.17777E-04 
1.27942E-03 
3.22617E-03 
2.13447E-04 
5.22439E-04 
1.29129E-03 
3.24082E-03 
8.19387E-03 
2.15176E-04 
5.26923E-04 
1.30305E-03 
3.25429E-03 
8.20943E-03 
2.14627E-04 
5.26806E-04 
1.30465E-03 
3.24853E-03 
8.17532E-03 
2.06626E-02 
2.08676E-04 
5.15712E-04 
1.28180E-03 
3.19409E-03 
8.02602E-03 
2.02416E-02 
5.16245E-02 
4.98232E-04 
1.24515E-03 
3.11250E-03 
7.82074E-03 
1.97055E-02 
5.00605E-02 
1.22745E-03 
3.07577E-03 
7.72522E-03 
1.94399E-02 
4.91899E-02 
1.26514E-01 
3.06795E-03 
7.69948E-03 
1.93468E-02 
4.87789E-02 
1.24170E-01 
3.24823E-01 
---
