PdfType: replica
Format: lhagrid1
---
4.34963E-04 7.77181E-04 7.77181E-04 1.38865E-03 1.38865E-03 2.48120E-03 2.48120E-03 2.48120E-03 4.43334E-03 4.43334E-03 4.43334E-03 4.43334E-03 7.92137E-03 7.92137E-03 7.92137E-03 7.92137E-03 1.41537E-02 1.41537E-02 1.41537E-02 1.41537E-02 1.41537E-02 2.52895E-02 2.52895E-02 2.52895E-02 2.52895E-02 2.52895E-02 4.51866E-02 4.51866E-02 4.51866E-02 4.51866E-02 4.51866E-02 4.51866E-02 8.07383E-02 8.07383E-02 8.07383E-02 8.07383E-02 8.07383E-02 8.07383E-02 8.07383E-02 1.44261E-01 1.44261E-01 1.44261E-01 1.44261E-01 1.44261E-01 1.44261E-01 2.57762E-01 2.57762E-01 2.57762E-01 2.57762E-01 2.57762E-01 2.57762E-01 4.60562E-01 4.60562E-01 4.60562E-01 4.60562E-01 4.60562E-01 4.60562E-01 
1.58489E+00 1.58489E+00 2.51189E+00 1.58489E+00 2.51189E+00 1.58489E+00 2.51189E+00 3.98107E+00 1.58489E+00 2.51189E+00 3.98107E+00 6.30957E+00 1.58489E+00 2.51189E+00 3.98107E+00 6.30957E+00 1.58489E+00 2.51189E+00 3.98107E+00 6.30957E+00 9.99999E+00 1.58489E+00 2.51189E+00 3.98107E+00 6.30957E+00 9.99999E+00 1.58489E+00 2.51189E+00 3.98107E+00 6.30957E+00 9.99999E+00 1.58489E+01 1.58489E+00 2.51189E+00 3.98107E+00 6.30957E+00 9.99999E+00 1.58489E+01 2.51189E+01 2.51189E+00 3.98107E+00 6.30957E+00 9.99999E+00 1.58489E+01 2.51189E+01 3.98107E+00 6.30957E+00 9.99999E+00 1.58489E+01 2.51189E+01 3.98107E+01 6.30957E+00 9.99999E+00 1.58489E+01 2.51189E+01 3.98107E+01 6.30957E+01 
90000 
2.04102E-04 
2.04843E-04 
5.01473E-04 
2.05595E-04 
5.03060E-04 
2.06326E-04 
5.05203E-04 
1.25153E-03 
2.07117E-04 
5.07766E-04 
1.25754E-03 
3.18642E-03 
2.08169E-04 
5.11050E-04 
1.26588E-03 
3.19746E-03 
2.09884E-04 
5.15650E-04 
1.27752E-03 
3.21144E-03 
8.12961E-03 
2.12228E-04 
5.21362E-04 
1.29182E-03 
3.23039E-03 
8.15767E-03 
2.12939E-04 
5.23626E-04 
1.29804E-03 
3.23436E-03 
8.14360E-03 
2.05927E-02 
2.07740E-04 
5.13500E-04 
1.27646E-03 
3.18114E-03 
7.99525E-03 
2.01696E-02 
5.14652E-02 
4.95952E-04 
1.23985E-03 
3.09977E-03 
7.79187E-03 
1.96402E-02 
4.99165E-02 
1.22784E-03 
3.07754E-03 
7.73062E-03 
1.94570E-02 
4.92443E-02 
1.26695E-01 
3.08955E-03 
7.75555E-03 
1.94922E-02 
4.91523E-02 
1.25105E-01 
3.26982E-01 
---
