PdfType: replica
Format: lhagrid1
---
4.34963E-04 7.77181E-04 7.77181E-04 1.38865E-03 1.38865E-03 2.48120E-03 2.48120E-03 2.48120E-03 4.43334E-03 4.43334E-03 4.43334E-03 4.43334E-03 7.92137E-03 7.92137E-03 7.92137E-03 7.92137E-03 1.41537E-02 1.41537E-02 1.41537E-02 1.41537E-02 1.41537E-02 2.52895E-02 2.52895E-02 2.52895E-02 2.52895E-02 2.52895E-02 4.51866E-02 4.51866E-02 4.51866E-02 4.51866E-02 4.51866E-02 4.51866E-02 8.07383E-02 8.07383E-02 8.07383E-02 8.07383E-02 8.07383E-02 8.07383E-02 8.07383E-02 1.44261E-01 1.44261E-01 1.44261E-01 1.44261E-01 1.44261E-01 1.44261E-01 2.57762E-01 2.57762E-01 2.57762E-01 2.57762E-01 2.57762E-01 2.57762E-01 4.60562E-01 4.60562E-01 4.60562E-01 4.60562E-01 4.60562E-01 4.60562E-01 
1.58489E+00 1.58489E+00 2.51189E+00 1.58489E+00 2.51189E+00 1.58489E+00 2.51189E+00 3.98107E+00 1.58489E+00 2.51189E+00 3.98107E+00 6.30957E+00 1.58489E+00 2.51189E+00 3.98107E+00 6.30957E+00 1.58489E+00 2.51189E+00 3.98107E+00 6.30957E+00 9.99999E+00 1.58489E+00 2.51189E+00 3.98107E+00 6.30957E+00 9.99999E+00 1.58489E+00 2.51189E+00 3.98107E+00 6.30957E+00 9.99999E+00 1.58489E+01 1.58489E+00 2.51189E+00 3.98107E+00 6.30957E+00 9.99999E+00 1.58489E+01 2.51189E+01 2.51189E+00 3.98107E+00 6.30957E+00 9.99999E+00 1.58489E+01 2.51189E+01 3.98107E+00 6.30957E+00 9.99999E+00 1.58489E+01 2.51189E+01 3.98107E+01 6.30957E+00 9.99999E+00 1.58489E+01 2.51189E+01 3.98107E+01 6.30957E+01 
90000 
2.19309E-04 
2.18140E-04 
5.22979E-04 
2.17072E-04 
5.21890E-04 
2.16123E-04 
5.21787E-04 
1.28298E-03 
2.15463E-04 
5.22424E-04 
1.28586E-03 
3.24476E-03 
2.15341E-04 
5.24130E-04 
1.29184E-03 
3.25122E-03 
2.16078E-04 
5.27375E-04 
1.30152E-03 
3.26243E-03 
8.24366E-03 
2.17459E-04 
5.31794E-04 
1.31420E-03 
3.27982E-03 
8.27063E-03 
2.17607E-04 
5.33865E-04 
1.32165E-03 
3.28941E-03 
8.27429E-03 
2.09071E-02 
2.13301E-04 
5.26371E-04 
1.30681E-03 
3.25351E-03 
8.16716E-03 
2.05817E-02 
5.24655E-02 
5.07587E-04 
1.26583E-03 
3.15964E-03 
7.92908E-03 
1.99583E-02 
5.06618E-02 
1.23246E-03 
3.08612E-03 
7.74696E-03 
1.94868E-02 
4.92939E-02 
1.26760E-01 
3.05960E-03 
7.67667E-03 
1.92867E-02 
4.86232E-02 
1.23785E-01 
3.23974E-01 
---
