PdfType: replica
Format: lhagrid1
---
4.34963E-04 7.77181E-04 7.77181E-04 1.38865E-03 1.38865E-03 2.48120E-03 2.48120E-03 2.48120E-03 4.43334E-03 4.43334E-03 4.43334E-03 4.43334E-03 7.92137E-03 7.92137E-03 7.92137E-03 7.92137E-03 1.41537E-02 1.41537E-02 1.41537E-02 1.41537E-02 1.41537E-02 2.52895E-02 2.52895E-02 2.52895E-02 2.52895E-02 2.52895E-02 4.51866E-02 4.51866E-02 4.51866E-02 4.51866E-02 4.51866E-02 4.51866E-02 8.07383E-02 8.07383E-02 8.07383E-02 8.07383E-02 8.07383E-02 8.07383E-02 8.07383E-02 1.44261E-01 1.44261E-01 1.44261E-01 1.44261E-01 1.44261E-01 1.44261E-01 2.57762E-01 2.57762E-01 2.57762E-01 2.57762E-01 2.57762E-01 2.57762E-01 4.60562E-01 4.60562E-01 4.60562E-01 4.60562E-01 4.60562E-01 4.60562E-01 
1.58489E+00 1.58489E+00 2.51189E+00 1.58489E+00 2.51189E+00 1.58489E+00 2.51189E+00 3.98107E+00 1.58489E+00 2.51189E+00 3.98107E+00 6.30957E+00 1.58489E+00 2.51189E+00 3.98107E+00 6.30957E+00 1.58489E+00 2.51189E+00 3.98107E+00 6.30957E+00 9.99999E+00 1.58489E+00 2.51189E+00 3.98107E+00 6.30957E+00 9.99999E+00 1.58489E+00 2.51189E+00 3.98107E+00 6.30957E+00 9.99999E+00 1.58489E+01 1.58489E+00 2.51189E+00 3.98107E+00 6.30957E+00 9.99999E+00 1.58489E+01 2.51189E+01 2.51189E+00 3.98107E+00 6.30957E+00 9.99999E+00 1.58489E+01 2.51189E+01 3.98107E+00 6.30957E+00 9.99999E+00 1.58489E+01 2.51189E+01 3.98107E+01 6.30957E+00 9.99999E+00 1.58489E+01 2.51189E+01 3.98107E+01 6.30957E+01 
90000 
2.19959E-04 
2.18876E-04 
5.24566E-04 
2.17872E-04 
5.23622E-04 
2.16968E-04 
5.23649E-04 
1.28687E-03 
2.16348E-04 
5.24432E-04 
1.29016E-03 
3.25406E-03 
2.16315E-04 
5.26380E-04 
1.29674E-03 
3.26219E-03 
2.17267E-04 
5.30021E-04 
1.30721E-03 
3.27522E-03 
8.27158E-03 
2.18901E-04 
5.34606E-04 
1.31976E-03 
3.29156E-03 
8.29509E-03 
2.18514E-04 
5.34930E-04 
1.32254E-03 
3.28896E-03 
8.26875E-03 
2.08859E-02 
2.11943E-04 
5.22471E-04 
1.29659E-03 
3.22726E-03 
8.10224E-03 
2.04212E-02 
5.20672E-02 
5.01272E-04 
1.25167E-03 
3.12708E-03 
7.85404E-03 
1.97840E-02 
5.02550E-02 
1.23031E-03 
3.08300E-03 
7.74306E-03 
1.94855E-02 
4.93100E-02 
1.26847E-01 
3.08691E-03 
7.74834E-03 
1.94730E-02 
4.91027E-02 
1.24986E-01 
3.26768E-01 
---
