PdfType: replica
Format: lhagrid1
---
4.34963E-04 7.77181E-04 7.77181E-04 1.38865E-03 1.38865E-03 2.48120E-03 2.48120E-03 2.48120E-03 4.43334E-03 4.43334E-03 4.43334E-03 4.43334E-03 7.92137E-03 7.92137E-03 7.92137E-03 7.92137E-03 1.41537E-02 1.41537E-02 1.41537E-02 1.41537E-02 1.41537E-02 2.52895E-02 2.52895E-02 2.52895E-02 2.52895E-02 2.52895E-02 4.51866E-02 4.51866E-02 4.51866E-02 4.51866E-02 4.51866E-02 4.51866E-02 8.07383E-02 8.07383E-02 8.07383E-02 8.07383E-02 8.07383E-02 8.07383E-02 8.07383E-02 1.44261E-01 1.44261E-01 1.44261E-01 1.44261E-01 1.44261E-01 1.44261E-01 2.57762E-01 2.57762E-01 2.57762E-01 2.57762E-01 2.57762E-01 2.57762E-01 4.60562E-01 4.60562E-01 4.60562E-01 4.60562E-01 4.60562E-01 4.60562E-01 
1.58489E+00 1.58489E+00 2.51189E+00 1.58489E+00 2.51189E+00 1.58489E+00 2.51189E+00 3.98107E+00 1.58489E+00 2.51189E+00 3.98107E+00 6.30957E+00 1.58489E+00 2.51189E+00 3.98107E+00 6.30957E+00 1.58489E+00 2.51189E+00 3.98107E+00 6.30957E+00 9.99999E+00 1.58489E+00 2.51189E+00 3.98107E+00 6.30957E+00 9.99999E+00 1.58489E+00 2.51189E+00 3.98107E+00 6.30957E+00 9.99999E+00 1.58489E+01 1.58489E+00 2.51189E+00 3.98107E+00 6.30957E+00 9.99999E+00 1.58489E+01 2.51189E+01 2.51189E+00 3.98107E+00 6.30957E+00 9.99999E+00 1.58489E+01 2.51189E+01 3.98107E+00 6.30957E+00 9.99999E+00 1.58489E+01 2.51189E+01 3.98107E+01 6.30957E+00 9.99999E+00 1.58489E+01 2.51189E+01 3.98107E+01 6.30957E+01 
90000 
2.19637E-04 
2.18444E-04 
5.23682E-04 
2.17309E-04 
5.22437E-04 
2.16233E-04 
5.22089E-04 
1.28357E-03 
2.15384E-04 
5.22389E-04 
1.28580E-03 
3.24462E-03 
2.15062E-04 
5.23757E-04 
1.29115E-03 
3.25003E-03 
2.15739E-04 
5.26905E-04 
1.30063E-03 
3.26083E-03 
8.23917E-03 
2.17382E-04 
5.31621E-04 
1.31362E-03 
3.27811E-03 
8.26548E-03 
2.17645E-04 
5.33352E-04 
1.31958E-03 
3.28290E-03 
8.25630E-03 
2.08575E-02 
2.11997E-04 
5.22887E-04 
1.29800E-03 
3.23170E-03 
8.11309E-03 
2.04465E-02 
5.21174E-02 
5.02303E-04 
1.25407E-03 
3.13333E-03 
7.86817E-03 
1.98155E-02 
5.03187E-02 
1.23057E-03 
3.08253E-03 
7.74161E-03 
1.94803E-02 
4.92889E-02 
1.26746E-01 
3.07621E-03 
7.71945E-03 
1.93967E-02 
4.89035E-02 
1.24475E-01 
3.25504E-01 
---
