PdfType: replica
Format: lhagrid1
---
4.34963E-04 7.77181E-04 7.77181E-04 1.38865E-03 1.38865E-03 2.48120E-03 2.48120E-03 2.48120E-03 4.43334E-03 4.43334E-03 4.43334E-03 4.43334E-03 7.92137E-03 7.92137E-03 7.92137E-03 7.92137E-03 1.41537E-02 1.41537E-02 1.41537E-02 1.41537E-02 1.41537E-02 2.52895E-02 2.52895E-02 2.52895E-02 2.52895E-02 2.52895E-02 4.51866E-02 4.51866E-02 4.51866E-02 4.51866E-02 4.51866E-02 4.51866E-02 8.07383E-02 8.07383E-02 8.07383E-02 8.07383E-02 8.07383E-02 8.07383E-02 8.07383E-02 1.44261E-01 1.44261E-01 1.44261E-01 1.44261E-01 1.44261E-01 1.44261E-01 2.57762E-01 2.57762E-01 2.57762E-01 2.57762E-01 2.57762E-01 2.57762E-01 4.60562E-01 4.60562E-01 4.60562E-01 4.60562E-01 4.60562E-01 4.60562E-01 
1.58489E+00 1.58489E+00 2.51189E+00 1.58489E+00 2.51189E+00 1.58489E+00 2.51189E+00 3.98107E+00 1.58489E+00 2.51189E+00 3.98107E+00 6.30957E+00 1.58489E+00 2.51189E+00 3.98107E+00 6.30957E+00 1.58489E+00 2.51189E+00 3.98107E+00 6.30957E+00 9.99999E+00 1.58489E+00 2.51189E+00 3.98107E+00 6.30957E+00 9.99999E+00 1.58489E+00 2.51189E+00 3.98107E+00 6.30957E+00 9.99999E+00 1.58489E+01 1.58489E+00 2.51189E+00 3.98107E+00 6.30957E+00 9.99999E+00 1.58489E+01 2.51189E+01 2.51189E+00 3.98107E+00 6.30957E+00 9.99999E+00 1.58489E+01 2.51189E+01 3.98107E+00 6.30957E+00 9.99999E+00 1.58489E+01 2.51189E+01 3.98107E+01 6.30957E+00 9.99999E+00 1.58489E+01 2.51189E+01 3.98107E+01 6.30957E+01 
90000 
2.19598E-04 
2.18403E-04 
5.23567E-04 
2.17238E-04 
5.22272E-04 
2.16086E-04 
5.21755E-04 
1.28275E-03 
2.15081E-04 
5.21699E-04 
1.28420E-03 
3.24060E-03 
2.14471E-04 
5.22427E-04 
1.28814E-03 
3.24292E-03 
2.14680E-04 
5.24594E-04 
1.29550E-03 
3.24908E-03 
8.21175E-03 
2.15743E-04 
5.28217E-04 
1.30621E-03 
3.26151E-03 
8.22741E-03 
2.15763E-04 
5.29565E-04 
1.31137E-03 
3.26457E-03 
8.21413E-03 
2.07598E-02 
2.10664E-04 
5.20008E-04 
1.29139E-03 
3.21606E-03 
8.07602E-03 
2.03588E-02 
5.19176E-02 
5.00041E-04 
1.24828E-03 
3.11832E-03 
7.83077E-03 
1.97229E-02 
5.00950E-02 
1.22299E-03 
3.06342E-03 
7.69287E-03 
1.93570E-02 
4.89816E-02 
1.26012E-01 
3.04817E-03 
7.64854E-03 
1.92177E-02 
4.84556E-02 
1.23381E-01 
3.23031E-01 
---
