PdfType: replica
Format: lhagrid1
---
4.34963E-04 7.77181E-04 7.77181E-04 1.38865E-03 1.38865E-03 2.48120E-03 2.48120E-03 2.48120E-03 4.43334E-03 4.43334E-03 4.43334E-03 4.43334E-03 7.92137E-03 7.92137E-03 7.92137E-03 7.92137E-03 1.41537E-02 1.41537E-02 1.41537E-02 1.41537E-02 1.41537E-02 2.52895E-02 2.52895E-02 2.52895E-02 2.52895E-02 2.52895E-02 4.51866E-02 4.51866E-02 4.51866E-02 4.51866E-02 4.51866E-02 4.51866E-02 8.07383E-02 8.07383E-02 8.07383E-02 8.07383E-02 8.07383E-02 8.07383E-02 8.07383E-02 1.44261E-01 1.44261E-01 1.44261E-01 1.44261E-01 1.44261E-01 1.44261E-01 2.57762E-01 2.57762E-01 2.57762E-01 2.57762E-01 2.57762E-01 2.57762E-01 4.60562E-01 4.60562E-01 4.60562E-01 4.60562E-01 4.60562E-01 4.60562E-01 
1.58489E+00 1.58489E+00 2.51189E+00 1.58489E+00 2.51189E+00 1.58489E+00 2.51189E+00 3.98107E+00 1.58489E+00 2.51189E+00 3.98107E+00 6.30957E+00 1.58489E+00 2.51189E+00 3.98107E+00 6.30957E+00 1.58489E+00 2.51189E+00 3.98107E+00 6.30957E+00 9.99999E+00 1.58489E+00 2.51189E+00 3.98107E+00 6.30957E+00 9.99999E+00 1.58489E+00 2.51189E+00 3.98107E+00 6.30957E+00 9.99999E+00 1.58489E+01 1.58489E+00 2.51189E+00 3.98107E+00 6.30957E+00 9.99999E+00 1.58489E+01 2.51189E+01 2.51189E+00 3.98107E+00 6.30957E+00 9.99999E+00 1.58489E+01 2.51189E+01 3.98107E+00 6.30957E+00 9.99999E+00 1.58489E+01 2.51189E+01 3.98107E+01 6.30957E+00 9.99999E+00 1.58489E+01 2.51189E+01 3.98107E+01 6.30957E+01 
90000 
2.19784E-04 
2.18680E-04 
5.24258E-04 
2.17651E-04 
5.23187E-04 
2.16691E-04 
5.23005E-04 
1.28542E-03 
2.15937E-04 
5.23409E-04 
1.28779E-03 
3.24825E-03 
2.15615E-04 
5.24687E-04 
1.29284E-03 
3.25299E-03 
2.16080E-04 
5.27339E-04 
1.30120E-03 
3.26137E-03 
8.23915E-03 
2.17214E-04 
5.31066E-04 
1.31213E-03 
3.27426E-03 
8.25584E-03 
2.16971E-04 
5.31904E-04 
1.31635E-03 
3.27535E-03 
8.23878E-03 
2.08171E-02 
2.11443E-04 
5.21678E-04 
1.29526E-03 
3.22520E-03 
8.09780E-03 
2.04115E-02 
5.20469E-02 
5.01354E-04 
1.25157E-03 
3.12702E-03 
7.85203E-03 
1.97758E-02 
5.02285E-02 
1.22707E-03 
3.07414E-03 
7.72120E-03 
1.94312E-02 
4.91726E-02 
1.26485E-01 
3.07493E-03 
7.71800E-03 
1.93965E-02 
4.89102E-02 
1.24509E-01 
3.25634E-01 
---
