PdfType: replica
Format: lhagrid1
---
4.34963E-04 7.77181E-04 7.77181E-04 1.38865E-03 1.38865E-03 2.48120E-03 2.48120E-03 2.48120E-03 4.43334E-03 4.43334E-03 4.43334E-03 4.43334E-03 7.92137E-03 7.92137E-03 7.92137E-03 7.92137E-03 1.41537E-02 1.41537E-02 1.41537E-02 1.41537E-02 1.41537E-02 2.52895E-02 2.52895E-02 2.52895E-02 2.52895E-02 2.52895E-02 4.51866E-02 4.51866E-02 4.51866E-02 4.51866E-02 4.51866E-02 4.51866E-02 8.07383E-02 8.07383E-02 8.07383E-02 8.07383E-02 8.07383E-02 8.07383E-02 8.07383E-02 1.44261E-01 1.44261E-01 1.44261E-01 1.44261E-01 1.44261E-01 1.44261E-01 2.57762E-01 2.57762E-01 2.57762E-01 2.57762E-01 2.57762E-01 2.57762E-01 4.60562E-01 4.60562E-01 4.60562E-01 4.60562E-01 4.60562E-01 4.60562E-01 
1.58489E+00 1.58489E+00 2.51189E+00 1.58489E+00 2.51189E+00 1.58489E+00 2.51189E+00 3.98107E+00 1.58489E+00 2.51189E+00 3.98107E+00 6.30957E+00 1.58489E+00 2.51189E+00 3.98107E+00 6.30957E+00 1.58489E+00 2.51189E+00 3.98107E+00 6.30957E+00 9.99999E+00 1.58489E+00 2.51189E+00 3.98107E+00 6.30957E+00 9.99999E+00 1.58489E+00 2.51189E+00 3.98107E+00 6.30957E+00 9.99999E+00 1.58489E+01 1.58489E+00 2.51189E+00 3.98107E+00 6.30957E+00 9.99999E+00 1.58489E+01 2.51189E+01 2.51189E+00 3.98107E+00 6.30957E+00 9.99999E+00 1.58489E+01 2.51189E+01 3.98107E+00 6.30957E+00 9.99999E+00 1.58489E+01 2.51189E+01 3.98107E+01 6.30957E+00 9.99999E+00 1.58489E+01 2.51189E+01 3.98107E+01 6.30957E+01 
90000 
2.19801E-04 
2.18736E-04 
5.24271E-04 
2.17758E-04 
5.23338E-04 
2.16875E-04 
5.23361E-04 
1.28603E-03 
2.16248E-04 
5.24091E-04 
1.28922E-03 
3.25081E-03 
2.16150E-04 
5.25896E-04 
1.29554E-03 
3.25865E-03 
2.16968E-04 
5.29320E-04 
1.30565E-03 
3.27123E-03 
8.26069E-03 
2.18499E-04 
5.33852E-04 
1.31831E-03 
3.28832E-03 
8.28752E-03 
2.18353E-04 
5.34831E-04 
1.32274E-03 
3.29000E-03 
8.27209E-03 
2.08950E-02 
2.12360E-04 
5.23584E-04 
1.29939E-03 
3.23445E-03 
8.11938E-03 
2.04631E-02 
5.21757E-02 
5.02328E-04 
1.25392E-03 
3.13233E-03 
7.86552E-03 
1.98098E-02 
5.03148E-02 
1.22951E-03 
3.08026E-03 
7.73580E-03 
1.94662E-02 
4.92575E-02 
1.26696E-01 
3.07819E-03 
7.72458E-03 
1.94105E-02 
4.89412E-02 
1.24580E-01 
3.25809E-01 
---
