PdfType: replica
Format: lhagrid1
---
4.34963E-04 7.77181E-04 7.77181E-04 1.38865E-03 1.38865E-03 2.48120E-03 2.48120E-03 2.48120E-03 4.43334E-03 4.43334E-03 4.43334E-03 4.43334E-03 7.92137E-03 7.92137E-03 7.92137E-03 7.92137E-03 1.41537E-02 1.41537E-02 1.41537E-02 1.41537E-02 1.41537E-02 2.52895E-02 2.52895E-02 2.52895E-02 2.52895E-02 2.52895E-02 4.51866E-02 4.51866E-02 4.51866E-02 4.51866E-02 4.51866E-02 4.51866E-02 8.07383E-02 8.07383E-02 8.07383E-02 8.07383E-02 8.07383E-02 8.07383E-02 8.07383E-02 1.44261E-01 1.44261E-01 1.44261E-01 1.44261E-01 1.44261E-01 1.44261E-01 2.57762E-01 2.57762E-01 2.57762E-01 2.57762E-01 2.57762E-01 2.57762E-01 4.60562E-01 4.60562E-01 4.60562E-01 4.60562E-01 4.60562E-01 4.60562E-01 
1.58489E+00 1.58489E+00 2.51189E+00 1.58489E+00 2.51189E+00 1.58489E+00 2.51189E+00 3.98107E+00 1.58489E+00 2.51189E+00 3.98107E+00 6.30957E+00 1.58489E+00 2.51189E+00 3.98107E+00 6.30957E+00 1.58489E+00 2.51189E+00 3.98107E+00 6.30957E+00 9.99999E+00 1.58489E+00 2.51189E+00 3.98107E+00 6.30957E+00 9.99999E+00 1.58489E+00 2.51189E+00 3.98107E+00 6.30957E+00 9.99999E+00 1.58489E+01 1.58489E+00 2.51189E+00 3.98107E+00 6.30957E+00 9.99999E+00 1.58489E+01 2.51189E+01 2.51189E+00 3.98107E+00 6.30957E+00 9.99999E+00 1.58489E+01 2.51189E+01 3.98107E+00 6.30957E+00 9.99999E+00 1.58489E+01 2.51189E+01 3.98107E+01 6.30957E+00 9.99999E+00 1.58489E+01 2.51189E+01 3.98107E+01 6.30957E+01 
90000 
2.19721E-04 
2.18574E-04 
5.23886E-04 
2.17473E-04 
5.22721E-04 
2.16408E-04 
5.22374E-04 
1.28413E-03 
2.15517E-04 
5.22540E-04 
1.28602E-03 
3.24507E-03 
2.15035E-04 
5.23524E-04 
1.29046E-03 
3.24847E-03 
2.15339E-04 
5.25895E-04 
1.29825E-03 
3.25560E-03 
8.22840E-03 
2.16393E-04 
5.29535E-04 
1.30903E-03 
3.26821E-03 
8.24384E-03 
2.16355E-04 
5.30837E-04 
1.31425E-03 
3.27129E-03 
8.23085E-03 
2.08036E-02 
2.11446E-04 
5.21752E-04 
1.29548E-03 
3.22549E-03 
8.09941E-03 
2.04174E-02 
5.20674E-02 
5.01938E-04 
1.25276E-03 
3.12889E-03 
7.85617E-03 
1.97843E-02 
5.02449E-02 
1.22613E-03 
3.07184E-03 
7.71417E-03 
1.94109E-02 
4.91173E-02 
1.26346E-01 
3.06707E-03 
7.69615E-03 
1.93387E-02 
4.87613E-02 
1.24138E-01 
3.24775E-01 
---
