PdfType: replica
Format: lhagrid1
---
4.34963E-04 7.77181E-04 7.77181E-04 1.38865E-03 1.38865E-03 2.48120E-03 2.48120E-03 2.48120E-03 4.43334E-03 4.43334E-03 4.43334E-03 4.43334E-03 7.92137E-03 7.92137E-03 7.92137E-03 7.92137E-03 1.41537E-02 1.41537E-02 1.41537E-02 1.41537E-02 1.41537E-02 2.52895E-02 2.52895E-02 2.52895E-02 2.52895E-02 2.52895E-02 4.51866E-02 4.51866E-02 4.51866E-02 4.51866E-02 4.51866E-02 4.51866E-02 8.07383E-02 8.07383E-02 8.07383E-02 8.07383E-02 8.07383E-02 8.07383E-02 8.07383E-02 1.44261E-01 1.44261E-01 1.44261E-01 1.44261E-01 1.44261E-01 1.44261E-01 2.57762E-01 2.57762E-01 2.57762E-01 2.57762E-01 2.57762E-01 2.57762E-01 4.60562E-01 4.60562E-01 4.60562E-01 4.60562E-01 4.60562E-01 4.60562E-01 
1.58489E+00 1.58489E+00 2.51189E+00 1.58489E+00 2.51189E+00 1.58489E+00 2.51189E+00 3.98107E+00 1.58489E+00 2.51189E+00 3.98107E+00 6.30957E+00 1.58489E+00 2.51189E+00 3.98107E+00 6.30957E+00 1.58489E+00 2.51189E+00 3.98107E+00 6.30957E+00 9.99999E+00 1.58489E+00 2.51189E+00 3.98107E+00 6.30957E+00 9.99999E+00 1.58489E+00 2.51189E+00 3.98107E+00 6.30957E+00 9.99999E+00 1.58489E+01 1.58489E+00 2.51189E+00 3.98107E+00 6.30957E+00 9.99999E+00 1.58489E+01 2.51189E+01 2.51189E+00 3.98107E+00 6.30957E+00 9.99999E+00 1.58489E+01 2.51189E+01 3.98107E+00 6.30957E+00 9.99999E+00 1.58489E+01 2.51189E+01 3.98107E+01 6.30957E+00 9.99999E+00 1.58489E+01 2.51189E+01 3.98107E+01 6.30957E+01 
90000 
2.19725E-04 
2.18572E-04 
5.23977E-04 
2.17470E-04 
5.22754E-04 
2.16395E-04 
5.22331E-04 
1.28399E-03 
2.15451E-04 
5.22338E-04 
1.28547E-03 
3.24378E-03 
2.14801E-04 
5.22939E-04 
1.28903E-03 
3.24510E-03 
2.14721E-04 
5.24518E-04 
1.29510E-03 
3.24833E-03 
8.21045E-03 
2.15183E-04 
5.27040E-04 
1.30363E-03 
3.25601E-03 
8.21535E-03 
2.14901E-04 
5.28059E-04 
1.30861E-03 
3.25913E-03 
8.20402E-03 
2.07410E-02 
2.10953E-04 
5.21131E-04 
1.29480E-03 
3.22524E-03 
8.10069E-03 
2.04237E-02 
5.20878E-02 
5.03495E-04 
1.25637E-03 
3.13767E-03 
7.87622E-03 
1.98306E-02 
5.03529E-02 
1.22589E-03 
3.07030E-03 
7.70903E-03 
1.93949E-02 
4.90693E-02 
1.26203E-01 
3.04901E-03 
7.65057E-03 
1.92226E-02 
4.84670E-02 
1.23414E-01 
3.23164E-01 
---
