PdfType: replica
Format: lhagrid1
---
4.34963E-04 7.77181E-04 7.77181E-04 1.38865E-03 1.38865E-03 2.48120E-03 2.48120E-03 2.48120E-03 4.43334E-03 4.43334E-03 4.43334E-03 4.43334E-03 7.92137E-03 7.92137E-03 7.92137E-03 7.92137E-03 1.41537E-02 1.41537E-02 1.41537E-02 1.41537E-02 1.41537E-02 2.52895E-02 2.52895E-02 2.52895E-02 2.52895E-02 2.52895E-02 4.51866E-02 4.51866E-02 4.51866E-02 4.51866E-02 4.51866E-02 4.51866E-02 8.07383E-02 8.07383E-02 8.07383E-02 8.07383E-02 8.07383E-02 8.07383E-02 8.07383E-02 1.44261E-01 1.44261E-01 1.44261E-01 1.44261E-01 1.44261E-01 1.44261E-01 2.57762E-01 2.57762E-01 2.57762E-01 2.57762E-01 2.57762E-01 2.57762E-01 4.60562E-01 4.60562E-01 4.60562E-01 4.60562E-01 4.60562E-01 4.60562E-01 
1.58489E+00 1.58489E+00 2.51189E+00 1.58489E+00 2.51189E+00 1.58489E+00 2.51189E+00 3.98107E+00 1.58489E+00 2.51189E+00 3.98107E+00 6.30957E+00 1.58489E+00 2.51189E+00 3.98107E+00 6.30957E+00 1.58489E+00 2.51189E+00 3.98107E+00 6.30957E+00 9.99999E+00 1.58489E+00 2.51189E+00 3.98107E+00 6.30957E+00 9.99999E+00 1.58489E+00 2.51189E+00 3.98107E+00 6.30957E+00 9.99999E+00 1.58489E+01 1.58489E+00 2.51189E+00 3.98107E+00 6.30957E+00 9.99999E+00 1.58489E+01 2.51189E+01 2.51189E+00 3.98107E+00 6.30957E+00 9.99999E+00 1.58489E+01 2.51189E+01 3.98107E+00 6.30957E+00 9.99999E+00 1.58489E+01 2.51189E+01 3.98107E+01 6.30957E+00 9.99999E+00 1.58489E+01 2.51189E+01 3.98107E+01 6.30957E+01 
90000 
2.19175E-04 
2.17846E-04 
5.22420E-04 
2.16483E-04 
5.20692E-04 
2.15017E-04 
5.19474E-04 
1.27787E-03 
2.13502E-04 
5.18299E-04 
1.27685E-03 
3.22432E-03 
2.12094E-04 
5.17351E-04 
1.27711E-03 
3.21864E-03 
2.11243E-04 
5.17413E-04 
1.27993E-03 
3.21467E-03 
8.13418E-03 
2.11374E-04 
5.19170E-04 
1.28638E-03 
3.21710E-03 
8.12548E-03 
2.10941E-04 
5.19125E-04 
1.28757E-03 
3.20960E-03 
8.08450E-03 
2.04515E-02 
2.05128E-04 
5.07565E-04 
1.26255E-03 
3.14869E-03 
7.91680E-03 
1.99796E-02 
5.10084E-02 
4.89778E-04 
1.22531E-03 
3.06580E-03 
7.70959E-03 
1.94406E-02 
4.94326E-02 
1.21476E-03 
3.04419E-03 
7.64937E-03 
1.92577E-02 
4.87542E-02 
1.25497E-01 
3.05281E-03 
7.66280E-03 
1.92592E-02 
4.85713E-02 
1.23687E-01 
3.23744E-01 
---
