PdfType: replica
Format: lhagrid1
---
4.34963E-04 7.77181E-04 7.77181E-04 1.38865E-03 1.38865E-03 2.48120E-03 2.48120E-03 2.48120E-03 4.43334E-03 4.43334E-03 4.43334E-03 4.43334E-03 7.92137E-03 7.92137E-03 7.92137E-03 7.92137E-03 1.41537E-02 1.41537E-02 1.41537E-02 1.41537E-02 1.41537E-02 2.52895E-02 2.52895E-02 2.52895E-02 2.52895E-02 2.52895E-02 4.51866E-02 4.51866E-02 4.51866E-02 4.51866E-02 4.51866E-02 4.51866E-02 8.07383E-02 8.07383E-02 8.07383E-02 8.07383E-02 8.07383E-02 8.07383E-02 8.07383E-02 1.44261E-01 1.44261E-01 1.44261E-01 1.44261E-01 1.44261E-01 1.44261E-01 2.57762E-01 2.57762E-01 2.57762E-01 2.57762E-01 2.57762E-01 2.57762E-01 4.60562E-01 4.60562E-01 4.60562E-01 4.60562E-01 4.60562E-01 4.60562E-01 
1.58489E+00 1.58489E+00 2.51189E+00 1.58489E+00 2.51189E+00 1.58489E+00 2.51189E+00 3.98107E+00 1.58489E+00 2.51189E+00 3.98107E+00 6.30957E+00 1.58489E+00 2.51189E+00 3.98107E+00 6.30957E+00 1.58489E+00 2.51189E+00 3.98107E+00 6.30957E+00 9.99999E+00 1.58489E+00 2.51189E+00 3.98107E+00 6.30957E+00 9.99999E+00 1.58489E+00 2.51189E+00 3.98107E+00 6.30957E+00 9.99999E+00 1.58489E+01 1.58489E+00 2.51189E+00 3.98107E+00 6.30957E+00 9.99999E+00 1.58489E+01 2.51189E+01 2.51189E+00 3.98107E+00 6.30957E+00 9.99999E+00 1.58489E+01 2.51189E+01 3.98107E+00 6.30957E+00 9.99999E+00 1.58489E+01 2.51189E+01 3.98107E+01 6.30957E+00 9.99999E+00 1.58489E+01 2.51189E+01 3.98107E+01 6.30957E+01 
90000 
2.19778E-04 
2.18589E-04 
5.23748E-04 
2.17437E-04 
5.22479E-04 
2.16317E-04 
5.22018E-04 
1.28334E-03 
2.15364E-04 
5.22053E-04 
1.28495E-03 
3.24320E-03 
2.14786E-04 
5.22860E-04 
1.28906E-03 
3.24555E-03 
2.14898E-04 
5.24972E-04 
1.29646E-03 
3.25189E-03 
8.22241E-03 
2.15686E-04 
5.28438E-04 
1.30724E-03 
3.26536E-03 
8.23919E-03 
2.15852E-04 
5.30489E-04 
1.31436E-03 
3.27341E-03 
8.23769E-03 
2.08253E-02 
2.12049E-04 
5.23368E-04 
1.29950E-03 
3.23534E-03 
8.12426E-03 
2.04803E-02 
5.22291E-02 
5.04242E-04 
1.25822E-03 
3.14159E-03 
7.88777E-03 
1.98631E-02 
5.04433E-02 
1.23130E-03 
3.08548E-03 
7.74847E-03 
1.94978E-02 
4.93411E-02 
1.26947E-01 
3.08693E-03 
7.74901E-03 
1.94757E-02 
4.91102E-02 
1.25007E-01 
3.26812E-01 
---
