PdfType: replica
Format: lhagrid1
---
4.34963E-04 7.77181E-04 7.77181E-04 1.38865E-03 1.38865E-03 2.48120E-03 2.48120E-03 2.48120E-03 4.43334E-03 4.43334E-03 4.43334E-03 4.43334E-03 7.92137E-03 7.92137E-03 7.92137E-03 7.92137E-03 1.41537E-02 1.41537E-02 1.41537E-02 1.41537E-02 1.41537E-02 2.52895E-02 2.52895E-02 2.52895E-02 2.52895E-02 2.52895E-02 4.51866E-02 4.51866E-02 4.51866E-02 4.51866E-02 4.51866E-02 4.51866E-02 8.07383E-02 8.07383E-02 8.07383E-02 8.07383E-02 8.07383E-02 8.07383E-02 8.07383E-02 1.44261E-01 1.44261E-01 1.44261E-01 1.44261E-01 1.44261E-01 1.44261E-01 2.57762E-01 2.57762E-01 2.57762E-01 2.57762E-01 2.57762E-01 2.57762E-01 4.60562E-01 4.60562E-01 4.60562E-01 4.60562E-01 4.60562E-01 4.60562E-01 
1.58489E+00 1.58489E+00 2.51189E+00 1.58489E+00 2.51189E+00 1.58489E+00 2.51189E+00 3.98107E+00 1.58489E+00 2.51189E+00 3.98107E+00 6.30957E+00 1.58489E+00 2.51189E+00 3.98107E+00 6.30957E+00 1.58489E+00 2.51189E+00 3.98107E+00 6.30957E+00 9.99999E+00 1.58489E+00 2.51189E+00 3.98107E+00 6.30957E+00 9.99999E+00 1.58489E+00 2.51189E+00 3.98107E+00 6.30957E+00 9.99999E+00 1.58489E+01 1.58489E+00 2.51189E+00 3.98107E+00 6.30957E+00 9.99999E+00 1.58489E+01 2.51189E+01 2.51189E+00 3.98107E+00 6.30957E+00 9.99999E+00 1.58489E+01 2.51189E+01 3.98107E+00 6.30957E+00 9.99999E+00 1.58489E+01 2.51189E+01 3.98107E+01 6.30957E+00 9.99999E+00 1.58489E+01 2.51189E+01 3.98107E+01 6.30957E+01 
90000 
2.19872E-04 
2.18702E-04 
5.24112E-04 
2.17580E-04 
5.22926E-04 
2.16518E-04 
5.22622E-04 
1.28452E-03 
2.15693E-04 
5.22960E-04 
1.28688E-03 
3.24625E-03 
2.15406E-04 
5.24350E-04 
1.29226E-03 
3.25176E-03 
2.16076E-04 
5.27403E-04 
1.30148E-03 
3.26200E-03 
8.24129E-03 
2.17458E-04 
5.31572E-04 
1.31321E-03 
3.27674E-03 
8.26128E-03 
2.16964E-04 
5.31803E-04 
1.31572E-03 
3.27383E-03 
8.23305E-03 
2.08021E-02 
2.10456E-04 
5.19204E-04 
1.28887E-03 
3.20925E-03 
8.05796E-03 
2.03134E-02 
5.18129E-02 
4.97383E-04 
1.24197E-03 
3.10289E-03 
7.79467E-03 
1.96383E-02 
4.99001E-02 
1.21954E-03 
3.05566E-03 
7.67513E-03 
1.93166E-02 
4.88922E-02 
1.25838E-01 
3.05324E-03 
7.66353E-03 
1.92595E-02 
4.85687E-02 
1.23678E-01 
3.23774E-01 
---
