PdfType: replica
Format: lhagrid1
---
4.34963E-04 7.77181E-04 7.77181E-04 1.38865E-03 1.38865E-03 2.48120E-03 2.48120E-03 2.48120E-03 4.43334E-03 4.43334E-03 4.43334E-03 4.43334E-03 7.92137E-03 7.92137E-03 7.92137E-03 7.92137E-03 1.41537E-02 1.41537E-02 1.41537E-02 1.41537E-02 1.41537E-02 2.52895E-02 2.52895E-02 2.52895E-02 2.52895E-02 2.52895E-02 4.51866E-02 4.51866E-02 4.51866E-02 4.51866E-02 4.51866E-02 4.51866E-02 8.07383E-02 8.07383E-02 8.07383E-02 8.07383E-02 8.07383E-02 8.07383E-02 8.07383E-02 1.44261E-01 1.44261E-01 1.44261E-01 1.44261E-01 1.44261E-01 1.44261E-01 2.57762E-01 2.57762E-01 2.57762E-01 2.57762E-01 2.57762E-01 2.57762E-01 4.60562E-01 4.60562E-01 4.60562E-01 4.60562E-01 4.60562E-01 4.60562E-01 
1.58489E+00 1.58489E+00 2.51189E+00 1.58489E+00 2.51189E+00 1.58489E+00 2.51189E+00 3.98107E+00 1.58489E+00 2.51189E+00 3.98107E+00 6.30957E+00 1.58489E+00 2.51189E+00 3.98107E+00 6.30957E+00 1.58489E+00 2.51189E+00 3.98107E+00 6.30957E+00 9.99999E+00 1.58489E+00 2.51189E+00 3.98107E+00 6.30957E+00 9.99999E+00 1.58489E+00 2.51189E+00 3.98107E+00 6.30957E+00 9.99999E+00 1.58489E+01 1.58489E+00 2.51189E+00 3.98107E+00 6.30957E+00 9.99999E+00 1.58489E+01 2.51189E+01 2.51189E+00 3.98107E+00 6.30957E+00 9.99999E+00 1.58489E+01 2.51189E+01 3.98107E+00 6.30957E+00 9.99999E+00 1.58489E+01 2.51189E+01 3.98107E+01 6.30957E+00 9.99999E+00 1.58489E+01 2.51189E+01 3.98107E+01 6.30957E+01 
90000 
2.19570E-04 
2.18267E-04 
5.23484E-04 
2.16968E-04 
5.21985E-04 
2.15680E-04 
5.21247E-04 
1.28197E-03 
2.14585E-04 
5.21037E-04 
1.28318E-03 
3.23881E-03 
2.14031E-04 
5.21877E-04 
1.28741E-03 
3.24189E-03 
2.14611E-04 
5.24790E-04 
1.29643E-03 
3.25186E-03 
8.22010E-03 
2.16445E-04 
5.29955E-04 
1.31037E-03 
3.27166E-03 
8.25149E-03 
2.16937E-04 
5.32065E-04 
1.31663E-03 
3.27655E-03 
8.23973E-03 
2.08177E-02 
2.10730E-04 
5.19756E-04 
1.29005E-03 
3.21160E-03 
8.06361E-03 
2.03256E-02 
5.18281E-02 
4.97800E-04 
1.24369E-03 
3.10783E-03 
7.80876E-03 
1.96757E-02 
4.99917E-02 
1.22556E-03 
3.07177E-03 
7.71509E-03 
1.94154E-02 
4.91359E-02 
1.26435E-01 
3.06910E-03 
7.70242E-03 
1.93553E-02 
4.88044E-02 
1.24252E-01 
3.25121E-01 
---
