PdfType: replica
Format: lhagrid1
---
4.34963E-04 7.77181E-04 7.77181E-04 1.38865E-03 1.38865E-03 2.48120E-03 2.48120E-03 2.48120E-03 4.43334E-03 4.43334E-03 4.43334E-03 4.43334E-03 7.92137E-03 7.92137E-03 7.92137E-03 7.92137E-03 1.41537E-02 1.41537E-02 1.41537E-02 1.41537E-02 1.41537E-02 2.52895E-02 2.52895E-02 2.52895E-02 2.52895E-02 2.52895E-02 4.51866E-02 4.51866E-02 4.51866E-02 4.51866E-02 4.51866E-02 4.51866E-02 8.07383E-02 8.07383E-02 8.07383E-02 8.07383E-02 8.07383E-02 8.07383E-02 8.07383E-02 1.44261E-01 1.44261E-01 1.44261E-01 1.44261E-01 1.44261E-01 1.44261E-01 2.57762E-01 2.57762E-01 2.57762E-01 2.57762E-01 2.57762E-01 2.57762E-01 4.60562E-01 4.60562E-01 4.60562E-01 4.60562E-01 4.60562E-01 4.60562E-01 
1.58489E+00 1.58489E+00 2.51189E+00 1.58489E+00 2.51189E+00 1.58489E+00 2.51189E+00 3.98107E+00 1.58489E+00 2.51189E+00 3.98107E+00 6.30957E+00 1.58489E+00 2.51189E+00 3.98107E+00 6.30957E+00 1.58489E+00 2.51189E+00 3.98107E+00 6.30957E+00 9.99999E+00 1.58489E+00 2.51189E+00 3.98107E+00 6.30957E+00 9.99999E+00 1.58489E+00 2.51189E+00 3.98107E+00 6.30957E+00 9.99999E+00 1.58489E+01 1.58489E+00 2.51189E+00 3.98107E+00 6.30957E+00 9.99999E+00 1.58489E+01 2.51189E+01 2.51189E+00 3.98107E+00 6.30957E+00 9.99999E+00 1.58489E+01 2.51189E+01 3.98107E+00 6.30957E+00 9.99999E+00 1.58489E+01 2.51189E+01 3.98107E+01 6.30957E+00 9.99999E+00 1.58489E+01 2.51189E+01 3.98107E+01 6.30957E+01 
90000 
2.19916E-04 
2.18816E-04 
5.24428E-04 
2.17801E-04 
5.23441E-04 
2.16886E-04 
5.23417E-04 
1.28637E-03 
2.16239E-04 
5.24110E-04 
1.28944E-03 
3.25225E-03 
2.16116E-04 
5.25852E-04 
1.29555E-03 
3.25925E-03 
2.16835E-04 
5.29048E-04 
1.30507E-03 
3.27026E-03 
8.26046E-03 
2.18076E-04 
5.32944E-04 
1.31620E-03 
3.28372E-03 
8.27711E-03 
2.17453E-04 
5.32869E-04 
1.31815E-03 
3.27945E-03 
8.24682E-03 
2.04332E-02 
2.11181E-04 
5.20899E-04 
1.29303E-03 
3.21926E-03 
8.08301E-03 
2.04931E-02 
5.19640E-02 
4.99663E-04 
1.24758E-03 
3.11681E-03 
7.82827E-03 
1.96163E-02 
5.00904E-02 
1.22333E-03 
3.06587E-03 
7.70173E-03 
1.93029E-02 
4.90532E-02 
1.26213E-01 
3.06834E-03 
7.70449E-03 
1.92985E-02 
4.88313E-02 
1.24322E-01 
3.25183E-01 
---
