PdfType: replica
Format: lhagrid1
---
4.34963E-04 7.77181E-04 7.77181E-04 1.38865E-03 1.38865E-03 2.48120E-03 2.48120E-03 2.48120E-03 4.43334E-03 4.43334E-03 4.43334E-03 4.43334E-03 7.92137E-03 7.92137E-03 7.92137E-03 7.92137E-03 1.41537E-02 1.41537E-02 1.41537E-02 1.41537E-02 1.41537E-02 2.52895E-02 2.52895E-02 2.52895E-02 2.52895E-02 2.52895E-02 4.51866E-02 4.51866E-02 4.51866E-02 4.51866E-02 4.51866E-02 4.51866E-02 8.07383E-02 8.07383E-02 8.07383E-02 8.07383E-02 8.07383E-02 8.07383E-02 8.07383E-02 1.44261E-01 1.44261E-01 1.44261E-01 1.44261E-01 1.44261E-01 1.44261E-01 2.57762E-01 2.57762E-01 2.57762E-01 2.57762E-01 2.57762E-01 2.57762E-01 4.60562E-01 4.60562E-01 4.60562E-01 4.60562E-01 4.60562E-01 4.60562E-01 
1.58489E+00 1.58489E+00 2.51189E+00 1.58489E+00 2.51189E+00 1.58489E+00 2.51189E+00 3.98107E+00 1.58489E+00 2.51189E+00 3.98107E+00 6.30957E+00 1.58489E+00 2.51189E+00 3.98107E+00 6.30957E+00 1.58489E+00 2.51189E+00 3.98107E+00 6.30957E+00 9.99999E+00 1.58489E+00 2.51189E+00 3.98107E+00 6.30957E+00 9.99999E+00 1.58489E+00 2.51189E+00 3.98107E+00 6.30957E+00 9.99999E+00 1.58489E+01 1.58489E+00 2.51189E+00 3.98107E+00 6.30957E+00 9.99999E+00 1.58489E+01 2.51189E+01 2.51189E+00 3.98107E+00 6.30957E+00 9.99999E+00 1.58489E+01 2.51189E+01 3.98107E+00 6.30957E+00 9.99999E+00 1.58489E+01 2.51189E+01 3.98107E+01 6.30957E+00 9.99999E+00 1.58489E+01 2.51189E+01 3.98107E+01 6.30957E+01 
90000 
2.19592E-04 
2.18345E-04 
5.23514E-04 
2.17143E-04 
5.22181E-04 
2.16010E-04 
5.21747E-04 
1.28293E-03 
2.15158E-04 
5.22038E-04 
1.28518E-03 
3.24330E-03 
2.14963E-04 
5.23613E-04 
1.29095E-03 
3.24959E-03 
2.15977E-04 
5.27346E-04 
1.30161E-03 
3.26289E-03 
8.24462E-03 
2.18043E-04 
5.32842E-04 
1.31613E-03 
3.28357E-03 
8.27785E-03 
2.18180E-04 
5.34292E-04 
1.32121E-03 
3.28611E-03 
8.26178E-03 
2.08674E-02 
2.11572E-04 
5.21643E-04 
1.29462E-03 
3.22252E-03 
8.09041E-03 
2.03903E-02 
5.19758E-02 
5.00456E-04 
1.25008E-03 
3.12359E-03 
7.84674E-03 
1.97674E-02 
5.02098E-02 
1.23167E-03 
3.08668E-03 
7.75169E-03 
1.95056E-02 
4.93571E-02 
1.26963E-01 
3.08387E-03 
7.73954E-03 
1.94481E-02 
4.90356E-02 
1.24820E-01 
3.26454E-01 
---
