PdfType: replica
Format: lhagrid1
---
4.34963E-04 7.77181E-04 7.77181E-04 1.38865E-03 1.38865E-03 2.48120E-03 2.48120E-03 2.48120E-03 4.43334E-03 4.43334E-03 4.43334E-03 4.43334E-03 7.92137E-03 7.92137E-03 7.92137E-03 7.92137E-03 1.41537E-02 1.41537E-02 1.41537E-02 1.41537E-02 1.41537E-02 2.52895E-02 2.52895E-02 2.52895E-02 2.52895E-02 2.52895E-02 4.51866E-02 4.51866E-02 4.51866E-02 4.51866E-02 4.51866E-02 4.51866E-02 8.07383E-02 8.07383E-02 8.07383E-02 8.07383E-02 8.07383E-02 8.07383E-02 8.07383E-02 1.44261E-01 1.44261E-01 1.44261E-01 1.44261E-01 1.44261E-01 1.44261E-01 2.57762E-01 2.57762E-01 2.57762E-01 2.57762E-01 2.57762E-01 2.57762E-01 4.60562E-01 4.60562E-01 4.60562E-01 4.60562E-01 4.60562E-01 4.60562E-01 
1.58489E+00 1.58489E+00 2.51189E+00 1.58489E+00 2.51189E+00 1.58489E+00 2.51189E+00 3.98107E+00 1.58489E+00 2.51189E+00 3.98107E+00 6.30957E+00 1.58489E+00 2.51189E+00 3.98107E+00 6.30957E+00 1.58489E+00 2.51189E+00 3.98107E+00 6.30957E+00 9.99999E+00 1.58489E+00 2.51189E+00 3.98107E+00 6.30957E+00 9.99999E+00 1.58489E+00 2.51189E+00 3.98107E+00 6.30957E+00 9.99999E+00 1.58489E+01 1.58489E+00 2.51189E+00 3.98107E+00 6.30957E+00 9.99999E+00 1.58489E+01 2.51189E+01 2.51189E+00 3.98107E+00 6.30957E+00 9.99999E+00 1.58489E+01 2.51189E+01 3.98107E+00 6.30957E+00 9.99999E+00 1.58489E+01 2.51189E+01 3.98107E+01 6.30957E+00 9.99999E+00 1.58489E+01 2.51189E+01 3.98107E+01 6.30957E+01 
90000 
2.19395E-04 
2.18126E-04 
5.23155E-04 
2.16866E-04 
5.21695E-04 
2.15599E-04 
5.20943E-04 
1.28117E-03 
2.14461E-04 
5.20578E-04 
1.28195E-03 
3.23547E-03 
2.13699E-04 
5.20921E-04 
1.28497E-03 
3.23584E-03 
2.13722E-04 
5.22585E-04 
1.29106E-03 
3.23902E-03 
8.18860E-03 
2.14448E-04 
5.25290E-04 
1.29934E-03 
3.24550E-03 
8.18920E-03 
2.13561E-04 
5.24417E-04 
1.29902E-03 
3.23524E-03 
8.14325E-03 
2.05887E-02 
2.07030E-04 
5.11750E-04 
1.27215E-03 
3.17082E-03 
7.96925E-03 
2.01052E-02 
5.13126E-02 
4.93271E-04 
1.23338E-03 
3.08443E-03 
7.75406E-03 
1.95477E-02 
4.96942E-02 
1.22084E-03 
3.05996E-03 
7.68809E-03 
1.93536E-02 
4.89941E-02 
1.26106E-01 
3.07388E-03 
7.71817E-03 
1.94018E-02 
4.89345E-02 
1.24596E-01 
3.25925E-01 
---
