PdfType: replica
Format: lhagrid1
---
4.34963E-04 7.77181E-04 7.77181E-04 1.38865E-03 1.38865E-03 2.48120E-03 2.48120E-03 2.48120E-03 4.43334E-03 4.43334E-03 4.43334E-03 4.43334E-03 7.92137E-03 7.92137E-03 7.92137E-03 7.92137E-03 1.41537E-02 1.41537E-02 1.41537E-02 1.41537E-02 1.41537E-02 2.52895E-02 2.52895E-02 2.52895E-02 2.52895E-02 2.52895E-02 4.51866E-02 4.51866E-02 4.51866E-02 4.51866E-02 4.51866E-02 4.51866E-02 8.07383E-02 8.07383E-02 8.07383E-02 8.07383E-02 8.07383E-02 8.07383E-02 8.07383E-02 1.44261E-01 1.44261E-01 1.44261E-01 1.44261E-01 1.44261E-01 1.44261E-01 2.57762E-01 2.57762E-01 2.57762E-01 2.57762E-01 2.57762E-01 2.57762E-01 4.60562E-01 4.60562E-01 4.60562E-01 4.60562E-01 4.60562E-01 4.60562E-01 
1.58489E+00 1.58489E+00 2.51189E+00 1.58489E+00 2.51189E+00 1.58489E+00 2.51189E+00 3.98107E+00 1.58489E+00 2.51189E+00 3.98107E+00 6.30957E+00 1.58489E+00 2.51189E+00 3.98107E+00 6.30957E+00 1.58489E+00 2.51189E+00 3.98107E+00 6.30957E+00 9.99999E+00 1.58489E+00 2.51189E+00 3.98107E+00 6.30957E+00 9.99999E+00 1.58489E+00 2.51189E+00 3.98107E+00 6.30957E+00 9.99999E+00 1.58489E+01 1.58489E+00 2.51189E+00 3.98107E+00 6.30957E+00 9.99999E+00 1.58489E+01 2.51189E+01 2.51189E+00 3.98107E+00 6.30957E+00 9.99999E+00 1.58489E+01 2.51189E+01 3.98107E+00 6.30957E+00 9.99999E+00 1.58489E+01 2.51189E+01 3.98107E+01 6.30957E+00 9.99999E+00 1.58489E+01 2.51189E+01 3.98107E+01 6.30957E+01 
90000 
2.19214E-04 
2.17964E-04 
5.22734E-04 
2.16769E-04 
5.21343E-04 
2.15610E-04 
5.20768E-04 
1.28077E-03 
2.14611E-04 
5.20693E-04 
1.28214E-03 
3.23622E-03 
2.14014E-04 
5.21472E-04 
1.28619E-03 
3.23892E-03 
2.14314E-04 
5.23922E-04 
1.29420E-03 
3.24662E-03 
8.20714E-03 
2.15713E-04 
5.28199E-04 
1.30611E-03 
3.26127E-03 
8.22638E-03 
2.15894E-04 
5.29351E-04 
1.30997E-03 
3.25987E-03 
8.20002E-03 
2.07205E-02 
2.09230E-04 
5.16161E-04 
1.28156E-03 
3.19171E-03 
8.01574E-03 
2.02092E-02 
5.15415E-02 
4.94120E-04 
1.23496E-03 
3.08824E-03 
7.76072E-03 
1.95583E-02 
4.97025E-02 
1.21774E-03 
3.05127E-03 
7.66614E-03 
1.92972E-02 
4.88440E-02 
1.25678E-01 
3.05126E-03 
7.65877E-03 
1.92479E-02 
4.85390E-02 
1.23592E-01 
3.23456E-01 
---
