PdfType: replica
Format: lhagrid1
---
4.34963E-04 7.77181E-04 7.77181E-04 1.38865E-03 1.38865E-03 2.48120E-03 2.48120E-03 2.48120E-03 4.43334E-03 4.43334E-03 4.43334E-03 4.43334E-03 7.92137E-03 7.92137E-03 7.92137E-03 7.92137E-03 1.41537E-02 1.41537E-02 1.41537E-02 1.41537E-02 1.41537E-02 2.52895E-02 2.52895E-02 2.52895E-02 2.52895E-02 2.52895E-02 4.51866E-02 4.51866E-02 4.51866E-02 4.51866E-02 4.51866E-02 4.51866E-02 8.07383E-02 8.07383E-02 8.07383E-02 8.07383E-02 8.07383E-02 8.07383E-02 8.07383E-02 1.44261E-01 1.44261E-01 1.44261E-01 1.44261E-01 1.44261E-01 1.44261E-01 2.57762E-01 2.57762E-01 2.57762E-01 2.57762E-01 2.57762E-01 2.57762E-01 4.60562E-01 4.60562E-01 4.60562E-01 4.60562E-01 4.60562E-01 4.60562E-01 
1.58489E+00 1.58489E+00 2.51189E+00 1.58489E+00 2.51189E+00 1.58489E+00 2.51189E+00 3.98107E+00 1.58489E+00 2.51189E+00 3.98107E+00 6.30957E+00 1.58489E+00 2.51189E+00 3.98107E+00 6.30957E+00 1.58489E+00 2.51189E+00 3.98107E+00 6.30957E+00 9.99999E+00 1.58489E+00 2.51189E+00 3.98107E+00 6.30957E+00 9.99999E+00 1.58489E+00 2.51189E+00 3.98107E+00 6.30957E+00 9.99999E+00 1.58489E+01 1.58489E+00 2.51189E+00 3.98107E+00 6.30957E+00 9.99999E+00 1.58489E+01 2.51189E+01 2.51189E+00 3.98107E+00 6.30957E+00 9.99999E+00 1.58489E+01 2.51189E+01 3.98107E+00 6.30957E+00 9.99999E+00 1.58489E+01 2.51189E+01 3.98107E+01 6.30957E+00 9.99999E+00 1.58489E+01 2.51189E+01 3.98107E+01 6.30957E+01 
90000 
2.21253E-04 
2.19894E-04 
5.25641E-04 
2.18507E-04 
5.24043E-04 
2.17086E-04 
5.23196E-04 
1.28524E-03 
2.15798E-04 
5.22780E-04 
1.28609E-03 
3.24462E-03 
2.14929E-04 
5.23155E-04 
1.28944E-03 
3.24562E-03 
2.14921E-04 
5.24979E-04 
1.29617E-03 
3.25040E-03 
8.21438E-03 
2.15738E-04 
5.28124E-04 
1.30586E-03 
3.26057E-03 
8.22454E-03 
2.15339E-04 
5.28644E-04 
1.30928E-03 
3.25985E-03 
8.20281E-03 
2.07313E-02 
2.09955E-04 
5.18695E-04 
1.28883E-03 
3.21093E-03 
8.06557E-03 
2.03365E-02 
5.18619E-02 
5.00708E-04 
1.25063E-03 
3.12514E-03 
7.84966E-03 
1.97732E-02 
5.02251E-02 
1.22921E-03 
3.07873E-03 
7.73016E-03 
1.94481E-02 
4.92057E-02 
1.26570E-01 
3.05545E-03 
7.66471E-03 
1.92547E-02 
4.85415E-02 
1.23581E-01 
3.23500E-01 
---
