PdfType: replica
Format: lhagrid1
---
4.34963E-04 7.77181E-04 7.77181E-04 1.38865E-03 1.38865E-03 2.48120E-03 2.48120E-03 2.48120E-03 4.43334E-03 4.43334E-03 4.43334E-03 4.43334E-03 7.92137E-03 7.92137E-03 7.92137E-03 7.92137E-03 1.41537E-02 1.41537E-02 1.41537E-02 1.41537E-02 1.41537E-02 2.52895E-02 2.52895E-02 2.52895E-02 2.52895E-02 2.52895E-02 4.51866E-02 4.51866E-02 4.51866E-02 4.51866E-02 4.51866E-02 4.51866E-02 8.07383E-02 8.07383E-02 8.07383E-02 8.07383E-02 8.07383E-02 8.07383E-02 8.07383E-02 1.44261E-01 1.44261E-01 1.44261E-01 1.44261E-01 1.44261E-01 1.44261E-01 2.57762E-01 2.57762E-01 2.57762E-01 2.57762E-01 2.57762E-01 2.57762E-01 4.60562E-01 4.60562E-01 4.60562E-01 4.60562E-01 4.60562E-01 4.60562E-01 
1.58489E+00 1.58489E+00 2.51189E+00 1.58489E+00 2.51189E+00 1.58489E+00 2.51189E+00 3.98107E+00 1.58489E+00 2.51189E+00 3.98107E+00 6.30957E+00 1.58489E+00 2.51189E+00 3.98107E+00 6.30957E+00 1.58489E+00 2.51189E+00 3.98107E+00 6.30957E+00 9.99999E+00 1.58489E+00 2.51189E+00 3.98107E+00 6.30957E+00 9.99999E+00 1.58489E+00 2.51189E+00 3.98107E+00 6.30957E+00 9.99999E+00 1.58489E+01 1.58489E+00 2.51189E+00 3.98107E+00 6.30957E+00 9.99999E+00 1.58489E+01 2.51189E+01 2.51189E+00 3.98107E+00 6.30957E+00 9.99999E+00 1.58489E+01 2.51189E+01 3.98107E+00 6.30957E+00 9.99999E+00 1.58489E+01 2.51189E+01 3.98107E+01 6.30957E+00 9.99999E+00 1.58489E+01 2.51189E+01 3.98107E+01 6.30957E+01 
90000 
2.19434E-04 
2.18241E-04 
5.23491E-04 
2.17110E-04 
5.22245E-04 
2.16034E-04 
5.21848E-04 
1.28318E-03 
2.15140E-04 
5.21977E-04 
1.28497E-03 
3.24210E-03 
2.14636E-04 
5.22878E-04 
1.28922E-03 
3.24506E-03 
2.14834E-04 
5.25003E-04 
1.29647E-03 
3.25115E-03 
8.21556E-03 
2.15647E-04 
5.28192E-04 
1.30634E-03 
3.26225E-03 
8.22860E-03 
2.15470E-04 
5.29345E-04 
1.31144E-03 
3.26593E-03 
8.21844E-03 
2.07705E-02 
2.11079E-04 
5.21397E-04 
1.29528E-03 
3.22649E-03 
8.10283E-03 
2.04264E-02 
5.20815E-02 
5.03156E-04 
1.25574E-03 
3.13637E-03 
7.87462E-03 
1.98294E-02 
5.03511E-02 
1.22846E-03 
3.07711E-03 
7.72729E-03 
1.94429E-02 
4.91922E-02 
1.26502E-01 
3.06634E-03 
7.69526E-03 
1.93364E-02 
4.87525E-02 
1.24103E-01 
3.24636E-01 
---
