PdfType: replica
Format: lhagrid1
---
4.34963E-04 7.77181E-04 7.77181E-04 1.38865E-03 1.38865E-03 2.48120E-03 2.48120E-03 2.48120E-03 4.43334E-03 4.43334E-03 4.43334E-03 4.43334E-03 7.92137E-03 7.92137E-03 7.92137E-03 7.92137E-03 1.41537E-02 1.41537E-02 1.41537E-02 1.41537E-02 1.41537E-02 2.52895E-02 2.52895E-02 2.52895E-02 2.52895E-02 2.52895E-02 4.51866E-02 4.51866E-02 4.51866E-02 4.51866E-02 4.51866E-02 4.51866E-02 8.07383E-02 8.07383E-02 8.07383E-02 8.07383E-02 8.07383E-02 8.07383E-02 8.07383E-02 1.44261E-01 1.44261E-01 1.44261E-01 1.44261E-01 1.44261E-01 1.44261E-01 2.57762E-01 2.57762E-01 2.57762E-01 2.57762E-01 2.57762E-01 2.57762E-01 4.60562E-01 4.60562E-01 4.60562E-01 4.60562E-01 4.60562E-01 4.60562E-01 
1.58489E+00 1.58489E+00 2.51189E+00 1.58489E+00 2.51189E+00 1.58489E+00 2.51189E+00 3.98107E+00 1.58489E+00 2.51189E+00 3.98107E+00 6.30957E+00 1.58489E+00 2.51189E+00 3.98107E+00 6.30957E+00 1.58489E+00 2.51189E+00 3.98107E+00 6.30957E+00 9.99999E+00 1.58489E+00 2.51189E+00 3.98107E+00 6.30957E+00 9.99999E+00 1.58489E+00 2.51189E+00 3.98107E+00 6.30957E+00 9.99999E+00 1.58489E+01 1.58489E+00 2.51189E+00 3.98107E+00 6.30957E+00 9.99999E+00 1.58489E+01 2.51189E+01 2.51189E+00 3.98107E+00 6.30957E+00 9.99999E+00 1.58489E+01 2.51189E+01 3.98107E+00 6.30957E+00 9.99999E+00 1.58489E+01 2.51189E+01 3.98107E+01 6.30957E+00 9.99999E+00 1.58489E+01 2.51189E+01 3.98107E+01 6.30957E+01 
90000 
2.19492E-04 
2.18346E-04 
5.23370E-04 
2.17263E-04 
5.22224E-04 
2.16224E-04 
5.21914E-04 
1.28314E-03 
2.15345E-04 
5.22090E-04 
1.28500E-03 
3.24284E-03 
2.14799E-04 
5.22933E-04 
1.28909E-03 
3.24523E-03 
2.14849E-04 
5.24791E-04 
1.29575E-03 
3.24973E-03 
8.21411E-03 
2.15383E-04 
5.27444E-04 
1.30448E-03 
3.25798E-03 
8.21982E-03 
2.14971E-04 
5.28167E-04 
1.30874E-03 
3.25958E-03 
8.20481E-03 
2.07427E-02 
2.10777E-04 
5.20754E-04 
1.29392E-03 
3.22343E-03 
8.09675E-03 
2.04149E-02 
5.20659E-02 
5.03381E-04 
1.25621E-03 
3.13743E-03 
7.87666E-03 
1.98335E-02 
5.03611E-02 
1.22702E-03 
3.07319E-03 
7.71715E-03 
1.94168E-02 
4.91251E-02 
1.26326E-01 
3.06031E-03 
7.67896E-03 
1.92946E-02 
4.86477E-02 
1.23849E-01 
3.24072E-01 
---
