PdfType: replica
Format: lhagrid1
---
4.34963E-04 7.77181E-04 7.77181E-04 1.38865E-03 1.38865E-03 2.48120E-03 2.48120E-03 2.48120E-03 4.43334E-03 4.43334E-03 4.43334E-03 4.43334E-03 7.92137E-03 7.92137E-03 7.92137E-03 7.92137E-03 1.41537E-02 1.41537E-02 1.41537E-02 1.41537E-02 1.41537E-02 2.52895E-02 2.52895E-02 2.52895E-02 2.52895E-02 2.52895E-02 4.51866E-02 4.51866E-02 4.51866E-02 4.51866E-02 4.51866E-02 4.51866E-02 8.07383E-02 8.07383E-02 8.07383E-02 8.07383E-02 8.07383E-02 8.07383E-02 8.07383E-02 1.44261E-01 1.44261E-01 1.44261E-01 1.44261E-01 1.44261E-01 1.44261E-01 2.57762E-01 2.57762E-01 2.57762E-01 2.57762E-01 2.57762E-01 2.57762E-01 4.60562E-01 4.60562E-01 4.60562E-01 4.60562E-01 4.60562E-01 4.60562E-01 
1.58489E+00 1.58489E+00 2.51189E+00 1.58489E+00 2.51189E+00 1.58489E+00 2.51189E+00 3.98107E+00 1.58489E+00 2.51189E+00 3.98107E+00 6.30957E+00 1.58489E+00 2.51189E+00 3.98107E+00 6.30957E+00 1.58489E+00 2.51189E+00 3.98107E+00 6.30957E+00 9.99999E+00 1.58489E+00 2.51189E+00 3.98107E+00 6.30957E+00 9.99999E+00 1.58489E+00 2.51189E+00 3.98107E+00 6.30957E+00 9.99999E+00 1.58489E+01 1.58489E+00 2.51189E+00 3.98107E+00 6.30957E+00 9.99999E+00 1.58489E+01 2.51189E+01 2.51189E+00 3.98107E+00 6.30957E+00 9.99999E+00 1.58489E+01 2.51189E+01 3.98107E+00 6.30957E+00 9.99999E+00 1.58489E+01 2.51189E+01 3.98107E+01 6.30957E+00 9.99999E+00 1.58489E+01 2.51189E+01 3.98107E+01 6.30957E+01 
90000 
2.19258E-04 
2.17951E-04 
5.22667E-04 
2.16662E-04 
5.21150E-04 
2.15389E-04 
5.20414E-04 
1.28001E-03 
2.14303E-04 
5.20207E-04 
1.28120E-03 
3.23392E-03 
2.13721E-04 
5.20992E-04 
1.28532E-03 
3.23651E-03 
2.14159E-04 
5.23646E-04 
1.29383E-03 
3.24516E-03 
8.20373E-03 
2.15632E-04 
5.28234E-04 
1.30675E-03 
3.26309E-03 
8.23165E-03 
2.15890E-04 
5.30229E-04 
1.31328E-03 
3.27000E-03 
8.22624E-03 
2.07879E-02 
2.10549E-04 
5.20016E-04 
1.29169E-03 
3.21754E-03 
8.08023E-03 
2.03704E-02 
5.19455E-02 
5.00959E-04 
1.25125E-03 
3.12642E-03 
7.85405E-03 
1.97865E-02 
5.02616E-02 
1.23280E-03 
3.08794E-03 
7.75303E-03 
1.95054E-02 
4.93485E-02 
1.26918E-01 
3.07127E-03 
7.70396E-03 
1.93525E-02 
4.87836E-02 
1.24162E-01 
3.24746E-01 
---
