PdfType: replica
Format: lhagrid1
---
4.34963E-04 7.77181E-04 7.77181E-04 1.38865E-03 1.38865E-03 2.48120E-03 2.48120E-03 2.48120E-03 4.43334E-03 4.43334E-03 4.43334E-03 4.43334E-03 7.92137E-03 7.92137E-03 7.92137E-03 7.92137E-03 1.41537E-02 1.41537E-02 1.41537E-02 1.41537E-02 1.41537E-02 2.52895E-02 2.52895E-02 2.52895E-02 2.52895E-02 2.52895E-02 4.51866E-02 4.51866E-02 4.51866E-02 4.51866E-02 4.51866E-02 4.51866E-02 8.07383E-02 8.07383E-02 8.07383E-02 8.07383E-02 8.07383E-02 8.07383E-02 8.07383E-02 1.44261E-01 1.44261E-01 1.44261E-01 1.44261E-01 1.44261E-01 1.44261E-01 2.57762E-01 2.57762E-01 2.57762E-01 2.57762E-01 2.57762E-01 2.57762E-01 4.60562E-01 4.60562E-01 4.60562E-01 4.60562E-01 4.60562E-01 4.60562E-01 
1.58489E+00 1.58489E+00 2.51189E+00 1.58489E+00 2.51189E+00 1.58489E+00 2.51189E+00 3.98107E+00 1.58489E+00 2.51189E+00 3.98107E+00 6.30957E+00 1.58489E+00 2.51189E+00 3.98107E+00 6.30957E+00 1.58489E+00 2.51189E+00 3.98107E+00 6.30957E+00 9.99999E+00 1.58489E+00 2.51189E+00 3.98107E+00 6.30957E+00 9.99999E+00 1.58489E+00 2.51189E+00 3.98107E+00 6.30957E+00 9.99999E+00 1.58489E+01 1.58489E+00 2.51189E+00 3.98107E+00 6.30957E+00 9.99999E+00 1.58489E+01 2.51189E+01 2.51189E+00 3.98107E+00 6.30957E+00 9.99999E+00 1.58489E+01 2.51189E+01 3.98107E+00 6.30957E+00 9.99999E+00 1.58489E+01 2.51189E+01 3.98107E+01 6.30957E+00 9.99999E+00 1.58489E+01 2.51189E+01 3.98107E+01 6.30957E+01 
90000 
2.19973E-04 
2.18843E-04 
5.24364E-04 
2.17749E-04 
5.23202E-04 
2.16688E-04 
5.22857E-04 
1.28494E-03 
2.15811E-04 
5.23053E-04 
1.28696E-03 
3.24620E-03 
2.15391E-04 
5.24158E-04 
1.29171E-03 
3.25044E-03 
2.15813E-04 
5.26746E-04 
1.29995E-03 
3.25868E-03 
8.23460E-03 
2.16840E-04 
5.30254E-04 
1.31021E-03 
3.27026E-03 
8.24661E-03 
2.15992E-04 
5.29693E-04 
1.31083E-03 
3.26274E-03 
8.20700E-03 
2.07417E-02 
2.09284E-04 
5.16567E-04 
1.28273E-03 
3.19487E-03 
8.02430E-03 
2.02336E-02 
5.16205E-02 
4.95306E-04 
1.23726E-03 
3.09179E-03 
7.76881E-03 
1.95767E-02 
4.97476E-02 
1.21647E-03 
3.04815E-03 
7.65688E-03 
1.92711E-02 
4.87754E-02 
1.25516E-01 
3.04428E-03 
7.64011E-03 
1.91993E-02 
4.84148E-02 
1.23284E-01 
3.22746E-01 
---
