PdfType: replica
Format: lhagrid1
---
4.34963E-04 7.77181E-04 7.77181E-04 1.38865E-03 1.38865E-03 2.48120E-03 2.48120E-03 2.48120E-03 4.43334E-03 4.43334E-03 4.43334E-03 4.43334E-03 7.92137E-03 7.92137E-03 7.92137E-03 7.92137E-03 1.41537E-02 1.41537E-02 1.41537E-02 1.41537E-02 1.41537E-02 2.52895E-02 2.52895E-02 2.52895E-02 2.52895E-02 2.52895E-02 4.51866E-02 4.51866E-02 4.51866E-02 4.51866E-02 4.51866E-02 4.51866E-02 8.07383E-02 8.07383E-02 8.07383E-02 8.07383E-02 8.07383E-02 8.07383E-02 8.07383E-02 1.44261E-01 1.44261E-01 1.44261E-01 1.44261E-01 1.44261E-01 1.44261E-01 2.57762E-01 2.57762E-01 2.57762E-01 2.57762E-01 2.57762E-01 2.57762E-01 4.60562E-01 4.60562E-01 4.60562E-01 4.60562E-01 4.60562E-01 4.60562E-01 
1.58489E+00 1.58489E+00 2.51189E+00 1.58489E+00 2.51189E+00 1.58489E+00 2.51189E+00 3.98107E+00 1.58489E+00 2.51189E+00 3.98107E+00 6.30957E+00 1.58489E+00 2.51189E+00 3.98107E+00 6.30957E+00 1.58489E+00 2.51189E+00 3.98107E+00 6.30957E+00 9.99999E+00 1.58489E+00 2.51189E+00 3.98107E+00 6.30957E+00 9.99999E+00 1.58489E+00 2.51189E+00 3.98107E+00 6.30957E+00 9.99999E+00 1.58489E+01 1.58489E+00 2.51189E+00 3.98107E+00 6.30957E+00 9.99999E+00 1.58489E+01 2.51189E+01 2.51189E+00 3.98107E+00 6.30957E+00 9.99999E+00 1.58489E+01 2.51189E+01 3.98107E+00 6.30957E+00 9.99999E+00 1.58489E+01 2.51189E+01 3.98107E+01 6.30957E+00 9.99999E+00 1.58489E+01 2.51189E+01 3.98107E+01 6.30957E+01 
90000 
2.20174E-04 
2.19098E-04 
5.25147E-04 
2.18072E-04 
5.24090E-04 
2.17078E-04 
5.23868E-04 
1.28724E-03 
2.16247E-04 
5.24152E-04 
1.28939E-03 
3.25170E-03 
2.15802E-04 
5.25204E-04 
1.29402E-03 
3.25561E-03 
2.16087E-04 
5.27512E-04 
1.30171E-03 
3.26276E-03 
8.24188E-03 
2.16999E-04 
5.30848E-04 
1.31188E-03 
3.27447E-03 
8.25631E-03 
2.16707E-04 
5.31696E-04 
1.31625E-03 
3.27631E-03 
8.24162E-03 
2.08247E-02 
2.11702E-04 
5.22440E-04 
1.29712E-03 
3.22989E-03 
8.10951E-03 
2.04402E-02 
5.21145E-02 
5.02498E-04 
1.25385E-03 
3.13117E-03 
7.86162E-03 
1.97973E-02 
5.02743E-02 
1.22578E-03 
3.07056E-03 
7.71149E-03 
1.94050E-02 
4.91026E-02 
1.26301E-01 
3.06558E-03 
7.69393E-03 
1.93348E-02 
4.87529E-02 
1.24114E-01 
3.24674E-01 
---
