PdfType: replica
Format: lhagrid1
---
4.34963E-04 7.77181E-04 7.77181E-04 1.38865E-03 1.38865E-03 2.48120E-03 2.48120E-03 2.48120E-03 4.43334E-03 4.43334E-03 4.43334E-03 4.43334E-03 7.92137E-03 7.92137E-03 7.92137E-03 7.92137E-03 1.41537E-02 1.41537E-02 1.41537E-02 1.41537E-02 1.41537E-02 2.52895E-02 2.52895E-02 2.52895E-02 2.52895E-02 2.52895E-02 4.51866E-02 4.51866E-02 4.51866E-02 4.51866E-02 4.51866E-02 4.51866E-02 8.07383E-02 8.07383E-02 8.07383E-02 8.07383E-02 8.07383E-02 8.07383E-02 8.07383E-02 1.44261E-01 1.44261E-01 1.44261E-01 1.44261E-01 1.44261E-01 1.44261E-01 2.57762E-01 2.57762E-01 2.57762E-01 2.57762E-01 2.57762E-01 2.57762E-01 4.60562E-01 4.60562E-01 4.60562E-01 4.60562E-01 4.60562E-01 4.60562E-01 
1.58489E+00 1.58489E+00 2.51189E+00 1.58489E+00 2.51189E+00 1.58489E+00 2.51189E+00 3.98107E+00 1.58489E+00 2.51189E+00 3.98107E+00 6.30957E+00 1.58489E+00 2.51189E+00 3.98107E+00 6.30957E+00 1.58489E+00 2.51189E+00 3.98107E+00 6.30957E+00 9.99999E+00 1.58489E+00 2.51189E+00 3.98107E+00 6.30957E+00 9.99999E+00 1.58489E+00 2.51189E+00 3.98107E+00 6.30957E+00 9.99999E+00 1.58489E+01 1.58489E+00 2.51189E+00 3.98107E+00 6.30957E+00 9.99999E+00 1.58489E+01 2.51189E+01 2.51189E+00 3.98107E+00 6.30957E+00 9.99999E+00 1.58489E+01 2.51189E+01 3.98107E+00 6.30957E+00 9.99999E+00 1.58489E+01 2.51189E+01 3.98107E+01 6.30957E+00 9.99999E+00 1.58489E+01 2.51189E+01 3.98107E+01 6.30957E+01 
90000 
2.19619E-04 
2.18447E-04 
5.23807E-04 
2.17349E-04 
5.22631E-04 
2.16330E-04 
5.22370E-04 
1.28426E-03 
2.15543E-04 
5.22747E-04 
1.28660E-03 
3.24625E-03 
2.15232E-04 
5.24082E-04 
1.29181E-03 
3.25124E-03 
2.15765E-04 
5.26913E-04 
1.30060E-03 
3.26062E-03 
8.23842E-03 
2.17061E-04 
5.31048E-04 
1.31253E-03 
3.27608E-03 
8.26115E-03 
2.17252E-04 
5.32937E-04 
1.31928E-03 
3.28342E-03 
8.25929E-03 
2.08681E-02 
2.12648E-04 
5.24700E-04 
1.30263E-03 
3.24328E-03 
8.14174E-03 
2.05180E-02 
5.23019E-02 
5.05031E-04 
1.25983E-03 
3.14569E-03 
7.89544E-03 
1.98769E-02 
5.04635E-02 
1.22806E-03 
3.07530E-03 
7.72156E-03 
1.94263E-02 
4.91481E-02 
1.26402E-01 
3.05292E-03 
7.66038E-03 
1.92468E-02 
4.85247E-02 
1.23539E-01 
3.23330E-01 
---
