PdfType: replica
Format: lhagrid1
---
4.34963E-04 7.77181E-04 7.77181E-04 1.38865E-03 1.38865E-03 2.48120E-03 2.48120E-03 2.48120E-03 4.43334E-03 4.43334E-03 4.43334E-03 4.43334E-03 7.92137E-03 7.92137E-03 7.92137E-03 7.92137E-03 1.41537E-02 1.41537E-02 1.41537E-02 1.41537E-02 1.41537E-02 2.52895E-02 2.52895E-02 2.52895E-02 2.52895E-02 2.52895E-02 4.51866E-02 4.51866E-02 4.51866E-02 4.51866E-02 4.51866E-02 4.51866E-02 8.07383E-02 8.07383E-02 8.07383E-02 8.07383E-02 8.07383E-02 8.07383E-02 8.07383E-02 1.44261E-01 1.44261E-01 1.44261E-01 1.44261E-01 1.44261E-01 1.44261E-01 2.57762E-01 2.57762E-01 2.57762E-01 2.57762E-01 2.57762E-01 2.57762E-01 4.60562E-01 4.60562E-01 4.60562E-01 4.60562E-01 4.60562E-01 4.60562E-01 
1.58489E+00 1.58489E+00 2.51189E+00 1.58489E+00 2.51189E+00 1.58489E+00 2.51189E+00 3.98107E+00 1.58489E+00 2.51189E+00 3.98107E+00 6.30957E+00 1.58489E+00 2.51189E+00 3.98107E+00 6.30957E+00 1.58489E+00 2.51189E+00 3.98107E+00 6.30957E+00 9.99999E+00 1.58489E+00 2.51189E+00 3.98107E+00 6.30957E+00 9.99999E+00 1.58489E+00 2.51189E+00 3.98107E+00 6.30957E+00 9.99999E+00 1.58489E+01 1.58489E+00 2.51189E+00 3.98107E+00 6.30957E+00 9.99999E+00 1.58489E+01 2.51189E+01 2.51189E+00 3.98107E+00 6.30957E+00 9.99999E+00 1.58489E+01 2.51189E+01 3.98107E+00 6.30957E+00 9.99999E+00 1.58489E+01 2.51189E+01 3.98107E+01 6.30957E+00 9.99999E+00 1.58489E+01 2.51189E+01 3.98107E+01 6.30957E+01 
90000 
2.20040E-04 
2.18986E-04 
5.24776E-04 
2.18006E-04 
5.23788E-04 
2.17087E-04 
5.23711E-04 
1.28675E-03 
2.16371E-04 
5.24252E-04 
1.28948E-03 
3.25207E-03 
2.16104E-04 
5.25735E-04 
1.29509E-03 
3.25826E-03 
2.16683E-04 
5.28720E-04 
1.30430E-03 
3.26875E-03 
8.25571E-03 
2.18047E-04 
5.32953E-04 
1.31638E-03 
3.28437E-03 
8.27914E-03 
2.18130E-04 
5.34393E-04 
1.32188E-03 
3.28819E-03 
8.26908E-03 
2.08886E-02 
2.12749E-04 
5.24447E-04 
1.30148E-03 
3.23936E-03 
8.13199E-03 
2.04936E-02 
5.22389E-02 
5.03924E-04 
1.25768E-03 
3.14130E-03 
7.88682E-03 
1.98597E-02 
5.04253E-02 
1.23208E-03 
3.08626E-03 
7.74969E-03 
1.94981E-02 
4.93283E-02 
1.26831E-01 
3.07682E-03 
7.72052E-03 
1.93984E-02 
4.89049E-02 
1.24468E-01 
3.25434E-01 
---
