PdfType: replica
Format: lhagrid1
---
4.34963E-04 7.77181E-04 7.77181E-04 1.38865E-03 1.38865E-03 2.48120E-03 2.48120E-03 2.48120E-03 4.43334E-03 4.43334E-03 4.43334E-03 4.43334E-03 7.92137E-03 7.92137E-03 7.92137E-03 7.92137E-03 1.41537E-02 1.41537E-02 1.41537E-02 1.41537E-02 1.41537E-02 2.52895E-02 2.52895E-02 2.52895E-02 2.52895E-02 2.52895E-02 4.51866E-02 4.51866E-02 4.51866E-02 4.51866E-02 4.51866E-02 4.51866E-02 8.07383E-02 8.07383E-02 8.07383E-02 8.07383E-02 8.07383E-02 8.07383E-02 8.07383E-02 1.44261E-01 1.44261E-01 1.44261E-01 1.44261E-01 1.44261E-01 1.44261E-01 2.57762E-01 2.57762E-01 2.57762E-01 2.57762E-01 2.57762E-01 2.57762E-01 4.60562E-01 4.60562E-01 4.60562E-01 4.60562E-01 4.60562E-01 4.60562E-01 
1.58489E+00 1.58489E+00 2.51189E+00 1.58489E+00 2.51189E+00 1.58489E+00 2.51189E+00 3.98107E+00 1.58489E+00 2.51189E+00 3.98107E+00 6.30957E+00 1.58489E+00 2.51189E+00 3.98107E+00 6.30957E+00 1.58489E+00 2.51189E+00 3.98107E+00 6.30957E+00 9.99999E+00 1.58489E+00 2.51189E+00 3.98107E+00 6.30957E+00 9.99999E+00 1.58489E+00 2.51189E+00 3.98107E+00 6.30957E+00 9.99999E+00 1.58489E+01 1.58489E+00 2.51189E+00 3.98107E+00 6.30957E+00 9.99999E+00 1.58489E+01 2.51189E+01 2.51189E+00 3.98107E+00 6.30957E+00 9.99999E+00 1.58489E+01 2.51189E+01 3.98107E+00 6.30957E+00 9.99999E+00 1.58489E+01 2.51189E+01 3.98107E+01 6.30957E+00 9.99999E+00 1.58489E+01 2.51189E+01 3.98107E+01 6.30957E+01 
90000 
2.19292E-04 
2.18051E-04 
5.23006E-04 
2.16864E-04 
5.21662E-04 
2.15726E-04 
5.21149E-04 
1.28171E-03 
2.14774E-04 
5.21158E-04 
1.28324E-03 
3.23879E-03 
2.14220E-04 
5.21958E-04 
1.28725E-03 
3.24122E-03 
2.14379E-04 
5.24013E-04 
1.29431E-03 
3.24685E-03 
8.20734E-03 
2.15141E-04 
5.27098E-04 
1.30385E-03 
3.25706E-03 
8.21728E-03 
2.14833E-04 
5.27885E-04 
1.30791E-03 
3.25774E-03 
8.19906E-03 
2.07256E-02 
2.10227E-04 
5.19301E-04 
1.29012E-03 
3.21364E-03 
8.07257E-03 
2.03545E-02 
5.19091E-02 
5.01230E-04 
1.25123E-03 
3.12511E-03 
7.84848E-03 
1.97679E-02 
5.02064E-02 
1.22610E-03 
3.07138E-03 
7.71239E-03 
1.94048E-02 
4.90988E-02 
1.26295E-01 
3.05617E-03 
7.66844E-03 
1.92673E-02 
4.85778E-02 
1.23675E-01 
3.23679E-01 
---
