PdfType: replica
Format: lhagrid1
---
4.34963E-04 7.77181E-04 7.77181E-04 1.38865E-03 1.38865E-03 2.48120E-03 2.48120E-03 2.48120E-03 4.43334E-03 4.43334E-03 4.43334E-03 4.43334E-03 7.92137E-03 7.92137E-03 7.92137E-03 7.92137E-03 1.41537E-02 1.41537E-02 1.41537E-02 1.41537E-02 1.41537E-02 2.52895E-02 2.52895E-02 2.52895E-02 2.52895E-02 2.52895E-02 4.51866E-02 4.51866E-02 4.51866E-02 4.51866E-02 4.51866E-02 4.51866E-02 8.07383E-02 8.07383E-02 8.07383E-02 8.07383E-02 8.07383E-02 8.07383E-02 8.07383E-02 1.44261E-01 1.44261E-01 1.44261E-01 1.44261E-01 1.44261E-01 1.44261E-01 2.57762E-01 2.57762E-01 2.57762E-01 2.57762E-01 2.57762E-01 2.57762E-01 4.60562E-01 4.60562E-01 4.60562E-01 4.60562E-01 4.60562E-01 4.60562E-01 
1.58489E+00 1.58489E+00 2.51189E+00 1.58489E+00 2.51189E+00 1.58489E+00 2.51189E+00 3.98107E+00 1.58489E+00 2.51189E+00 3.98107E+00 6.30957E+00 1.58489E+00 2.51189E+00 3.98107E+00 6.30957E+00 1.58489E+00 2.51189E+00 3.98107E+00 6.30957E+00 9.99999E+00 1.58489E+00 2.51189E+00 3.98107E+00 6.30957E+00 9.99999E+00 1.58489E+00 2.51189E+00 3.98107E+00 6.30957E+00 9.99999E+00 1.58489E+01 1.58489E+00 2.51189E+00 3.98107E+00 6.30957E+00 9.99999E+00 1.58489E+01 2.51189E+01 2.51189E+00 3.98107E+00 6.30957E+00 9.99999E+00 1.58489E+01 2.51189E+01 3.98107E+00 6.30957E+00 9.99999E+00 1.58489E+01 2.51189E+01 3.98107E+01 6.30957E+00 9.99999E+00 1.58489E+01 2.51189E+01 3.98107E+01 6.30957E+01 
90000 
2.19794E-04 
2.18725E-04 
5.24310E-04 
2.17719E-04 
5.23297E-04 
2.16758E-04 
5.23124E-04 
1.28566E-03 
2.15970E-04 
5.23480E-04 
1.28795E-03 
3.24865E-03 
2.15575E-04 
5.24645E-04 
1.29280E-03 
3.25309E-03 
2.15926E-04 
5.27108E-04 
1.30075E-03 
3.26067E-03 
8.23804E-03 
2.16892E-04 
5.30441E-04 
1.31066E-03 
3.27106E-03 
8.24814E-03 
2.16298E-04 
5.30334E-04 
1.31250E-03 
3.26602E-03 
8.21621E-03 
2.07632E-02 
2.10186E-04 
5.18852E-04 
1.28873E-03 
3.20957E-03 
8.06128E-03 
2.03251E-02 
5.18411E-02 
4.99246E-04 
1.24726E-03 
3.11748E-03 
7.83029E-03 
1.97251E-02 
5.01105E-02 
1.22514E-03 
3.06926E-03 
7.70772E-03 
1.93946E-02 
4.90779E-02 
1.26269E-01 
3.05100E-03 
7.65470E-03 
1.92320E-02 
4.84905E-02 
1.23474E-01 
3.23331E-01 
---
