PdfType: replica
Format: lhagrid1
---
4.34963E-04 7.77181E-04 7.77181E-04 1.38865E-03 1.38865E-03 2.48120E-03 2.48120E-03 2.48120E-03 4.43334E-03 4.43334E-03 4.43334E-03 4.43334E-03 7.92137E-03 7.92137E-03 7.92137E-03 7.92137E-03 1.41537E-02 1.41537E-02 1.41537E-02 1.41537E-02 1.41537E-02 2.52895E-02 2.52895E-02 2.52895E-02 2.52895E-02 2.52895E-02 4.51866E-02 4.51866E-02 4.51866E-02 4.51866E-02 4.51866E-02 4.51866E-02 8.07383E-02 8.07383E-02 8.07383E-02 8.07383E-02 8.07383E-02 8.07383E-02 8.07383E-02 1.44261E-01 1.44261E-01 1.44261E-01 1.44261E-01 1.44261E-01 1.44261E-01 2.57762E-01 2.57762E-01 2.57762E-01 2.57762E-01 2.57762E-01 2.57762E-01 4.60562E-01 4.60562E-01 4.60562E-01 4.60562E-01 4.60562E-01 4.60562E-01 
1.58489E+00 1.58489E+00 2.51189E+00 1.58489E+00 2.51189E+00 1.58489E+00 2.51189E+00 3.98107E+00 1.58489E+00 2.51189E+00 3.98107E+00 6.30957E+00 1.58489E+00 2.51189E+00 3.98107E+00 6.30957E+00 1.58489E+00 2.51189E+00 3.98107E+00 6.30957E+00 9.99999E+00 1.58489E+00 2.51189E+00 3.98107E+00 6.30957E+00 9.99999E+00 1.58489E+00 2.51189E+00 3.98107E+00 6.30957E+00 9.99999E+00 1.58489E+01 1.58489E+00 2.51189E+00 3.98107E+00 6.30957E+00 9.99999E+00 1.58489E+01 2.51189E+01 2.51189E+00 3.98107E+00 6.30957E+00 9.99999E+00 1.58489E+01 2.51189E+01 3.98107E+00 6.30957E+00 9.99999E+00 1.58489E+01 2.51189E+01 3.98107E+01 6.30957E+00 9.99999E+00 1.58489E+01 2.51189E+01 3.98107E+01 6.30957E+01 
90000 
2.19863E-04 
2.18707E-04 
5.24352E-04 
2.17597E-04 
5.23176E-04 
2.16535E-04 
5.22856E-04 
1.28530E-03 
2.15687E-04 
5.23137E-04 
1.28749E-03 
3.24846E-03 
2.15340E-04 
5.24418E-04 
1.29263E-03 
3.25345E-03 
2.15962E-04 
5.27421E-04 
1.30182E-03 
3.26370E-03 
8.24701E-03 
2.17571E-04 
5.32114E-04 
1.31491E-03 
3.28141E-03 
8.27474E-03 
2.18047E-04 
5.34450E-04 
1.32249E-03 
3.29020E-03 
8.27547E-03 
2.09104E-02 
2.13047E-04 
5.25422E-04 
1.30423E-03 
3.24666E-03 
8.15019E-03 
2.05404E-02 
5.23685E-02 
5.05446E-04 
1.26158E-03 
3.15129E-03 
7.91173E-03 
1.99227E-02 
5.05900E-02 
1.23737E-03 
3.09996E-03 
7.78450E-03 
1.95871E-02 
4.95596E-02 
1.27458E-01 
3.09874E-03 
7.77637E-03 
1.95405E-02 
4.92659E-02 
1.25386E-01 
3.27766E-01 
---
