PdfType: replica
Format: lhagrid1
---
4.34963E-04 7.77181E-04 7.77181E-04 1.38865E-03 1.38865E-03 2.48120E-03 2.48120E-03 2.48120E-03 4.43334E-03 4.43334E-03 4.43334E-03 4.43334E-03 7.92137E-03 7.92137E-03 7.92137E-03 7.92137E-03 1.41537E-02 1.41537E-02 1.41537E-02 1.41537E-02 1.41537E-02 2.52895E-02 2.52895E-02 2.52895E-02 2.52895E-02 2.52895E-02 4.51866E-02 4.51866E-02 4.51866E-02 4.51866E-02 4.51866E-02 4.51866E-02 8.07383E-02 8.07383E-02 8.07383E-02 8.07383E-02 8.07383E-02 8.07383E-02 8.07383E-02 1.44261E-01 1.44261E-01 1.44261E-01 1.44261E-01 1.44261E-01 1.44261E-01 2.57762E-01 2.57762E-01 2.57762E-01 2.57762E-01 2.57762E-01 2.57762E-01 4.60562E-01 4.60562E-01 4.60562E-01 4.60562E-01 4.60562E-01 4.60562E-01 
1.58489E+00 1.58489E+00 2.51189E+00 1.58489E+00 2.51189E+00 1.58489E+00 2.51189E+00 3.98107E+00 1.58489E+00 2.51189E+00 3.98107E+00 6.30957E+00 1.58489E+00 2.51189E+00 3.98107E+00 6.30957E+00 1.58489E+00 2.51189E+00 3.98107E+00 6.30957E+00 9.99999E+00 1.58489E+00 2.51189E+00 3.98107E+00 6.30957E+00 9.99999E+00 1.58489E+00 2.51189E+00 3.98107E+00 6.30957E+00 9.99999E+00 1.58489E+01 1.58489E+00 2.51189E+00 3.98107E+00 6.30957E+00 9.99999E+00 1.58489E+01 2.51189E+01 2.51189E+00 3.98107E+00 6.30957E+00 9.99999E+00 1.58489E+01 2.51189E+01 3.98107E+00 6.30957E+00 9.99999E+00 1.58489E+01 2.51189E+01 3.98107E+01 6.30957E+00 9.99999E+00 1.58489E+01 2.51189E+01 3.98107E+01 6.30957E+01 
90000 
2.19362E-04 
2.18185E-04 
5.23377E-04 
2.17083E-04 
5.22198E-04 
2.16052E-04 
5.21902E-04 
1.28332E-03 
2.15233E-04 
5.22194E-04 
1.28550E-03 
3.24315E-03 
2.14851E-04 
5.23370E-04 
1.29037E-03 
3.24760E-03 
2.15246E-04 
5.25923E-04 
1.29857E-03 
3.25586E-03 
8.22690E-03 
2.16320E-04 
5.29617E-04 
1.30950E-03 
3.26928E-03 
8.24506E-03 
2.16287E-04 
5.30981E-04 
1.31500E-03 
3.27379E-03 
8.23666E-03 
2.08145E-02 
2.11671E-04 
5.22624E-04 
1.29804E-03 
3.23297E-03 
8.11790E-03 
2.04624E-02 
5.21712E-02 
5.03988E-04 
1.25763E-03 
3.14116E-03 
7.88562E-03 
1.98555E-02 
5.04159E-02 
1.22915E-03 
3.07801E-03 
7.72884E-03 
1.94457E-02 
4.91986E-02 
1.26525E-01 
3.05986E-03 
7.67805E-03 
1.92917E-02 
4.86381E-02 
1.23818E-01 
3.23981E-01 
---
