PdfType: replica
Format: lhagrid1
---
4.34963E-04 7.77181E-04 7.77181E-04 1.38865E-03 1.38865E-03 2.48120E-03 2.48120E-03 2.48120E-03 4.43334E-03 4.43334E-03 4.43334E-03 4.43334E-03 7.92137E-03 7.92137E-03 7.92137E-03 7.92137E-03 1.41537E-02 1.41537E-02 1.41537E-02 1.41537E-02 1.41537E-02 2.52895E-02 2.52895E-02 2.52895E-02 2.52895E-02 2.52895E-02 4.51866E-02 4.51866E-02 4.51866E-02 4.51866E-02 4.51866E-02 4.51866E-02 8.07383E-02 8.07383E-02 8.07383E-02 8.07383E-02 8.07383E-02 8.07383E-02 8.07383E-02 1.44261E-01 1.44261E-01 1.44261E-01 1.44261E-01 1.44261E-01 1.44261E-01 2.57762E-01 2.57762E-01 2.57762E-01 2.57762E-01 2.57762E-01 2.57762E-01 4.60562E-01 4.60562E-01 4.60562E-01 4.60562E-01 4.60562E-01 4.60562E-01 
1.58489E+00 1.58489E+00 2.51189E+00 1.58489E+00 2.51189E+00 1.58489E+00 2.51189E+00 3.98107E+00 1.58489E+00 2.51189E+00 3.98107E+00 6.30957E+00 1.58489E+00 2.51189E+00 3.98107E+00 6.30957E+00 1.58489E+00 2.51189E+00 3.98107E+00 6.30957E+00 9.99999E+00 1.58489E+00 2.51189E+00 3.98107E+00 6.30957E+00 9.99999E+00 1.58489E+00 2.51189E+00 3.98107E+00 6.30957E+00 9.99999E+00 1.58489E+01 1.58489E+00 2.51189E+00 3.98107E+00 6.30957E+00 9.99999E+00 1.58489E+01 2.51189E+01 2.51189E+00 3.98107E+00 6.30957E+00 9.99999E+00 1.58489E+01 2.51189E+01 3.98107E+00 6.30957E+00 9.99999E+00 1.58489E+01 2.51189E+01 3.98107E+01 6.30957E+00 9.99999E+00 1.58489E+01 2.51189E+01 3.98107E+01 6.30957E+01 
90000 
2.21343E-04 
2.20142E-04 
5.26089E-04 
2.19020E-04 
5.24997E-04 
2.18008E-04 
5.24963E-04 
1.28893E-03 
2.17317E-04 
5.25765E-04 
1.29237E-03 
3.25796E-03 
2.17265E-04 
5.27820E-04 
1.29935E-03 
3.26678E-03 
2.18227E-04 
5.31639E-04 
1.31043E-03 
3.28135E-03 
8.28414E-03 
2.19826E-04 
5.36448E-04 
1.32388E-03 
3.30055E-03 
8.31517E-03 
2.19443E-04 
5.37249E-04 
1.32827E-03 
3.30311E-03 
8.30196E-03 
2.09616E-02 
2.13249E-04 
5.25818E-04 
1.30480E-03 
3.24778E-03 
8.15074E-03 
2.05351E-02 
5.23240E-02 
5.04766E-04 
1.25972E-03 
3.14597E-03 
7.89801E-03 
1.98858E-02 
5.04831E-02 
1.23221E-03 
3.08643E-03 
7.74939E-03 
1.94951E-02 
4.93156E-02 
1.26796E-01 
3.06333E-03 
7.68557E-03 
1.93080E-02 
4.86743E-02 
1.23900E-01 
3.24175E-01 
---
