PdfType: replica
Format: lhagrid1
---
4.34963E-04 7.77181E-04 7.77181E-04 1.38865E-03 1.38865E-03 2.48120E-03 2.48120E-03 2.48120E-03 4.43334E-03 4.43334E-03 4.43334E-03 4.43334E-03 7.92137E-03 7.92137E-03 7.92137E-03 7.92137E-03 1.41537E-02 1.41537E-02 1.41537E-02 1.41537E-02 1.41537E-02 2.52895E-02 2.52895E-02 2.52895E-02 2.52895E-02 2.52895E-02 4.51866E-02 4.51866E-02 4.51866E-02 4.51866E-02 4.51866E-02 4.51866E-02 8.07383E-02 8.07383E-02 8.07383E-02 8.07383E-02 8.07383E-02 8.07383E-02 8.07383E-02 1.44261E-01 1.44261E-01 1.44261E-01 1.44261E-01 1.44261E-01 1.44261E-01 2.57762E-01 2.57762E-01 2.57762E-01 2.57762E-01 2.57762E-01 2.57762E-01 4.60562E-01 4.60562E-01 4.60562E-01 4.60562E-01 4.60562E-01 4.60562E-01 
1.58489E+00 1.58489E+00 2.51189E+00 1.58489E+00 2.51189E+00 1.58489E+00 2.51189E+00 3.98107E+00 1.58489E+00 2.51189E+00 3.98107E+00 6.30957E+00 1.58489E+00 2.51189E+00 3.98107E+00 6.30957E+00 1.58489E+00 2.51189E+00 3.98107E+00 6.30957E+00 9.99999E+00 1.58489E+00 2.51189E+00 3.98107E+00 6.30957E+00 9.99999E+00 1.58489E+00 2.51189E+00 3.98107E+00 6.30957E+00 9.99999E+00 1.58489E+01 1.58489E+00 2.51189E+00 3.98107E+00 6.30957E+00 9.99999E+00 1.58489E+01 2.51189E+01 2.51189E+00 3.98107E+00 6.30957E+00 9.99999E+00 1.58489E+01 2.51189E+01 3.98107E+00 6.30957E+00 9.99999E+00 1.58489E+01 2.51189E+01 3.98107E+01 6.30957E+00 9.99999E+00 1.58489E+01 2.51189E+01 3.98107E+01 6.30957E+01 
90000 
2.19461E-04 
2.18366E-04 
5.23693E-04 
2.17390E-04 
5.22736E-04 
2.16534E-04 
5.22778E-04 
1.28507E-03 
2.15939E-04 
5.23521E-04 
1.28815E-03 
3.24896E-03 
2.15791E-04 
5.25168E-04 
1.29398E-03 
3.25538E-03 
2.16310E-04 
5.27937E-04 
1.30255E-03 
3.26438E-03 
8.24384E-03 
2.17164E-04 
5.31112E-04 
1.31225E-03 
3.27495E-03 
8.25536E-03 
2.16472E-04 
5.31100E-04 
1.31475E-03 
3.27255E-03 
8.23184E-03 
2.07951E-02 
2.11321E-04 
5.21695E-04 
1.29563E-03 
3.22663E-03 
8.10254E-03 
2.04230E-02 
5.20579E-02 
5.03115E-04 
1.25542E-03 
3.13503E-03 
7.87029E-03 
1.98164E-02 
5.03161E-02 
1.22449E-03 
3.06619E-03 
7.69822E-03 
1.93669E-02 
4.89999E-02 
1.26054E-01 
3.03448E-03 
7.61403E-03 
1.91301E-02 
4.82335E-02 
1.22829E-01 
3.21735E-01 
---
