PdfType: replica
Format: lhagrid1
---
4.34963E-04 7.77181E-04 7.77181E-04 1.38865E-03 1.38865E-03 2.48120E-03 2.48120E-03 2.48120E-03 4.43334E-03 4.43334E-03 4.43334E-03 4.43334E-03 7.92137E-03 7.92137E-03 7.92137E-03 7.92137E-03 1.41537E-02 1.41537E-02 1.41537E-02 1.41537E-02 1.41537E-02 2.52895E-02 2.52895E-02 2.52895E-02 2.52895E-02 2.52895E-02 4.51866E-02 4.51866E-02 4.51866E-02 4.51866E-02 4.51866E-02 4.51866E-02 8.07383E-02 8.07383E-02 8.07383E-02 8.07383E-02 8.07383E-02 8.07383E-02 8.07383E-02 1.44261E-01 1.44261E-01 1.44261E-01 1.44261E-01 1.44261E-01 1.44261E-01 2.57762E-01 2.57762E-01 2.57762E-01 2.57762E-01 2.57762E-01 2.57762E-01 4.60562E-01 4.60562E-01 4.60562E-01 4.60562E-01 4.60562E-01 4.60562E-01 
1.58489E+00 1.58489E+00 2.51189E+00 1.58489E+00 2.51189E+00 1.58489E+00 2.51189E+00 3.98107E+00 1.58489E+00 2.51189E+00 3.98107E+00 6.30957E+00 1.58489E+00 2.51189E+00 3.98107E+00 6.30957E+00 1.58489E+00 2.51189E+00 3.98107E+00 6.30957E+00 9.99999E+00 1.58489E+00 2.51189E+00 3.98107E+00 6.30957E+00 9.99999E+00 1.58489E+00 2.51189E+00 3.98107E+00 6.30957E+00 9.99999E+00 1.58489E+01 1.58489E+00 2.51189E+00 3.98107E+00 6.30957E+00 9.99999E+00 1.58489E+01 2.51189E+01 2.51189E+00 3.98107E+00 6.30957E+00 9.99999E+00 1.58489E+01 2.51189E+01 3.98107E+00 6.30957E+00 9.99999E+00 1.58489E+01 2.51189E+01 3.98107E+01 6.30957E+00 9.99999E+00 1.58489E+01 2.51189E+01 3.98107E+01 6.30957E+01 
90000 
2.19599E-04 
2.18497E-04 
5.23745E-04 
2.17509E-04 
5.22813E-04 
2.16664E-04 
5.22930E-04 
1.28529E-03 
2.16155E-04 
5.23900E-04 
1.28894E-03 
3.25112E-03 
2.16281E-04 
5.26132E-04 
1.29608E-03 
3.26039E-03 
2.17410E-04 
5.30115E-04 
1.30727E-03 
3.27489E-03 
8.27037E-03 
2.19174E-04 
5.35022E-04 
1.32059E-03 
3.29308E-03 
8.29846E-03 
2.18849E-04 
5.35644E-04 
1.32422E-03 
3.29289E-03 
8.27795E-03 
2.09068E-02 
2.12387E-04 
5.23524E-04 
1.29906E-03 
3.23328E-03 
8.11591E-03 
2.04527E-02 
5.21412E-02 
5.02011E-04 
1.25302E-03 
3.12969E-03 
7.85861E-03 
1.97916E-02 
5.02671E-02 
1.22745E-03 
3.07477E-03 
7.72092E-03 
1.94267E-02 
4.91570E-02 
1.26466E-01 
3.05956E-03 
7.67787E-03 
1.92918E-02 
4.86405E-02 
1.23833E-01 
3.24080E-01 
---
