PdfType: replica
Format: lhagrid1
---
4.34963E-04 7.77181E-04 7.77181E-04 1.38865E-03 1.38865E-03 2.48120E-03 2.48120E-03 2.48120E-03 4.43334E-03 4.43334E-03 4.43334E-03 4.43334E-03 7.92137E-03 7.92137E-03 7.92137E-03 7.92137E-03 1.41537E-02 1.41537E-02 1.41537E-02 1.41537E-02 1.41537E-02 2.52895E-02 2.52895E-02 2.52895E-02 2.52895E-02 2.52895E-02 4.51866E-02 4.51866E-02 4.51866E-02 4.51866E-02 4.51866E-02 4.51866E-02 8.07383E-02 8.07383E-02 8.07383E-02 8.07383E-02 8.07383E-02 8.07383E-02 8.07383E-02 1.44261E-01 1.44261E-01 1.44261E-01 1.44261E-01 1.44261E-01 1.44261E-01 2.57762E-01 2.57762E-01 2.57762E-01 2.57762E-01 2.57762E-01 2.57762E-01 4.60562E-01 4.60562E-01 4.60562E-01 4.60562E-01 4.60562E-01 4.60562E-01 
1.58489E+00 1.58489E+00 2.51189E+00 1.58489E+00 2.51189E+00 1.58489E+00 2.51189E+00 3.98107E+00 1.58489E+00 2.51189E+00 3.98107E+00 6.30957E+00 1.58489E+00 2.51189E+00 3.98107E+00 6.30957E+00 1.58489E+00 2.51189E+00 3.98107E+00 6.30957E+00 9.99999E+00 1.58489E+00 2.51189E+00 3.98107E+00 6.30957E+00 9.99999E+00 1.58489E+00 2.51189E+00 3.98107E+00 6.30957E+00 9.99999E+00 1.58489E+01 1.58489E+00 2.51189E+00 3.98107E+00 6.30957E+00 9.99999E+00 1.58489E+01 2.51189E+01 2.51189E+00 3.98107E+00 6.30957E+00 9.99999E+00 1.58489E+01 2.51189E+01 3.98107E+00 6.30957E+00 9.99999E+00 1.58489E+01 2.51189E+01 3.98107E+01 6.30957E+00 9.99999E+00 1.58489E+01 2.51189E+01 3.98107E+01 6.30957E+01 
90000 
2.18576E-04 
2.17182E-04 
5.21436E-04 
2.15877E-04 
5.19894E-04 
2.14694E-04 
5.19315E-04 
1.27833E-03 
2.13814E-04 
5.19476E-04 
1.28018E-03 
3.23264E-03 
2.13490E-04 
5.20721E-04 
1.28510E-03 
3.23673E-03 
2.14007E-04 
5.23472E-04 
1.29357E-03 
3.24523E-03 
8.20518E-03 
2.15067E-04 
5.27146E-04 
1.30429E-03 
3.25817E-03 
8.22002E-03 
2.14692E-04 
5.27826E-04 
1.30813E-03 
3.25885E-03 
8.20156E-03 
2.07301E-02 
2.09883E-04 
5.19010E-04 
1.29027E-03 
3.21552E-03 
8.07923E-03 
2.03732E-02 
5.19447E-02 
5.03097E-04 
1.25709E-03 
3.14167E-03 
7.89310E-03 
1.98844E-02 
5.04976E-02 
1.24027E-03 
3.10889E-03 
7.80933E-03 
1.96531E-02 
4.97288E-02 
1.27868E-01 
3.12531E-03 
7.84569E-03 
1.97207E-02 
4.97363E-02 
1.26633E-01 
3.31243E-01 
---
