PdfType: replica
Format: lhagrid1
---
4.34963E-04 7.77181E-04 7.77181E-04 1.38865E-03 1.38865E-03 2.48120E-03 2.48120E-03 2.48120E-03 4.43334E-03 4.43334E-03 4.43334E-03 4.43334E-03 7.92137E-03 7.92137E-03 7.92137E-03 7.92137E-03 1.41537E-02 1.41537E-02 1.41537E-02 1.41537E-02 1.41537E-02 2.52895E-02 2.52895E-02 2.52895E-02 2.52895E-02 2.52895E-02 4.51866E-02 4.51866E-02 4.51866E-02 4.51866E-02 4.51866E-02 4.51866E-02 8.07383E-02 8.07383E-02 8.07383E-02 8.07383E-02 8.07383E-02 8.07383E-02 8.07383E-02 1.44261E-01 1.44261E-01 1.44261E-01 1.44261E-01 1.44261E-01 1.44261E-01 2.57762E-01 2.57762E-01 2.57762E-01 2.57762E-01 2.57762E-01 2.57762E-01 4.60562E-01 4.60562E-01 4.60562E-01 4.60562E-01 4.60562E-01 4.60562E-01 
1.58489E+00 1.58489E+00 2.51189E+00 1.58489E+00 2.51189E+00 1.58489E+00 2.51189E+00 3.98107E+00 1.58489E+00 2.51189E+00 3.98107E+00 6.30957E+00 1.58489E+00 2.51189E+00 3.98107E+00 6.30957E+00 1.58489E+00 2.51189E+00 3.98107E+00 6.30957E+00 9.99999E+00 1.58489E+00 2.51189E+00 3.98107E+00 6.30957E+00 9.99999E+00 1.58489E+00 2.51189E+00 3.98107E+00 6.30957E+00 9.99999E+00 1.58489E+01 1.58489E+00 2.51189E+00 3.98107E+00 6.30957E+00 9.99999E+00 1.58489E+01 2.51189E+01 2.51189E+00 3.98107E+00 6.30957E+00 9.99999E+00 1.58489E+01 2.51189E+01 3.98107E+00 6.30957E+00 9.99999E+00 1.58489E+01 2.51189E+01 3.98107E+01 6.30957E+00 9.99999E+00 1.58489E+01 2.51189E+01 3.98107E+01 6.30957E+01 
90000 
2.19653E-04 
2.18542E-04 
5.23819E-04 
2.17542E-04 
5.22862E-04 
2.16676E-04 
5.22954E-04 
1.28552E-03 
2.16123E-04 
5.23874E-04 
1.28909E-03 
3.25170E-03 
2.16150E-04 
5.25989E-04 
1.29607E-03 
3.26048E-03 
2.17086E-04 
5.29733E-04 
1.30688E-03 
3.27439E-03 
8.27121E-03 
2.18606E-04 
5.34332E-04 
1.31970E-03 
3.29194E-03 
8.29694E-03 
2.18313E-04 
5.35033E-04 
1.32351E-03 
3.29244E-03 
8.27795E-03 
2.09104E-02 
2.12308E-04 
5.23716E-04 
1.30001E-03 
3.23665E-03 
8.12509E-03 
2.04769E-02 
5.22014E-02 
5.02905E-04 
1.25568E-03 
3.13727E-03 
7.87844E-03 
1.98422E-02 
5.03895E-02 
1.23210E-03 
3.08739E-03 
7.75511E-03 
1.95166E-02 
4.93857E-02 
1.27012E-01 
3.08987E-03 
7.75560E-03 
1.94910E-02 
4.91477E-02 
1.25109E-01 
3.27169E-01 
---
