PdfType: replica
Format: lhagrid1
---
4.34963E-04 7.77181E-04 7.77181E-04 1.38865E-03 1.38865E-03 2.48120E-03 2.48120E-03 2.48120E-03 4.43334E-03 4.43334E-03 4.43334E-03 4.43334E-03 7.92137E-03 7.92137E-03 7.92137E-03 7.92137E-03 1.41537E-02 1.41537E-02 1.41537E-02 1.41537E-02 1.41537E-02 2.52895E-02 2.52895E-02 2.52895E-02 2.52895E-02 2.52895E-02 4.51866E-02 4.51866E-02 4.51866E-02 4.51866E-02 4.51866E-02 4.51866E-02 8.07383E-02 8.07383E-02 8.07383E-02 8.07383E-02 8.07383E-02 8.07383E-02 8.07383E-02 1.44261E-01 1.44261E-01 1.44261E-01 1.44261E-01 1.44261E-01 1.44261E-01 2.57762E-01 2.57762E-01 2.57762E-01 2.57762E-01 2.57762E-01 2.57762E-01 4.60562E-01 4.60562E-01 4.60562E-01 4.60562E-01 4.60562E-01 4.60562E-01 
1.58489E+00 1.58489E+00 2.51189E+00 1.58489E+00 2.51189E+00 1.58489E+00 2.51189E+00 3.98107E+00 1.58489E+00 2.51189E+00 3.98107E+00 6.30957E+00 1.58489E+00 2.51189E+00 3.98107E+00 6.30957E+00 1.58489E+00 2.51189E+00 3.98107E+00 6.30957E+00 9.99999E+00 1.58489E+00 2.51189E+00 3.98107E+00 6.30957E+00 9.99999E+00 1.58489E+00 2.51189E+00 3.98107E+00 6.30957E+00 9.99999E+00 1.58489E+01 1.58489E+00 2.51189E+00 3.98107E+00 6.30957E+00 9.99999E+00 1.58489E+01 2.51189E+01 2.51189E+00 3.98107E+00 6.30957E+00 9.99999E+00 1.58489E+01 2.51189E+01 3.98107E+00 6.30957E+00 9.99999E+00 1.58489E+01 2.51189E+01 3.98107E+01 6.30957E+00 9.99999E+00 1.58489E+01 2.51189E+01 3.98107E+01 6.30957E+01 
90000 
2.19190E-04 
2.18011E-04 
5.22890E-04 
2.16944E-04 
5.21786E-04 
2.16003E-04 
5.21680E-04 
1.28292E-03 
2.15345E-04 
5.22317E-04 
1.28580E-03 
3.24443E-03 
2.15192E-04 
5.23985E-04 
1.29171E-03 
3.25094E-03 
2.15817E-04 
5.27053E-04 
1.30099E-03 
3.26161E-03 
8.24094E-03 
2.16971E-04 
5.30964E-04 
1.31233E-03 
3.27604E-03 
8.26026E-03 
2.16759E-04 
5.31916E-04 
1.31677E-03 
3.27770E-03 
8.24483E-03 
2.08317E-02 
2.11835E-04 
5.22700E-04 
1.29773E-03 
3.23103E-03 
8.11319E-03 
2.04503E-02 
5.21361E-02 
5.03543E-04 
1.25659E-03 
3.13785E-03 
7.87861E-03 
1.98399E-02 
5.03809E-02 
1.22954E-03 
3.07999E-03 
7.73375E-03 
1.94584E-02 
4.92354E-02 
1.26659E-01 
3.06720E-03 
7.69651E-03 
1.93387E-02 
4.87605E-02 
1.24150E-01 
3.24974E-01 
---
