PdfType: replica
Format: lhagrid1
---
4.34963E-04 7.77181E-04 7.77181E-04 1.38865E-03 1.38865E-03 2.48120E-03 2.48120E-03 2.48120E-03 4.43334E-03 4.43334E-03 4.43334E-03 4.43334E-03 7.92137E-03 7.92137E-03 7.92137E-03 7.92137E-03 1.41537E-02 1.41537E-02 1.41537E-02 1.41537E-02 1.41537E-02 2.52895E-02 2.52895E-02 2.52895E-02 2.52895E-02 2.52895E-02 4.51866E-02 4.51866E-02 4.51866E-02 4.51866E-02 4.51866E-02 4.51866E-02 8.07383E-02 8.07383E-02 8.07383E-02 8.07383E-02 8.07383E-02 8.07383E-02 8.07383E-02 1.44261E-01 1.44261E-01 1.44261E-01 1.44261E-01 1.44261E-01 1.44261E-01 2.57762E-01 2.57762E-01 2.57762E-01 2.57762E-01 2.57762E-01 2.57762E-01 4.60562E-01 4.60562E-01 4.60562E-01 4.60562E-01 4.60562E-01 4.60562E-01 
1.58489E+00 1.58489E+00 2.51189E+00 1.58489E+00 2.51189E+00 1.58489E+00 2.51189E+00 3.98107E+00 1.58489E+00 2.51189E+00 3.98107E+00 6.30957E+00 1.58489E+00 2.51189E+00 3.98107E+00 6.30957E+00 1.58489E+00 2.51189E+00 3.98107E+00 6.30957E+00 9.99999E+00 1.58489E+00 2.51189E+00 3.98107E+00 6.30957E+00 9.99999E+00 1.58489E+00 2.51189E+00 3.98107E+00 6.30957E+00 9.99999E+00 1.58489E+01 1.58489E+00 2.51189E+00 3.98107E+00 6.30957E+00 9.99999E+00 1.58489E+01 2.51189E+01 2.51189E+00 3.98107E+00 6.30957E+00 9.99999E+00 1.58489E+01 2.51189E+01 3.98107E+00 6.30957E+00 9.99999E+00 1.58489E+01 2.51189E+01 3.98107E+01 6.30957E+00 9.99999E+00 1.58489E+01 2.51189E+01 3.98107E+01 6.30957E+01 
90000 
2.20522E-04 
2.19356E-04 
5.24822E-04 
2.18216E-04 
5.23589E-04 
2.17089E-04 
5.23203E-04 
1.28540E-03 
2.16125E-04 
5.23348E-04 
1.28732E-03 
3.24755E-03 
2.15579E-04 
5.24337E-04 
1.29190E-03 
3.25098E-03 
2.15836E-04 
5.26717E-04 
1.29981E-03 
3.25826E-03 
8.23287E-03 
2.16788E-04 
5.30200E-04 
1.31029E-03 
3.27027E-03 
8.24682E-03 
2.16409E-04 
5.30819E-04 
1.31402E-03 
3.27040E-03 
8.22716E-03 
2.07883E-02 
2.10924E-04 
5.20642E-04 
1.29302E-03 
3.22028E-03 
8.08681E-03 
2.03852E-02 
5.19737E-02 
5.01283E-04 
1.25167E-03 
3.12741E-03 
7.85434E-03 
1.97831E-02 
5.02440E-02 
1.22926E-03 
3.07958E-03 
7.73441E-03 
1.94629E-02 
4.92482E-02 
1.26663E-01 
3.07536E-03 
7.71809E-03 
1.93945E-02 
4.89014E-02 
1.24485E-01 
3.25621E-01 
---
