PdfType: replica
Format: lhagrid1
---
4.34963E-04 7.77181E-04 7.77181E-04 1.38865E-03 1.38865E-03 2.48120E-03 2.48120E-03 2.48120E-03 4.43334E-03 4.43334E-03 4.43334E-03 4.43334E-03 7.92137E-03 7.92137E-03 7.92137E-03 7.92137E-03 1.41537E-02 1.41537E-02 1.41537E-02 1.41537E-02 1.41537E-02 2.52895E-02 2.52895E-02 2.52895E-02 2.52895E-02 2.52895E-02 4.51866E-02 4.51866E-02 4.51866E-02 4.51866E-02 4.51866E-02 4.51866E-02 8.07383E-02 8.07383E-02 8.07383E-02 8.07383E-02 8.07383E-02 8.07383E-02 8.07383E-02 1.44261E-01 1.44261E-01 1.44261E-01 1.44261E-01 1.44261E-01 1.44261E-01 2.57762E-01 2.57762E-01 2.57762E-01 2.57762E-01 2.57762E-01 2.57762E-01 4.60562E-01 4.60562E-01 4.60562E-01 4.60562E-01 4.60562E-01 4.60562E-01 
1.58489E+00 1.58489E+00 2.51189E+00 1.58489E+00 2.51189E+00 1.58489E+00 2.51189E+00 3.98107E+00 1.58489E+00 2.51189E+00 3.98107E+00 6.30957E+00 1.58489E+00 2.51189E+00 3.98107E+00 6.30957E+00 1.58489E+00 2.51189E+00 3.98107E+00 6.30957E+00 9.99999E+00 1.58489E+00 2.51189E+00 3.98107E+00 6.30957E+00 9.99999E+00 1.58489E+00 2.51189E+00 3.98107E+00 6.30957E+00 9.99999E+00 1.58489E+01 1.58489E+00 2.51189E+00 3.98107E+00 6.30957E+00 9.99999E+00 1.58489E+01 2.51189E+01 2.51189E+00 3.98107E+00 6.30957E+00 9.99999E+00 1.58489E+01 2.51189E+01 3.98107E+00 6.30957E+00 9.99999E+00 1.58489E+01 2.51189E+01 3.98107E+01 6.30957E+00 9.99999E+00 1.58489E+01 2.51189E+01 3.98107E+01 6.30957E+01 
90000 
2.20044E-04 
2.18906E-04 
5.24669E-04 
2.17828E-04 
5.23548E-04 
2.16823E-04 
5.23348E-04 
1.28619E-03 
2.16076E-04 
5.23851E-04 
1.28890E-03 
3.25090E-03 
2.15900E-04 
5.25504E-04 
1.29489E-03 
3.25788E-03 
2.16736E-04 
5.28947E-04 
1.30498E-03 
3.27030E-03 
8.26068E-03 
2.18357E-04 
5.33566E-04 
1.31760E-03 
3.28701E-03 
8.28486E-03 
2.18039E-04 
5.33969E-04 
1.32032E-03 
3.28415E-03 
8.25683E-03 
2.08574E-02 
2.11274E-04 
5.20858E-04 
1.29250E-03 
3.21750E-03 
8.07755E-03 
2.03596E-02 
5.19177E-02 
4.98513E-04 
1.24483E-03 
3.11014E-03 
7.81267E-03 
1.96826E-02 
5.00061E-02 
1.22247E-03 
3.06340E-03 
7.69535E-03 
1.93683E-02 
4.90214E-02 
1.26145E-01 
3.06433E-03 
7.69326E-03 
1.93365E-02 
4.87635E-02 
1.24154E-01 
3.24821E-01 
---
