PdfType: replica
Format: lhagrid1
---
4.34963E-04 7.77181E-04 7.77181E-04 1.38865E-03 1.38865E-03 2.48120E-03 2.48120E-03 2.48120E-03 4.43334E-03 4.43334E-03 4.43334E-03 4.43334E-03 7.92137E-03 7.92137E-03 7.92137E-03 7.92137E-03 1.41537E-02 1.41537E-02 1.41537E-02 1.41537E-02 1.41537E-02 2.52895E-02 2.52895E-02 2.52895E-02 2.52895E-02 2.52895E-02 4.51866E-02 4.51866E-02 4.51866E-02 4.51866E-02 4.51866E-02 4.51866E-02 8.07383E-02 8.07383E-02 8.07383E-02 8.07383E-02 8.07383E-02 8.07383E-02 8.07383E-02 1.44261E-01 1.44261E-01 1.44261E-01 1.44261E-01 1.44261E-01 1.44261E-01 2.57762E-01 2.57762E-01 2.57762E-01 2.57762E-01 2.57762E-01 2.57762E-01 4.60562E-01 4.60562E-01 4.60562E-01 4.60562E-01 4.60562E-01 4.60562E-01 
1.58489E+00 1.58489E+00 2.51189E+00 1.58489E+00 2.51189E+00 1.58489E+00 2.51189E+00 3.98107E+00 1.58489E+00 2.51189E+00 3.98107E+00 6.30957E+00 1.58489E+00 2.51189E+00 3.98107E+00 6.30957E+00 1.58489E+00 2.51189E+00 3.98107E+00 6.30957E+00 9.99999E+00 1.58489E+00 2.51189E+00 3.98107E+00 6.30957E+00 9.99999E+00 1.58489E+00 2.51189E+00 3.98107E+00 6.30957E+00 9.99999E+00 1.58489E+01 1.58489E+00 2.51189E+00 3.98107E+00 6.30957E+00 9.99999E+00 1.58489E+01 2.51189E+01 2.51189E+00 3.98107E+00 6.30957E+00 9.99999E+00 1.58489E+01 2.51189E+01 3.98107E+00 6.30957E+00 9.99999E+00 1.58489E+01 2.51189E+01 3.98107E+01 6.30957E+00 9.99999E+00 1.58489E+01 2.51189E+01 3.98107E+01 6.30957E+01 
90000 
2.19674E-04 
2.18508E-04 
5.23936E-04 
2.17404E-04 
5.22759E-04 
2.16363E-04 
5.22453E-04 
1.28444E-03 
2.15535E-04 
5.22735E-04 
1.28656E-03 
3.24626E-03 
2.15162E-04 
5.23912E-04 
1.29137E-03 
3.25039E-03 
2.15594E-04 
5.26470E-04 
1.29945E-03 
3.25805E-03 
8.23248E-03 
2.16655E-04 
5.29970E-04 
1.30970E-03 
3.26929E-03 
8.24426E-03 
2.16189E-04 
5.30223E-04 
1.31238E-03 
3.26646E-03 
8.21727E-03 
2.07640E-02 
2.10431E-04 
5.19355E-04 
1.28971E-03 
3.21187E-03 
8.06623E-03 
2.03347E-02 
5.18493E-02 
4.99467E-04 
1.24717E-03 
3.11601E-03 
7.82658E-03 
1.97152E-02 
5.00786E-02 
1.22465E-03 
3.06817E-03 
7.70616E-03 
1.93933E-02 
4.90797E-02 
1.26277E-01 
3.06536E-03 
7.69320E-03 
1.93330E-02 
4.87506E-02 
1.24125E-01 
3.24835E-01 
---
