PdfType: replica
Format: lhagrid1
---
4.34963E-04 7.77181E-04 7.77181E-04 1.38865E-03 1.38865E-03 2.48120E-03 2.48120E-03 2.48120E-03 4.43334E-03 4.43334E-03 4.43334E-03 4.43334E-03 7.92137E-03 7.92137E-03 7.92137E-03 7.92137E-03 1.41537E-02 1.41537E-02 1.41537E-02 1.41537E-02 1.41537E-02 2.52895E-02 2.52895E-02 2.52895E-02 2.52895E-02 2.52895E-02 4.51866E-02 4.51866E-02 4.51866E-02 4.51866E-02 4.51866E-02 4.51866E-02 8.07383E-02 8.07383E-02 8.07383E-02 8.07383E-02 8.07383E-02 8.07383E-02 8.07383E-02 1.44261E-01 1.44261E-01 1.44261E-01 1.44261E-01 1.44261E-01 1.44261E-01 2.57762E-01 2.57762E-01 2.57762E-01 2.57762E-01 2.57762E-01 2.57762E-01 4.60562E-01 4.60562E-01 4.60562E-01 4.60562E-01 4.60562E-01 4.60562E-01 
1.58489E+00 1.58489E+00 2.51189E+00 1.58489E+00 2.51189E+00 1.58489E+00 2.51189E+00 3.98107E+00 1.58489E+00 2.51189E+00 3.98107E+00 6.30957E+00 1.58489E+00 2.51189E+00 3.98107E+00 6.30957E+00 1.58489E+00 2.51189E+00 3.98107E+00 6.30957E+00 9.99999E+00 1.58489E+00 2.51189E+00 3.98107E+00 6.30957E+00 9.99999E+00 1.58489E+00 2.51189E+00 3.98107E+00 6.30957E+00 9.99999E+00 1.58489E+01 1.58489E+00 2.51189E+00 3.98107E+00 6.30957E+00 9.99999E+00 1.58489E+01 2.51189E+01 2.51189E+00 3.98107E+00 6.30957E+00 9.99999E+00 1.58489E+01 2.51189E+01 3.98107E+00 6.30957E+00 9.99999E+00 1.58489E+01 2.51189E+01 3.98107E+01 6.30957E+00 9.99999E+00 1.58489E+01 2.51189E+01 3.98107E+01 6.30957E+01 
90000 
2.19141E-04 
2.17802E-04 
5.22336E-04 
2.16484E-04 
5.20793E-04 
2.15193E-04 
5.20025E-04 
1.27927E-03 
2.14101E-04 
5.19781E-04 
1.28033E-03 
3.23240E-03 
2.13512E-04 
5.20492E-04 
1.28417E-03 
3.23438E-03 
2.13883E-04 
5.22911E-04 
1.29197E-03 
3.24128E-03 
8.19568E-03 
2.15120E-04 
5.26852E-04 
1.30318E-03 
3.25480E-03 
8.21236E-03 
2.14879E-04 
5.27629E-04 
1.30676E-03 
3.25406E-03 
8.18818E-03 
2.06976E-02 
2.09031E-04 
5.16277E-04 
1.28253E-03 
3.19490E-03 
8.02571E-03 
2.02388E-02 
5.16314E-02 
4.96534E-04 
1.24053E-03 
3.10006E-03 
7.78982E-03 
1.96299E-02 
4.98839E-02 
1.22188E-03 
3.06209E-03 
7.69101E-03 
1.93556E-02 
4.89881E-02 
1.26073E-01 
3.05766E-03 
7.67454E-03 
1.92863E-02 
4.86335E-02 
1.23833E-01 
3.24133E-01 
---
