PdfType: replica
Format: lhagrid1
---
4.34963E-04 7.77181E-04 7.77181E-04 1.38865E-03 1.38865E-03 2.48120E-03 2.48120E-03 2.48120E-03 4.43334E-03 4.43334E-03 4.43334E-03 4.43334E-03 7.92137E-03 7.92137E-03 7.92137E-03 7.92137E-03 1.41537E-02 1.41537E-02 1.41537E-02 1.41537E-02 1.41537E-02 2.52895E-02 2.52895E-02 2.52895E-02 2.52895E-02 2.52895E-02 4.51866E-02 4.51866E-02 4.51866E-02 4.51866E-02 4.51866E-02 4.51866E-02 8.07383E-02 8.07383E-02 8.07383E-02 8.07383E-02 8.07383E-02 8.07383E-02 8.07383E-02 1.44261E-01 1.44261E-01 1.44261E-01 1.44261E-01 1.44261E-01 1.44261E-01 2.57762E-01 2.57762E-01 2.57762E-01 2.57762E-01 2.57762E-01 2.57762E-01 4.60562E-01 4.60562E-01 4.60562E-01 4.60562E-01 4.60562E-01 4.60562E-01 
1.58489E+00 1.58489E+00 2.51189E+00 1.58489E+00 2.51189E+00 1.58489E+00 2.51189E+00 3.98107E+00 1.58489E+00 2.51189E+00 3.98107E+00 6.30957E+00 1.58489E+00 2.51189E+00 3.98107E+00 6.30957E+00 1.58489E+00 2.51189E+00 3.98107E+00 6.30957E+00 9.99999E+00 1.58489E+00 2.51189E+00 3.98107E+00 6.30957E+00 9.99999E+00 1.58489E+00 2.51189E+00 3.98107E+00 6.30957E+00 9.99999E+00 1.58489E+01 1.58489E+00 2.51189E+00 3.98107E+00 6.30957E+00 9.99999E+00 1.58489E+01 2.51189E+01 2.51189E+00 3.98107E+00 6.30957E+00 9.99999E+00 1.58489E+01 2.51189E+01 3.98107E+00 6.30957E+00 9.99999E+00 1.58489E+01 2.51189E+01 3.98107E+01 6.30957E+00 9.99999E+00 1.58489E+01 2.51189E+01 3.98107E+01 6.30957E+01 
90000 
2.19607E-04 
2.18300E-04 
5.23270E-04 
2.17004E-04 
5.21770E-04 
2.15725E-04 
5.21055E-04 
1.28128E-03 
2.14643E-04 
5.20893E-04 
1.28260E-03 
3.23749E-03 
2.14115E-04 
5.21827E-04 
1.28706E-03 
3.24118E-03 
2.14800E-04 
5.24978E-04 
1.29658E-03 
3.25215E-03 
8.22082E-03 
2.16951E-04 
5.30662E-04 
1.31145E-03 
3.27336E-03 
8.25534E-03 
2.17655E-04 
5.32877E-04 
1.31746E-03 
3.27673E-03 
8.23856E-03 
2.08138E-02 
2.10400E-04 
5.18325E-04 
1.28571E-03 
3.19988E-03 
8.03291E-03 
2.02482E-02 
5.16478E-02 
4.93759E-04 
1.23355E-03 
3.08282E-03 
7.74699E-03 
1.95243E-02 
4.96272E-02 
1.21483E-03 
3.04415E-03 
7.64659E-03 
1.92464E-02 
4.87231E-02 
1.25462E-01 
3.04184E-03 
7.63421E-03 
1.91853E-02 
4.83843E-02 
1.23239E-01 
3.22854E-01 
---
