PdfType: replica
Format: lhagrid1
---
4.34963E-04 7.77181E-04 7.77181E-04 1.38865E-03 1.38865E-03 2.48120E-03 2.48120E-03 2.48120E-03 4.43334E-03 4.43334E-03 4.43334E-03 4.43334E-03 7.92137E-03 7.92137E-03 7.92137E-03 7.92137E-03 1.41537E-02 1.41537E-02 1.41537E-02 1.41537E-02 1.41537E-02 2.52895E-02 2.52895E-02 2.52895E-02 2.52895E-02 2.52895E-02 4.51866E-02 4.51866E-02 4.51866E-02 4.51866E-02 4.51866E-02 4.51866E-02 8.07383E-02 8.07383E-02 8.07383E-02 8.07383E-02 8.07383E-02 8.07383E-02 8.07383E-02 1.44261E-01 1.44261E-01 1.44261E-01 1.44261E-01 1.44261E-01 1.44261E-01 2.57762E-01 2.57762E-01 2.57762E-01 2.57762E-01 2.57762E-01 2.57762E-01 4.60562E-01 4.60562E-01 4.60562E-01 4.60562E-01 4.60562E-01 4.60562E-01 
1.58489E+00 1.58489E+00 2.51189E+00 1.58489E+00 2.51189E+00 1.58489E+00 2.51189E+00 3.98107E+00 1.58489E+00 2.51189E+00 3.98107E+00 6.30957E+00 1.58489E+00 2.51189E+00 3.98107E+00 6.30957E+00 1.58489E+00 2.51189E+00 3.98107E+00 6.30957E+00 9.99999E+00 1.58489E+00 2.51189E+00 3.98107E+00 6.30957E+00 9.99999E+00 1.58489E+00 2.51189E+00 3.98107E+00 6.30957E+00 9.99999E+00 1.58489E+01 1.58489E+00 2.51189E+00 3.98107E+00 6.30957E+00 9.99999E+00 1.58489E+01 2.51189E+01 2.51189E+00 3.98107E+00 6.30957E+00 9.99999E+00 1.58489E+01 2.51189E+01 3.98107E+00 6.30957E+00 9.99999E+00 1.58489E+01 2.51189E+01 3.98107E+01 6.30957E+00 9.99999E+00 1.58489E+01 2.51189E+01 3.98107E+01 6.30957E+01 
90000 
2.19599E-04 
2.18346E-04 
5.23506E-04 
2.17071E-04 
5.21934E-04 
2.15714E-04 
5.20927E-04 
1.28093E-03 
2.14341E-04 
5.20049E-04 
1.28056E-03 
3.23289E-03 
2.13131E-04 
5.19554E-04 
1.28191E-03 
3.22970E-03 
2.12611E-04 
5.20439E-04 
1.28678E-03 
3.23071E-03 
8.17186E-03 
2.13441E-04 
5.23910E-04 
1.29744E-03 
3.24325E-03 
8.18750E-03 
2.14343E-04 
5.26793E-04 
1.30527E-03 
3.25101E-03 
8.18244E-03 
2.06860E-02 
2.09409E-04 
5.16755E-04 
1.28318E-03 
3.19561E-03 
8.02673E-03 
2.02393E-02 
5.16249E-02 
4.95982E-04 
1.23945E-03 
3.09812E-03 
7.78567E-03 
1.96204E-02 
4.98558E-02 
1.22384E-03 
3.06638E-03 
7.70110E-03 
1.93797E-02 
4.90429E-02 
1.26164E-01 
3.05929E-03 
7.67705E-03 
1.92899E-02 
4.86318E-02 
1.23745E-01 
3.23004E-01 
---
