PdfType: replica
Format: lhagrid1
---
4.34963E-04 7.77181E-04 7.77181E-04 1.38865E-03 1.38865E-03 2.48120E-03 2.48120E-03 2.48120E-03 4.43334E-03 4.43334E-03 4.43334E-03 4.43334E-03 7.92137E-03 7.92137E-03 7.92137E-03 7.92137E-03 1.41537E-02 1.41537E-02 1.41537E-02 1.41537E-02 1.41537E-02 2.52895E-02 2.52895E-02 2.52895E-02 2.52895E-02 2.52895E-02 4.51866E-02 4.51866E-02 4.51866E-02 4.51866E-02 4.51866E-02 4.51866E-02 8.07383E-02 8.07383E-02 8.07383E-02 8.07383E-02 8.07383E-02 8.07383E-02 8.07383E-02 1.44261E-01 1.44261E-01 1.44261E-01 1.44261E-01 1.44261E-01 1.44261E-01 2.57762E-01 2.57762E-01 2.57762E-01 2.57762E-01 2.57762E-01 2.57762E-01 4.60562E-01 4.60562E-01 4.60562E-01 4.60562E-01 4.60562E-01 4.60562E-01 
1.58489E+00 1.58489E+00 2.51189E+00 1.58489E+00 2.51189E+00 1.58489E+00 2.51189E+00 3.98107E+00 1.58489E+00 2.51189E+00 3.98107E+00 6.30957E+00 1.58489E+00 2.51189E+00 3.98107E+00 6.30957E+00 1.58489E+00 2.51189E+00 3.98107E+00 6.30957E+00 9.99999E+00 1.58489E+00 2.51189E+00 3.98107E+00 6.30957E+00 9.99999E+00 1.58489E+00 2.51189E+00 3.98107E+00 6.30957E+00 9.99999E+00 1.58489E+01 1.58489E+00 2.51189E+00 3.98107E+00 6.30957E+00 9.99999E+00 1.58489E+01 2.51189E+01 2.51189E+00 3.98107E+00 6.30957E+00 9.99999E+00 1.58489E+01 2.51189E+01 3.98107E+00 6.30957E+00 9.99999E+00 1.58489E+01 2.51189E+01 3.98107E+01 6.30957E+00 9.99999E+00 1.58489E+01 2.51189E+01 3.98107E+01 6.30957E+01 
90000 
2.19726E-04 
2.18545E-04 
5.23813E-04 
2.17396E-04 
5.22539E-04 
2.16262E-04 
5.22030E-04 
1.28338E-03 
2.15257E-04 
5.21923E-04 
1.28462E-03 
3.24237E-03 
2.14550E-04 
5.22388E-04 
1.28788E-03 
3.24278E-03 
2.14402E-04 
5.23810E-04 
1.29362E-03 
3.24508E-03 
8.20473E-03 
2.14760E-04 
5.26220E-04 
1.30207E-03 
3.25284E-03 
8.20964E-03 
2.14517E-04 
5.27638E-04 
1.30833E-03 
3.25971E-03 
8.20730E-03 
2.07538E-02 
2.11321E-04 
5.22465E-04 
1.29859E-03 
3.23536E-03 
8.12641E-03 
2.04890E-02 
5.22543E-02 
5.06439E-04 
1.26329E-03 
3.15385E-03 
7.91502E-03 
1.99239E-02 
5.05790E-02 
1.22966E-03 
3.07943E-03 
7.73059E-03 
1.94464E-02 
4.91947E-02 
1.26522E-01 
3.05422E-03 
7.66355E-03 
1.92548E-02 
4.85462E-02 
1.23608E-01 
3.23633E-01 
---
