PdfType: replica
Format: lhagrid1
---
4.34963E-04 7.77181E-04 7.77181E-04 1.38865E-03 1.38865E-03 2.48120E-03 2.48120E-03 2.48120E-03 4.43334E-03 4.43334E-03 4.43334E-03 4.43334E-03 7.92137E-03 7.92137E-03 7.92137E-03 7.92137E-03 1.41537E-02 1.41537E-02 1.41537E-02 1.41537E-02 1.41537E-02 2.52895E-02 2.52895E-02 2.52895E-02 2.52895E-02 2.52895E-02 4.51866E-02 4.51866E-02 4.51866E-02 4.51866E-02 4.51866E-02 4.51866E-02 8.07383E-02 8.07383E-02 8.07383E-02 8.07383E-02 8.07383E-02 8.07383E-02 8.07383E-02 1.44261E-01 1.44261E-01 1.44261E-01 1.44261E-01 1.44261E-01 1.44261E-01 2.57762E-01 2.57762E-01 2.57762E-01 2.57762E-01 2.57762E-01 2.57762E-01 4.60562E-01 4.60562E-01 4.60562E-01 4.60562E-01 4.60562E-01 4.60562E-01 
1.58489E+00 1.58489E+00 2.51189E+00 1.58489E+00 2.51189E+00 1.58489E+00 2.51189E+00 3.98107E+00 1.58489E+00 2.51189E+00 3.98107E+00 6.30957E+00 1.58489E+00 2.51189E+00 3.98107E+00 6.30957E+00 1.58489E+00 2.51189E+00 3.98107E+00 6.30957E+00 9.99999E+00 1.58489E+00 2.51189E+00 3.98107E+00 6.30957E+00 9.99999E+00 1.58489E+00 2.51189E+00 3.98107E+00 6.30957E+00 9.99999E+00 1.58489E+01 1.58489E+00 2.51189E+00 3.98107E+00 6.30957E+00 9.99999E+00 1.58489E+01 2.51189E+01 2.51189E+00 3.98107E+00 6.30957E+00 9.99999E+00 1.58489E+01 2.51189E+01 3.98107E+00 6.30957E+00 9.99999E+00 1.58489E+01 2.51189E+01 3.98107E+01 6.30957E+00 9.99999E+00 1.58489E+01 2.51189E+01 3.98107E+01 6.30957E+01 
90000 
2.19958E-04 
2.18880E-04 
5.24616E-04 
2.17870E-04 
5.23614E-04 
2.16921E-04 
5.23496E-04 
1.28646E-03 
2.16172E-04 
5.23968E-04 
1.28905E-03 
3.25113E-03 
2.15855E-04 
5.25326E-04 
1.29435E-03 
3.25665E-03 
2.16329E-04 
5.28063E-04 
1.30293E-03 
3.26581E-03 
8.24964E-03 
2.17483E-04 
5.31795E-04 
1.31374E-03 
3.27846E-03 
8.26527E-03 
2.17220E-04 
5.32324E-04 
1.31690E-03 
3.27636E-03 
8.24025E-03 
2.08204E-02 
2.11385E-04 
5.21124E-04 
1.29329E-03 
3.21928E-03 
8.08269E-03 
2.03736E-02 
5.19560E-02 
4.99560E-04 
1.24687E-03 
3.11461E-03 
7.82115E-03 
1.96987E-02 
5.00366E-02 
1.22068E-03 
3.05784E-03 
7.67974E-03 
1.93263E-02 
4.89104E-02 
1.25851E-01 
3.05028E-03 
7.65474E-03 
1.92357E-02 
4.85064E-02 
1.23523E-01 
3.23428E-01 
---
