PdfType: replica
Format: lhagrid1
---
4.34963E-04 7.77181E-04 7.77181E-04 1.38865E-03 1.38865E-03 2.48120E-03 2.48120E-03 2.48120E-03 4.43334E-03 4.43334E-03 4.43334E-03 4.43334E-03 7.92137E-03 7.92137E-03 7.92137E-03 7.92137E-03 1.41537E-02 1.41537E-02 1.41537E-02 1.41537E-02 1.41537E-02 2.52895E-02 2.52895E-02 2.52895E-02 2.52895E-02 2.52895E-02 4.51866E-02 4.51866E-02 4.51866E-02 4.51866E-02 4.51866E-02 4.51866E-02 8.07383E-02 8.07383E-02 8.07383E-02 8.07383E-02 8.07383E-02 8.07383E-02 8.07383E-02 1.44261E-01 1.44261E-01 1.44261E-01 1.44261E-01 1.44261E-01 1.44261E-01 2.57762E-01 2.57762E-01 2.57762E-01 2.57762E-01 2.57762E-01 2.57762E-01 4.60562E-01 4.60562E-01 4.60562E-01 4.60562E-01 4.60562E-01 4.60562E-01 
1.58489E+00 1.58489E+00 2.51189E+00 1.58489E+00 2.51189E+00 1.58489E+00 2.51189E+00 3.98107E+00 1.58489E+00 2.51189E+00 3.98107E+00 6.30957E+00 1.58489E+00 2.51189E+00 3.98107E+00 6.30957E+00 1.58489E+00 2.51189E+00 3.98107E+00 6.30957E+00 9.99999E+00 1.58489E+00 2.51189E+00 3.98107E+00 6.30957E+00 9.99999E+00 1.58489E+00 2.51189E+00 3.98107E+00 6.30957E+00 9.99999E+00 1.58489E+01 1.58489E+00 2.51189E+00 3.98107E+00 6.30957E+00 9.99999E+00 1.58489E+01 2.51189E+01 2.51189E+00 3.98107E+00 6.30957E+00 9.99999E+00 1.58489E+01 2.51189E+01 3.98107E+00 6.30957E+00 9.99999E+00 1.58489E+01 2.51189E+01 3.98107E+01 6.30957E+00 9.99999E+00 1.58489E+01 2.51189E+01 3.98107E+01 6.30957E+01 
90000 
2.19270E-04 
2.18030E-04 
5.22871E-04 
2.16826E-04 
5.21508E-04 
2.15639E-04 
5.20916E-04 
1.28103E-03 
2.14596E-04 
5.20773E-04 
1.28233E-03 
3.23582E-03 
2.13924E-04 
5.21374E-04 
1.28600E-03 
3.23780E-03 
2.13998E-04 
5.23290E-04 
1.29282E-03 
3.24304E-03 
8.19751E-03 
2.14793E-04 
5.26383E-04 
1.30228E-03 
3.25295E-03 
8.20712E-03 
2.14446E-04 
5.26854E-04 
1.30527E-03 
3.25096E-03 
8.18185E-03 
2.06840E-02 
2.09100E-04 
5.16591E-04 
1.28355E-03 
3.19812E-03 
8.03407E-03 
2.02610E-02 
5.16957E-02 
4.97288E-04 
1.24211E-03 
3.10423E-03 
7.79875E-03 
1.96500E-02 
4.99322E-02 
1.22072E-03 
3.05821E-03 
7.68206E-03 
1.93346E-02 
4.89366E-02 
1.25931E-01 
3.05447E-03 
7.66549E-03 
1.92630E-02 
4.85746E-02 
1.23684E-01 
3.23747E-01 
---
