PdfType: replica
Format: lhagrid1
---
4.34963E-04 7.77181E-04 7.77181E-04 1.38865E-03 1.38865E-03 2.48120E-03 2.48120E-03 2.48120E-03 4.43334E-03 4.43334E-03 4.43334E-03 4.43334E-03 7.92137E-03 7.92137E-03 7.92137E-03 7.92137E-03 1.41537E-02 1.41537E-02 1.41537E-02 1.41537E-02 1.41537E-02 2.52895E-02 2.52895E-02 2.52895E-02 2.52895E-02 2.52895E-02 4.51866E-02 4.51866E-02 4.51866E-02 4.51866E-02 4.51866E-02 4.51866E-02 8.07383E-02 8.07383E-02 8.07383E-02 8.07383E-02 8.07383E-02 8.07383E-02 8.07383E-02 1.44261E-01 1.44261E-01 1.44261E-01 1.44261E-01 1.44261E-01 1.44261E-01 2.57762E-01 2.57762E-01 2.57762E-01 2.57762E-01 2.57762E-01 2.57762E-01 4.60562E-01 4.60562E-01 4.60562E-01 4.60562E-01 4.60562E-01 4.60562E-01 
1.58489E+00 1.58489E+00 2.51189E+00 1.58489E+00 2.51189E+00 1.58489E+00 2.51189E+00 3.98107E+00 1.58489E+00 2.51189E+00 3.98107E+00 6.30957E+00 1.58489E+00 2.51189E+00 3.98107E+00 6.30957E+00 1.58489E+00 2.51189E+00 3.98107E+00 6.30957E+00 9.99999E+00 1.58489E+00 2.51189E+00 3.98107E+00 6.30957E+00 9.99999E+00 1.58489E+00 2.51189E+00 3.98107E+00 6.30957E+00 9.99999E+00 1.58489E+01 1.58489E+00 2.51189E+00 3.98107E+00 6.30957E+00 9.99999E+00 1.58489E+01 2.51189E+01 2.51189E+00 3.98107E+00 6.30957E+00 9.99999E+00 1.58489E+01 2.51189E+01 3.98107E+00 6.30957E+00 9.99999E+00 1.58489E+01 2.51189E+01 3.98107E+01 6.30957E+00 9.99999E+00 1.58489E+01 2.51189E+01 3.98107E+01 6.30957E+01 
90000 
2.19593E-04 
2.18416E-04 
5.23728E-04 
2.17290E-04 
5.22475E-04 
2.16203E-04 
5.22062E-04 
1.28342E-03 
2.15290E-04 
5.22184E-04 
1.28526E-03 
3.24273E-03 
2.14784E-04 
5.23143E-04 
1.28973E-03 
3.24637E-03 
2.15068E-04 
5.25515E-04 
1.29760E-03 
3.25390E-03 
8.22197E-03 
2.16135E-04 
5.29225E-04 
1.30863E-03 
3.26738E-03 
8.24061E-03 
2.16227E-04 
5.30831E-04 
1.31461E-03 
3.27272E-03 
8.23400E-03 
2.08070E-02 
2.11628E-04 
5.22463E-04 
1.29755E-03 
3.23135E-03 
8.11368E-03 
2.04507E-02 
5.21355E-02 
5.03630E-04 
1.25685E-03 
3.13897E-03 
7.87996E-03 
1.98399E-02 
5.03696E-02 
1.22803E-03 
3.07482E-03 
7.71884E-03 
1.94162E-02 
4.91141E-02 
1.26287E-01 
3.04228E-03 
7.63059E-03 
1.91677E-02 
4.83209E-02 
1.23028E-01 
3.22135E-01 
---
