PdfType: replica
Format: lhagrid1
---
4.34963E-04 7.77181E-04 7.77181E-04 1.38865E-03 1.38865E-03 2.48120E-03 2.48120E-03 2.48120E-03 4.43334E-03 4.43334E-03 4.43334E-03 4.43334E-03 7.92137E-03 7.92137E-03 7.92137E-03 7.92137E-03 1.41537E-02 1.41537E-02 1.41537E-02 1.41537E-02 1.41537E-02 2.52895E-02 2.52895E-02 2.52895E-02 2.52895E-02 2.52895E-02 4.51866E-02 4.51866E-02 4.51866E-02 4.51866E-02 4.51866E-02 4.51866E-02 8.07383E-02 8.07383E-02 8.07383E-02 8.07383E-02 8.07383E-02 8.07383E-02 8.07383E-02 1.44261E-01 1.44261E-01 1.44261E-01 1.44261E-01 1.44261E-01 1.44261E-01 2.57762E-01 2.57762E-01 2.57762E-01 2.57762E-01 2.57762E-01 2.57762E-01 4.60562E-01 4.60562E-01 4.60562E-01 4.60562E-01 4.60562E-01 4.60562E-01 
1.58489E+00 1.58489E+00 2.51189E+00 1.58489E+00 2.51189E+00 1.58489E+00 2.51189E+00 3.98107E+00 1.58489E+00 2.51189E+00 3.98107E+00 6.30957E+00 1.58489E+00 2.51189E+00 3.98107E+00 6.30957E+00 1.58489E+00 2.51189E+00 3.98107E+00 6.30957E+00 9.99999E+00 1.58489E+00 2.51189E+00 3.98107E+00 6.30957E+00 9.99999E+00 1.58489E+00 2.51189E+00 3.98107E+00 6.30957E+00 9.99999E+00 1.58489E+01 1.58489E+00 2.51189E+00 3.98107E+00 6.30957E+00 9.99999E+00 1.58489E+01 2.51189E+01 2.51189E+00 3.98107E+00 6.30957E+00 9.99999E+00 1.58489E+01 2.51189E+01 3.98107E+00 6.30957E+00 9.99999E+00 1.58489E+01 2.51189E+01 3.98107E+01 6.30957E+00 9.99999E+00 1.58489E+01 2.51189E+01 3.98107E+01 6.30957E+01 
90000 
2.19834E-04 
2.18480E-04 
5.23654E-04 
2.17041E-04 
5.21855E-04 
2.15479E-04 
5.20560E-04 
1.28016E-03 
2.13931E-04 
5.19417E-04 
1.27933E-03 
3.23062E-03 
2.12724E-04 
5.18886E-04 
1.28061E-03 
3.22702E-03 
2.12543E-04 
5.20229E-04 
1.28630E-03 
3.22922E-03 
8.16900E-03 
2.13907E-04 
5.24538E-04 
1.29857E-03 
3.24502E-03 
8.19190E-03 
2.14723E-04 
5.27430E-04 
1.30648E-03 
3.25354E-03 
8.18719E-03 
2.06958E-02 
2.09109E-04 
5.16111E-04 
1.28157E-03 
3.19152E-03 
8.01610E-03 
2.02126E-02 
5.15605E-02 
4.94708E-04 
1.23648E-03 
3.09060E-03 
7.76827E-03 
1.95803E-02 
4.97689E-02 
1.22214E-03 
3.06377E-03 
7.69599E-03 
1.93705E-02 
4.90341E-02 
1.26233E-01 
3.06983E-03 
7.70685E-03 
1.93709E-02 
4.88520E-02 
1.24388E-01 
3.25466E-01 
---
