PdfType: replica
Format: lhagrid1
---
4.34963E-04 7.77181E-04 7.77181E-04 1.38865E-03 1.38865E-03 2.48120E-03 2.48120E-03 2.48120E-03 4.43334E-03 4.43334E-03 4.43334E-03 4.43334E-03 7.92137E-03 7.92137E-03 7.92137E-03 7.92137E-03 1.41537E-02 1.41537E-02 1.41537E-02 1.41537E-02 1.41537E-02 2.52895E-02 2.52895E-02 2.52895E-02 2.52895E-02 2.52895E-02 4.51866E-02 4.51866E-02 4.51866E-02 4.51866E-02 4.51866E-02 4.51866E-02 8.07383E-02 8.07383E-02 8.07383E-02 8.07383E-02 8.07383E-02 8.07383E-02 8.07383E-02 1.44261E-01 1.44261E-01 1.44261E-01 1.44261E-01 1.44261E-01 1.44261E-01 2.57762E-01 2.57762E-01 2.57762E-01 2.57762E-01 2.57762E-01 2.57762E-01 4.60562E-01 4.60562E-01 4.60562E-01 4.60562E-01 4.60562E-01 4.60562E-01 
1.58489E+00 1.58489E+00 2.51189E+00 1.58489E+00 2.51189E+00 1.58489E+00 2.51189E+00 3.98107E+00 1.58489E+00 2.51189E+00 3.98107E+00 6.30957E+00 1.58489E+00 2.51189E+00 3.98107E+00 6.30957E+00 1.58489E+00 2.51189E+00 3.98107E+00 6.30957E+00 9.99999E+00 1.58489E+00 2.51189E+00 3.98107E+00 6.30957E+00 9.99999E+00 1.58489E+00 2.51189E+00 3.98107E+00 6.30957E+00 9.99999E+00 1.58489E+01 1.58489E+00 2.51189E+00 3.98107E+00 6.30957E+00 9.99999E+00 1.58489E+01 2.51189E+01 2.51189E+00 3.98107E+00 6.30957E+00 9.99999E+00 1.58489E+01 2.51189E+01 3.98107E+00 6.30957E+00 9.99999E+00 1.58489E+01 2.51189E+01 3.98107E+01 6.30957E+00 9.99999E+00 1.58489E+01 2.51189E+01 3.98107E+01 6.30957E+01 
90000 
2.19731E-04 
2.18535E-04 
5.23822E-04 
2.17351E-04 
5.22509E-04 
2.16168E-04 
5.21946E-04 
1.28316E-03 
2.15140E-04 
5.21834E-04 
1.28449E-03 
3.24115E-03 
2.14552E-04 
5.22541E-04 
1.28834E-03 
3.24304E-03 
2.14832E-04 
5.24726E-04 
1.29565E-03 
3.24875E-03 
8.21177E-03 
2.15810E-04 
5.28093E-04 
1.30568E-03 
3.25972E-03 
8.22297E-03 
2.15101E-04 
5.28069E-04 
1.30780E-03 
3.25659E-03 
8.19391E-03 
2.07113E-02 
2.08963E-04 
5.16404E-04 
1.28318E-03 
3.19768E-03 
8.03234E-03 
2.02550E-02 
5.16709E-02 
4.97089E-04 
1.24191E-03 
3.10379E-03 
7.79916E-03 
1.96529E-02 
4.99365E-02 
1.22312E-03 
3.06444E-03 
7.69718E-03 
1.93709E-02 
4.90219E-02 
1.26121E-01 
3.05735E-03 
7.67283E-03 
1.92803E-02 
4.86136E-02 
1.23763E-01 
3.23846E-01 
---
