PdfType: replica
Format: lhagrid1
---
4.34963E-04 7.77181E-04 7.77181E-04 1.38865E-03 1.38865E-03 2.48120E-03 2.48120E-03 2.48120E-03 4.43334E-03 4.43334E-03 4.43334E-03 4.43334E-03 7.92137E-03 7.92137E-03 7.92137E-03 7.92137E-03 1.41537E-02 1.41537E-02 1.41537E-02 1.41537E-02 1.41537E-02 2.52895E-02 2.52895E-02 2.52895E-02 2.52895E-02 2.52895E-02 4.51866E-02 4.51866E-02 4.51866E-02 4.51866E-02 4.51866E-02 4.51866E-02 8.07383E-02 8.07383E-02 8.07383E-02 8.07383E-02 8.07383E-02 8.07383E-02 8.07383E-02 1.44261E-01 1.44261E-01 1.44261E-01 1.44261E-01 1.44261E-01 1.44261E-01 2.57762E-01 2.57762E-01 2.57762E-01 2.57762E-01 2.57762E-01 2.57762E-01 4.60562E-01 4.60562E-01 4.60562E-01 4.60562E-01 4.60562E-01 4.60562E-01 
1.58489E+00 1.58489E+00 2.51189E+00 1.58489E+00 2.51189E+00 1.58489E+00 2.51189E+00 3.98107E+00 1.58489E+00 2.51189E+00 3.98107E+00 6.30957E+00 1.58489E+00 2.51189E+00 3.98107E+00 6.30957E+00 1.58489E+00 2.51189E+00 3.98107E+00 6.30957E+00 9.99999E+00 1.58489E+00 2.51189E+00 3.98107E+00 6.30957E+00 9.99999E+00 1.58489E+00 2.51189E+00 3.98107E+00 6.30957E+00 9.99999E+00 1.58489E+01 1.58489E+00 2.51189E+00 3.98107E+00 6.30957E+00 9.99999E+00 1.58489E+01 2.51189E+01 2.51189E+00 3.98107E+00 6.30957E+00 9.99999E+00 1.58489E+01 2.51189E+01 3.98107E+00 6.30957E+00 9.99999E+00 1.58489E+01 2.51189E+01 3.98107E+01 6.30957E+00 9.99999E+00 1.58489E+01 2.51189E+01 3.98107E+01 6.30957E+01 
90000 
2.19184E-04 
2.17926E-04 
5.22450E-04 
2.16727E-04 
5.21063E-04 
2.15579E-04 
5.20520E-04 
1.28026E-03 
2.14605E-04 
5.20495E-04 
1.28166E-03 
3.23641E-03 
2.13990E-04 
5.21202E-04 
1.28544E-03 
3.23791E-03 
2.14019E-04 
5.23057E-04 
1.29212E-03 
3.24215E-03 
8.19896E-03 
2.14661E-04 
5.26048E-04 
1.30173E-03 
3.25220E-03 
8.20852E-03 
2.14701E-04 
5.27882E-04 
1.30869E-03 
3.26012E-03 
8.20828E-03 
2.07549E-02 
2.11395E-04 
5.22495E-04 
1.29862E-03 
3.23531E-03 
8.12690E-03 
2.04902E-02 
5.22476E-02 
5.06924E-04 
1.26493E-03 
3.15884E-03 
7.92854E-03 
1.99591E-02 
5.06631E-02 
1.23506E-03 
3.09242E-03 
7.76232E-03 
1.95240E-02 
4.93820E-02 
1.26949E-01 
3.06221E-03 
7.68214E-03 
1.92985E-02 
4.86479E-02 
1.23828E-01 
3.23968E-01 
---
