PdfType: replica
Format: lhagrid1
---
4.34963E-04 7.77181E-04 7.77181E-04 1.38865E-03 1.38865E-03 2.48120E-03 2.48120E-03 2.48120E-03 4.43334E-03 4.43334E-03 4.43334E-03 4.43334E-03 7.92137E-03 7.92137E-03 7.92137E-03 7.92137E-03 1.41537E-02 1.41537E-02 1.41537E-02 1.41537E-02 1.41537E-02 2.52895E-02 2.52895E-02 2.52895E-02 2.52895E-02 2.52895E-02 4.51866E-02 4.51866E-02 4.51866E-02 4.51866E-02 4.51866E-02 4.51866E-02 8.07383E-02 8.07383E-02 8.07383E-02 8.07383E-02 8.07383E-02 8.07383E-02 8.07383E-02 1.44261E-01 1.44261E-01 1.44261E-01 1.44261E-01 1.44261E-01 1.44261E-01 2.57762E-01 2.57762E-01 2.57762E-01 2.57762E-01 2.57762E-01 2.57762E-01 4.60562E-01 4.60562E-01 4.60562E-01 4.60562E-01 4.60562E-01 4.60562E-01 
1.58489E+00 1.58489E+00 2.51189E+00 1.58489E+00 2.51189E+00 1.58489E+00 2.51189E+00 3.98107E+00 1.58489E+00 2.51189E+00 3.98107E+00 6.30957E+00 1.58489E+00 2.51189E+00 3.98107E+00 6.30957E+00 1.58489E+00 2.51189E+00 3.98107E+00 6.30957E+00 9.99999E+00 1.58489E+00 2.51189E+00 3.98107E+00 6.30957E+00 9.99999E+00 1.58489E+00 2.51189E+00 3.98107E+00 6.30957E+00 9.99999E+00 1.58489E+01 1.58489E+00 2.51189E+00 3.98107E+00 6.30957E+00 9.99999E+00 1.58489E+01 2.51189E+01 2.51189E+00 3.98107E+00 6.30957E+00 9.99999E+00 1.58489E+01 2.51189E+01 3.98107E+00 6.30957E+00 9.99999E+00 1.58489E+01 2.51189E+01 3.98107E+01 6.30957E+00 9.99999E+00 1.58489E+01 2.51189E+01 3.98107E+01 6.30957E+01 
90000 
2.19413E-04 
2.18148E-04 
5.23096E-04 
2.16883E-04 
5.21615E-04 
2.15585E-04 
5.20794E-04 
1.28083E-03 
2.14361E-04 
5.20256E-04 
1.28121E-03 
3.23410E-03 
2.13407E-04 
5.20229E-04 
1.28345E-03 
3.23262E-03 
2.13083E-04 
5.21290E-04 
1.28839E-03 
3.23344E-03 
8.17696E-03 
2.13489E-04 
5.23662E-04 
1.29643E-03 
3.24015E-03 
8.17932E-03 
2.13249E-04 
5.24584E-04 
1.30073E-03 
3.24137E-03 
8.16175E-03 
2.06411E-02 
2.08922E-04 
5.16509E-04 
1.28386E-03 
3.19944E-03 
8.03887E-03 
2.02756E-02 
5.17361E-02 
4.98607E-04 
1.24531E-03 
3.11179E-03 
7.81727E-03 
1.96953E-02 
5.00423E-02 
1.22381E-03 
3.06694E-03 
7.70451E-03 
1.93919E-02 
4.90820E-02 
1.26294E-01 
3.07455E-03 
7.71870E-03 
1.94013E-02 
4.89296E-02 
1.24581E-01 
3.25915E-01 
---
