PdfType: replica
Format: lhagrid1
---
4.34963E-04 7.77181E-04 7.77181E-04 1.38865E-03 1.38865E-03 2.48120E-03 2.48120E-03 2.48120E-03 4.43334E-03 4.43334E-03 4.43334E-03 4.43334E-03 7.92137E-03 7.92137E-03 7.92137E-03 7.92137E-03 1.41537E-02 1.41537E-02 1.41537E-02 1.41537E-02 1.41537E-02 2.52895E-02 2.52895E-02 2.52895E-02 2.52895E-02 2.52895E-02 4.51866E-02 4.51866E-02 4.51866E-02 4.51866E-02 4.51866E-02 4.51866E-02 8.07383E-02 8.07383E-02 8.07383E-02 8.07383E-02 8.07383E-02 8.07383E-02 8.07383E-02 1.44261E-01 1.44261E-01 1.44261E-01 1.44261E-01 1.44261E-01 1.44261E-01 2.57762E-01 2.57762E-01 2.57762E-01 2.57762E-01 2.57762E-01 2.57762E-01 4.60562E-01 4.60562E-01 4.60562E-01 4.60562E-01 4.60562E-01 4.60562E-01 
1.58489E+00 1.58489E+00 2.51189E+00 1.58489E+00 2.51189E+00 1.58489E+00 2.51189E+00 3.98107E+00 1.58489E+00 2.51189E+00 3.98107E+00 6.30957E+00 1.58489E+00 2.51189E+00 3.98107E+00 6.30957E+00 1.58489E+00 2.51189E+00 3.98107E+00 6.30957E+00 9.99999E+00 1.58489E+00 2.51189E+00 3.98107E+00 6.30957E+00 9.99999E+00 1.58489E+00 2.51189E+00 3.98107E+00 6.30957E+00 9.99999E+00 1.58489E+01 1.58489E+00 2.51189E+00 3.98107E+00 6.30957E+00 9.99999E+00 1.58489E+01 2.51189E+01 2.51189E+00 3.98107E+00 6.30957E+00 9.99999E+00 1.58489E+01 2.51189E+01 3.98107E+00 6.30957E+00 9.99999E+00 1.58489E+01 2.51189E+01 3.98107E+01 6.30957E+00 9.99999E+00 1.58489E+01 2.51189E+01 3.98107E+01 6.30957E+01 
90000 
2.19075E-04 
2.17783E-04 
5.22552E-04 
2.16564E-04 
5.21147E-04 
2.15437E-04 
5.20661E-04 
1.28090E-03 
2.14567E-04 
5.20859E-04 
1.28284E-03 
3.23859E-03 
2.14219E-04 
5.22111E-04 
1.28785E-03 
3.24306E-03 
2.14778E-04 
5.25031E-04 
1.29685E-03 
3.25287E-03 
8.22225E-03 
2.16211E-04 
5.29553E-04 
1.30970E-03 
3.27054E-03 
8.24971E-03 
2.16787E-04 
5.32342E-04 
1.31853E-03 
3.28279E-03 
8.25930E-03 
2.08695E-02 
2.12952E-04 
5.25738E-04 
1.30563E-03 
3.25123E-03 
8.16266E-03 
2.05705E-02 
5.24204E-02 
5.08155E-04 
1.26763E-03 
3.16480E-03 
7.94274E-03 
1.99927E-02 
5.07401E-02 
1.23689E-03 
3.09641E-03 
7.77134E-03 
1.95445E-02 
4.94295E-02 
1.27065E-01 
3.05634E-03 
7.66618E-03 
1.92562E-02 
4.85391E-02 
1.23561E-01 
3.23412E-01 
---
