PdfType: replica
Format: lhagrid1
---
4.34963E-04 7.77181E-04 7.77181E-04 1.38865E-03 1.38865E-03 2.48120E-03 2.48120E-03 2.48120E-03 4.43334E-03 4.43334E-03 4.43334E-03 4.43334E-03 7.92137E-03 7.92137E-03 7.92137E-03 7.92137E-03 1.41537E-02 1.41537E-02 1.41537E-02 1.41537E-02 1.41537E-02 2.52895E-02 2.52895E-02 2.52895E-02 2.52895E-02 2.52895E-02 4.51866E-02 4.51866E-02 4.51866E-02 4.51866E-02 4.51866E-02 4.51866E-02 8.07383E-02 8.07383E-02 8.07383E-02 8.07383E-02 8.07383E-02 8.07383E-02 8.07383E-02 1.44261E-01 1.44261E-01 1.44261E-01 1.44261E-01 1.44261E-01 1.44261E-01 2.57762E-01 2.57762E-01 2.57762E-01 2.57762E-01 2.57762E-01 2.57762E-01 4.60562E-01 4.60562E-01 4.60562E-01 4.60562E-01 4.60562E-01 4.60562E-01 
1.58489E+00 1.58489E+00 2.51189E+00 1.58489E+00 2.51189E+00 1.58489E+00 2.51189E+00 3.98107E+00 1.58489E+00 2.51189E+00 3.98107E+00 6.30957E+00 1.58489E+00 2.51189E+00 3.98107E+00 6.30957E+00 1.58489E+00 2.51189E+00 3.98107E+00 6.30957E+00 9.99999E+00 1.58489E+00 2.51189E+00 3.98107E+00 6.30957E+00 9.99999E+00 1.58489E+00 2.51189E+00 3.98107E+00 6.30957E+00 9.99999E+00 1.58489E+01 1.58489E+00 2.51189E+00 3.98107E+00 6.30957E+00 9.99999E+00 1.58489E+01 2.51189E+01 2.51189E+00 3.98107E+00 6.30957E+00 9.99999E+00 1.58489E+01 2.51189E+01 3.98107E+00 6.30957E+00 9.99999E+00 1.58489E+01 2.51189E+01 3.98107E+01 6.30957E+00 9.99999E+00 1.58489E+01 2.51189E+01 3.98107E+01 6.30957E+01 
90000 
2.19423E-04 
2.18165E-04 
5.23296E-04 
2.16958E-04 
5.21949E-04 
2.15820E-04 
5.21485E-04 
1.28255E-03 
2.14937E-04 
5.21679E-04 
1.28452E-03 
3.24210E-03 
2.14611E-04 
5.22937E-04 
1.28952E-03 
3.24646E-03 
2.15259E-04 
5.25865E-04 
1.29836E-03 
3.25544E-03 
8.22752E-03 
2.16666E-04 
5.30014E-04 
1.31003E-03 
3.26973E-03 
8.24633E-03 
2.16416E-04 
5.30892E-04 
1.31433E-03 
3.27135E-03 
8.22966E-03 
2.07956E-02 
2.10814E-04 
5.20704E-04 
1.29357E-03 
3.22227E-03 
8.09204E-03 
2.03986E-02 
5.20065E-02 
5.02245E-04 
1.25426E-03 
3.13374E-03 
7.86984E-03 
1.98203E-02 
5.03315E-02 
1.23093E-03 
3.08309E-03 
7.74062E-03 
1.94727E-02 
4.92606E-02 
1.26674E-01 
3.05582E-03 
7.66622E-03 
1.92586E-02 
4.85494E-02 
1.23592E-01 
3.23471E-01 
---
