PdfType: replica
Format: lhagrid1
---
4.34963E-04 7.77181E-04 7.77181E-04 1.38865E-03 1.38865E-03 2.48120E-03 2.48120E-03 2.48120E-03 4.43334E-03 4.43334E-03 4.43334E-03 4.43334E-03 7.92137E-03 7.92137E-03 7.92137E-03 7.92137E-03 1.41537E-02 1.41537E-02 1.41537E-02 1.41537E-02 1.41537E-02 2.52895E-02 2.52895E-02 2.52895E-02 2.52895E-02 2.52895E-02 4.51866E-02 4.51866E-02 4.51866E-02 4.51866E-02 4.51866E-02 4.51866E-02 8.07383E-02 8.07383E-02 8.07383E-02 8.07383E-02 8.07383E-02 8.07383E-02 8.07383E-02 1.44261E-01 1.44261E-01 1.44261E-01 1.44261E-01 1.44261E-01 1.44261E-01 2.57762E-01 2.57762E-01 2.57762E-01 2.57762E-01 2.57762E-01 2.57762E-01 4.60562E-01 4.60562E-01 4.60562E-01 4.60562E-01 4.60562E-01 4.60562E-01 
1.58489E+00 1.58489E+00 2.51189E+00 1.58489E+00 2.51189E+00 1.58489E+00 2.51189E+00 3.98107E+00 1.58489E+00 2.51189E+00 3.98107E+00 6.30957E+00 1.58489E+00 2.51189E+00 3.98107E+00 6.30957E+00 1.58489E+00 2.51189E+00 3.98107E+00 6.30957E+00 9.99999E+00 1.58489E+00 2.51189E+00 3.98107E+00 6.30957E+00 9.99999E+00 1.58489E+00 2.51189E+00 3.98107E+00 6.30957E+00 9.99999E+00 1.58489E+01 1.58489E+00 2.51189E+00 3.98107E+00 6.30957E+00 9.99999E+00 1.58489E+01 2.51189E+01 2.51189E+00 3.98107E+00 6.30957E+00 9.99999E+00 1.58489E+01 2.51189E+01 3.98107E+00 6.30957E+00 9.99999E+00 1.58489E+01 2.51189E+01 3.98107E+01 6.30957E+00 9.99999E+00 1.58489E+01 2.51189E+01 3.98107E+01 6.30957E+01 
90000 
2.19019E-04 
2.17780E-04 
5.22347E-04 
2.16628E-04 
5.21040E-04 
2.15559E-04 
5.20653E-04 
1.28055E-03 
2.14712E-04 
5.20897E-04 
1.28259E-03 
3.23726E-03 
2.14312E-04 
5.22081E-04 
1.28749E-03 
3.24177E-03 
2.14719E-04 
5.24759E-04 
1.29603E-03 
3.25079E-03 
8.21554E-03 
2.15932E-04 
5.28872E-04 
1.30797E-03 
3.26647E-03 
8.23903E-03 
2.16334E-04 
5.31162E-04 
1.31545E-03 
3.27510E-03 
8.24018E-03 
2.08215E-02 
2.12234E-04 
5.23716E-04 
1.30026E-03 
3.23742E-03 
8.12830E-03 
2.04857E-02 
5.22175E-02 
5.04577E-04 
1.25861E-03 
3.14233E-03 
7.88730E-03 
1.98565E-02 
5.04096E-02 
1.22667E-03 
3.07129E-03 
7.71047E-03 
1.93964E-02 
4.90682E-02 
1.26185E-01 
3.04195E-03 
7.63094E-03 
1.91704E-02 
4.83296E-02 
1.23048E-01 
3.22134E-01 
---
