PdfType: replica
Format: lhagrid1
---
4.34963E-04 7.77181E-04 7.77181E-04 1.38865E-03 1.38865E-03 2.48120E-03 2.48120E-03 2.48120E-03 4.43334E-03 4.43334E-03 4.43334E-03 4.43334E-03 7.92137E-03 7.92137E-03 7.92137E-03 7.92137E-03 1.41537E-02 1.41537E-02 1.41537E-02 1.41537E-02 1.41537E-02 2.52895E-02 2.52895E-02 2.52895E-02 2.52895E-02 2.52895E-02 4.51866E-02 4.51866E-02 4.51866E-02 4.51866E-02 4.51866E-02 4.51866E-02 8.07383E-02 8.07383E-02 8.07383E-02 8.07383E-02 8.07383E-02 8.07383E-02 8.07383E-02 1.44261E-01 1.44261E-01 1.44261E-01 1.44261E-01 1.44261E-01 1.44261E-01 2.57762E-01 2.57762E-01 2.57762E-01 2.57762E-01 2.57762E-01 2.57762E-01 4.60562E-01 4.60562E-01 4.60562E-01 4.60562E-01 4.60562E-01 4.60562E-01 
1.58489E+00 1.58489E+00 2.51189E+00 1.58489E+00 2.51189E+00 1.58489E+00 2.51189E+00 3.98107E+00 1.58489E+00 2.51189E+00 3.98107E+00 6.30957E+00 1.58489E+00 2.51189E+00 3.98107E+00 6.30957E+00 1.58489E+00 2.51189E+00 3.98107E+00 6.30957E+00 9.99999E+00 1.58489E+00 2.51189E+00 3.98107E+00 6.30957E+00 9.99999E+00 1.58489E+00 2.51189E+00 3.98107E+00 6.30957E+00 9.99999E+00 1.58489E+01 1.58489E+00 2.51189E+00 3.98107E+00 6.30957E+00 9.99999E+00 1.58489E+01 2.51189E+01 2.51189E+00 3.98107E+00 6.30957E+00 9.99999E+00 1.58489E+01 2.51189E+01 3.98107E+00 6.30957E+00 9.99999E+00 1.58489E+01 2.51189E+01 3.98107E+01 6.30957E+00 9.99999E+00 1.58489E+01 2.51189E+01 3.98107E+01 6.30957E+01 
90000 
2.19776E-04 
2.18617E-04 
5.23926E-04 
2.17507E-04 
5.22724E-04 
2.16439E-04 
5.22366E-04 
1.28400E-03 
2.15559E-04 
5.22551E-04 
1.28592E-03 
3.24462E-03 
2.15114E-04 
5.23585E-04 
1.29045E-03 
3.24802E-03 
2.15458E-04 
5.25967E-04 
1.29818E-03 
3.25471E-03 
8.22503E-03 
2.16391E-04 
5.29265E-04 
1.30809E-03 
3.26517E-03 
8.23510E-03 
2.15739E-04 
5.29299E-04 
1.31043E-03 
3.26206E-03 
8.20714E-03 
2.07419E-02 
2.09909E-04 
5.18360E-04 
1.28760E-03 
3.20741E-03 
8.05551E-03 
2.03100E-02 
5.18002E-02 
4.98683E-04 
1.24533E-03 
3.11165E-03 
7.81592E-03 
1.96895E-02 
5.00201E-02 
1.22242E-03 
3.06241E-03 
7.69148E-03 
1.93559E-02 
4.89850E-02 
1.26043E-01 
3.05330E-03 
7.66221E-03 
1.92535E-02 
4.85476E-02 
1.23610E-01 
3.23545E-01 
---
