PdfType: replica
Format: lhagrid1
---
4.34963E-04 7.77181E-04 7.77181E-04 1.38865E-03 1.38865E-03 2.48120E-03 2.48120E-03 2.48120E-03 4.43334E-03 4.43334E-03 4.43334E-03 4.43334E-03 7.92137E-03 7.92137E-03 7.92137E-03 7.92137E-03 1.41537E-02 1.41537E-02 1.41537E-02 1.41537E-02 1.41537E-02 2.52895E-02 2.52895E-02 2.52895E-02 2.52895E-02 2.52895E-02 4.51866E-02 4.51866E-02 4.51866E-02 4.51866E-02 4.51866E-02 4.51866E-02 8.07383E-02 8.07383E-02 8.07383E-02 8.07383E-02 8.07383E-02 8.07383E-02 8.07383E-02 1.44261E-01 1.44261E-01 1.44261E-01 1.44261E-01 1.44261E-01 1.44261E-01 2.57762E-01 2.57762E-01 2.57762E-01 2.57762E-01 2.57762E-01 2.57762E-01 4.60562E-01 4.60562E-01 4.60562E-01 4.60562E-01 4.60562E-01 4.60562E-01 
1.58489E+00 1.58489E+00 2.51189E+00 1.58489E+00 2.51189E+00 1.58489E+00 2.51189E+00 3.98107E+00 1.58489E+00 2.51189E+00 3.98107E+00 6.30957E+00 1.58489E+00 2.51189E+00 3.98107E+00 6.30957E+00 1.58489E+00 2.51189E+00 3.98107E+00 6.30957E+00 9.99999E+00 1.58489E+00 2.51189E+00 3.98107E+00 6.30957E+00 9.99999E+00 1.58489E+00 2.51189E+00 3.98107E+00 6.30957E+00 9.99999E+00 1.58489E+01 1.58489E+00 2.51189E+00 3.98107E+00 6.30957E+00 9.99999E+00 1.58489E+01 2.51189E+01 2.51189E+00 3.98107E+00 6.30957E+00 9.99999E+00 1.58489E+01 2.51189E+01 3.98107E+00 6.30957E+00 9.99999E+00 1.58489E+01 2.51189E+01 3.98107E+01 6.30957E+00 9.99999E+00 1.58489E+01 2.51189E+01 3.98107E+01 6.30957E+01 
90000 
2.19480E-04 
2.18351E-04 
5.23382E-04 
2.17321E-04 
5.22357E-04 
2.16406E-04 
5.22316E-04 
1.28393E-03 
2.15783E-04 
5.23029E-04 
1.28703E-03 
3.24647E-03 
2.15721E-04 
5.24871E-04 
1.29334E-03 
3.25387E-03 
2.16554E-04 
5.28302E-04 
1.30340E-03 
3.26597E-03 
8.25036E-03 
2.17904E-04 
5.32526E-04 
1.31538E-03 
3.28152E-03 
8.27201E-03 
2.17251E-04 
5.32608E-04 
1.31786E-03 
3.27919E-03 
8.24587E-03 
2.08315E-02 
2.10919E-04 
5.20594E-04 
1.29265E-03 
3.21925E-03 
8.08260E-03 
2.03730E-02 
5.19483E-02 
4.99777E-04 
1.24790E-03 
3.11787E-03 
7.83092E-03 
1.97259E-02 
5.01069E-02 
1.22466E-03 
3.06793E-03 
7.70552E-03 
1.93913E-02 
4.90712E-02 
1.26232E-01 
3.06348E-03 
7.68806E-03 
1.93189E-02 
4.87104E-02 
1.23995E-01 
3.24305E-01 
---
