PdfType: replica
Format: lhagrid1
---
4.34963E-04 7.77181E-04 7.77181E-04 1.38865E-03 1.38865E-03 2.48120E-03 2.48120E-03 2.48120E-03 4.43334E-03 4.43334E-03 4.43334E-03 4.43334E-03 7.92137E-03 7.92137E-03 7.92137E-03 7.92137E-03 1.41537E-02 1.41537E-02 1.41537E-02 1.41537E-02 1.41537E-02 2.52895E-02 2.52895E-02 2.52895E-02 2.52895E-02 2.52895E-02 4.51866E-02 4.51866E-02 4.51866E-02 4.51866E-02 4.51866E-02 4.51866E-02 8.07383E-02 8.07383E-02 8.07383E-02 8.07383E-02 8.07383E-02 8.07383E-02 8.07383E-02 1.44261E-01 1.44261E-01 1.44261E-01 1.44261E-01 1.44261E-01 1.44261E-01 2.57762E-01 2.57762E-01 2.57762E-01 2.57762E-01 2.57762E-01 2.57762E-01 4.60562E-01 4.60562E-01 4.60562E-01 4.60562E-01 4.60562E-01 4.60562E-01 
1.58489E+00 1.58489E+00 2.51189E+00 1.58489E+00 2.51189E+00 1.58489E+00 2.51189E+00 3.98107E+00 1.58489E+00 2.51189E+00 3.98107E+00 6.30957E+00 1.58489E+00 2.51189E+00 3.98107E+00 6.30957E+00 1.58489E+00 2.51189E+00 3.98107E+00 6.30957E+00 9.99999E+00 1.58489E+00 2.51189E+00 3.98107E+00 6.30957E+00 9.99999E+00 1.58489E+00 2.51189E+00 3.98107E+00 6.30957E+00 9.99999E+00 1.58489E+01 1.58489E+00 2.51189E+00 3.98107E+00 6.30957E+00 9.99999E+00 1.58489E+01 2.51189E+01 2.51189E+00 3.98107E+00 6.30957E+00 9.99999E+00 1.58489E+01 2.51189E+01 3.98107E+00 6.30957E+00 9.99999E+00 1.58489E+01 2.51189E+01 3.98107E+01 6.30957E+00 9.99999E+00 1.58489E+01 2.51189E+01 3.98107E+01 6.30957E+01 
90000 
2.19535E-04 
2.18282E-04 
5.23379E-04 
2.17063E-04 
5.21989E-04 
2.15880E-04 
5.21417E-04 
1.28217E-03 
2.14891E-04 
5.21393E-04 
1.28368E-03 
3.24015E-03 
2.14388E-04 
5.22333E-04 
1.28805E-03 
3.24341E-03 
2.14890E-04 
5.25063E-04 
1.29655E-03 
3.25191E-03 
8.21946E-03 
2.16462E-04 
5.29554E-04 
1.30884E-03 
3.26724E-03 
8.24023E-03 
2.16505E-04 
5.30556E-04 
1.31257E-03 
3.26584E-03 
8.21415E-03 
2.07549E-02 
2.09758E-04 
5.17386E-04 
1.28444E-03 
3.19826E-03 
8.03201E-03 
2.02500E-02 
5.16464E-02 
4.95943E-04 
1.23918E-03 
3.09725E-03 
7.78282E-03 
1.96126E-02 
4.98397E-02 
1.22165E-03 
3.06085E-03 
7.68755E-03 
1.93466E-02 
4.89647E-02 
1.26013E-01 
3.05475E-03 
7.66531E-03 
1.92607E-02 
4.85661E-02 
1.23663E-01 
3.23740E-01 
---
