PdfType: replica
Format: lhagrid1
---
4.34963E-04 7.77181E-04 7.77181E-04 1.38865E-03 1.38865E-03 2.48120E-03 2.48120E-03 2.48120E-03 4.43334E-03 4.43334E-03 4.43334E-03 4.43334E-03 7.92137E-03 7.92137E-03 7.92137E-03 7.92137E-03 1.41537E-02 1.41537E-02 1.41537E-02 1.41537E-02 1.41537E-02 2.52895E-02 2.52895E-02 2.52895E-02 2.52895E-02 2.52895E-02 4.51866E-02 4.51866E-02 4.51866E-02 4.51866E-02 4.51866E-02 4.51866E-02 8.07383E-02 8.07383E-02 8.07383E-02 8.07383E-02 8.07383E-02 8.07383E-02 8.07383E-02 1.44261E-01 1.44261E-01 1.44261E-01 1.44261E-01 1.44261E-01 1.44261E-01 2.57762E-01 2.57762E-01 2.57762E-01 2.57762E-01 2.57762E-01 2.57762E-01 4.60562E-01 4.60562E-01 4.60562E-01 4.60562E-01 4.60562E-01 4.60562E-01 
1.58489E+00 1.58489E+00 2.51189E+00 1.58489E+00 2.51189E+00 1.58489E+00 2.51189E+00 3.98107E+00 1.58489E+00 2.51189E+00 3.98107E+00 6.30957E+00 1.58489E+00 2.51189E+00 3.98107E+00 6.30957E+00 1.58489E+00 2.51189E+00 3.98107E+00 6.30957E+00 9.99999E+00 1.58489E+00 2.51189E+00 3.98107E+00 6.30957E+00 9.99999E+00 1.58489E+00 2.51189E+00 3.98107E+00 6.30957E+00 9.99999E+00 1.58489E+01 1.58489E+00 2.51189E+00 3.98107E+00 6.30957E+00 9.99999E+00 1.58489E+01 2.51189E+01 2.51189E+00 3.98107E+00 6.30957E+00 9.99999E+00 1.58489E+01 2.51189E+01 3.98107E+00 6.30957E+00 9.99999E+00 1.58489E+01 2.51189E+01 3.98107E+01 6.30957E+00 9.99999E+00 1.58489E+01 2.51189E+01 3.98107E+01 6.30957E+01 
90000 
2.19713E-04 
2.18506E-04 
5.23879E-04 
2.17323E-04 
5.22563E-04 
2.16165E-04 
5.22058E-04 
1.28356E-03 
2.15207E-04 
5.22130E-04 
1.28532E-03 
3.24384E-03 
2.14787E-04 
5.23268E-04 
1.29017E-03 
3.24815E-03 
2.15471E-04 
5.26364E-04 
1.29950E-03 
3.25847E-03 
8.23498E-03 
2.17283E-04 
5.31313E-04 
1.31284E-03 
3.27625E-03 
8.26175E-03 
2.17511E-04 
5.32844E-04 
1.31808E-03 
3.27902E-03 
8.24642E-03 
2.08344E-02 
2.11152E-04 
5.20884E-04 
1.29319E-03 
3.22005E-03 
8.08536E-03 
2.03803E-02 
5.19601E-02 
5.00708E-04 
1.25075E-03 
3.12563E-03 
7.85138E-03 
1.97779E-02 
5.02325E-02 
1.23132E-03 
3.08420E-03 
7.74389E-03 
1.94823E-02 
4.92886E-02 
1.26757E-01 
3.06290E-03 
7.68351E-03 
1.93015E-02 
4.86570E-02 
1.23857E-01 
3.24096E-01 
---
