PdfType: replica
Format: lhagrid1
---
4.34963E-04 7.77181E-04 7.77181E-04 1.38865E-03 1.38865E-03 2.48120E-03 2.48120E-03 2.48120E-03 4.43334E-03 4.43334E-03 4.43334E-03 4.43334E-03 7.92137E-03 7.92137E-03 7.92137E-03 7.92137E-03 1.41537E-02 1.41537E-02 1.41537E-02 1.41537E-02 1.41537E-02 2.52895E-02 2.52895E-02 2.52895E-02 2.52895E-02 2.52895E-02 4.51866E-02 4.51866E-02 4.51866E-02 4.51866E-02 4.51866E-02 4.51866E-02 8.07383E-02 8.07383E-02 8.07383E-02 8.07383E-02 8.07383E-02 8.07383E-02 8.07383E-02 1.44261E-01 1.44261E-01 1.44261E-01 1.44261E-01 1.44261E-01 1.44261E-01 2.57762E-01 2.57762E-01 2.57762E-01 2.57762E-01 2.57762E-01 2.57762E-01 4.60562E-01 4.60562E-01 4.60562E-01 4.60562E-01 4.60562E-01 4.60562E-01 
1.58489E+00 1.58489E+00 2.51189E+00 1.58489E+00 2.51189E+00 1.58489E+00 2.51189E+00 3.98107E+00 1.58489E+00 2.51189E+00 3.98107E+00 6.30957E+00 1.58489E+00 2.51189E+00 3.98107E+00 6.30957E+00 1.58489E+00 2.51189E+00 3.98107E+00 6.30957E+00 9.99999E+00 1.58489E+00 2.51189E+00 3.98107E+00 6.30957E+00 9.99999E+00 1.58489E+00 2.51189E+00 3.98107E+00 6.30957E+00 9.99999E+00 1.58489E+01 1.58489E+00 2.51189E+00 3.98107E+00 6.30957E+00 9.99999E+00 1.58489E+01 2.51189E+01 2.51189E+00 3.98107E+00 6.30957E+00 9.99999E+00 1.58489E+01 2.51189E+01 3.98107E+00 6.30957E+00 9.99999E+00 1.58489E+01 2.51189E+01 3.98107E+01 6.30957E+00 9.99999E+00 1.58489E+01 2.51189E+01 3.98107E+01 6.30957E+01 
90000 
2.19703E-04 
2.18519E-04 
5.23783E-04 
2.17406E-04 
5.22614E-04 
2.16394E-04 
5.22406E-04 
1.28421E-03 
2.15690E-04 
5.22979E-04 
1.28702E-03 
3.24712E-03 
2.15643E-04 
5.24834E-04 
1.29336E-03 
3.25454E-03 
2.16720E-04 
5.28669E-04 
1.30422E-03 
3.26817E-03 
8.25635E-03 
2.18606E-04 
5.33823E-04 
1.31805E-03 
3.28739E-03 
8.28616E-03 
2.18350E-04 
5.34618E-04 
1.32191E-03 
3.28756E-03 
8.26491E-03 
2.08757E-02 
2.11633E-04 
5.21796E-04 
1.29490E-03 
3.22308E-03 
8.09083E-03 
2.03906E-02 
5.19853E-02 
4.99994E-04 
1.24834E-03 
3.11831E-03 
7.83163E-03 
1.97267E-02 
5.01087E-02 
1.22527E-03 
3.06941E-03 
7.70679E-03 
1.93904E-02 
4.90653E-02 
1.26240E-01 
3.05413E-03 
7.66160E-03 
1.92481E-02 
4.85276E-02 
1.23547E-01 
3.23365E-01 
---
