PdfType: replica
Format: lhagrid1
---
4.34963E-04 7.77181E-04 7.77181E-04 1.38865E-03 1.38865E-03 2.48120E-03 2.48120E-03 2.48120E-03 4.43334E-03 4.43334E-03 4.43334E-03 4.43334E-03 7.92137E-03 7.92137E-03 7.92137E-03 7.92137E-03 1.41537E-02 1.41537E-02 1.41537E-02 1.41537E-02 1.41537E-02 2.52895E-02 2.52895E-02 2.52895E-02 2.52895E-02 2.52895E-02 4.51866E-02 4.51866E-02 4.51866E-02 4.51866E-02 4.51866E-02 4.51866E-02 8.07383E-02 8.07383E-02 8.07383E-02 8.07383E-02 8.07383E-02 8.07383E-02 8.07383E-02 1.44261E-01 1.44261E-01 1.44261E-01 1.44261E-01 1.44261E-01 1.44261E-01 2.57762E-01 2.57762E-01 2.57762E-01 2.57762E-01 2.57762E-01 2.57762E-01 4.60562E-01 4.60562E-01 4.60562E-01 4.60562E-01 4.60562E-01 4.60562E-01 
1.58489E+00 1.58489E+00 2.51189E+00 1.58489E+00 2.51189E+00 1.58489E+00 2.51189E+00 3.98107E+00 1.58489E+00 2.51189E+00 3.98107E+00 6.30957E+00 1.58489E+00 2.51189E+00 3.98107E+00 6.30957E+00 1.58489E+00 2.51189E+00 3.98107E+00 6.30957E+00 9.99999E+00 1.58489E+00 2.51189E+00 3.98107E+00 6.30957E+00 9.99999E+00 1.58489E+00 2.51189E+00 3.98107E+00 6.30957E+00 9.99999E+00 1.58489E+01 1.58489E+00 2.51189E+00 3.98107E+00 6.30957E+00 9.99999E+00 1.58489E+01 2.51189E+01 2.51189E+00 3.98107E+00 6.30957E+00 9.99999E+00 1.58489E+01 2.51189E+01 3.98107E+00 6.30957E+00 9.99999E+00 1.58489E+01 2.51189E+01 3.98107E+01 6.30957E+00 9.99999E+00 1.58489E+01 2.51189E+01 3.98107E+01 6.30957E+01 
90000 
2.19343E-04 
2.18159E-04 
5.23133E-04 
2.17053E-04 
5.21930E-04 
2.16022E-04 
5.21612E-04 
1.28256E-03 
2.15196E-04 
5.21860E-04 
1.28455E-03 
3.24142E-03 
2.14768E-04 
5.22878E-04 
1.28896E-03 
3.24443E-03 
2.14967E-04 
5.24935E-04 
1.29590E-03 
3.24935E-03 
8.21170E-03 
2.15472E-04 
5.27387E-04 
1.30395E-03 
3.25577E-03 
8.21249E-03 
2.14367E-04 
5.26555E-04 
1.30453E-03 
3.24885E-03 
8.17669E-03 
2.06682E-02 
2.08816E-04 
5.16276E-04 
1.28337E-03 
3.19839E-03 
8.03604E-03 
2.02662E-02 
5.16931E-02 
4.98644E-04 
1.24564E-03 
3.11325E-03 
7.82124E-03 
1.97052E-02 
5.00624E-02 
1.22598E-03 
3.07121E-03 
7.71427E-03 
1.94150E-02 
4.91363E-02 
1.26411E-01 
3.07594E-03 
7.72017E-03 
1.94021E-02 
4.89260E-02 
1.24557E-01 
3.25793E-01 
---
