PdfType: replica
Format: lhagrid1
---
4.34963E-04 7.77181E-04 7.77181E-04 1.38865E-03 1.38865E-03 2.48120E-03 2.48120E-03 2.48120E-03 4.43334E-03 4.43334E-03 4.43334E-03 4.43334E-03 7.92137E-03 7.92137E-03 7.92137E-03 7.92137E-03 1.41537E-02 1.41537E-02 1.41537E-02 1.41537E-02 1.41537E-02 2.52895E-02 2.52895E-02 2.52895E-02 2.52895E-02 2.52895E-02 4.51866E-02 4.51866E-02 4.51866E-02 4.51866E-02 4.51866E-02 4.51866E-02 8.07383E-02 8.07383E-02 8.07383E-02 8.07383E-02 8.07383E-02 8.07383E-02 8.07383E-02 1.44261E-01 1.44261E-01 1.44261E-01 1.44261E-01 1.44261E-01 1.44261E-01 2.57762E-01 2.57762E-01 2.57762E-01 2.57762E-01 2.57762E-01 2.57762E-01 4.60562E-01 4.60562E-01 4.60562E-01 4.60562E-01 4.60562E-01 4.60562E-01 
1.58489E+00 1.58489E+00 2.51189E+00 1.58489E+00 2.51189E+00 1.58489E+00 2.51189E+00 3.98107E+00 1.58489E+00 2.51189E+00 3.98107E+00 6.30957E+00 1.58489E+00 2.51189E+00 3.98107E+00 6.30957E+00 1.58489E+00 2.51189E+00 3.98107E+00 6.30957E+00 9.99999E+00 1.58489E+00 2.51189E+00 3.98107E+00 6.30957E+00 9.99999E+00 1.58489E+00 2.51189E+00 3.98107E+00 6.30957E+00 9.99999E+00 1.58489E+01 1.58489E+00 2.51189E+00 3.98107E+00 6.30957E+00 9.99999E+00 1.58489E+01 2.51189E+01 2.51189E+00 3.98107E+00 6.30957E+00 9.99999E+00 1.58489E+01 2.51189E+01 3.98107E+00 6.30957E+00 9.99999E+00 1.58489E+01 2.51189E+01 3.98107E+01 6.30957E+00 9.99999E+00 1.58489E+01 2.51189E+01 3.98107E+01 6.30957E+01 
90000 
2.19452E-04 
2.18130E-04 
5.23075E-04 
2.16788E-04 
5.21452E-04 
2.15402E-04 
5.20461E-04 
1.28028E-03 
2.14089E-04 
5.19752E-04 
1.28032E-03 
3.23299E-03 
2.13087E-04 
5.19671E-04 
1.28254E-03 
3.23136E-03 
2.12925E-04 
5.21206E-04 
1.28870E-03 
3.23500E-03 
8.18417E-03 
2.14091E-04 
5.25279E-04 
1.30053E-03 
3.25027E-03 
8.20477E-03 
2.14974E-04 
5.28197E-04 
1.30851E-03 
3.25877E-03 
8.20075E-03 
2.07314E-02 
2.09834E-04 
5.17925E-04 
1.28619E-03 
3.20322E-03 
8.04535E-03 
2.02847E-02 
5.17326E-02 
4.97812E-04 
1.24397E-03 
3.10907E-03 
7.81256E-03 
1.96864E-02 
5.00181E-02 
1.22791E-03 
3.07643E-03 
7.72510E-03 
1.94377E-02 
4.91885E-02 
1.26575E-01 
3.06106E-03 
7.68060E-03 
1.92974E-02 
4.86535E-02 
1.23868E-01 
3.24192E-01 
---
