PdfType: replica
Format: lhagrid1
---
4.34963E-04 7.77181E-04 7.77181E-04 1.38865E-03 1.38865E-03 2.48120E-03 2.48120E-03 2.48120E-03 4.43334E-03 4.43334E-03 4.43334E-03 4.43334E-03 7.92137E-03 7.92137E-03 7.92137E-03 7.92137E-03 1.41537E-02 1.41537E-02 1.41537E-02 1.41537E-02 1.41537E-02 2.52895E-02 2.52895E-02 2.52895E-02 2.52895E-02 2.52895E-02 4.51866E-02 4.51866E-02 4.51866E-02 4.51866E-02 4.51866E-02 4.51866E-02 8.07383E-02 8.07383E-02 8.07383E-02 8.07383E-02 8.07383E-02 8.07383E-02 8.07383E-02 1.44261E-01 1.44261E-01 1.44261E-01 1.44261E-01 1.44261E-01 1.44261E-01 2.57762E-01 2.57762E-01 2.57762E-01 2.57762E-01 2.57762E-01 2.57762E-01 4.60562E-01 4.60562E-01 4.60562E-01 4.60562E-01 4.60562E-01 4.60562E-01 
1.58489E+00 1.58489E+00 2.51189E+00 1.58489E+00 2.51189E+00 1.58489E+00 2.51189E+00 3.98107E+00 1.58489E+00 2.51189E+00 3.98107E+00 6.30957E+00 1.58489E+00 2.51189E+00 3.98107E+00 6.30957E+00 1.58489E+00 2.51189E+00 3.98107E+00 6.30957E+00 9.99999E+00 1.58489E+00 2.51189E+00 3.98107E+00 6.30957E+00 9.99999E+00 1.58489E+00 2.51189E+00 3.98107E+00 6.30957E+00 9.99999E+00 1.58489E+01 1.58489E+00 2.51189E+00 3.98107E+00 6.30957E+00 9.99999E+00 1.58489E+01 2.51189E+01 2.51189E+00 3.98107E+00 6.30957E+00 9.99999E+00 1.58489E+01 2.51189E+01 3.98107E+00 6.30957E+00 9.99999E+00 1.58489E+01 2.51189E+01 3.98107E+01 6.30957E+00 9.99999E+00 1.58489E+01 2.51189E+01 3.98107E+01 6.30957E+01 
90000 
2.19868E-04 
2.18643E-04 
5.24108E-04 
2.17436E-04 
5.22735E-04 
2.16249E-04 
5.22155E-04 
1.28376E-03 
2.15245E-04 
5.22078E-04 
1.28509E-03 
3.24390E-03 
2.14681E-04 
5.22817E-04 
1.28896E-03 
3.24547E-03 
2.14921E-04 
5.24940E-04 
1.29621E-03 
3.25079E-03 
8.21837E-03 
2.15860E-04 
5.28498E-04 
1.30723E-03 
3.26429E-03 
8.23672E-03 
2.16048E-04 
5.31006E-04 
1.31612E-03 
3.27779E-03 
8.24980E-03 
2.08541E-02 
2.12858E-04 
5.26006E-04 
1.30694E-03 
3.25512E-03 
8.17352E-03 
2.06012E-02 
5.25152E-02 
5.09651E-04 
1.27138E-03 
3.17387E-03 
7.96487E-03 
2.00471E-02 
5.08772E-02 
1.24015E-03 
3.10595E-03 
7.79553E-03 
1.96058E-02 
4.95857E-02 
1.27469E-01 
3.07644E-03 
7.71685E-03 
1.93841E-02 
4.88602E-02 
1.24355E-01 
3.25270E-01 
---
