PdfType: replica
Format: lhagrid1
---
4.34963E-04 7.77181E-04 7.77181E-04 1.38865E-03 1.38865E-03 2.48120E-03 2.48120E-03 2.48120E-03 4.43334E-03 4.43334E-03 4.43334E-03 4.43334E-03 7.92137E-03 7.92137E-03 7.92137E-03 7.92137E-03 1.41537E-02 1.41537E-02 1.41537E-02 1.41537E-02 1.41537E-02 2.52895E-02 2.52895E-02 2.52895E-02 2.52895E-02 2.52895E-02 4.51866E-02 4.51866E-02 4.51866E-02 4.51866E-02 4.51866E-02 4.51866E-02 8.07383E-02 8.07383E-02 8.07383E-02 8.07383E-02 8.07383E-02 8.07383E-02 8.07383E-02 1.44261E-01 1.44261E-01 1.44261E-01 1.44261E-01 1.44261E-01 1.44261E-01 2.57762E-01 2.57762E-01 2.57762E-01 2.57762E-01 2.57762E-01 2.57762E-01 4.60562E-01 4.60562E-01 4.60562E-01 4.60562E-01 4.60562E-01 4.60562E-01 
1.58489E+00 1.58489E+00 2.51189E+00 1.58489E+00 2.51189E+00 1.58489E+00 2.51189E+00 3.98107E+00 1.58489E+00 2.51189E+00 3.98107E+00 6.30957E+00 1.58489E+00 2.51189E+00 3.98107E+00 6.30957E+00 1.58489E+00 2.51189E+00 3.98107E+00 6.30957E+00 9.99999E+00 1.58489E+00 2.51189E+00 3.98107E+00 6.30957E+00 9.99999E+00 1.58489E+00 2.51189E+00 3.98107E+00 6.30957E+00 9.99999E+00 1.58489E+01 1.58489E+00 2.51189E+00 3.98107E+00 6.30957E+00 9.99999E+00 1.58489E+01 2.51189E+01 2.51189E+00 3.98107E+00 6.30957E+00 9.99999E+00 1.58489E+01 2.51189E+01 3.98107E+00 6.30957E+00 9.99999E+00 1.58489E+01 2.51189E+01 3.98107E+01 6.30957E+00 9.99999E+00 1.58489E+01 2.51189E+01 3.98107E+01 6.30957E+01 
90000 
2.19020E-04 
2.17684E-04 
5.22358E-04 
2.16405E-04 
5.20848E-04 
2.15195E-04 
5.20217E-04 
1.27995E-03 
2.14225E-04 
5.20222E-04 
1.28151E-03 
3.23528E-03 
2.13778E-04 
5.21269E-04 
1.28611E-03 
3.23892E-03 
2.14279E-04 
5.24052E-04 
1.29480E-03 
3.24810E-03 
8.21074E-03 
2.15687E-04 
5.28466E-04 
1.30725E-03 
3.26484E-03 
8.23551E-03 
2.15992E-04 
5.30473E-04 
1.31387E-03 
3.27151E-03 
8.23055E-03 
2.07969E-02 
2.11196E-04 
5.21467E-04 
1.29513E-03 
3.22557E-03 
8.10010E-03 
2.04174E-02 
5.20429E-02 
5.02623E-04 
1.25500E-03 
3.13517E-03 
7.87439E-03 
1.98334E-02 
5.03645E-02 
1.23404E-03 
3.09166E-03 
7.76389E-03 
1.95352E-02 
4.94257E-02 
1.27098E-01 
3.08625E-03 
7.74437E-03 
1.94586E-02 
4.90582E-02 
1.24865E-01 
3.26517E-01 
---
