PdfType: replica
Format: lhagrid1
---
4.34963E-04 7.77181E-04 7.77181E-04 1.38865E-03 1.38865E-03 2.48120E-03 2.48120E-03 2.48120E-03 4.43334E-03 4.43334E-03 4.43334E-03 4.43334E-03 7.92137E-03 7.92137E-03 7.92137E-03 7.92137E-03 1.41537E-02 1.41537E-02 1.41537E-02 1.41537E-02 1.41537E-02 2.52895E-02 2.52895E-02 2.52895E-02 2.52895E-02 2.52895E-02 4.51866E-02 4.51866E-02 4.51866E-02 4.51866E-02 4.51866E-02 4.51866E-02 8.07383E-02 8.07383E-02 8.07383E-02 8.07383E-02 8.07383E-02 8.07383E-02 8.07383E-02 1.44261E-01 1.44261E-01 1.44261E-01 1.44261E-01 1.44261E-01 1.44261E-01 2.57762E-01 2.57762E-01 2.57762E-01 2.57762E-01 2.57762E-01 2.57762E-01 4.60562E-01 4.60562E-01 4.60562E-01 4.60562E-01 4.60562E-01 4.60562E-01 
1.58489E+00 1.58489E+00 2.51189E+00 1.58489E+00 2.51189E+00 1.58489E+00 2.51189E+00 3.98107E+00 1.58489E+00 2.51189E+00 3.98107E+00 6.30957E+00 1.58489E+00 2.51189E+00 3.98107E+00 6.30957E+00 1.58489E+00 2.51189E+00 3.98107E+00 6.30957E+00 9.99999E+00 1.58489E+00 2.51189E+00 3.98107E+00 6.30957E+00 9.99999E+00 1.58489E+00 2.51189E+00 3.98107E+00 6.30957E+00 9.99999E+00 1.58489E+01 1.58489E+00 2.51189E+00 3.98107E+00 6.30957E+00 9.99999E+00 1.58489E+01 2.51189E+01 2.51189E+00 3.98107E+00 6.30957E+00 9.99999E+00 1.58489E+01 2.51189E+01 3.98107E+00 6.30957E+00 9.99999E+00 1.58489E+01 2.51189E+01 3.98107E+01 6.30957E+00 9.99999E+00 1.58489E+01 2.51189E+01 3.98107E+01 6.30957E+01 
90000 
2.19816E-04 
2.18677E-04 
5.24216E-04 
2.17627E-04 
5.23152E-04 
2.16683E-04 
5.23061E-04 
1.28578E-03 
2.16001E-04 
5.23660E-04 
1.28855E-03 
3.25132E-03 
2.15787E-04 
5.25157E-04 
1.29402E-03 
3.25655E-03 
2.16258E-04 
5.27768E-04 
1.30220E-03 
3.26424E-03 
8.24778E-03 
2.17077E-04 
5.30894E-04 
1.31193E-03 
3.27470E-03 
8.25839E-03 
2.16574E-04 
5.31631E-04 
1.31668E-03 
3.27806E-03 
8.24875E-03 
2.08479E-02 
2.12544E-04 
5.25033E-04 
1.30438E-03 
3.24861E-03 
8.15812E-03 
2.05642E-02 
5.24251E-02 
5.09229E-04 
1.26986E-03 
3.16932E-03 
7.95187E-03 
2.00116E-02 
5.07853E-02 
1.23267E-03 
3.08548E-03 
7.74229E-03 
1.94686E-02 
4.92347E-02 
1.26581E-01 
3.03780E-03 
7.62062E-03 
1.91439E-02 
4.82623E-02 
1.22889E-01 
3.21849E-01 
---
