PdfType: replica
Format: lhagrid1
---
4.34963E-04 7.77181E-04 7.77181E-04 1.38865E-03 1.38865E-03 2.48120E-03 2.48120E-03 2.48120E-03 4.43334E-03 4.43334E-03 4.43334E-03 4.43334E-03 7.92137E-03 7.92137E-03 7.92137E-03 7.92137E-03 1.41537E-02 1.41537E-02 1.41537E-02 1.41537E-02 1.41537E-02 2.52895E-02 2.52895E-02 2.52895E-02 2.52895E-02 2.52895E-02 4.51866E-02 4.51866E-02 4.51866E-02 4.51866E-02 4.51866E-02 4.51866E-02 8.07383E-02 8.07383E-02 8.07383E-02 8.07383E-02 8.07383E-02 8.07383E-02 8.07383E-02 1.44261E-01 1.44261E-01 1.44261E-01 1.44261E-01 1.44261E-01 1.44261E-01 2.57762E-01 2.57762E-01 2.57762E-01 2.57762E-01 2.57762E-01 2.57762E-01 4.60562E-01 4.60562E-01 4.60562E-01 4.60562E-01 4.60562E-01 4.60562E-01 
1.58489E+00 1.58489E+00 2.51189E+00 1.58489E+00 2.51189E+00 1.58489E+00 2.51189E+00 3.98107E+00 1.58489E+00 2.51189E+00 3.98107E+00 6.30957E+00 1.58489E+00 2.51189E+00 3.98107E+00 6.30957E+00 1.58489E+00 2.51189E+00 3.98107E+00 6.30957E+00 9.99999E+00 1.58489E+00 2.51189E+00 3.98107E+00 6.30957E+00 9.99999E+00 1.58489E+00 2.51189E+00 3.98107E+00 6.30957E+00 9.99999E+00 1.58489E+01 1.58489E+00 2.51189E+00 3.98107E+00 6.30957E+00 9.99999E+00 1.58489E+01 2.51189E+01 2.51189E+00 3.98107E+00 6.30957E+00 9.99999E+00 1.58489E+01 2.51189E+01 3.98107E+00 6.30957E+00 9.99999E+00 1.58489E+01 2.51189E+01 3.98107E+01 6.30957E+00 9.99999E+00 1.58489E+01 2.51189E+01 3.98107E+01 6.30957E+01 
90000 
2.19080E-04 
2.17783E-04 
5.22319E-04 
2.16523E-04 
5.20868E-04 
2.15298E-04 
5.20230E-04 
1.27947E-03 
2.14276E-04 
5.20172E-04 
1.28107E-03 
3.23247E-03 
2.13788E-04 
5.21201E-04 
1.28578E-03 
3.23713E-03 
2.14399E-04 
5.24250E-04 
1.29511E-03 
3.24811E-03 
8.20822E-03 
2.16163E-04 
5.29205E-04 
1.30841E-03 
3.26635E-03 
8.23692E-03 
2.16318E-04 
5.30354E-04 
1.31226E-03 
3.26558E-03 
8.21255E-03 
2.07485E-02 
2.09418E-04 
5.16688E-04 
1.28279E-03 
3.19491E-03 
8.02329E-03 
2.02282E-02 
5.15959E-02 
4.94681E-04 
1.23616E-03 
3.09026E-03 
7.76618E-03 
1.95730E-02 
4.97453E-02 
1.21844E-03 
3.05281E-03 
7.66919E-03 
1.93034E-02 
4.88598E-02 
1.25742E-01 
3.04922E-03 
7.65269E-03 
1.92306E-02 
4.84918E-02 
1.23468E-01 
3.23153E-01 
---
