PdfType: replica
Format: lhagrid1
---
4.34963E-04 7.77181E-04 7.77181E-04 1.38865E-03 1.38865E-03 2.48120E-03 2.48120E-03 2.48120E-03 4.43334E-03 4.43334E-03 4.43334E-03 4.43334E-03 7.92137E-03 7.92137E-03 7.92137E-03 7.92137E-03 1.41537E-02 1.41537E-02 1.41537E-02 1.41537E-02 1.41537E-02 2.52895E-02 2.52895E-02 2.52895E-02 2.52895E-02 2.52895E-02 4.51866E-02 4.51866E-02 4.51866E-02 4.51866E-02 4.51866E-02 4.51866E-02 8.07383E-02 8.07383E-02 8.07383E-02 8.07383E-02 8.07383E-02 8.07383E-02 8.07383E-02 1.44261E-01 1.44261E-01 1.44261E-01 1.44261E-01 1.44261E-01 1.44261E-01 2.57762E-01 2.57762E-01 2.57762E-01 2.57762E-01 2.57762E-01 2.57762E-01 4.60562E-01 4.60562E-01 4.60562E-01 4.60562E-01 4.60562E-01 4.60562E-01 
1.58489E+00 1.58489E+00 2.51189E+00 1.58489E+00 2.51189E+00 1.58489E+00 2.51189E+00 3.98107E+00 1.58489E+00 2.51189E+00 3.98107E+00 6.30957E+00 1.58489E+00 2.51189E+00 3.98107E+00 6.30957E+00 1.58489E+00 2.51189E+00 3.98107E+00 6.30957E+00 9.99999E+00 1.58489E+00 2.51189E+00 3.98107E+00 6.30957E+00 9.99999E+00 1.58489E+00 2.51189E+00 3.98107E+00 6.30957E+00 9.99999E+00 1.58489E+01 1.58489E+00 2.51189E+00 3.98107E+00 6.30957E+00 9.99999E+00 1.58489E+01 2.51189E+01 2.51189E+00 3.98107E+00 6.30957E+00 9.99999E+00 1.58489E+01 2.51189E+01 3.98107E+00 6.30957E+00 9.99999E+00 1.58489E+01 2.51189E+01 3.98107E+01 6.30957E+00 9.99999E+00 1.58489E+01 2.51189E+01 3.98107E+01 6.30957E+01 
90000 
2.19384E-04 
2.18103E-04 
5.22914E-04 
2.16860E-04 
5.21486E-04 
2.15665E-04 
5.20910E-04 
1.28114E-03 
2.14701E-04 
5.20947E-04 
1.28278E-03 
3.23833E-03 
2.14274E-04 
5.22018E-04 
1.28741E-03 
3.24159E-03 
2.14820E-04 
5.24812E-04 
1.29611E-03 
3.25007E-03 
8.21607E-03 
2.16181E-04 
5.29110E-04 
1.30840E-03 
3.26620E-03 
8.23911E-03 
2.16145E-04 
5.30731E-04 
1.31455E-03 
3.27284E-03 
8.23360E-03 
2.08058E-02 
2.11064E-04 
5.21430E-04 
1.29534E-03 
3.22678E-03 
8.10215E-03 
2.04216E-02 
5.20583E-02 
5.02674E-04 
1.25493E-03 
3.13471E-03 
7.87179E-03 
1.98241E-02 
5.03372E-02 
1.23100E-03 
3.08283E-03 
7.73947E-03 
1.94693E-02 
4.92523E-02 
1.26660E-01 
3.05487E-03 
7.66365E-03 
1.92520E-02 
4.85331E-02 
1.23554E-01 
3.23397E-01 
---
