PdfType: replica
Format: lhagrid1
---
4.34963E-04 7.77181E-04 7.77181E-04 1.38865E-03 1.38865E-03 2.48120E-03 2.48120E-03 2.48120E-03 4.43334E-03 4.43334E-03 4.43334E-03 4.43334E-03 7.92137E-03 7.92137E-03 7.92137E-03 7.92137E-03 1.41537E-02 1.41537E-02 1.41537E-02 1.41537E-02 1.41537E-02 2.52895E-02 2.52895E-02 2.52895E-02 2.52895E-02 2.52895E-02 4.51866E-02 4.51866E-02 4.51866E-02 4.51866E-02 4.51866E-02 4.51866E-02 8.07383E-02 8.07383E-02 8.07383E-02 8.07383E-02 8.07383E-02 8.07383E-02 8.07383E-02 1.44261E-01 1.44261E-01 1.44261E-01 1.44261E-01 1.44261E-01 1.44261E-01 2.57762E-01 2.57762E-01 2.57762E-01 2.57762E-01 2.57762E-01 2.57762E-01 4.60562E-01 4.60562E-01 4.60562E-01 4.60562E-01 4.60562E-01 4.60562E-01 
1.58489E+00 1.58489E+00 2.51189E+00 1.58489E+00 2.51189E+00 1.58489E+00 2.51189E+00 3.98107E+00 1.58489E+00 2.51189E+00 3.98107E+00 6.30957E+00 1.58489E+00 2.51189E+00 3.98107E+00 6.30957E+00 1.58489E+00 2.51189E+00 3.98107E+00 6.30957E+00 9.99999E+00 1.58489E+00 2.51189E+00 3.98107E+00 6.30957E+00 9.99999E+00 1.58489E+00 2.51189E+00 3.98107E+00 6.30957E+00 9.99999E+00 1.58489E+01 1.58489E+00 2.51189E+00 3.98107E+00 6.30957E+00 9.99999E+00 1.58489E+01 2.51189E+01 2.51189E+00 3.98107E+00 6.30957E+00 9.99999E+00 1.58489E+01 2.51189E+01 3.98107E+00 6.30957E+00 9.99999E+00 1.58489E+01 2.51189E+01 3.98107E+01 6.30957E+00 9.99999E+00 1.58489E+01 2.51189E+01 3.98107E+01 6.30957E+01 
90000 
2.19461E-04 
2.18256E-04 
5.23197E-04 
2.17105E-04 
5.21908E-04 
2.15995E-04 
5.21469E-04 
1.28214E-03 
2.15067E-04 
5.21587E-04 
1.28398E-03 
3.24015E-03 
2.14569E-04 
5.22607E-04 
1.28860E-03 
3.24406E-03 
2.14906E-04 
5.25162E-04 
1.29689E-03 
3.25259E-03 
8.22003E-03 
2.16077E-04 
5.29127E-04 
1.30837E-03 
3.26708E-03 
8.23988E-03 
2.16149E-04 
5.30485E-04 
1.31335E-03 
3.26935E-03 
8.22463E-03 
2.07831E-02 
2.10906E-04 
5.20349E-04 
1.29188E-03 
3.21660E-03 
8.07766E-03 
2.03632E-02 
5.19251E-02 
5.00044E-04 
1.24860E-03 
3.11932E-03 
7.83521E-03 
1.97376E-02 
5.01377E-02 
1.22710E-03 
3.07496E-03 
7.72338E-03 
1.94369E-02 
4.91884E-02 
1.26537E-01 
3.07906E-03 
7.72883E-03 
1.94242E-02 
4.89798E-02 
1.24675E-01 
3.25958E-01 
---
