PdfType: replica
Format: lhagrid1
---
4.34963E-04 7.77181E-04 7.77181E-04 1.38865E-03 1.38865E-03 2.48120E-03 2.48120E-03 2.48120E-03 4.43334E-03 4.43334E-03 4.43334E-03 4.43334E-03 7.92137E-03 7.92137E-03 7.92137E-03 7.92137E-03 1.41537E-02 1.41537E-02 1.41537E-02 1.41537E-02 1.41537E-02 2.52895E-02 2.52895E-02 2.52895E-02 2.52895E-02 2.52895E-02 4.51866E-02 4.51866E-02 4.51866E-02 4.51866E-02 4.51866E-02 4.51866E-02 8.07383E-02 8.07383E-02 8.07383E-02 8.07383E-02 8.07383E-02 8.07383E-02 8.07383E-02 1.44261E-01 1.44261E-01 1.44261E-01 1.44261E-01 1.44261E-01 1.44261E-01 2.57762E-01 2.57762E-01 2.57762E-01 2.57762E-01 2.57762E-01 2.57762E-01 4.60562E-01 4.60562E-01 4.60562E-01 4.60562E-01 4.60562E-01 4.60562E-01 
1.58489E+00 1.58489E+00 2.51189E+00 1.58489E+00 2.51189E+00 1.58489E+00 2.51189E+00 3.98107E+00 1.58489E+00 2.51189E+00 3.98107E+00 6.30957E+00 1.58489E+00 2.51189E+00 3.98107E+00 6.30957E+00 1.58489E+00 2.51189E+00 3.98107E+00 6.30957E+00 9.99999E+00 1.58489E+00 2.51189E+00 3.98107E+00 6.30957E+00 9.99999E+00 1.58489E+00 2.51189E+00 3.98107E+00 6.30957E+00 9.99999E+00 1.58489E+01 1.58489E+00 2.51189E+00 3.98107E+00 6.30957E+00 9.99999E+00 1.58489E+01 2.51189E+01 2.51189E+00 3.98107E+00 6.30957E+00 9.99999E+00 1.58489E+01 2.51189E+01 3.98107E+00 6.30957E+00 9.99999E+00 1.58489E+01 2.51189E+01 3.98107E+01 6.30957E+00 9.99999E+00 1.58489E+01 2.51189E+01 3.98107E+01 6.30957E+01 
90000 
2.19655E-04 
2.18464E-04 
5.23617E-04 
2.17312E-04 
5.22362E-04 
2.16197E-04 
5.21938E-04 
1.28304E-03 
2.15292E-04 
5.22104E-04 
1.28504E-03 
3.24196E-03 
2.14919E-04 
5.23333E-04 
1.29011E-03 
3.24694E-03 
2.15599E-04 
5.26437E-04 
1.29945E-03 
3.25747E-03 
8.23114E-03 
2.17208E-04 
5.30976E-04 
1.31177E-03 
3.27313E-03 
8.25254E-03 
2.16707E-04 
5.30857E-04 
1.31297E-03 
3.26657E-03 
8.21399E-03 
2.07529E-02 
2.09004E-04 
5.15711E-04 
1.28042E-03 
3.18939E-03 
8.00943E-03 
2.01943E-02 
5.15166E-02 
4.93317E-04 
1.23285E-03 
3.08234E-03 
7.74702E-03 
1.95265E-02 
4.96325E-02 
1.21574E-03 
3.04568E-03 
7.65170E-03 
1.92607E-02 
4.87555E-02 
1.25489E-01 
3.04398E-03 
7.63931E-03 
1.91971E-02 
4.84079E-02 
1.23257E-01 
3.22607E-01 
---
