PdfType: replica
Format: lhagrid1
---
4.34963E-04 7.77181E-04 7.77181E-04 1.38865E-03 1.38865E-03 2.48120E-03 2.48120E-03 2.48120E-03 4.43334E-03 4.43334E-03 4.43334E-03 4.43334E-03 7.92137E-03 7.92137E-03 7.92137E-03 7.92137E-03 1.41537E-02 1.41537E-02 1.41537E-02 1.41537E-02 1.41537E-02 2.52895E-02 2.52895E-02 2.52895E-02 2.52895E-02 2.52895E-02 4.51866E-02 4.51866E-02 4.51866E-02 4.51866E-02 4.51866E-02 4.51866E-02 8.07383E-02 8.07383E-02 8.07383E-02 8.07383E-02 8.07383E-02 8.07383E-02 8.07383E-02 1.44261E-01 1.44261E-01 1.44261E-01 1.44261E-01 1.44261E-01 1.44261E-01 2.57762E-01 2.57762E-01 2.57762E-01 2.57762E-01 2.57762E-01 2.57762E-01 4.60562E-01 4.60562E-01 4.60562E-01 4.60562E-01 4.60562E-01 4.60562E-01 
1.58489E+00 1.58489E+00 2.51189E+00 1.58489E+00 2.51189E+00 1.58489E+00 2.51189E+00 3.98107E+00 1.58489E+00 2.51189E+00 3.98107E+00 6.30957E+00 1.58489E+00 2.51189E+00 3.98107E+00 6.30957E+00 1.58489E+00 2.51189E+00 3.98107E+00 6.30957E+00 9.99999E+00 1.58489E+00 2.51189E+00 3.98107E+00 6.30957E+00 9.99999E+00 1.58489E+00 2.51189E+00 3.98107E+00 6.30957E+00 9.99999E+00 1.58489E+01 1.58489E+00 2.51189E+00 3.98107E+00 6.30957E+00 9.99999E+00 1.58489E+01 2.51189E+01 2.51189E+00 3.98107E+00 6.30957E+00 9.99999E+00 1.58489E+01 2.51189E+01 3.98107E+00 6.30957E+00 9.99999E+00 1.58489E+01 2.51189E+01 3.98107E+01 6.30957E+00 9.99999E+00 1.58489E+01 2.51189E+01 3.98107E+01 6.30957E+01 
90000 
2.20259E-04 
2.19183E-04 
5.25295E-04 
2.18163E-04 
5.24287E-04 
2.17214E-04 
5.24205E-04 
1.28798E-03 
2.16543E-04 
5.24880E-04 
1.29108E-03 
3.25596E-03 
2.16544E-04 
5.26911E-04 
1.29792E-03 
3.26495E-03 
2.17832E-04 
5.31259E-04 
1.31000E-03 
3.28173E-03 
8.28670E-03 
2.20291E-04 
5.37460E-04 
1.32598E-03 
3.30552E-03 
8.32723E-03 
2.20525E-04 
5.38843E-04 
1.33068E-03 
3.30657E-03 
8.30768E-03 
2.09730E-02 
2.12893E-04 
5.24062E-04 
1.29946E-03 
3.23253E-03 
8.11233E-03 
2.04395E-02 
5.20902E-02 
5.00400E-04 
1.24990E-03 
3.12313E-03 
7.84544E-03 
1.97645E-02 
5.02058E-02 
1.23143E-03 
3.08658E-03 
7.75232E-03 
1.95092E-02 
4.93714E-02 
1.27017E-01 
3.09112E-03 
7.75941E-03 
1.95010E-02 
4.91732E-02 
1.25167E-01 
3.27260E-01 
---
