PdfType: replica
Format: lhagrid1
---
4.34963E-04 7.77181E-04 7.77181E-04 1.38865E-03 1.38865E-03 2.48120E-03 2.48120E-03 2.48120E-03 4.43334E-03 4.43334E-03 4.43334E-03 4.43334E-03 7.92137E-03 7.92137E-03 7.92137E-03 7.92137E-03 1.41537E-02 1.41537E-02 1.41537E-02 1.41537E-02 1.41537E-02 2.52895E-02 2.52895E-02 2.52895E-02 2.52895E-02 2.52895E-02 4.51866E-02 4.51866E-02 4.51866E-02 4.51866E-02 4.51866E-02 4.51866E-02 8.07383E-02 8.07383E-02 8.07383E-02 8.07383E-02 8.07383E-02 8.07383E-02 8.07383E-02 1.44261E-01 1.44261E-01 1.44261E-01 1.44261E-01 1.44261E-01 1.44261E-01 2.57762E-01 2.57762E-01 2.57762E-01 2.57762E-01 2.57762E-01 2.57762E-01 4.60562E-01 4.60562E-01 4.60562E-01 4.60562E-01 4.60562E-01 4.60562E-01 
1.58489E+00 1.58489E+00 2.51189E+00 1.58489E+00 2.51189E+00 1.58489E+00 2.51189E+00 3.98107E+00 1.58489E+00 2.51189E+00 3.98107E+00 6.30957E+00 1.58489E+00 2.51189E+00 3.98107E+00 6.30957E+00 1.58489E+00 2.51189E+00 3.98107E+00 6.30957E+00 9.99999E+00 1.58489E+00 2.51189E+00 3.98107E+00 6.30957E+00 9.99999E+00 1.58489E+00 2.51189E+00 3.98107E+00 6.30957E+00 9.99999E+00 1.58489E+01 1.58489E+00 2.51189E+00 3.98107E+00 6.30957E+00 9.99999E+00 1.58489E+01 2.51189E+01 2.51189E+00 3.98107E+00 6.30957E+00 9.99999E+00 1.58489E+01 2.51189E+01 3.98107E+00 6.30957E+00 9.99999E+00 1.58489E+01 2.51189E+01 3.98107E+01 6.30957E+00 9.99999E+00 1.58489E+01 2.51189E+01 3.98107E+01 6.30957E+01 
90000 
2.19484E-04 
2.18286E-04 
5.23400E-04 
2.17143E-04 
5.22174E-04 
2.16059E-04 
5.21813E-04 
1.28298E-03 
2.15196E-04 
5.22064E-04 
1.28514E-03 
3.24245E-03 
2.14840E-04 
5.23330E-04 
1.29027E-03 
3.24753E-03 
2.15433E-04 
5.26283E-04 
1.29930E-03 
3.25751E-03 
8.23096E-03 
2.16866E-04 
5.30552E-04 
1.31119E-03 
3.27247E-03 
8.25142E-03 
2.16639E-04 
5.31107E-04 
1.31415E-03 
3.27003E-03 
8.22416E-03 
2.07795E-02 
2.10169E-04 
5.18509E-04 
1.28730E-03 
3.20563E-03 
8.04975E-03 
2.02935E-02 
5.17570E-02 
4.97135E-04 
1.24180E-03 
3.10349E-03 
7.79722E-03 
1.96464E-02 
4.99194E-02 
1.22270E-03 
3.06353E-03 
7.69535E-03 
1.93681E-02 
4.90209E-02 
1.26140E-01 
3.06689E-03 
7.69713E-03 
1.93437E-02 
4.87804E-02 
1.24207E-01 
3.25056E-01 
---
