PdfType: replica
Format: lhagrid1
---
4.34963E-04 7.77181E-04 7.77181E-04 1.38865E-03 1.38865E-03 2.48120E-03 2.48120E-03 2.48120E-03 4.43334E-03 4.43334E-03 4.43334E-03 4.43334E-03 7.92137E-03 7.92137E-03 7.92137E-03 7.92137E-03 1.41537E-02 1.41537E-02 1.41537E-02 1.41537E-02 1.41537E-02 2.52895E-02 2.52895E-02 2.52895E-02 2.52895E-02 2.52895E-02 4.51866E-02 4.51866E-02 4.51866E-02 4.51866E-02 4.51866E-02 4.51866E-02 8.07383E-02 8.07383E-02 8.07383E-02 8.07383E-02 8.07383E-02 8.07383E-02 8.07383E-02 1.44261E-01 1.44261E-01 1.44261E-01 1.44261E-01 1.44261E-01 1.44261E-01 2.57762E-01 2.57762E-01 2.57762E-01 2.57762E-01 2.57762E-01 2.57762E-01 4.60562E-01 4.60562E-01 4.60562E-01 4.60562E-01 4.60562E-01 4.60562E-01 
1.58489E+00 1.58489E+00 2.51189E+00 1.58489E+00 2.51189E+00 1.58489E+00 2.51189E+00 3.98107E+00 1.58489E+00 2.51189E+00 3.98107E+00 6.30957E+00 1.58489E+00 2.51189E+00 3.98107E+00 6.30957E+00 1.58489E+00 2.51189E+00 3.98107E+00 6.30957E+00 9.99999E+00 1.58489E+00 2.51189E+00 3.98107E+00 6.30957E+00 9.99999E+00 1.58489E+00 2.51189E+00 3.98107E+00 6.30957E+00 9.99999E+00 1.58489E+01 1.58489E+00 2.51189E+00 3.98107E+00 6.30957E+00 9.99999E+00 1.58489E+01 2.51189E+01 2.51189E+00 3.98107E+00 6.30957E+00 9.99999E+00 1.58489E+01 2.51189E+01 3.98107E+00 6.30957E+00 9.99999E+00 1.58489E+01 2.51189E+01 3.98107E+01 6.30957E+00 9.99999E+00 1.58489E+01 2.51189E+01 3.98107E+01 6.30957E+01 
90000 
2.19826E-04 
2.18749E-04 
5.24359E-04 
2.17777E-04 
5.23446E-04 
2.16931E-04 
5.23550E-04 
1.28666E-03 
2.16389E-04 
5.24438E-04 
1.29009E-03 
3.25392E-03 
2.16420E-04 
5.26451E-04 
1.29671E-03 
3.26196E-03 
2.17345E-04 
5.29973E-04 
1.30683E-03 
3.27411E-03 
8.26787E-03 
2.18746E-04 
5.34099E-04 
1.31841E-03 
3.28837E-03 
8.28679E-03 
2.18005E-04 
5.33895E-04 
1.32035E-03 
3.28431E-03 
8.25816E-03 
2.08580E-02 
2.11666E-04 
5.22218E-04 
1.29657E-03 
3.22815E-03 
8.10615E-03 
2.04326E-02 
5.20882E-02 
5.03301E-04 
1.25657E-03 
3.13866E-03 
7.88178E-03 
1.98502E-02 
5.04121E-02 
1.23131E-03 
3.08421E-03 
7.74321E-03 
1.94798E-02 
4.92840E-02 
1.26766E-01 
3.06669E-03 
7.69611E-03 
1.93396E-02 
4.87653E-02 
1.24150E-01 
3.24804E-01 
---
