PdfType: replica
Format: lhagrid1
---
4.34963E-04 7.77181E-04 7.77181E-04 1.38865E-03 1.38865E-03 2.48120E-03 2.48120E-03 2.48120E-03 4.43334E-03 4.43334E-03 4.43334E-03 4.43334E-03 7.92137E-03 7.92137E-03 7.92137E-03 7.92137E-03 1.41537E-02 1.41537E-02 1.41537E-02 1.41537E-02 1.41537E-02 2.52895E-02 2.52895E-02 2.52895E-02 2.52895E-02 2.52895E-02 4.51866E-02 4.51866E-02 4.51866E-02 4.51866E-02 4.51866E-02 4.51866E-02 8.07383E-02 8.07383E-02 8.07383E-02 8.07383E-02 8.07383E-02 8.07383E-02 8.07383E-02 1.44261E-01 1.44261E-01 1.44261E-01 1.44261E-01 1.44261E-01 1.44261E-01 2.57762E-01 2.57762E-01 2.57762E-01 2.57762E-01 2.57762E-01 2.57762E-01 4.60562E-01 4.60562E-01 4.60562E-01 4.60562E-01 4.60562E-01 4.60562E-01 
1.58489E+00 1.58489E+00 2.51189E+00 1.58489E+00 2.51189E+00 1.58489E+00 2.51189E+00 3.98107E+00 1.58489E+00 2.51189E+00 3.98107E+00 6.30957E+00 1.58489E+00 2.51189E+00 3.98107E+00 6.30957E+00 1.58489E+00 2.51189E+00 3.98107E+00 6.30957E+00 9.99999E+00 1.58489E+00 2.51189E+00 3.98107E+00 6.30957E+00 9.99999E+00 1.58489E+00 2.51189E+00 3.98107E+00 6.30957E+00 9.99999E+00 1.58489E+01 1.58489E+00 2.51189E+00 3.98107E+00 6.30957E+00 9.99999E+00 1.58489E+01 2.51189E+01 2.51189E+00 3.98107E+00 6.30957E+00 9.99999E+00 1.58489E+01 2.51189E+01 3.98107E+00 6.30957E+00 9.99999E+00 1.58489E+01 2.51189E+01 3.98107E+01 6.30957E+00 9.99999E+00 1.58489E+01 2.51189E+01 3.98107E+01 6.30957E+01 
90000 
2.20074E-04 
2.18950E-04 
5.24456E-04 
2.17883E-04 
5.23375E-04 
2.16886E-04 
5.23220E-04 
1.28574E-03 
2.16143E-04 
5.23752E-04 
1.28847E-03 
3.25041E-03 
2.15959E-04 
5.25379E-04 
1.29433E-03 
3.25669E-03 
2.16767E-04 
5.28695E-04 
1.30406E-03 
3.26771E-03 
8.25441E-03 
2.18283E-04 
5.33030E-04 
1.31604E-03 
3.28244E-03 
8.27370E-03 
2.17644E-04 
5.32872E-04 
1.31766E-03 
3.27712E-03 
8.23979E-03 
2.08140E-02 
2.10529E-04 
5.19253E-04 
1.28898E-03 
3.20911E-03 
8.05783E-03 
2.03120E-02 
5.17974E-02 
4.97780E-04 
1.24340E-03 
3.10716E-03 
7.80583E-03 
1.96670E-02 
4.99723E-02 
1.22321E-03 
3.06552E-03 
7.70010E-03 
1.93802E-02 
4.90544E-02 
1.26250E-01 
3.07449E-03 
7.71926E-03 
1.94043E-02 
4.89409E-02 
1.24614E-01 
3.25978E-01 
---
