PdfType: replica
Format: lhagrid1
---
4.34963E-04 7.77181E-04 7.77181E-04 1.38865E-03 1.38865E-03 2.48120E-03 2.48120E-03 2.48120E-03 4.43334E-03 4.43334E-03 4.43334E-03 4.43334E-03 7.92137E-03 7.92137E-03 7.92137E-03 7.92137E-03 1.41537E-02 1.41537E-02 1.41537E-02 1.41537E-02 1.41537E-02 2.52895E-02 2.52895E-02 2.52895E-02 2.52895E-02 2.52895E-02 4.51866E-02 4.51866E-02 4.51866E-02 4.51866E-02 4.51866E-02 4.51866E-02 8.07383E-02 8.07383E-02 8.07383E-02 8.07383E-02 8.07383E-02 8.07383E-02 8.07383E-02 1.44261E-01 1.44261E-01 1.44261E-01 1.44261E-01 1.44261E-01 1.44261E-01 2.57762E-01 2.57762E-01 2.57762E-01 2.57762E-01 2.57762E-01 2.57762E-01 4.60562E-01 4.60562E-01 4.60562E-01 4.60562E-01 4.60562E-01 4.60562E-01 
1.58489E+00 1.58489E+00 2.51189E+00 1.58489E+00 2.51189E+00 1.58489E+00 2.51189E+00 3.98107E+00 1.58489E+00 2.51189E+00 3.98107E+00 6.30957E+00 1.58489E+00 2.51189E+00 3.98107E+00 6.30957E+00 1.58489E+00 2.51189E+00 3.98107E+00 6.30957E+00 9.99999E+00 1.58489E+00 2.51189E+00 3.98107E+00 6.30957E+00 9.99999E+00 1.58489E+00 2.51189E+00 3.98107E+00 6.30957E+00 9.99999E+00 1.58489E+01 1.58489E+00 2.51189E+00 3.98107E+00 6.30957E+00 9.99999E+00 1.58489E+01 2.51189E+01 2.51189E+00 3.98107E+00 6.30957E+00 9.99999E+00 1.58489E+01 2.51189E+01 3.98107E+00 6.30957E+00 9.99999E+00 1.58489E+01 2.51189E+01 3.98107E+01 6.30957E+00 9.99999E+00 1.58489E+01 2.51189E+01 3.98107E+01 6.30957E+01 
90000 
2.19641E-04 
2.18405E-04 
5.23602E-04 
2.17207E-04 
5.22273E-04 
2.16057E-04 
5.21787E-04 
1.28294E-03 
2.15128E-04 
5.21886E-04 
1.28472E-03 
3.24216E-03 
2.14712E-04 
5.22952E-04 
1.28931E-03 
3.24575E-03 
2.15217E-04 
5.25599E-04 
1.29756E-03 
3.25362E-03 
8.22295E-03 
2.16450E-04 
5.29452E-04 
1.30858E-03 
3.26659E-03 
8.23876E-03 
2.16054E-04 
5.29943E-04 
1.31174E-03 
3.26493E-03 
8.21352E-03 
2.07571E-02 
2.10115E-04 
5.18552E-04 
1.28763E-03 
3.20638E-03 
8.05275E-03 
2.03030E-02 
5.17841E-02 
4.98133E-04 
1.24404E-03 
3.10809E-03 
7.80811E-03 
1.96721E-02 
4.99810E-02 
1.22352E-03 
3.06614E-03 
7.70090E-03 
1.93802E-02 
4.90479E-02 
1.26204E-01 
3.06885E-03 
7.70136E-03 
1.93534E-02 
4.88029E-02 
1.24256E-01 
3.25133E-01 
---
