PdfType: replica
Format: lhagrid1
---
4.34963E-04 7.77181E-04 7.77181E-04 1.38865E-03 1.38865E-03 2.48120E-03 2.48120E-03 2.48120E-03 4.43334E-03 4.43334E-03 4.43334E-03 4.43334E-03 7.92137E-03 7.92137E-03 7.92137E-03 7.92137E-03 1.41537E-02 1.41537E-02 1.41537E-02 1.41537E-02 1.41537E-02 2.52895E-02 2.52895E-02 2.52895E-02 2.52895E-02 2.52895E-02 4.51866E-02 4.51866E-02 4.51866E-02 4.51866E-02 4.51866E-02 4.51866E-02 8.07383E-02 8.07383E-02 8.07383E-02 8.07383E-02 8.07383E-02 8.07383E-02 8.07383E-02 1.44261E-01 1.44261E-01 1.44261E-01 1.44261E-01 1.44261E-01 1.44261E-01 2.57762E-01 2.57762E-01 2.57762E-01 2.57762E-01 2.57762E-01 2.57762E-01 4.60562E-01 4.60562E-01 4.60562E-01 4.60562E-01 4.60562E-01 4.60562E-01 
1.58489E+00 1.58489E+00 2.51189E+00 1.58489E+00 2.51189E+00 1.58489E+00 2.51189E+00 3.98107E+00 1.58489E+00 2.51189E+00 3.98107E+00 6.30957E+00 1.58489E+00 2.51189E+00 3.98107E+00 6.30957E+00 1.58489E+00 2.51189E+00 3.98107E+00 6.30957E+00 9.99999E+00 1.58489E+00 2.51189E+00 3.98107E+00 6.30957E+00 9.99999E+00 1.58489E+00 2.51189E+00 3.98107E+00 6.30957E+00 9.99999E+00 1.58489E+01 1.58489E+00 2.51189E+00 3.98107E+00 6.30957E+00 9.99999E+00 1.58489E+01 2.51189E+01 2.51189E+00 3.98107E+00 6.30957E+00 9.99999E+00 1.58489E+01 2.51189E+01 3.98107E+00 6.30957E+00 9.99999E+00 1.58489E+01 2.51189E+01 3.98107E+01 6.30957E+00 9.99999E+00 1.58489E+01 2.51189E+01 3.98107E+01 6.30957E+01 
90000 
2.19847E-04 
2.18632E-04 
5.24206E-04 
2.17430E-04 
5.22878E-04 
2.16248E-04 
5.22356E-04 
1.28416E-03 
2.15284E-04 
5.22432E-04 
1.28599E-03 
3.24486E-03 
2.14931E-04 
5.23695E-04 
1.29115E-03 
3.25007E-03 
2.15855E-04 
5.27239E-04 
1.30147E-03 
3.26276E-03 
8.24357E-03 
2.18138E-04 
5.33107E-04 
1.31679E-03 
3.28506E-03 
8.28134E-03 
2.18685E-04 
5.35238E-04 
1.32313E-03 
3.28996E-03 
8.27023E-03 
2.08869E-02 
2.11763E-04 
5.21831E-04 
1.29469E-03 
3.22188E-03 
8.08780E-03 
2.03826E-02 
5.19609E-02 
4.99324E-04 
1.24760E-03 
3.11785E-03 
7.83303E-03 
1.97349E-02 
5.01357E-02 
1.22998E-03 
3.08320E-03 
7.74332E-03 
1.94850E-02 
4.93065E-02 
1.26842E-01 
3.08005E-03 
7.73090E-03 
1.94272E-02 
4.89831E-02 
1.24686E-01 
3.26102E-01 
---
