PdfType: replica
Format: lhagrid1
---
4.34963E-04 7.77181E-04 7.77181E-04 1.38865E-03 1.38865E-03 2.48120E-03 2.48120E-03 2.48120E-03 4.43334E-03 4.43334E-03 4.43334E-03 4.43334E-03 7.92137E-03 7.92137E-03 7.92137E-03 7.92137E-03 1.41537E-02 1.41537E-02 1.41537E-02 1.41537E-02 1.41537E-02 2.52895E-02 2.52895E-02 2.52895E-02 2.52895E-02 2.52895E-02 4.51866E-02 4.51866E-02 4.51866E-02 4.51866E-02 4.51866E-02 4.51866E-02 8.07383E-02 8.07383E-02 8.07383E-02 8.07383E-02 8.07383E-02 8.07383E-02 8.07383E-02 1.44261E-01 1.44261E-01 1.44261E-01 1.44261E-01 1.44261E-01 1.44261E-01 2.57762E-01 2.57762E-01 2.57762E-01 2.57762E-01 2.57762E-01 2.57762E-01 4.60562E-01 4.60562E-01 4.60562E-01 4.60562E-01 4.60562E-01 4.60562E-01 
1.58489E+00 1.58489E+00 2.51189E+00 1.58489E+00 2.51189E+00 1.58489E+00 2.51189E+00 3.98107E+00 1.58489E+00 2.51189E+00 3.98107E+00 6.30957E+00 1.58489E+00 2.51189E+00 3.98107E+00 6.30957E+00 1.58489E+00 2.51189E+00 3.98107E+00 6.30957E+00 9.99999E+00 1.58489E+00 2.51189E+00 3.98107E+00 6.30957E+00 9.99999E+00 1.58489E+00 2.51189E+00 3.98107E+00 6.30957E+00 9.99999E+00 1.58489E+01 1.58489E+00 2.51189E+00 3.98107E+00 6.30957E+00 9.99999E+00 1.58489E+01 2.51189E+01 2.51189E+00 3.98107E+00 6.30957E+00 9.99999E+00 1.58489E+01 2.51189E+01 3.98107E+00 6.30957E+00 9.99999E+00 1.58489E+01 2.51189E+01 3.98107E+01 6.30957E+00 9.99999E+00 1.58489E+01 2.51189E+01 3.98107E+01 6.30957E+01 
90000 
2.19518E-04 
2.18327E-04 
5.23473E-04 
2.17191E-04 
5.22244E-04 
2.16113E-04 
5.21881E-04 
1.28311E-03 
2.15258E-04 
5.22121E-04 
1.28518E-03 
3.24299E-03 
2.14906E-04 
5.23345E-04 
1.29014E-03 
3.24750E-03 
2.15470E-04 
5.26185E-04 
1.29889E-03 
3.25667E-03 
8.22895E-03 
2.16808E-04 
5.30312E-04 
1.31057E-03 
3.27125E-03 
8.24887E-03 
2.16597E-04 
5.31145E-04 
1.31448E-03 
3.27122E-03 
8.22805E-03 
2.07886E-02 
2.10738E-04 
5.19942E-04 
1.29091E-03 
3.21414E-03 
8.07153E-03 
2.03474E-02 
5.18802E-02 
4.99686E-04 
1.24795E-03 
3.11796E-03 
7.83258E-03 
1.97323E-02 
5.01256E-02 
1.22829E-03 
3.07815E-03 
7.73085E-03 
1.94544E-02 
4.92294E-02 
1.26628E-01 
3.08055E-03 
7.73195E-03 
1.94307E-02 
4.89938E-02 
1.24707E-01 
3.26057E-01 
---
