PdfType: replica
Format: lhagrid1
---
4.34963E-04 7.77181E-04 7.77181E-04 1.38865E-03 1.38865E-03 2.48120E-03 2.48120E-03 2.48120E-03 4.43334E-03 4.43334E-03 4.43334E-03 4.43334E-03 7.92137E-03 7.92137E-03 7.92137E-03 7.92137E-03 1.41537E-02 1.41537E-02 1.41537E-02 1.41537E-02 1.41537E-02 2.52895E-02 2.52895E-02 2.52895E-02 2.52895E-02 2.52895E-02 4.51866E-02 4.51866E-02 4.51866E-02 4.51866E-02 4.51866E-02 4.51866E-02 8.07383E-02 8.07383E-02 8.07383E-02 8.07383E-02 8.07383E-02 8.07383E-02 8.07383E-02 1.44261E-01 1.44261E-01 1.44261E-01 1.44261E-01 1.44261E-01 1.44261E-01 2.57762E-01 2.57762E-01 2.57762E-01 2.57762E-01 2.57762E-01 2.57762E-01 4.60562E-01 4.60562E-01 4.60562E-01 4.60562E-01 4.60562E-01 4.60562E-01 
1.58489E+00 1.58489E+00 2.51189E+00 1.58489E+00 2.51189E+00 1.58489E+00 2.51189E+00 3.98107E+00 1.58489E+00 2.51189E+00 3.98107E+00 6.30957E+00 1.58489E+00 2.51189E+00 3.98107E+00 6.30957E+00 1.58489E+00 2.51189E+00 3.98107E+00 6.30957E+00 9.99999E+00 1.58489E+00 2.51189E+00 3.98107E+00 6.30957E+00 9.99999E+00 1.58489E+00 2.51189E+00 3.98107E+00 6.30957E+00 9.99999E+00 1.58489E+01 1.58489E+00 2.51189E+00 3.98107E+00 6.30957E+00 9.99999E+00 1.58489E+01 2.51189E+01 2.51189E+00 3.98107E+00 6.30957E+00 9.99999E+00 1.58489E+01 2.51189E+01 3.98107E+00 6.30957E+00 9.99999E+00 1.58489E+01 2.51189E+01 3.98107E+01 6.30957E+00 9.99999E+00 1.58489E+01 2.51189E+01 3.98107E+01 6.30957E+01 
90000 
2.19368E-04 
2.18238E-04 
5.23217E-04 
2.17205E-04 
5.22132E-04 
2.16263E-04 
5.21983E-04 
1.28326E-03 
2.15532E-04 
5.22440E-04 
1.28570E-03 
3.24400E-03 
2.15187E-04 
5.23699E-04 
1.29070E-03 
3.24843E-03 
2.15467E-04 
5.26065E-04 
1.29850E-03 
3.25564E-03 
8.22593E-03 
2.16184E-04 
5.29168E-04 
1.30828E-03 
3.26655E-03 
8.23806E-03 
2.15808E-04 
5.30008E-04 
1.31281E-03 
3.26893E-03 
8.22523E-03 
2.07850E-02 
2.11468E-04 
5.22173E-04 
1.29692E-03 
3.22986E-03 
8.11088E-03 
2.04450E-02 
5.21203E-02 
5.03976E-04 
1.25726E-03 
3.13897E-03 
7.87945E-03 
1.98378E-02 
5.03647E-02 
1.22573E-03 
3.06920E-03 
7.70515E-03 
1.93829E-02 
4.90343E-02 
1.26102E-01 
3.04133E-03 
7.62978E-03 
1.91680E-02 
4.83245E-02 
1.23036E-01 
3.22105E-01 
---
