PdfType: replica
Format: lhagrid1
---
4.34963E-04 7.77181E-04 7.77181E-04 1.38865E-03 1.38865E-03 2.48120E-03 2.48120E-03 2.48120E-03 4.43334E-03 4.43334E-03 4.43334E-03 4.43334E-03 7.92137E-03 7.92137E-03 7.92137E-03 7.92137E-03 1.41537E-02 1.41537E-02 1.41537E-02 1.41537E-02 1.41537E-02 2.52895E-02 2.52895E-02 2.52895E-02 2.52895E-02 2.52895E-02 4.51866E-02 4.51866E-02 4.51866E-02 4.51866E-02 4.51866E-02 4.51866E-02 8.07383E-02 8.07383E-02 8.07383E-02 8.07383E-02 8.07383E-02 8.07383E-02 8.07383E-02 1.44261E-01 1.44261E-01 1.44261E-01 1.44261E-01 1.44261E-01 1.44261E-01 2.57762E-01 2.57762E-01 2.57762E-01 2.57762E-01 2.57762E-01 2.57762E-01 4.60562E-01 4.60562E-01 4.60562E-01 4.60562E-01 4.60562E-01 4.60562E-01 
1.58489E+00 1.58489E+00 2.51189E+00 1.58489E+00 2.51189E+00 1.58489E+00 2.51189E+00 3.98107E+00 1.58489E+00 2.51189E+00 3.98107E+00 6.30957E+00 1.58489E+00 2.51189E+00 3.98107E+00 6.30957E+00 1.58489E+00 2.51189E+00 3.98107E+00 6.30957E+00 9.99999E+00 1.58489E+00 2.51189E+00 3.98107E+00 6.30957E+00 9.99999E+00 1.58489E+00 2.51189E+00 3.98107E+00 6.30957E+00 9.99999E+00 1.58489E+01 1.58489E+00 2.51189E+00 3.98107E+00 6.30957E+00 9.99999E+00 1.58489E+01 2.51189E+01 2.51189E+00 3.98107E+00 6.30957E+00 9.99999E+00 1.58489E+01 2.51189E+01 3.98107E+00 6.30957E+00 9.99999E+00 1.58489E+01 2.51189E+01 3.98107E+01 6.30957E+00 9.99999E+00 1.58489E+01 2.51189E+01 3.98107E+01 6.30957E+01 
90000 
2.19629E-04 
2.18395E-04 
5.23559E-04 
2.17173E-04 
5.22135E-04 
2.15932E-04 
5.21414E-04 
1.28200E-03 
2.14778E-04 
5.21020E-04 
1.28270E-03 
3.23694E-03 
2.13898E-04 
5.21151E-04 
1.28530E-03 
3.23626E-03 
2.13606E-04 
5.22280E-04 
1.29040E-03 
3.23741E-03 
8.18503E-03 
2.13891E-04 
5.24411E-04 
1.29794E-03 
3.24307E-03 
8.18505E-03 
2.13324E-04 
5.24708E-04 
1.30094E-03 
3.24164E-03 
8.16163E-03 
2.06394E-02 
2.08771E-04 
5.16193E-04 
1.28311E-03 
3.19767E-03 
8.03399E-03 
2.02627E-02 
5.17044E-02 
4.98078E-04 
1.24377E-03 
3.10767E-03 
7.80598E-03 
1.96650E-02 
4.99619E-02 
1.22001E-03 
3.05690E-03 
7.67860E-03 
1.93252E-02 
4.89094E-02 
1.25837E-01 
3.05780E-03 
7.67532E-03 
1.92900E-02 
4.86456E-02 
1.23861E-01 
3.24117E-01 
---
