PdfType: replica
Format: lhagrid1
---
4.34963E-04 7.77181E-04 7.77181E-04 1.38865E-03 1.38865E-03 2.48120E-03 2.48120E-03 2.48120E-03 4.43334E-03 4.43334E-03 4.43334E-03 4.43334E-03 7.92137E-03 7.92137E-03 7.92137E-03 7.92137E-03 1.41537E-02 1.41537E-02 1.41537E-02 1.41537E-02 1.41537E-02 2.52895E-02 2.52895E-02 2.52895E-02 2.52895E-02 2.52895E-02 4.51866E-02 4.51866E-02 4.51866E-02 4.51866E-02 4.51866E-02 4.51866E-02 8.07383E-02 8.07383E-02 8.07383E-02 8.07383E-02 8.07383E-02 8.07383E-02 8.07383E-02 1.44261E-01 1.44261E-01 1.44261E-01 1.44261E-01 1.44261E-01 1.44261E-01 2.57762E-01 2.57762E-01 2.57762E-01 2.57762E-01 2.57762E-01 2.57762E-01 4.60562E-01 4.60562E-01 4.60562E-01 4.60562E-01 4.60562E-01 4.60562E-01 
1.58489E+00 1.58489E+00 2.51189E+00 1.58489E+00 2.51189E+00 1.58489E+00 2.51189E+00 3.98107E+00 1.58489E+00 2.51189E+00 3.98107E+00 6.30957E+00 1.58489E+00 2.51189E+00 3.98107E+00 6.30957E+00 1.58489E+00 2.51189E+00 3.98107E+00 6.30957E+00 9.99999E+00 1.58489E+00 2.51189E+00 3.98107E+00 6.30957E+00 9.99999E+00 1.58489E+00 2.51189E+00 3.98107E+00 6.30957E+00 9.99999E+00 1.58489E+01 1.58489E+00 2.51189E+00 3.98107E+00 6.30957E+00 9.99999E+00 1.58489E+01 2.51189E+01 2.51189E+00 3.98107E+00 6.30957E+00 9.99999E+00 1.58489E+01 2.51189E+01 3.98107E+00 6.30957E+00 9.99999E+00 1.58489E+01 2.51189E+01 3.98107E+01 6.30957E+00 9.99999E+00 1.58489E+01 2.51189E+01 3.98107E+01 6.30957E+01 
90000 
2.19260E-04 
2.17979E-04 
5.23003E-04 
2.16742E-04 
5.21575E-04 
2.15550E-04 
5.20971E-04 
1.28153E-03 
2.14558E-04 
5.20903E-04 
1.28290E-03 
3.23831E-03 
2.14010E-04 
5.21687E-04 
1.28686E-03 
3.24045E-03 
2.14264E-04 
5.23859E-04 
1.29410E-03 
3.24619E-03 
8.20651E-03 
2.15195E-04 
5.27167E-04 
1.30403E-03 
3.25699E-03 
8.21745E-03 
2.14868E-04 
5.27893E-04 
1.30797E-03 
3.25777E-03 
8.19912E-03 
2.07262E-02 
2.09873E-04 
5.18756E-04 
1.28933E-03 
3.21304E-03 
8.07185E-03 
2.03543E-02 
5.19096E-02 
5.01578E-04 
1.25292E-03 
3.13123E-03 
7.86618E-03 
1.98168E-02 
5.03347E-02 
1.23482E-03 
3.09350E-03 
7.76966E-03 
1.95520E-02 
4.94728E-02 
1.27223E-01 
3.09584E-03 
7.76782E-03 
1.95176E-02 
4.92071E-02 
1.25237E-01 
3.27399E-01 
---
