PdfType: replica
Format: lhagrid1
---
4.34963E-04 7.77181E-04 7.77181E-04 1.38865E-03 1.38865E-03 2.48120E-03 2.48120E-03 2.48120E-03 4.43334E-03 4.43334E-03 4.43334E-03 4.43334E-03 7.92137E-03 7.92137E-03 7.92137E-03 7.92137E-03 1.41537E-02 1.41537E-02 1.41537E-02 1.41537E-02 1.41537E-02 2.52895E-02 2.52895E-02 2.52895E-02 2.52895E-02 2.52895E-02 4.51866E-02 4.51866E-02 4.51866E-02 4.51866E-02 4.51866E-02 4.51866E-02 8.07383E-02 8.07383E-02 8.07383E-02 8.07383E-02 8.07383E-02 8.07383E-02 8.07383E-02 1.44261E-01 1.44261E-01 1.44261E-01 1.44261E-01 1.44261E-01 1.44261E-01 2.57762E-01 2.57762E-01 2.57762E-01 2.57762E-01 2.57762E-01 2.57762E-01 4.60562E-01 4.60562E-01 4.60562E-01 4.60562E-01 4.60562E-01 4.60562E-01 
1.58489E+00 1.58489E+00 2.51189E+00 1.58489E+00 2.51189E+00 1.58489E+00 2.51189E+00 3.98107E+00 1.58489E+00 2.51189E+00 3.98107E+00 6.30957E+00 1.58489E+00 2.51189E+00 3.98107E+00 6.30957E+00 1.58489E+00 2.51189E+00 3.98107E+00 6.30957E+00 9.99999E+00 1.58489E+00 2.51189E+00 3.98107E+00 6.30957E+00 9.99999E+00 1.58489E+00 2.51189E+00 3.98107E+00 6.30957E+00 9.99999E+00 1.58489E+01 1.58489E+00 2.51189E+00 3.98107E+00 6.30957E+00 9.99999E+00 1.58489E+01 2.51189E+01 2.51189E+00 3.98107E+00 6.30957E+00 9.99999E+00 1.58489E+01 2.51189E+01 3.98107E+00 6.30957E+00 9.99999E+00 1.58489E+01 2.51189E+01 3.98107E+01 6.30957E+00 9.99999E+00 1.58489E+01 2.51189E+01 3.98107E+01 6.30957E+01 
90000 
2.19678E-04 
2.18642E-04 
5.23961E-04 
2.17731E-04 
5.23130E-04 
2.16957E-04 
5.23352E-04 
1.28598E-03 
2.16479E-04 
5.24376E-04 
1.28973E-03 
3.25244E-03 
2.16538E-04 
5.26517E-04 
1.29671E-03 
3.26155E-03 
2.17445E-04 
5.30154E-04 
1.30725E-03 
3.27491E-03 
8.26926E-03 
2.18894E-04 
5.34538E-04 
1.31958E-03 
3.29109E-03 
8.29344E-03 
2.18555E-04 
5.35145E-04 
1.32329E-03 
3.29106E-03 
8.27445E-03 
2.08985E-02 
2.12613E-04 
5.24126E-04 
1.30065E-03 
3.23737E-03 
8.12642E-03 
2.04787E-02 
5.22009E-02 
5.03199E-04 
1.25570E-03 
3.13620E-03 
7.87314E-03 
1.98240E-02 
5.03364E-02 
1.22666E-03 
3.07214E-03 
7.71386E-03 
1.94073E-02 
4.91004E-02 
1.26277E-01 
3.04899E-03 
7.65056E-03 
1.92219E-02 
4.84614E-02 
1.23372E-01 
3.22866E-01 
---
