PdfType: replica
Format: lhagrid1
---
4.34963E-04 7.77181E-04 7.77181E-04 1.38865E-03 1.38865E-03 2.48120E-03 2.48120E-03 2.48120E-03 4.43334E-03 4.43334E-03 4.43334E-03 4.43334E-03 7.92137E-03 7.92137E-03 7.92137E-03 7.92137E-03 1.41537E-02 1.41537E-02 1.41537E-02 1.41537E-02 1.41537E-02 2.52895E-02 2.52895E-02 2.52895E-02 2.52895E-02 2.52895E-02 4.51866E-02 4.51866E-02 4.51866E-02 4.51866E-02 4.51866E-02 4.51866E-02 8.07383E-02 8.07383E-02 8.07383E-02 8.07383E-02 8.07383E-02 8.07383E-02 8.07383E-02 1.44261E-01 1.44261E-01 1.44261E-01 1.44261E-01 1.44261E-01 1.44261E-01 2.57762E-01 2.57762E-01 2.57762E-01 2.57762E-01 2.57762E-01 2.57762E-01 4.60562E-01 4.60562E-01 4.60562E-01 4.60562E-01 4.60562E-01 4.60562E-01 
1.58489E+00 1.58489E+00 2.51189E+00 1.58489E+00 2.51189E+00 1.58489E+00 2.51189E+00 3.98107E+00 1.58489E+00 2.51189E+00 3.98107E+00 6.30957E+00 1.58489E+00 2.51189E+00 3.98107E+00 6.30957E+00 1.58489E+00 2.51189E+00 3.98107E+00 6.30957E+00 9.99999E+00 1.58489E+00 2.51189E+00 3.98107E+00 6.30957E+00 9.99999E+00 1.58489E+00 2.51189E+00 3.98107E+00 6.30957E+00 9.99999E+00 1.58489E+01 1.58489E+00 2.51189E+00 3.98107E+00 6.30957E+00 9.99999E+00 1.58489E+01 2.51189E+01 2.51189E+00 3.98107E+00 6.30957E+00 9.99999E+00 1.58489E+01 2.51189E+01 3.98107E+00 6.30957E+00 9.99999E+00 1.58489E+01 2.51189E+01 3.98107E+01 6.30957E+00 9.99999E+00 1.58489E+01 2.51189E+01 3.98107E+01 6.30957E+01 
90000 
2.19628E-04 
2.18488E-04 
5.23791E-04 
2.17406E-04 
5.22634E-04 
2.16369E-04 
5.22319E-04 
1.28391E-03 
2.15509E-04 
5.22537E-04 
1.28593E-03 
3.24423E-03 
2.15057E-04 
5.23587E-04 
1.29054E-03 
3.24826E-03 
2.15383E-04 
5.26012E-04 
1.29844E-03 
3.25587E-03 
8.22676E-03 
2.16439E-04 
5.29601E-04 
1.30902E-03 
3.26801E-03 
8.24182E-03 
2.16280E-04 
5.30489E-04 
1.31312E-03 
3.26825E-03 
8.22269E-03 
2.07806E-02 
2.10965E-04 
5.20511E-04 
1.29242E-03 
3.21801E-03 
8.08178E-03 
2.03756E-02 
5.19683E-02 
5.00795E-04 
1.25034E-03 
3.12359E-03 
7.84473E-03 
1.97598E-02 
5.01957E-02 
1.22671E-03 
3.07332E-03 
7.71805E-03 
1.94212E-02 
4.91462E-02 
1.26440E-01 
3.06629E-03 
7.69425E-03 
1.93335E-02 
4.87472E-02 
1.24104E-01 
3.24732E-01 
---
