PdfType: replica
Format: lhagrid1
---
4.34963E-04 7.77181E-04 7.77181E-04 1.38865E-03 1.38865E-03 2.48120E-03 2.48120E-03 2.48120E-03 4.43334E-03 4.43334E-03 4.43334E-03 4.43334E-03 7.92137E-03 7.92137E-03 7.92137E-03 7.92137E-03 1.41537E-02 1.41537E-02 1.41537E-02 1.41537E-02 1.41537E-02 2.52895E-02 2.52895E-02 2.52895E-02 2.52895E-02 2.52895E-02 4.51866E-02 4.51866E-02 4.51866E-02 4.51866E-02 4.51866E-02 4.51866E-02 8.07383E-02 8.07383E-02 8.07383E-02 8.07383E-02 8.07383E-02 8.07383E-02 8.07383E-02 1.44261E-01 1.44261E-01 1.44261E-01 1.44261E-01 1.44261E-01 1.44261E-01 2.57762E-01 2.57762E-01 2.57762E-01 2.57762E-01 2.57762E-01 2.57762E-01 4.60562E-01 4.60562E-01 4.60562E-01 4.60562E-01 4.60562E-01 4.60562E-01 
1.58489E+00 1.58489E+00 2.51189E+00 1.58489E+00 2.51189E+00 1.58489E+00 2.51189E+00 3.98107E+00 1.58489E+00 2.51189E+00 3.98107E+00 6.30957E+00 1.58489E+00 2.51189E+00 3.98107E+00 6.30957E+00 1.58489E+00 2.51189E+00 3.98107E+00 6.30957E+00 9.99999E+00 1.58489E+00 2.51189E+00 3.98107E+00 6.30957E+00 9.99999E+00 1.58489E+00 2.51189E+00 3.98107E+00 6.30957E+00 9.99999E+00 1.58489E+01 1.58489E+00 2.51189E+00 3.98107E+00 6.30957E+00 9.99999E+00 1.58489E+01 2.51189E+01 2.51189E+00 3.98107E+00 6.30957E+00 9.99999E+00 1.58489E+01 2.51189E+01 3.98107E+00 6.30957E+00 9.99999E+00 1.58489E+01 2.51189E+01 3.98107E+01 6.30957E+00 9.99999E+00 1.58489E+01 2.51189E+01 3.98107E+01 6.30957E+01 
90000 
2.19726E-04 
2.18486E-04 
5.23715E-04 
2.17268E-04 
5.22359E-04 
2.16075E-04 
5.21806E-04 
1.28285E-03 
2.15073E-04 
5.21771E-04 
1.28436E-03 
3.24119E-03 
2.14550E-04 
5.22626E-04 
1.28852E-03 
3.24391E-03 
2.14971E-04 
5.25086E-04 
1.29639E-03 
3.25084E-03 
8.21524E-03 
2.16265E-04 
5.28989E-04 
1.30748E-03 
3.26362E-03 
8.23116E-03 
2.15875E-04 
5.29368E-04 
1.31026E-03 
3.26081E-03 
8.20331E-03 
2.07308E-02 
2.09449E-04 
5.17157E-04 
1.28472E-03 
3.19985E-03 
8.03856E-03 
2.02725E-02 
5.17248E-02 
4.98545E-04 
1.24557E-03 
3.11281E-03 
7.82085E-03 
1.97073E-02 
5.00872E-02 
1.22627E-03 
3.07266E-03 
7.71597E-03 
1.94170E-02 
4.91441E-02 
1.26484E-01 
3.07763E-03 
7.73143E-03 
1.94443E-02 
4.90597E-02 
1.24936E-01 
3.26658E-01 
---
