PdfType: replica
Format: lhagrid1
---
4.34963E-04 7.77181E-04 7.77181E-04 1.38865E-03 1.38865E-03 2.48120E-03 2.48120E-03 2.48120E-03 4.43334E-03 4.43334E-03 4.43334E-03 4.43334E-03 7.92137E-03 7.92137E-03 7.92137E-03 7.92137E-03 1.41537E-02 1.41537E-02 1.41537E-02 1.41537E-02 1.41537E-02 2.52895E-02 2.52895E-02 2.52895E-02 2.52895E-02 2.52895E-02 4.51866E-02 4.51866E-02 4.51866E-02 4.51866E-02 4.51866E-02 4.51866E-02 8.07383E-02 8.07383E-02 8.07383E-02 8.07383E-02 8.07383E-02 8.07383E-02 8.07383E-02 1.44261E-01 1.44261E-01 1.44261E-01 1.44261E-01 1.44261E-01 1.44261E-01 2.57762E-01 2.57762E-01 2.57762E-01 2.57762E-01 2.57762E-01 2.57762E-01 4.60562E-01 4.60562E-01 4.60562E-01 4.60562E-01 4.60562E-01 4.60562E-01 
1.58489E+00 1.58489E+00 2.51189E+00 1.58489E+00 2.51189E+00 1.58489E+00 2.51189E+00 3.98107E+00 1.58489E+00 2.51189E+00 3.98107E+00 6.30957E+00 1.58489E+00 2.51189E+00 3.98107E+00 6.30957E+00 1.58489E+00 2.51189E+00 3.98107E+00 6.30957E+00 9.99999E+00 1.58489E+00 2.51189E+00 3.98107E+00 6.30957E+00 9.99999E+00 1.58489E+00 2.51189E+00 3.98107E+00 6.30957E+00 9.99999E+00 1.58489E+01 1.58489E+00 2.51189E+00 3.98107E+00 6.30957E+00 9.99999E+00 1.58489E+01 2.51189E+01 2.51189E+00 3.98107E+00 6.30957E+00 9.99999E+00 1.58489E+01 2.51189E+01 3.98107E+00 6.30957E+00 9.99999E+00 1.58489E+01 2.51189E+01 3.98107E+01 6.30957E+00 9.99999E+00 1.58489E+01 2.51189E+01 3.98107E+01 6.30957E+01 
90000 
2.19731E-04 
2.18549E-04 
5.23959E-04 
2.17368E-04 
5.22600E-04 
2.16150E-04 
5.21905E-04 
1.28301E-03 
2.15002E-04 
5.21495E-04 
1.28364E-03 
3.23890E-03 
2.14137E-04 
5.21629E-04 
1.28625E-03 
3.23822E-03 
2.13946E-04 
5.22924E-04 
1.29169E-03 
3.24008E-03 
8.19013E-03 
2.14428E-04 
5.25371E-04 
1.29978E-03 
3.24679E-03 
8.19213E-03 
2.13695E-04 
5.25141E-04 
1.30126E-03 
3.24151E-03 
8.15866E-03 
2.06243E-02 
2.07933E-04 
5.14006E-04 
1.27759E-03 
3.18412E-03 
8.00098E-03 
2.01803E-02 
5.14831E-02 
4.95437E-04 
1.23834E-03 
3.09578E-03 
7.78113E-03 
1.96118E-02 
4.98417E-02 
1.22328E-03 
3.06584E-03 
7.70219E-03 
1.93869E-02 
4.90711E-02 
1.26272E-01 
3.07395E-03 
7.71645E-03 
1.93940E-02 
4.89075E-02 
1.24509E-01 
3.25644E-01 
---
