PdfType: replica
Format: lhagrid1
---
4.34963E-04 7.77181E-04 7.77181E-04 1.38865E-03 1.38865E-03 2.48120E-03 2.48120E-03 2.48120E-03 4.43334E-03 4.43334E-03 4.43334E-03 4.43334E-03 7.92137E-03 7.92137E-03 7.92137E-03 7.92137E-03 1.41537E-02 1.41537E-02 1.41537E-02 1.41537E-02 1.41537E-02 2.52895E-02 2.52895E-02 2.52895E-02 2.52895E-02 2.52895E-02 4.51866E-02 4.51866E-02 4.51866E-02 4.51866E-02 4.51866E-02 4.51866E-02 8.07383E-02 8.07383E-02 8.07383E-02 8.07383E-02 8.07383E-02 8.07383E-02 8.07383E-02 1.44261E-01 1.44261E-01 1.44261E-01 1.44261E-01 1.44261E-01 1.44261E-01 2.57762E-01 2.57762E-01 2.57762E-01 2.57762E-01 2.57762E-01 2.57762E-01 4.60562E-01 4.60562E-01 4.60562E-01 4.60562E-01 4.60562E-01 4.60562E-01 
1.58489E+00 1.58489E+00 2.51189E+00 1.58489E+00 2.51189E+00 1.58489E+00 2.51189E+00 3.98107E+00 1.58489E+00 2.51189E+00 3.98107E+00 6.30957E+00 1.58489E+00 2.51189E+00 3.98107E+00 6.30957E+00 1.58489E+00 2.51189E+00 3.98107E+00 6.30957E+00 9.99999E+00 1.58489E+00 2.51189E+00 3.98107E+00 6.30957E+00 9.99999E+00 1.58489E+00 2.51189E+00 3.98107E+00 6.30957E+00 9.99999E+00 1.58489E+01 1.58489E+00 2.51189E+00 3.98107E+00 6.30957E+00 9.99999E+00 1.58489E+01 2.51189E+01 2.51189E+00 3.98107E+00 6.30957E+00 9.99999E+00 1.58489E+01 2.51189E+01 3.98107E+00 6.30957E+00 9.99999E+00 1.58489E+01 2.51189E+01 3.98107E+01 6.30957E+00 9.99999E+00 1.58489E+01 2.51189E+01 3.98107E+01 6.30957E+01 
90000 
2.19836E-04 
2.18614E-04 
5.24116E-04 
2.17408E-04 
5.22804E-04 
2.16234E-04 
5.22308E-04 
1.28409E-03 
2.15302E-04 
5.22439E-04 
1.28604E-03 
3.24467E-03 
2.14993E-04 
5.23763E-04 
1.29132E-03 
3.25002E-03 
2.15878E-04 
5.27220E-04 
1.30144E-03 
3.26232E-03 
8.24309E-03 
2.17821E-04 
5.32524E-04 
1.31563E-03 
3.28263E-03 
8.27577E-03 
2.17885E-04 
5.33889E-04 
1.32049E-03 
3.28480E-03 
8.25836E-03 
2.08608E-02 
2.11280E-04 
5.20939E-04 
1.29275E-03 
3.21767E-03 
8.07785E-03 
2.03597E-02 
5.19131E-02 
4.98704E-04 
1.24561E-03 
3.11214E-03 
7.81840E-03 
1.96982E-02 
5.00477E-02 
1.22639E-03 
3.07375E-03 
7.71973E-03 
1.94271E-02 
4.91664E-02 
1.26516E-01 
3.07583E-03 
7.72004E-03 
1.94011E-02 
4.89219E-02 
1.24543E-01 
3.25769E-01 
---
