PdfType: replica
Format: lhagrid1
---
4.34963E-04 7.77181E-04 7.77181E-04 1.38865E-03 1.38865E-03 2.48120E-03 2.48120E-03 2.48120E-03 4.43334E-03 4.43334E-03 4.43334E-03 4.43334E-03 7.92137E-03 7.92137E-03 7.92137E-03 7.92137E-03 1.41537E-02 1.41537E-02 1.41537E-02 1.41537E-02 1.41537E-02 2.52895E-02 2.52895E-02 2.52895E-02 2.52895E-02 2.52895E-02 4.51866E-02 4.51866E-02 4.51866E-02 4.51866E-02 4.51866E-02 4.51866E-02 8.07383E-02 8.07383E-02 8.07383E-02 8.07383E-02 8.07383E-02 8.07383E-02 8.07383E-02 1.44261E-01 1.44261E-01 1.44261E-01 1.44261E-01 1.44261E-01 1.44261E-01 2.57762E-01 2.57762E-01 2.57762E-01 2.57762E-01 2.57762E-01 2.57762E-01 4.60562E-01 4.60562E-01 4.60562E-01 4.60562E-01 4.60562E-01 4.60562E-01 
1.58489E+00 1.58489E+00 2.51189E+00 1.58489E+00 2.51189E+00 1.58489E+00 2.51189E+00 3.98107E+00 1.58489E+00 2.51189E+00 3.98107E+00 6.30957E+00 1.58489E+00 2.51189E+00 3.98107E+00 6.30957E+00 1.58489E+00 2.51189E+00 3.98107E+00 6.30957E+00 9.99999E+00 1.58489E+00 2.51189E+00 3.98107E+00 6.30957E+00 9.99999E+00 1.58489E+00 2.51189E+00 3.98107E+00 6.30957E+00 9.99999E+00 1.58489E+01 1.58489E+00 2.51189E+00 3.98107E+00 6.30957E+00 9.99999E+00 1.58489E+01 2.51189E+01 2.51189E+00 3.98107E+00 6.30957E+00 9.99999E+00 1.58489E+01 2.51189E+01 3.98107E+00 6.30957E+00 9.99999E+00 1.58489E+01 2.51189E+01 3.98107E+01 6.30957E+00 9.99999E+00 1.58489E+01 2.51189E+01 3.98107E+01 6.30957E+01 
90000 
2.19889E-04 
2.18689E-04 
5.24138E-04 
2.17478E-04 
5.22768E-04 
2.16233E-04 
5.22089E-04 
1.28329E-03 
2.15103E-04 
5.21793E-04 
1.28429E-03 
3.24037E-03 
2.14392E-04 
5.22293E-04 
1.28776E-03 
3.24192E-03 
2.14643E-04 
5.24453E-04 
1.29505E-03 
3.24785E-03 
8.20803E-03 
2.15916E-04 
5.28281E-04 
1.30590E-03 
3.26014E-03 
8.22303E-03 
2.15607E-04 
5.28656E-04 
1.30837E-03 
3.25636E-03 
8.19188E-03 
2.07020E-02 
2.08832E-04 
5.15486E-04 
1.28025E-03 
3.18893E-03 
8.01007E-03 
2.01985E-02 
5.15287E-02 
4.94639E-04 
1.23612E-03 
3.08994E-03 
7.76568E-03 
1.95723E-02 
4.97463E-02 
1.21994E-03 
3.05685E-03 
7.67837E-03 
1.93255E-02 
4.89171E-02 
1.25911E-01 
3.05766E-03 
7.67284E-03 
1.92808E-02 
4.86194E-02 
1.23799E-01 
3.24045E-01 
---
