PdfType: replica
Format: lhagrid1
---
4.34963E-04 7.77181E-04 7.77181E-04 1.38865E-03 1.38865E-03 2.48120E-03 2.48120E-03 2.48120E-03 4.43334E-03 4.43334E-03 4.43334E-03 4.43334E-03 7.92137E-03 7.92137E-03 7.92137E-03 7.92137E-03 1.41537E-02 1.41537E-02 1.41537E-02 1.41537E-02 1.41537E-02 2.52895E-02 2.52895E-02 2.52895E-02 2.52895E-02 2.52895E-02 4.51866E-02 4.51866E-02 4.51866E-02 4.51866E-02 4.51866E-02 4.51866E-02 8.07383E-02 8.07383E-02 8.07383E-02 8.07383E-02 8.07383E-02 8.07383E-02 8.07383E-02 1.44261E-01 1.44261E-01 1.44261E-01 1.44261E-01 1.44261E-01 1.44261E-01 2.57762E-01 2.57762E-01 2.57762E-01 2.57762E-01 2.57762E-01 2.57762E-01 4.60562E-01 4.60562E-01 4.60562E-01 4.60562E-01 4.60562E-01 4.60562E-01 
1.58489E+00 1.58489E+00 2.51189E+00 1.58489E+00 2.51189E+00 1.58489E+00 2.51189E+00 3.98107E+00 1.58489E+00 2.51189E+00 3.98107E+00 6.30957E+00 1.58489E+00 2.51189E+00 3.98107E+00 6.30957E+00 1.58489E+00 2.51189E+00 3.98107E+00 6.30957E+00 9.99999E+00 1.58489E+00 2.51189E+00 3.98107E+00 6.30957E+00 9.99999E+00 1.58489E+00 2.51189E+00 3.98107E+00 6.30957E+00 9.99999E+00 1.58489E+01 1.58489E+00 2.51189E+00 3.98107E+00 6.30957E+00 9.99999E+00 1.58489E+01 2.51189E+01 2.51189E+00 3.98107E+00 6.30957E+00 9.99999E+00 1.58489E+01 2.51189E+01 3.98107E+00 6.30957E+00 9.99999E+00 1.58489E+01 2.51189E+01 3.98107E+01 6.30957E+00 9.99999E+00 1.58489E+01 2.51189E+01 3.98107E+01 6.30957E+01 
90000 
2.19407E-04 
2.18181E-04 
5.23112E-04 
2.17031E-04 
5.21812E-04 
2.15963E-04 
5.21440E-04 
1.28221E-03 
2.15135E-04 
5.21735E-04 
1.28434E-03 
3.24191E-03 
2.14804E-04 
5.23044E-04 
1.28946E-03 
3.24670E-03 
2.15352E-04 
5.25906E-04 
1.29823E-03 
3.25574E-03 
8.22816E-03 
2.16662E-04 
5.29955E-04 
1.30972E-03 
3.26943E-03 
8.24567E-03 
2.16615E-04 
5.31090E-04 
1.31444E-03 
3.27107E-03 
8.22946E-03 
2.07948E-02 
2.11300E-04 
5.21367E-04 
1.29463E-03 
3.22370E-03 
8.09555E-03 
2.04066E-02 
5.20216E-02 
5.02159E-04 
1.25373E-03 
3.13230E-03 
7.86547E-03 
1.98081E-02 
5.02982E-02 
1.22907E-03 
3.07875E-03 
7.73139E-03 
1.94530E-02 
4.92164E-02 
1.26554E-01 
3.06509E-03 
7.69133E-03 
1.93252E-02 
4.87214E-02 
1.24014E-01 
3.24358E-01 
---
