PdfType: replica
Format: lhagrid1
---
4.34963E-04 7.77181E-04 7.77181E-04 1.38865E-03 1.38865E-03 2.48120E-03 2.48120E-03 2.48120E-03 4.43334E-03 4.43334E-03 4.43334E-03 4.43334E-03 7.92137E-03 7.92137E-03 7.92137E-03 7.92137E-03 1.41537E-02 1.41537E-02 1.41537E-02 1.41537E-02 1.41537E-02 2.52895E-02 2.52895E-02 2.52895E-02 2.52895E-02 2.52895E-02 4.51866E-02 4.51866E-02 4.51866E-02 4.51866E-02 4.51866E-02 4.51866E-02 8.07383E-02 8.07383E-02 8.07383E-02 8.07383E-02 8.07383E-02 8.07383E-02 8.07383E-02 1.44261E-01 1.44261E-01 1.44261E-01 1.44261E-01 1.44261E-01 1.44261E-01 2.57762E-01 2.57762E-01 2.57762E-01 2.57762E-01 2.57762E-01 2.57762E-01 4.60562E-01 4.60562E-01 4.60562E-01 4.60562E-01 4.60562E-01 4.60562E-01 
1.58489E+00 1.58489E+00 2.51189E+00 1.58489E+00 2.51189E+00 1.58489E+00 2.51189E+00 3.98107E+00 1.58489E+00 2.51189E+00 3.98107E+00 6.30957E+00 1.58489E+00 2.51189E+00 3.98107E+00 6.30957E+00 1.58489E+00 2.51189E+00 3.98107E+00 6.30957E+00 9.99999E+00 1.58489E+00 2.51189E+00 3.98107E+00 6.30957E+00 9.99999E+00 1.58489E+00 2.51189E+00 3.98107E+00 6.30957E+00 9.99999E+00 1.58489E+01 1.58489E+00 2.51189E+00 3.98107E+00 6.30957E+00 9.99999E+00 1.58489E+01 2.51189E+01 2.51189E+00 3.98107E+00 6.30957E+00 9.99999E+00 1.58489E+01 2.51189E+01 3.98107E+00 6.30957E+00 9.99999E+00 1.58489E+01 2.51189E+01 3.98107E+01 6.30957E+00 9.99999E+00 1.58489E+01 2.51189E+01 3.98107E+01 6.30957E+01 
90000 
2.20181E-04 
2.19137E-04 
5.25299E-04 
2.18182E-04 
5.24435E-04 
2.17343E-04 
5.24577E-04 
1.28896E-03 
2.16817E-04 
5.25527E-04 
1.29259E-03 
3.25934E-03 
2.16920E-04 
5.27710E-04 
1.29965E-03 
3.26842E-03 
2.18058E-04 
5.31667E-04 
1.31080E-03 
3.28293E-03 
8.28910E-03 
2.19882E-04 
5.36648E-04 
1.32437E-03 
3.30186E-03 
8.31916E-03 
2.19642E-04 
5.37573E-04 
1.32895E-03 
3.30448E-03 
8.30594E-03 
2.09750E-02 
2.13446E-04 
5.26227E-04 
1.30579E-03 
3.25012E-03 
8.15692E-03 
2.05525E-02 
5.23805E-02 
5.05331E-04 
1.26105E-03 
3.14931E-03 
7.90658E-03 
1.99089E-02 
5.05511E-02 
1.23481E-03 
3.09298E-03 
7.76622E-03 
1.95391E-02 
4.94334E-02 
1.27126E-01 
3.07880E-03 
7.72612E-03 
1.94126E-02 
4.89413E-02 
1.24572E-01 
3.25808E-01 
---
