PdfType: replica
Format: lhagrid1
---
4.34963E-04 7.77181E-04 7.77181E-04 1.38865E-03 1.38865E-03 2.48120E-03 2.48120E-03 2.48120E-03 4.43334E-03 4.43334E-03 4.43334E-03 4.43334E-03 7.92137E-03 7.92137E-03 7.92137E-03 7.92137E-03 1.41537E-02 1.41537E-02 1.41537E-02 1.41537E-02 1.41537E-02 2.52895E-02 2.52895E-02 2.52895E-02 2.52895E-02 2.52895E-02 4.51866E-02 4.51866E-02 4.51866E-02 4.51866E-02 4.51866E-02 4.51866E-02 8.07383E-02 8.07383E-02 8.07383E-02 8.07383E-02 8.07383E-02 8.07383E-02 8.07383E-02 1.44261E-01 1.44261E-01 1.44261E-01 1.44261E-01 1.44261E-01 1.44261E-01 2.57762E-01 2.57762E-01 2.57762E-01 2.57762E-01 2.57762E-01 2.57762E-01 4.60562E-01 4.60562E-01 4.60562E-01 4.60562E-01 4.60562E-01 4.60562E-01 
1.58489E+00 1.58489E+00 2.51189E+00 1.58489E+00 2.51189E+00 1.58489E+00 2.51189E+00 3.98107E+00 1.58489E+00 2.51189E+00 3.98107E+00 6.30957E+00 1.58489E+00 2.51189E+00 3.98107E+00 6.30957E+00 1.58489E+00 2.51189E+00 3.98107E+00 6.30957E+00 9.99999E+00 1.58489E+00 2.51189E+00 3.98107E+00 6.30957E+00 9.99999E+00 1.58489E+00 2.51189E+00 3.98107E+00 6.30957E+00 9.99999E+00 1.58489E+01 1.58489E+00 2.51189E+00 3.98107E+00 6.30957E+00 9.99999E+00 1.58489E+01 2.51189E+01 2.51189E+00 3.98107E+00 6.30957E+00 9.99999E+00 1.58489E+01 2.51189E+01 3.98107E+00 6.30957E+00 9.99999E+00 1.58489E+01 2.51189E+01 3.98107E+01 6.30957E+00 9.99999E+00 1.58489E+01 2.51189E+01 3.98107E+01 6.30957E+01 
90000 
2.19409E-04 
2.18194E-04 
5.23292E-04 
2.17033E-04 
5.22008E-04 
2.15920E-04 
5.21554E-04 
1.28254E-03 
2.14993E-04 
5.21618E-04 
1.28419E-03 
3.24097E-03 
2.14464E-04 
5.22458E-04 
1.28828E-03 
3.24350E-03 
2.14658E-04 
5.24553E-04 
1.29541E-03 
3.24919E-03 
8.21264E-03 
2.15502E-04 
5.27782E-04 
1.30534E-03 
3.26018E-03 
8.22496E-03 
2.15382E-04 
5.29056E-04 
1.31068E-03 
3.26413E-03 
8.21493E-03 
2.07656E-02 
2.11038E-04 
5.21224E-04 
1.29475E-03 
3.22494E-03 
8.09948E-03 
2.04200E-02 
5.20767E-02 
5.02978E-04 
1.25519E-03 
3.13454E-03 
7.87005E-03 
1.98184E-02 
5.03301E-02 
1.22680E-03 
3.07253E-03 
7.71474E-03 
1.94099E-02 
4.91119E-02 
1.26345E-01 
3.05213E-03 
7.65729E-03 
1.92381E-02 
4.85045E-02 
1.23508E-01 
3.23414E-01 
---
