PdfType: replica
Format: lhagrid1
---
4.34963E-04 7.77181E-04 7.77181E-04 1.38865E-03 1.38865E-03 2.48120E-03 2.48120E-03 2.48120E-03 4.43334E-03 4.43334E-03 4.43334E-03 4.43334E-03 7.92137E-03 7.92137E-03 7.92137E-03 7.92137E-03 1.41537E-02 1.41537E-02 1.41537E-02 1.41537E-02 1.41537E-02 2.52895E-02 2.52895E-02 2.52895E-02 2.52895E-02 2.52895E-02 4.51866E-02 4.51866E-02 4.51866E-02 4.51866E-02 4.51866E-02 4.51866E-02 8.07383E-02 8.07383E-02 8.07383E-02 8.07383E-02 8.07383E-02 8.07383E-02 8.07383E-02 1.44261E-01 1.44261E-01 1.44261E-01 1.44261E-01 1.44261E-01 1.44261E-01 2.57762E-01 2.57762E-01 2.57762E-01 2.57762E-01 2.57762E-01 2.57762E-01 4.60562E-01 4.60562E-01 4.60562E-01 4.60562E-01 4.60562E-01 4.60562E-01 
1.58489E+00 1.58489E+00 2.51189E+00 1.58489E+00 2.51189E+00 1.58489E+00 2.51189E+00 3.98107E+00 1.58489E+00 2.51189E+00 3.98107E+00 6.30957E+00 1.58489E+00 2.51189E+00 3.98107E+00 6.30957E+00 1.58489E+00 2.51189E+00 3.98107E+00 6.30957E+00 9.99999E+00 1.58489E+00 2.51189E+00 3.98107E+00 6.30957E+00 9.99999E+00 1.58489E+00 2.51189E+00 3.98107E+00 6.30957E+00 9.99999E+00 1.58489E+01 1.58489E+00 2.51189E+00 3.98107E+00 6.30957E+00 9.99999E+00 1.58489E+01 2.51189E+01 2.51189E+00 3.98107E+00 6.30957E+00 9.99999E+00 1.58489E+01 2.51189E+01 3.98107E+00 6.30957E+00 9.99999E+00 1.58489E+01 2.51189E+01 3.98107E+01 6.30957E+00 9.99999E+00 1.58489E+01 2.51189E+01 3.98107E+01 6.30957E+01 
90000 
2.19447E-04 
2.18252E-04 
5.23144E-04 
2.17122E-04 
5.21926E-04 
2.16056E-04 
5.21584E-04 
1.28244E-03 
2.15203E-04 
5.21832E-04 
1.28450E-03 
3.24177E-03 
2.14791E-04 
5.22952E-04 
1.28920E-03 
3.24566E-03 
2.15137E-04 
5.25369E-04 
1.29696E-03 
3.25257E-03 
8.22108E-03 
2.16030E-04 
5.28570E-04 
1.30652E-03 
3.26218E-03 
8.22871E-03 
2.15398E-04 
5.28462E-04 
1.30831E-03 
3.25703E-03 
8.19583E-03 
2.07175E-02 
2.09641E-04 
5.17516E-04 
1.28533E-03 
3.20124E-03 
8.04134E-03 
2.02774E-02 
5.17283E-02 
4.97716E-04 
1.24291E-03 
3.10534E-03 
7.80040E-03 
1.96510E-02 
4.99242E-02 
1.21909E-03 
3.05451E-03 
7.67189E-03 
1.93069E-02 
4.88609E-02 
1.25721E-01 
3.04581E-03 
7.64377E-03 
1.92078E-02 
4.84341E-02 
1.23327E-01 
3.22840E-01 
---
