PdfType: replica
Format: lhagrid1
---
4.34963E-04 7.77181E-04 7.77181E-04 1.38865E-03 1.38865E-03 2.48120E-03 2.48120E-03 2.48120E-03 4.43334E-03 4.43334E-03 4.43334E-03 4.43334E-03 7.92137E-03 7.92137E-03 7.92137E-03 7.92137E-03 1.41537E-02 1.41537E-02 1.41537E-02 1.41537E-02 1.41537E-02 2.52895E-02 2.52895E-02 2.52895E-02 2.52895E-02 2.52895E-02 4.51866E-02 4.51866E-02 4.51866E-02 4.51866E-02 4.51866E-02 4.51866E-02 8.07383E-02 8.07383E-02 8.07383E-02 8.07383E-02 8.07383E-02 8.07383E-02 8.07383E-02 1.44261E-01 1.44261E-01 1.44261E-01 1.44261E-01 1.44261E-01 1.44261E-01 2.57762E-01 2.57762E-01 2.57762E-01 2.57762E-01 2.57762E-01 2.57762E-01 4.60562E-01 4.60562E-01 4.60562E-01 4.60562E-01 4.60562E-01 4.60562E-01 
1.58489E+00 1.58489E+00 2.51189E+00 1.58489E+00 2.51189E+00 1.58489E+00 2.51189E+00 3.98107E+00 1.58489E+00 2.51189E+00 3.98107E+00 6.30957E+00 1.58489E+00 2.51189E+00 3.98107E+00 6.30957E+00 1.58489E+00 2.51189E+00 3.98107E+00 6.30957E+00 9.99999E+00 1.58489E+00 2.51189E+00 3.98107E+00 6.30957E+00 9.99999E+00 1.58489E+00 2.51189E+00 3.98107E+00 6.30957E+00 9.99999E+00 1.58489E+01 1.58489E+00 2.51189E+00 3.98107E+00 6.30957E+00 9.99999E+00 1.58489E+01 2.51189E+01 2.51189E+00 3.98107E+00 6.30957E+00 9.99999E+00 1.58489E+01 2.51189E+01 3.98107E+00 6.30957E+00 9.99999E+00 1.58489E+01 2.51189E+01 3.98107E+01 6.30957E+00 9.99999E+00 1.58489E+01 2.51189E+01 3.98107E+01 6.30957E+01 
90000 
2.19962E-04 
2.18849E-04 
5.24611E-04 
2.17778E-04 
5.23514E-04 
2.16745E-04 
5.23247E-04 
1.28602E-03 
2.15899E-04 
5.23523E-04 
1.28818E-03 
3.24951E-03 
2.15510E-04 
5.24695E-04 
1.29307E-03 
3.25395E-03 
2.16011E-04 
5.27413E-04 
1.30159E-03 
3.26276E-03 
8.24299E-03 
2.17360E-04 
5.31518E-04 
1.31327E-03 
3.27735E-03 
8.26343E-03 
2.17359E-04 
5.32763E-04 
1.31819E-03 
3.27984E-03 
8.24889E-03 
2.08409E-02 
2.11706E-04 
5.22113E-04 
1.29590E-03 
3.22616E-03 
8.09916E-03 
2.04128E-02 
5.20448E-02 
5.00806E-04 
1.24999E-03 
3.12225E-03 
7.84045E-03 
1.97470E-02 
5.01558E-02 
1.22476E-03 
3.06791E-03 
7.70472E-03 
1.93884E-02 
4.90656E-02 
1.26244E-01 
3.06043E-03 
7.67994E-03 
1.92981E-02 
4.86597E-02 
1.23890E-01 
3.24230E-01 
---
