PdfType: replica
Format: lhagrid1
---
4.34963E-04 7.77181E-04 7.77181E-04 1.38865E-03 1.38865E-03 2.48120E-03 2.48120E-03 2.48120E-03 4.43334E-03 4.43334E-03 4.43334E-03 4.43334E-03 7.92137E-03 7.92137E-03 7.92137E-03 7.92137E-03 1.41537E-02 1.41537E-02 1.41537E-02 1.41537E-02 1.41537E-02 2.52895E-02 2.52895E-02 2.52895E-02 2.52895E-02 2.52895E-02 4.51866E-02 4.51866E-02 4.51866E-02 4.51866E-02 4.51866E-02 4.51866E-02 8.07383E-02 8.07383E-02 8.07383E-02 8.07383E-02 8.07383E-02 8.07383E-02 8.07383E-02 1.44261E-01 1.44261E-01 1.44261E-01 1.44261E-01 1.44261E-01 1.44261E-01 2.57762E-01 2.57762E-01 2.57762E-01 2.57762E-01 2.57762E-01 2.57762E-01 4.60562E-01 4.60562E-01 4.60562E-01 4.60562E-01 4.60562E-01 4.60562E-01 
1.58489E+00 1.58489E+00 2.51189E+00 1.58489E+00 2.51189E+00 1.58489E+00 2.51189E+00 3.98107E+00 1.58489E+00 2.51189E+00 3.98107E+00 6.30957E+00 1.58489E+00 2.51189E+00 3.98107E+00 6.30957E+00 1.58489E+00 2.51189E+00 3.98107E+00 6.30957E+00 9.99999E+00 1.58489E+00 2.51189E+00 3.98107E+00 6.30957E+00 9.99999E+00 1.58489E+00 2.51189E+00 3.98107E+00 6.30957E+00 9.99999E+00 1.58489E+01 1.58489E+00 2.51189E+00 3.98107E+00 6.30957E+00 9.99999E+00 1.58489E+01 2.51189E+01 2.51189E+00 3.98107E+00 6.30957E+00 9.99999E+00 1.58489E+01 2.51189E+01 3.98107E+00 6.30957E+00 9.99999E+00 1.58489E+01 2.51189E+01 3.98107E+01 6.30957E+00 9.99999E+00 1.58489E+01 2.51189E+01 3.98107E+01 6.30957E+01 
90000 
2.19380E-04 
2.18068E-04 
5.22876E-04 
2.16774E-04 
5.21366E-04 
2.15502E-04 
5.20638E-04 
1.28057E-03 
2.14412E-04 
5.20418E-04 
1.28168E-03 
3.23585E-03 
2.13783E-04 
5.21078E-04 
1.28541E-03 
3.23762E-03 
2.14047E-04 
5.23279E-04 
1.29272E-03 
3.24331E-03 
8.20138E-03 
2.15150E-04 
5.26863E-04 
1.30312E-03 
3.25466E-03 
8.21317E-03 
2.14937E-04 
5.27669E-04 
1.30695E-03 
3.25446E-03 
8.19101E-03 
2.07104E-02 
2.09432E-04 
5.17372E-04 
1.28547E-03 
3.20274E-03 
8.04550E-03 
2.02897E-02 
5.17700E-02 
4.98368E-04 
1.24486E-03 
3.11097E-03 
7.81524E-03 
1.96901E-02 
5.00284E-02 
1.22346E-03 
3.06513E-03 
7.69837E-03 
1.93730E-02 
4.90270E-02 
1.26145E-01 
3.05338E-03 
7.66287E-03 
1.92551E-02 
4.85503E-02 
1.23610E-01 
3.23518E-01 
---
