PdfType: replica
Format: lhagrid1
---
4.34963E-04 7.77181E-04 7.77181E-04 1.38865E-03 1.38865E-03 2.48120E-03 2.48120E-03 2.48120E-03 4.43334E-03 4.43334E-03 4.43334E-03 4.43334E-03 7.92137E-03 7.92137E-03 7.92137E-03 7.92137E-03 1.41537E-02 1.41537E-02 1.41537E-02 1.41537E-02 1.41537E-02 2.52895E-02 2.52895E-02 2.52895E-02 2.52895E-02 2.52895E-02 4.51866E-02 4.51866E-02 4.51866E-02 4.51866E-02 4.51866E-02 4.51866E-02 8.07383E-02 8.07383E-02 8.07383E-02 8.07383E-02 8.07383E-02 8.07383E-02 8.07383E-02 1.44261E-01 1.44261E-01 1.44261E-01 1.44261E-01 1.44261E-01 1.44261E-01 2.57762E-01 2.57762E-01 2.57762E-01 2.57762E-01 2.57762E-01 2.57762E-01 4.60562E-01 4.60562E-01 4.60562E-01 4.60562E-01 4.60562E-01 4.60562E-01 
1.58489E+00 1.58489E+00 2.51189E+00 1.58489E+00 2.51189E+00 1.58489E+00 2.51189E+00 3.98107E+00 1.58489E+00 2.51189E+00 3.98107E+00 6.30957E+00 1.58489E+00 2.51189E+00 3.98107E+00 6.30957E+00 1.58489E+00 2.51189E+00 3.98107E+00 6.30957E+00 9.99999E+00 1.58489E+00 2.51189E+00 3.98107E+00 6.30957E+00 9.99999E+00 1.58489E+00 2.51189E+00 3.98107E+00 6.30957E+00 9.99999E+00 1.58489E+01 1.58489E+00 2.51189E+00 3.98107E+00 6.30957E+00 9.99999E+00 1.58489E+01 2.51189E+01 2.51189E+00 3.98107E+00 6.30957E+00 9.99999E+00 1.58489E+01 2.51189E+01 3.98107E+00 6.30957E+00 9.99999E+00 1.58489E+01 2.51189E+01 3.98107E+01 6.30957E+00 9.99999E+00 1.58489E+01 2.51189E+01 3.98107E+01 6.30957E+01 
90000 
2.19401E-04 
2.18290E-04 
5.23239E-04 
2.17305E-04 
5.22322E-04 
2.16478E-04 
5.22482E-04 
1.28441E-03 
2.16003E-04 
5.23531E-04 
1.28822E-03 
3.24989E-03 
2.16173E-04 
5.25888E-04 
1.29564E-03 
3.25964E-03 
2.17361E-04 
5.30060E-04 
1.30728E-03 
3.27512E-03 
8.27228E-03 
2.19200E-04 
5.35182E-04 
1.32108E-03 
3.29438E-03 
8.30189E-03 
2.18871E-04 
5.35738E-04 
1.32443E-03 
3.29348E-03 
8.27888E-03 
2.09094E-02 
2.12119E-04 
5.22939E-04 
1.29768E-03 
3.23030E-03 
8.10849E-03 
2.04346E-02 
5.20988E-02 
5.01341E-04 
1.25150E-03 
3.12635E-03 
7.85085E-03 
1.97735E-02 
5.02239E-02 
1.22625E-03 
3.07143E-03 
7.71297E-03 
1.94075E-02 
4.91087E-02 
1.26332E-01 
3.05798E-03 
7.67504E-03 
1.92866E-02 
4.86302E-02 
1.23805E-01 
3.23943E-01 
---
