PdfType: replica
Format: lhagrid1
---
4.34963E-04 7.77181E-04 7.77181E-04 1.38865E-03 1.38865E-03 2.48120E-03 2.48120E-03 2.48120E-03 4.43334E-03 4.43334E-03 4.43334E-03 4.43334E-03 7.92137E-03 7.92137E-03 7.92137E-03 7.92137E-03 1.41537E-02 1.41537E-02 1.41537E-02 1.41537E-02 1.41537E-02 2.52895E-02 2.52895E-02 2.52895E-02 2.52895E-02 2.52895E-02 4.51866E-02 4.51866E-02 4.51866E-02 4.51866E-02 4.51866E-02 4.51866E-02 8.07383E-02 8.07383E-02 8.07383E-02 8.07383E-02 8.07383E-02 8.07383E-02 8.07383E-02 1.44261E-01 1.44261E-01 1.44261E-01 1.44261E-01 1.44261E-01 1.44261E-01 2.57762E-01 2.57762E-01 2.57762E-01 2.57762E-01 2.57762E-01 2.57762E-01 4.60562E-01 4.60562E-01 4.60562E-01 4.60562E-01 4.60562E-01 4.60562E-01 
1.58489E+00 1.58489E+00 2.51189E+00 1.58489E+00 2.51189E+00 1.58489E+00 2.51189E+00 3.98107E+00 1.58489E+00 2.51189E+00 3.98107E+00 6.30957E+00 1.58489E+00 2.51189E+00 3.98107E+00 6.30957E+00 1.58489E+00 2.51189E+00 3.98107E+00 6.30957E+00 9.99999E+00 1.58489E+00 2.51189E+00 3.98107E+00 6.30957E+00 9.99999E+00 1.58489E+00 2.51189E+00 3.98107E+00 6.30957E+00 9.99999E+00 1.58489E+01 1.58489E+00 2.51189E+00 3.98107E+00 6.30957E+00 9.99999E+00 1.58489E+01 2.51189E+01 2.51189E+00 3.98107E+00 6.30957E+00 9.99999E+00 1.58489E+01 2.51189E+01 3.98107E+00 6.30957E+00 9.99999E+00 1.58489E+01 2.51189E+01 3.98107E+01 6.30957E+00 9.99999E+00 1.58489E+01 2.51189E+01 3.98107E+01 6.30957E+01 
90000 
2.19915E-04 
2.18753E-04 
5.24368E-04 
2.17649E-04 
5.23270E-04 
2.16641E-04 
5.23138E-04 
1.28592E-03 
2.15961E-04 
5.23835E-04 
1.28910E-03 
3.25200E-03 
2.16032E-04 
5.25994E-04 
1.29621E-03 
3.26119E-03 
2.17485E-04 
5.30604E-04 
1.30882E-03 
3.27878E-03 
8.28147E-03 
2.20154E-04 
5.37239E-04 
1.32582E-03 
3.30505E-03 
8.32753E-03 
2.20538E-04 
5.39194E-04 
1.33201E-03 
3.31045E-03 
8.31751E-03 
2.10004E-02 
2.13119E-04 
5.24898E-04 
1.30171E-03 
3.23868E-03 
8.12647E-03 
2.04740E-02 
5.21870E-02 
5.01139E-04 
1.25137E-03 
3.12624E-03 
7.85204E-03 
1.97792E-02 
5.02424E-02 
1.23081E-03 
3.08394E-03 
7.74420E-03 
1.94862E-02 
4.93096E-02 
1.26864E-01 
3.07728E-03 
7.72189E-03 
1.94023E-02 
4.89186E-02 
1.24530E-01 
3.25787E-01 
---
