PdfType: replica
Format: lhagrid1
---
4.34963E-04 7.77181E-04 7.77181E-04 1.38865E-03 1.38865E-03 2.48120E-03 2.48120E-03 2.48120E-03 4.43334E-03 4.43334E-03 4.43334E-03 4.43334E-03 7.92137E-03 7.92137E-03 7.92137E-03 7.92137E-03 1.41537E-02 1.41537E-02 1.41537E-02 1.41537E-02 1.41537E-02 2.52895E-02 2.52895E-02 2.52895E-02 2.52895E-02 2.52895E-02 4.51866E-02 4.51866E-02 4.51866E-02 4.51866E-02 4.51866E-02 4.51866E-02 8.07383E-02 8.07383E-02 8.07383E-02 8.07383E-02 8.07383E-02 8.07383E-02 8.07383E-02 1.44261E-01 1.44261E-01 1.44261E-01 1.44261E-01 1.44261E-01 1.44261E-01 2.57762E-01 2.57762E-01 2.57762E-01 2.57762E-01 2.57762E-01 2.57762E-01 4.60562E-01 4.60562E-01 4.60562E-01 4.60562E-01 4.60562E-01 4.60562E-01 
1.58489E+00 1.58489E+00 2.51189E+00 1.58489E+00 2.51189E+00 1.58489E+00 2.51189E+00 3.98107E+00 1.58489E+00 2.51189E+00 3.98107E+00 6.30957E+00 1.58489E+00 2.51189E+00 3.98107E+00 6.30957E+00 1.58489E+00 2.51189E+00 3.98107E+00 6.30957E+00 9.99999E+00 1.58489E+00 2.51189E+00 3.98107E+00 6.30957E+00 9.99999E+00 1.58489E+00 2.51189E+00 3.98107E+00 6.30957E+00 9.99999E+00 1.58489E+01 1.58489E+00 2.51189E+00 3.98107E+00 6.30957E+00 9.99999E+00 1.58489E+01 2.51189E+01 2.51189E+00 3.98107E+00 6.30957E+00 9.99999E+00 1.58489E+01 2.51189E+01 3.98107E+00 6.30957E+00 9.99999E+00 1.58489E+01 2.51189E+01 3.98107E+01 6.30957E+00 9.99999E+00 1.58489E+01 2.51189E+01 3.98107E+01 6.30957E+01 
90000 
2.19912E-04 
2.18707E-04 
5.24339E-04 
2.17506E-04 
5.23001E-04 
2.16299E-04 
5.22386E-04 
1.28429E-03 
2.15224E-04 
5.22170E-04 
1.28538E-03 
3.24352E-03 
2.14522E-04 
5.22638E-04 
1.28868E-03 
3.24427E-03 
2.14551E-04 
5.24315E-04 
1.29483E-03 
3.24758E-03 
8.20963E-03 
2.15183E-04 
5.26935E-04 
1.30317E-03 
3.25456E-03 
8.21141E-03 
2.14424E-04 
5.26635E-04 
1.30460E-03 
3.24903E-03 
8.17736E-03 
2.06750E-02 
2.08782E-04 
5.15901E-04 
1.28204E-03 
3.19435E-03 
8.02557E-03 
2.02413E-02 
5.16469E-02 
4.97086E-04 
1.24194E-03 
3.10398E-03 
7.79930E-03 
1.96533E-02 
4.99421E-02 
1.22356E-03 
3.06684E-03 
7.70460E-03 
1.93931E-02 
4.90878E-02 
1.26319E-01 
3.07993E-03 
7.73314E-03 
1.94394E-02 
4.90282E-02 
1.24826E-01 
3.26458E-01 
---
