PdfType: replica
Format: lhagrid1
---
4.34963E-04 7.77181E-04 7.77181E-04 1.38865E-03 1.38865E-03 2.48120E-03 2.48120E-03 2.48120E-03 4.43334E-03 4.43334E-03 4.43334E-03 4.43334E-03 7.92137E-03 7.92137E-03 7.92137E-03 7.92137E-03 1.41537E-02 1.41537E-02 1.41537E-02 1.41537E-02 1.41537E-02 2.52895E-02 2.52895E-02 2.52895E-02 2.52895E-02 2.52895E-02 4.51866E-02 4.51866E-02 4.51866E-02 4.51866E-02 4.51866E-02 4.51866E-02 8.07383E-02 8.07383E-02 8.07383E-02 8.07383E-02 8.07383E-02 8.07383E-02 8.07383E-02 1.44261E-01 1.44261E-01 1.44261E-01 1.44261E-01 1.44261E-01 1.44261E-01 2.57762E-01 2.57762E-01 2.57762E-01 2.57762E-01 2.57762E-01 2.57762E-01 4.60562E-01 4.60562E-01 4.60562E-01 4.60562E-01 4.60562E-01 4.60562E-01 
1.58489E+00 1.58489E+00 2.51189E+00 1.58489E+00 2.51189E+00 1.58489E+00 2.51189E+00 3.98107E+00 1.58489E+00 2.51189E+00 3.98107E+00 6.30957E+00 1.58489E+00 2.51189E+00 3.98107E+00 6.30957E+00 1.58489E+00 2.51189E+00 3.98107E+00 6.30957E+00 9.99999E+00 1.58489E+00 2.51189E+00 3.98107E+00 6.30957E+00 9.99999E+00 1.58489E+00 2.51189E+00 3.98107E+00 6.30957E+00 9.99999E+00 1.58489E+01 1.58489E+00 2.51189E+00 3.98107E+00 6.30957E+00 9.99999E+00 1.58489E+01 2.51189E+01 2.51189E+00 3.98107E+00 6.30957E+00 9.99999E+00 1.58489E+01 2.51189E+01 3.98107E+00 6.30957E+00 9.99999E+00 1.58489E+01 2.51189E+01 3.98107E+01 6.30957E+00 9.99999E+00 1.58489E+01 2.51189E+01 3.98107E+01 6.30957E+01 
90000 
2.19771E-04 
2.18657E-04 
5.24263E-04 
2.17615E-04 
5.23186E-04 
2.16640E-04 
5.23003E-04 
1.28555E-03 
2.15877E-04 
5.23420E-04 
1.28798E-03 
3.24867E-03 
2.15562E-04 
5.24733E-04 
1.29315E-03 
3.25370E-03 
2.16016E-04 
5.27380E-04 
1.30149E-03 
3.26224E-03 
8.24134E-03 
2.16997E-04 
5.30789E-04 
1.31160E-03 
3.27364E-03 
8.25367E-03 
2.16299E-04 
5.30609E-04 
1.31335E-03 
3.26914E-03 
8.22301E-03 
2.07772E-02 
2.10287E-04 
5.19193E-04 
1.28947E-03 
3.21187E-03 
8.06644E-03 
2.03359E-02 
5.18541E-02 
4.99359E-04 
1.24721E-03 
3.11650E-03 
7.82886E-03 
1.97224E-02 
5.00971E-02 
1.22536E-03 
3.07014E-03 
7.71179E-03 
1.94077E-02 
4.91124E-02 
1.26329E-01 
3.06593E-03 
7.69413E-03 
1.93341E-02 
4.87494E-02 
1.24104E-01 
3.24674E-01 
---
