PdfType: replica
Format: lhagrid1
---
4.34963E-04 7.77181E-04 7.77181E-04 1.38865E-03 1.38865E-03 2.48120E-03 2.48120E-03 2.48120E-03 4.43334E-03 4.43334E-03 4.43334E-03 4.43334E-03 7.92137E-03 7.92137E-03 7.92137E-03 7.92137E-03 1.41537E-02 1.41537E-02 1.41537E-02 1.41537E-02 1.41537E-02 2.52895E-02 2.52895E-02 2.52895E-02 2.52895E-02 2.52895E-02 4.51866E-02 4.51866E-02 4.51866E-02 4.51866E-02 4.51866E-02 4.51866E-02 8.07383E-02 8.07383E-02 8.07383E-02 8.07383E-02 8.07383E-02 8.07383E-02 8.07383E-02 1.44261E-01 1.44261E-01 1.44261E-01 1.44261E-01 1.44261E-01 1.44261E-01 2.57762E-01 2.57762E-01 2.57762E-01 2.57762E-01 2.57762E-01 2.57762E-01 4.60562E-01 4.60562E-01 4.60562E-01 4.60562E-01 4.60562E-01 4.60562E-01 
1.58489E+00 1.58489E+00 2.51189E+00 1.58489E+00 2.51189E+00 1.58489E+00 2.51189E+00 3.98107E+00 1.58489E+00 2.51189E+00 3.98107E+00 6.30957E+00 1.58489E+00 2.51189E+00 3.98107E+00 6.30957E+00 1.58489E+00 2.51189E+00 3.98107E+00 6.30957E+00 9.99999E+00 1.58489E+00 2.51189E+00 3.98107E+00 6.30957E+00 9.99999E+00 1.58489E+00 2.51189E+00 3.98107E+00 6.30957E+00 9.99999E+00 1.58489E+01 1.58489E+00 2.51189E+00 3.98107E+00 6.30957E+00 9.99999E+00 1.58489E+01 2.51189E+01 2.51189E+00 3.98107E+00 6.30957E+00 9.99999E+00 1.58489E+01 2.51189E+01 3.98107E+00 6.30957E+00 9.99999E+00 1.58489E+01 2.51189E+01 3.98107E+01 6.30957E+00 9.99999E+00 1.58489E+01 2.51189E+01 3.98107E+01 6.30957E+01 
90000 
2.19388E-04 
2.18147E-04 
5.23042E-04 
2.16930E-04 
5.21635E-04 
2.15710E-04 
5.20957E-04 
1.28115E-03 
2.14598E-04 
5.20654E-04 
1.28204E-03 
3.23605E-03 
2.13797E-04 
5.20980E-04 
1.28506E-03 
3.23643E-03 
2.13676E-04 
5.22511E-04 
1.29101E-03 
3.23962E-03 
8.19177E-03 
2.14315E-04 
5.25324E-04 
1.29990E-03 
3.24800E-03 
8.19735E-03 
2.14145E-04 
5.26193E-04 
1.30384E-03 
3.24773E-03 
8.17582E-03 
2.06736E-02 
2.09363E-04 
5.17106E-04 
1.28469E-03 
3.20040E-03 
8.03999E-03 
2.02759E-02 
5.17321E-02 
4.97953E-04 
1.24337E-03 
3.10667E-03 
7.80326E-03 
1.96579E-02 
4.99440E-02 
1.21918E-03 
3.05431E-03 
7.67167E-03 
1.93073E-02 
4.88650E-02 
1.25742E-01 
3.04697E-03 
7.64709E-03 
1.92170E-02 
4.84590E-02 
1.23394E-01 
3.23022E-01 
---
