PdfType: replica
Format: lhagrid1
---
4.34963E-04 7.77181E-04 7.77181E-04 1.38865E-03 1.38865E-03 2.48120E-03 2.48120E-03 2.48120E-03 4.43334E-03 4.43334E-03 4.43334E-03 4.43334E-03 7.92137E-03 7.92137E-03 7.92137E-03 7.92137E-03 1.41537E-02 1.41537E-02 1.41537E-02 1.41537E-02 1.41537E-02 2.52895E-02 2.52895E-02 2.52895E-02 2.52895E-02 2.52895E-02 4.51866E-02 4.51866E-02 4.51866E-02 4.51866E-02 4.51866E-02 4.51866E-02 8.07383E-02 8.07383E-02 8.07383E-02 8.07383E-02 8.07383E-02 8.07383E-02 8.07383E-02 1.44261E-01 1.44261E-01 1.44261E-01 1.44261E-01 1.44261E-01 1.44261E-01 2.57762E-01 2.57762E-01 2.57762E-01 2.57762E-01 2.57762E-01 2.57762E-01 4.60562E-01 4.60562E-01 4.60562E-01 4.60562E-01 4.60562E-01 4.60562E-01 
1.58489E+00 1.58489E+00 2.51189E+00 1.58489E+00 2.51189E+00 1.58489E+00 2.51189E+00 3.98107E+00 1.58489E+00 2.51189E+00 3.98107E+00 6.30957E+00 1.58489E+00 2.51189E+00 3.98107E+00 6.30957E+00 1.58489E+00 2.51189E+00 3.98107E+00 6.30957E+00 9.99999E+00 1.58489E+00 2.51189E+00 3.98107E+00 6.30957E+00 9.99999E+00 1.58489E+00 2.51189E+00 3.98107E+00 6.30957E+00 9.99999E+00 1.58489E+01 1.58489E+00 2.51189E+00 3.98107E+00 6.30957E+00 9.99999E+00 1.58489E+01 2.51189E+01 2.51189E+00 3.98107E+00 6.30957E+00 9.99999E+00 1.58489E+01 2.51189E+01 3.98107E+00 6.30957E+00 9.99999E+00 1.58489E+01 2.51189E+01 3.98107E+01 6.30957E+00 9.99999E+00 1.58489E+01 2.51189E+01 3.98107E+01 6.30957E+01 
90000 
2.19794E-04 
2.18699E-04 
5.24140E-04 
2.17667E-04 
5.23118E-04 
2.16705E-04 
5.22995E-04 
1.28537E-03 
2.15986E-04 
5.23537E-04 
1.28810E-03 
3.24933E-03 
2.15822E-04 
5.25178E-04 
1.29401E-03 
3.25587E-03 
2.16669E-04 
5.28600E-04 
1.30405E-03 
3.26782E-03 
8.25498E-03 
2.18321E-04 
5.33327E-04 
1.31707E-03 
3.28532E-03 
8.28142E-03 
2.18086E-04 
5.34190E-04 
1.32122E-03 
3.28637E-03 
8.26301E-03 
2.08721E-02 
2.11670E-04 
5.22156E-04 
1.29619E-03 
3.22711E-03 
8.10151E-03 
2.04180E-02 
5.20510E-02 
5.01193E-04 
1.25168E-03 
3.12736E-03 
7.85452E-03 
1.97837E-02 
5.02453E-02 
1.22949E-03 
3.08055E-03 
7.73601E-03 
1.94647E-02 
4.92477E-02 
1.26652E-01 
3.06883E-03 
7.70017E-03 
1.93465E-02 
4.87751E-02 
1.24156E-01 
3.24787E-01 
---
