PdfType: replica
Format: lhagrid1
---
4.34963E-04 7.77181E-04 7.77181E-04 1.38865E-03 1.38865E-03 2.48120E-03 2.48120E-03 2.48120E-03 4.43334E-03 4.43334E-03 4.43334E-03 4.43334E-03 7.92137E-03 7.92137E-03 7.92137E-03 7.92137E-03 1.41537E-02 1.41537E-02 1.41537E-02 1.41537E-02 1.41537E-02 2.52895E-02 2.52895E-02 2.52895E-02 2.52895E-02 2.52895E-02 4.51866E-02 4.51866E-02 4.51866E-02 4.51866E-02 4.51866E-02 4.51866E-02 8.07383E-02 8.07383E-02 8.07383E-02 8.07383E-02 8.07383E-02 8.07383E-02 8.07383E-02 1.44261E-01 1.44261E-01 1.44261E-01 1.44261E-01 1.44261E-01 1.44261E-01 2.57762E-01 2.57762E-01 2.57762E-01 2.57762E-01 2.57762E-01 2.57762E-01 4.60562E-01 4.60562E-01 4.60562E-01 4.60562E-01 4.60562E-01 4.60562E-01 
1.58489E+00 1.58489E+00 2.51189E+00 1.58489E+00 2.51189E+00 1.58489E+00 2.51189E+00 3.98107E+00 1.58489E+00 2.51189E+00 3.98107E+00 6.30957E+00 1.58489E+00 2.51189E+00 3.98107E+00 6.30957E+00 1.58489E+00 2.51189E+00 3.98107E+00 6.30957E+00 9.99999E+00 1.58489E+00 2.51189E+00 3.98107E+00 6.30957E+00 9.99999E+00 1.58489E+00 2.51189E+00 3.98107E+00 6.30957E+00 9.99999E+00 1.58489E+01 1.58489E+00 2.51189E+00 3.98107E+00 6.30957E+00 9.99999E+00 1.58489E+01 2.51189E+01 2.51189E+00 3.98107E+00 6.30957E+00 9.99999E+00 1.58489E+01 2.51189E+01 3.98107E+00 6.30957E+00 9.99999E+00 1.58489E+01 2.51189E+01 3.98107E+01 6.30957E+00 9.99999E+00 1.58489E+01 2.51189E+01 3.98107E+01 6.30957E+01 
90000 
2.21574E-04 
2.20322E-04 
5.26356E-04 
2.19078E-04 
5.25057E-04 
2.17862E-04 
5.24649E-04 
1.28815E-03 
2.16891E-04 
5.24910E-04 
1.29051E-03 
3.25400E-03 
2.16534E-04 
5.26348E-04 
1.29620E-03 
3.26019E-03 
2.17288E-04 
5.29692E-04 
1.30619E-03 
3.27220E-03 
8.26471E-03 
2.18858E-04 
5.34251E-04 
1.31877E-03 
3.28879E-03 
8.28866E-03 
2.18207E-04 
5.34141E-04 
1.32055E-03 
3.28421E-03 
8.25649E-03 
2.08561E-02 
2.10908E-04 
5.20156E-04 
1.29112E-03 
3.21461E-03 
8.07130E-03 
2.03462E-02 
5.18889E-02 
4.98664E-04 
1.24575E-03 
3.11326E-03 
7.82207E-03 
1.97094E-02 
5.00805E-02 
1.22784E-03 
3.07700E-03 
7.72902E-03 
1.94523E-02 
4.92319E-02 
1.26670E-01 
3.08419E-03 
7.74134E-03 
1.94556E-02 
4.90598E-02 
1.24881E-01 
3.26504E-01 
---
