PdfType: replica
Format: lhagrid1
---
4.34963E-04 7.77181E-04 7.77181E-04 1.38865E-03 1.38865E-03 2.48120E-03 2.48120E-03 2.48120E-03 4.43334E-03 4.43334E-03 4.43334E-03 4.43334E-03 7.92137E-03 7.92137E-03 7.92137E-03 7.92137E-03 1.41537E-02 1.41537E-02 1.41537E-02 1.41537E-02 1.41537E-02 2.52895E-02 2.52895E-02 2.52895E-02 2.52895E-02 2.52895E-02 4.51866E-02 4.51866E-02 4.51866E-02 4.51866E-02 4.51866E-02 4.51866E-02 8.07383E-02 8.07383E-02 8.07383E-02 8.07383E-02 8.07383E-02 8.07383E-02 8.07383E-02 1.44261E-01 1.44261E-01 1.44261E-01 1.44261E-01 1.44261E-01 1.44261E-01 2.57762E-01 2.57762E-01 2.57762E-01 2.57762E-01 2.57762E-01 2.57762E-01 4.60562E-01 4.60562E-01 4.60562E-01 4.60562E-01 4.60562E-01 4.60562E-01 
1.58489E+00 1.58489E+00 2.51189E+00 1.58489E+00 2.51189E+00 1.58489E+00 2.51189E+00 3.98107E+00 1.58489E+00 2.51189E+00 3.98107E+00 6.30957E+00 1.58489E+00 2.51189E+00 3.98107E+00 6.30957E+00 1.58489E+00 2.51189E+00 3.98107E+00 6.30957E+00 9.99999E+00 1.58489E+00 2.51189E+00 3.98107E+00 6.30957E+00 9.99999E+00 1.58489E+00 2.51189E+00 3.98107E+00 6.30957E+00 9.99999E+00 1.58489E+01 1.58489E+00 2.51189E+00 3.98107E+00 6.30957E+00 9.99999E+00 1.58489E+01 2.51189E+01 2.51189E+00 3.98107E+00 6.30957E+00 9.99999E+00 1.58489E+01 2.51189E+01 3.98107E+00 6.30957E+00 9.99999E+00 1.58489E+01 2.51189E+01 3.98107E+01 6.30957E+00 9.99999E+00 1.58489E+01 2.51189E+01 3.98107E+01 6.30957E+01 
90000 
2.19892E-04 
2.18782E-04 
5.24502E-04 
2.17735E-04 
5.23416E-04 
2.16750E-04 
5.23226E-04 
1.28591E-03 
2.15988E-04 
5.23681E-04 
1.28850E-03 
3.24993E-03 
2.15733E-04 
5.25175E-04 
1.29411E-03 
3.25622E-03 
2.16410E-04 
5.28284E-04 
1.30343E-03 
3.26688E-03 
8.25139E-03 
2.17795E-04 
5.32302E-04 
1.31456E-03 
3.27982E-03 
8.26682E-03 
2.17114E-04 
5.31720E-04 
1.31492E-03 
3.27100E-03 
8.22534E-03 
2.07785E-02 
2.09920E-04 
5.17860E-04 
1.28580E-03 
3.20211E-03 
8.04242E-03 
2.02767E-02 
5.17086E-02 
4.97391E-04 
1.24290E-03 
3.10699E-03 
7.80700E-03 
1.96722E-02 
4.99833E-02 
1.22528E-03 
3.06985E-03 
7.71080E-03 
1.94051E-02 
4.91066E-02 
1.26320E-01 
3.06337E-03 
7.68772E-03 
1.93172E-02 
4.87040E-02 
1.23974E-01 
3.24253E-01 
---
