PdfType: replica
Format: lhagrid1
---
4.34963E-04 7.77181E-04 7.77181E-04 1.38865E-03 1.38865E-03 2.48120E-03 2.48120E-03 2.48120E-03 4.43334E-03 4.43334E-03 4.43334E-03 4.43334E-03 7.92137E-03 7.92137E-03 7.92137E-03 7.92137E-03 1.41537E-02 1.41537E-02 1.41537E-02 1.41537E-02 1.41537E-02 2.52895E-02 2.52895E-02 2.52895E-02 2.52895E-02 2.52895E-02 4.51866E-02 4.51866E-02 4.51866E-02 4.51866E-02 4.51866E-02 4.51866E-02 8.07383E-02 8.07383E-02 8.07383E-02 8.07383E-02 8.07383E-02 8.07383E-02 8.07383E-02 1.44261E-01 1.44261E-01 1.44261E-01 1.44261E-01 1.44261E-01 1.44261E-01 2.57762E-01 2.57762E-01 2.57762E-01 2.57762E-01 2.57762E-01 2.57762E-01 4.60562E-01 4.60562E-01 4.60562E-01 4.60562E-01 4.60562E-01 4.60562E-01 
1.58489E+00 1.58489E+00 2.51189E+00 1.58489E+00 2.51189E+00 1.58489E+00 2.51189E+00 3.98107E+00 1.58489E+00 2.51189E+00 3.98107E+00 6.30957E+00 1.58489E+00 2.51189E+00 3.98107E+00 6.30957E+00 1.58489E+00 2.51189E+00 3.98107E+00 6.30957E+00 9.99999E+00 1.58489E+00 2.51189E+00 3.98107E+00 6.30957E+00 9.99999E+00 1.58489E+00 2.51189E+00 3.98107E+00 6.30957E+00 9.99999E+00 1.58489E+01 1.58489E+00 2.51189E+00 3.98107E+00 6.30957E+00 9.99999E+00 1.58489E+01 2.51189E+01 2.51189E+00 3.98107E+00 6.30957E+00 9.99999E+00 1.58489E+01 2.51189E+01 3.98107E+00 6.30957E+00 9.99999E+00 1.58489E+01 2.51189E+01 3.98107E+01 6.30957E+00 9.99999E+00 1.58489E+01 2.51189E+01 3.98107E+01 6.30957E+01 
90000 
2.20662E-04 
2.19575E-04 
5.25334E-04 
2.18545E-04 
5.24370E-04 
2.17603E-04 
5.24402E-04 
1.28785E-03 
2.16979E-04 
5.25271E-04 
1.29142E-03 
3.25617E-03 
2.17074E-04 
5.27540E-04 
1.29879E-03 
3.26598E-03 
2.18412E-04 
5.31939E-04 
1.31090E-03 
3.28239E-03 
8.28692E-03 
2.20534E-04 
5.37401E-04 
1.32518E-03 
3.30229E-03 
8.31798E-03 
2.19711E-04 
5.36772E-04 
1.32555E-03 
3.29417E-03 
8.27678E-03 
2.08968E-02 
2.11094E-04 
5.20058E-04 
1.29009E-03 
3.21082E-03 
8.05982E-03 
2.03130E-02 
5.17915E-02 
4.96624E-04 
1.24070E-03 
3.10067E-03 
7.79114E-03 
1.96328E-02 
4.98877E-02 
1.22311E-03 
3.06510E-03 
7.69899E-03 
1.93766E-02 
4.90411E-02 
1.26190E-01 
3.06918E-03 
7.70294E-03 
1.93578E-02 
4.88136E-02 
1.24275E-01 
3.25124E-01 
---
