PdfType: replica
Format: lhagrid1
---
4.34963E-04 7.77181E-04 7.77181E-04 1.38865E-03 1.38865E-03 2.48120E-03 2.48120E-03 2.48120E-03 4.43334E-03 4.43334E-03 4.43334E-03 4.43334E-03 7.92137E-03 7.92137E-03 7.92137E-03 7.92137E-03 1.41537E-02 1.41537E-02 1.41537E-02 1.41537E-02 1.41537E-02 2.52895E-02 2.52895E-02 2.52895E-02 2.52895E-02 2.52895E-02 4.51866E-02 4.51866E-02 4.51866E-02 4.51866E-02 4.51866E-02 4.51866E-02 8.07383E-02 8.07383E-02 8.07383E-02 8.07383E-02 8.07383E-02 8.07383E-02 8.07383E-02 1.44261E-01 1.44261E-01 1.44261E-01 1.44261E-01 1.44261E-01 1.44261E-01 2.57762E-01 2.57762E-01 2.57762E-01 2.57762E-01 2.57762E-01 2.57762E-01 4.60562E-01 4.60562E-01 4.60562E-01 4.60562E-01 4.60562E-01 4.60562E-01 
1.58489E+00 1.58489E+00 2.51189E+00 1.58489E+00 2.51189E+00 1.58489E+00 2.51189E+00 3.98107E+00 1.58489E+00 2.51189E+00 3.98107E+00 6.30957E+00 1.58489E+00 2.51189E+00 3.98107E+00 6.30957E+00 1.58489E+00 2.51189E+00 3.98107E+00 6.30957E+00 9.99999E+00 1.58489E+00 2.51189E+00 3.98107E+00 6.30957E+00 9.99999E+00 1.58489E+00 2.51189E+00 3.98107E+00 6.30957E+00 9.99999E+00 1.58489E+01 1.58489E+00 2.51189E+00 3.98107E+00 6.30957E+00 9.99999E+00 1.58489E+01 2.51189E+01 2.51189E+00 3.98107E+00 6.30957E+00 9.99999E+00 1.58489E+01 2.51189E+01 3.98107E+00 6.30957E+00 9.99999E+00 1.58489E+01 2.51189E+01 3.98107E+01 6.30957E+00 9.99999E+00 1.58489E+01 2.51189E+01 3.98107E+01 6.30957E+01 
90000 
2.19324E-04 
2.18016E-04 
5.22803E-04 
2.16737E-04 
5.21295E-04 
2.15486E-04 
5.20585E-04 
1.28046E-03 
2.14407E-04 
5.20371E-04 
1.28154E-03 
3.23561E-03 
2.13738E-04 
5.20950E-04 
1.28507E-03 
3.23687E-03 
2.13844E-04 
5.22860E-04 
1.29178E-03 
3.24132E-03 
8.19551E-03 
2.14665E-04 
5.25987E-04 
1.30136E-03 
3.25112E-03 
8.20449E-03 
2.14494E-04 
5.27059E-04 
1.30609E-03 
3.25327E-03 
8.18952E-03 
2.07054E-02 
2.10017E-04 
5.18928E-04 
1.28951E-03 
3.21258E-03 
8.07066E-03 
2.03517E-02 
5.19112E-02 
5.01466E-04 
1.25202E-03 
3.12763E-03 
7.85495E-03 
1.97849E-02 
5.02538E-02 
1.22833E-03 
3.07711E-03 
7.72709E-03 
1.94427E-02 
4.91967E-02 
1.26552E-01 
3.06668E-03 
7.69597E-03 
1.93378E-02 
4.87557E-02 
1.24111E-01 
3.24664E-01 
---
