PdfType: replica
Format: lhagrid1
---
4.34963E-04 7.77181E-04 7.77181E-04 1.38865E-03 1.38865E-03 2.48120E-03 2.48120E-03 2.48120E-03 4.43334E-03 4.43334E-03 4.43334E-03 4.43334E-03 7.92137E-03 7.92137E-03 7.92137E-03 7.92137E-03 1.41537E-02 1.41537E-02 1.41537E-02 1.41537E-02 1.41537E-02 2.52895E-02 2.52895E-02 2.52895E-02 2.52895E-02 2.52895E-02 4.51866E-02 4.51866E-02 4.51866E-02 4.51866E-02 4.51866E-02 4.51866E-02 8.07383E-02 8.07383E-02 8.07383E-02 8.07383E-02 8.07383E-02 8.07383E-02 8.07383E-02 1.44261E-01 1.44261E-01 1.44261E-01 1.44261E-01 1.44261E-01 1.44261E-01 2.57762E-01 2.57762E-01 2.57762E-01 2.57762E-01 2.57762E-01 2.57762E-01 4.60562E-01 4.60562E-01 4.60562E-01 4.60562E-01 4.60562E-01 4.60562E-01 
1.58489E+00 1.58489E+00 2.51189E+00 1.58489E+00 2.51189E+00 1.58489E+00 2.51189E+00 3.98107E+00 1.58489E+00 2.51189E+00 3.98107E+00 6.30957E+00 1.58489E+00 2.51189E+00 3.98107E+00 6.30957E+00 1.58489E+00 2.51189E+00 3.98107E+00 6.30957E+00 9.99999E+00 1.58489E+00 2.51189E+00 3.98107E+00 6.30957E+00 9.99999E+00 1.58489E+00 2.51189E+00 3.98107E+00 6.30957E+00 9.99999E+00 1.58489E+01 1.58489E+00 2.51189E+00 3.98107E+00 6.30957E+00 9.99999E+00 1.58489E+01 2.51189E+01 2.51189E+00 3.98107E+00 6.30957E+00 9.99999E+00 1.58489E+01 2.51189E+01 3.98107E+00 6.30957E+00 9.99999E+00 1.58489E+01 2.51189E+01 3.98107E+01 6.30957E+00 9.99999E+00 1.58489E+01 2.51189E+01 3.98107E+01 6.30957E+01 
90000 
2.19128E-04 
2.17881E-04 
5.22515E-04 
2.16699E-04 
5.21228E-04 
2.15594E-04 
5.20833E-04 
1.28106E-03 
2.14742E-04 
5.21107E-04 
1.28324E-03 
3.23893E-03 
2.14449E-04 
5.22503E-04 
1.28861E-03 
3.24426E-03 
2.15179E-04 
5.25735E-04 
1.29821E-03 
3.25518E-03 
8.22774E-03 
2.16783E-04 
5.30331E-04 
1.31072E-03 
3.27128E-03 
8.24956E-03 
2.16518E-04 
5.30784E-04 
1.31338E-03 
3.26818E-03 
8.21977E-03 
2.07701E-02 
2.09686E-04 
5.17579E-04 
1.28543E-03 
3.20194E-03 
8.04144E-03 
2.02744E-02 
5.17099E-02 
4.96948E-04 
1.24194E-03 
3.10511E-03 
7.80264E-03 
1.96622E-02 
4.99596E-02 
1.22598E-03 
3.07205E-03 
7.71755E-03 
1.94247E-02 
4.91609E-02 
1.26462E-01 
3.07884E-03 
7.72773E-03 
1.94207E-02 
4.89701E-02 
1.24647E-01 
3.25881E-01 
---
