PdfType: replica
Format: lhagrid1
---
4.34963E-04 7.77181E-04 7.77181E-04 1.38865E-03 1.38865E-03 2.48120E-03 2.48120E-03 2.48120E-03 4.43334E-03 4.43334E-03 4.43334E-03 4.43334E-03 7.92137E-03 7.92137E-03 7.92137E-03 7.92137E-03 1.41537E-02 1.41537E-02 1.41537E-02 1.41537E-02 1.41537E-02 2.52895E-02 2.52895E-02 2.52895E-02 2.52895E-02 2.52895E-02 4.51866E-02 4.51866E-02 4.51866E-02 4.51866E-02 4.51866E-02 4.51866E-02 8.07383E-02 8.07383E-02 8.07383E-02 8.07383E-02 8.07383E-02 8.07383E-02 8.07383E-02 1.44261E-01 1.44261E-01 1.44261E-01 1.44261E-01 1.44261E-01 1.44261E-01 2.57762E-01 2.57762E-01 2.57762E-01 2.57762E-01 2.57762E-01 2.57762E-01 4.60562E-01 4.60562E-01 4.60562E-01 4.60562E-01 4.60562E-01 4.60562E-01 
1.58489E+00 1.58489E+00 2.51189E+00 1.58489E+00 2.51189E+00 1.58489E+00 2.51189E+00 3.98107E+00 1.58489E+00 2.51189E+00 3.98107E+00 6.30957E+00 1.58489E+00 2.51189E+00 3.98107E+00 6.30957E+00 1.58489E+00 2.51189E+00 3.98107E+00 6.30957E+00 9.99999E+00 1.58489E+00 2.51189E+00 3.98107E+00 6.30957E+00 9.99999E+00 1.58489E+00 2.51189E+00 3.98107E+00 6.30957E+00 9.99999E+00 1.58489E+01 1.58489E+00 2.51189E+00 3.98107E+00 6.30957E+00 9.99999E+00 1.58489E+01 2.51189E+01 2.51189E+00 3.98107E+00 6.30957E+00 9.99999E+00 1.58489E+01 2.51189E+01 3.98107E+00 6.30957E+00 9.99999E+00 1.58489E+01 2.51189E+01 3.98107E+01 6.30957E+00 9.99999E+00 1.58489E+01 2.51189E+01 3.98107E+01 6.30957E+01 
90000 
2.19251E-04 
2.17982E-04 
5.22576E-04 
2.16779E-04 
5.21256E-04 
2.15663E-04 
5.20851E-04 
1.28104E-03 
2.14817E-04 
5.21136E-04 
1.28320E-03 
3.23945E-03 
2.14529E-04 
5.22515E-04 
1.28849E-03 
3.24441E-03 
2.15198E-04 
5.25619E-04 
1.29784E-03 
3.25476E-03 
8.22780E-03 
2.16677E-04 
5.30177E-04 
1.31062E-03 
3.27203E-03 
8.25316E-03 
2.16838E-04 
5.32011E-04 
1.31699E-03 
3.27814E-03 
8.24627E-03 
2.08391E-02 
2.11789E-04 
5.22531E-04 
1.29714E-03 
3.22944E-03 
8.10807E-03 
2.04365E-02 
5.21083E-02 
5.02135E-04 
1.25313E-03 
3.12932E-03 
7.85776E-03 
1.97892E-02 
5.02584E-02 
1.22673E-03 
3.07332E-03 
7.71760E-03 
1.94192E-02 
4.91407E-02 
1.26439E-01 
3.06187E-03 
7.68391E-03 
1.93081E-02 
4.86849E-02 
1.23961E-01 
3.24483E-01 
---
