PdfType: replica
Format: lhagrid1
---
4.34963E-04 7.77181E-04 7.77181E-04 1.38865E-03 1.38865E-03 2.48120E-03 2.48120E-03 2.48120E-03 4.43334E-03 4.43334E-03 4.43334E-03 4.43334E-03 7.92137E-03 7.92137E-03 7.92137E-03 7.92137E-03 1.41537E-02 1.41537E-02 1.41537E-02 1.41537E-02 1.41537E-02 2.52895E-02 2.52895E-02 2.52895E-02 2.52895E-02 2.52895E-02 4.51866E-02 4.51866E-02 4.51866E-02 4.51866E-02 4.51866E-02 4.51866E-02 8.07383E-02 8.07383E-02 8.07383E-02 8.07383E-02 8.07383E-02 8.07383E-02 8.07383E-02 1.44261E-01 1.44261E-01 1.44261E-01 1.44261E-01 1.44261E-01 1.44261E-01 2.57762E-01 2.57762E-01 2.57762E-01 2.57762E-01 2.57762E-01 2.57762E-01 4.60562E-01 4.60562E-01 4.60562E-01 4.60562E-01 4.60562E-01 4.60562E-01 
1.58489E+00 1.58489E+00 2.51189E+00 1.58489E+00 2.51189E+00 1.58489E+00 2.51189E+00 3.98107E+00 1.58489E+00 2.51189E+00 3.98107E+00 6.30957E+00 1.58489E+00 2.51189E+00 3.98107E+00 6.30957E+00 1.58489E+00 2.51189E+00 3.98107E+00 6.30957E+00 9.99999E+00 1.58489E+00 2.51189E+00 3.98107E+00 6.30957E+00 9.99999E+00 1.58489E+00 2.51189E+00 3.98107E+00 6.30957E+00 9.99999E+00 1.58489E+01 1.58489E+00 2.51189E+00 3.98107E+00 6.30957E+00 9.99999E+00 1.58489E+01 2.51189E+01 2.51189E+00 3.98107E+00 6.30957E+00 9.99999E+00 1.58489E+01 2.51189E+01 3.98107E+00 6.30957E+00 9.99999E+00 1.58489E+01 2.51189E+01 3.98107E+01 6.30957E+00 9.99999E+00 1.58489E+01 2.51189E+01 3.98107E+01 6.30957E+01 
90000 
2.19428E-04 
2.18270E-04 
5.23229E-04 
2.17195E-04 
5.22091E-04 
2.16207E-04 
5.21875E-04 
1.28296E-03 
2.15462E-04 
5.22319E-04 
1.28545E-03 
3.24303E-03 
2.15220E-04 
5.23785E-04 
1.29094E-03 
3.24863E-03 
2.15864E-04 
5.26833E-04 
1.30015E-03 
3.25870E-03 
8.23350E-03 
2.17168E-04 
5.30882E-04 
1.31160E-03 
3.27259E-03 
8.25107E-03 
2.16558E-04 
5.30794E-04 
1.31333E-03 
3.26777E-03 
8.21816E-03 
2.07631E-02 
2.09739E-04 
5.17640E-04 
1.28544E-03 
3.20174E-03 
8.04001E-03 
2.02689E-02 
5.16930E-02 
4.96349E-04 
1.24004E-03 
3.09995E-03 
7.78847E-03 
1.96250E-02 
4.98667E-02 
1.22123E-03 
3.05986E-03 
7.68716E-03 
1.93493E-02 
4.89757E-02 
1.26021E-01 
3.06397E-03 
7.69119E-03 
1.93303E-02 
4.87478E-02 
1.24118E-01 
3.24753E-01 
---
