PdfType: replica
Format: lhagrid1
---
4.34963E-04 7.77181E-04 7.77181E-04 1.38865E-03 1.38865E-03 2.48120E-03 2.48120E-03 2.48120E-03 4.43334E-03 4.43334E-03 4.43334E-03 4.43334E-03 7.92137E-03 7.92137E-03 7.92137E-03 7.92137E-03 1.41537E-02 1.41537E-02 1.41537E-02 1.41537E-02 1.41537E-02 2.52895E-02 2.52895E-02 2.52895E-02 2.52895E-02 2.52895E-02 4.51866E-02 4.51866E-02 4.51866E-02 4.51866E-02 4.51866E-02 4.51866E-02 8.07383E-02 8.07383E-02 8.07383E-02 8.07383E-02 8.07383E-02 8.07383E-02 8.07383E-02 1.44261E-01 1.44261E-01 1.44261E-01 1.44261E-01 1.44261E-01 1.44261E-01 2.57762E-01 2.57762E-01 2.57762E-01 2.57762E-01 2.57762E-01 2.57762E-01 4.60562E-01 4.60562E-01 4.60562E-01 4.60562E-01 4.60562E-01 4.60562E-01 
1.58489E+00 1.58489E+00 2.51189E+00 1.58489E+00 2.51189E+00 1.58489E+00 2.51189E+00 3.98107E+00 1.58489E+00 2.51189E+00 3.98107E+00 6.30957E+00 1.58489E+00 2.51189E+00 3.98107E+00 6.30957E+00 1.58489E+00 2.51189E+00 3.98107E+00 6.30957E+00 9.99999E+00 1.58489E+00 2.51189E+00 3.98107E+00 6.30957E+00 9.99999E+00 1.58489E+00 2.51189E+00 3.98107E+00 6.30957E+00 9.99999E+00 1.58489E+01 1.58489E+00 2.51189E+00 3.98107E+00 6.30957E+00 9.99999E+00 1.58489E+01 2.51189E+01 2.51189E+00 3.98107E+00 6.30957E+00 9.99999E+00 1.58489E+01 2.51189E+01 3.98107E+00 6.30957E+00 9.99999E+00 1.58489E+01 2.51189E+01 3.98107E+01 6.30957E+00 9.99999E+00 1.58489E+01 2.51189E+01 3.98107E+01 6.30957E+01 
90000 
2.19425E-04 
2.18142E-04 
5.23158E-04 
2.16883E-04 
5.21714E-04 
2.15654E-04 
5.21060E-04 
1.28158E-03 
2.14625E-04 
5.20944E-04 
1.28291E-03 
3.23833E-03 
2.14088E-04 
5.21786E-04 
1.28706E-03 
3.24093E-03 
2.14494E-04 
5.24325E-04 
1.29519E-03 
3.24868E-03 
8.21330E-03 
2.15778E-04 
5.28425E-04 
1.30689E-03 
3.26346E-03 
8.23283E-03 
2.15716E-04 
5.29643E-04 
1.31168E-03 
3.26571E-03 
8.21635E-03 
2.07660E-02 
2.10226E-04 
5.19187E-04 
1.28972E-03 
3.21243E-03 
8.06841E-03 
2.03424E-02 
5.18771E-02 
5.00147E-04 
1.24948E-03 
3.12245E-03 
7.84444E-03 
1.97632E-02 
5.02058E-02 
1.23178E-03 
3.08686E-03 
7.75243E-03 
1.95082E-02 
4.93655E-02 
1.26987E-01 
3.08733E-03 
7.74781E-03 
1.94690E-02 
4.90888E-02 
1.24954E-01 
3.26779E-01 
---
