PdfType: replica
Format: lhagrid1
---
4.34963E-04 7.77181E-04 7.77181E-04 1.38865E-03 1.38865E-03 2.48120E-03 2.48120E-03 2.48120E-03 4.43334E-03 4.43334E-03 4.43334E-03 4.43334E-03 7.92137E-03 7.92137E-03 7.92137E-03 7.92137E-03 1.41537E-02 1.41537E-02 1.41537E-02 1.41537E-02 1.41537E-02 2.52895E-02 2.52895E-02 2.52895E-02 2.52895E-02 2.52895E-02 4.51866E-02 4.51866E-02 4.51866E-02 4.51866E-02 4.51866E-02 4.51866E-02 8.07383E-02 8.07383E-02 8.07383E-02 8.07383E-02 8.07383E-02 8.07383E-02 8.07383E-02 1.44261E-01 1.44261E-01 1.44261E-01 1.44261E-01 1.44261E-01 1.44261E-01 2.57762E-01 2.57762E-01 2.57762E-01 2.57762E-01 2.57762E-01 2.57762E-01 4.60562E-01 4.60562E-01 4.60562E-01 4.60562E-01 4.60562E-01 4.60562E-01 
1.58489E+00 1.58489E+00 2.51189E+00 1.58489E+00 2.51189E+00 1.58489E+00 2.51189E+00 3.98107E+00 1.58489E+00 2.51189E+00 3.98107E+00 6.30957E+00 1.58489E+00 2.51189E+00 3.98107E+00 6.30957E+00 1.58489E+00 2.51189E+00 3.98107E+00 6.30957E+00 9.99999E+00 1.58489E+00 2.51189E+00 3.98107E+00 6.30957E+00 9.99999E+00 1.58489E+00 2.51189E+00 3.98107E+00 6.30957E+00 9.99999E+00 1.58489E+01 1.58489E+00 2.51189E+00 3.98107E+00 6.30957E+00 9.99999E+00 1.58489E+01 2.51189E+01 2.51189E+00 3.98107E+00 6.30957E+00 9.99999E+00 1.58489E+01 2.51189E+01 3.98107E+00 6.30957E+00 9.99999E+00 1.58489E+01 2.51189E+01 3.98107E+01 6.30957E+00 9.99999E+00 1.58489E+01 2.51189E+01 3.98107E+01 6.30957E+01 
90000 
2.19385E-04 
2.18114E-04 
5.23033E-04 
2.16885E-04 
5.21615E-04 
2.15694E-04 
5.21026E-04 
1.28131E-03 
2.14691E-04 
5.20971E-04 
1.28276E-03 
3.23747E-03 
2.14125E-04 
5.21768E-04 
1.28680E-03 
3.24001E-03 
2.14371E-04 
5.23967E-04 
1.29414E-03 
3.24605E-03 
8.20434E-03 
2.15306E-04 
5.27266E-04 
1.30397E-03 
3.25646E-03 
8.21467E-03 
2.14863E-04 
5.27566E-04 
1.30662E-03 
3.25361E-03 
8.18723E-03 
2.06931E-02 
2.09241E-04 
5.16795E-04 
1.28385E-03 
3.19827E-03 
8.03401E-03 
2.02586E-02 
5.16750E-02 
4.97179E-04 
1.24188E-03 
3.10333E-03 
7.79683E-03 
1.96451E-02 
4.99157E-02 
1.22109E-03 
3.05993E-03 
7.68650E-03 
1.93457E-02 
4.89631E-02 
1.25988E-01 
3.06037E-03 
7.68186E-03 
1.93059E-02 
4.86834E-02 
1.23945E-01 
3.24261E-01 
---
