PdfType: replica
Format: lhagrid1
---
4.34963E-04 7.77181E-04 7.77181E-04 1.38865E-03 1.38865E-03 2.48120E-03 2.48120E-03 2.48120E-03 4.43334E-03 4.43334E-03 4.43334E-03 4.43334E-03 7.92137E-03 7.92137E-03 7.92137E-03 7.92137E-03 1.41537E-02 1.41537E-02 1.41537E-02 1.41537E-02 1.41537E-02 2.52895E-02 2.52895E-02 2.52895E-02 2.52895E-02 2.52895E-02 4.51866E-02 4.51866E-02 4.51866E-02 4.51866E-02 4.51866E-02 4.51866E-02 8.07383E-02 8.07383E-02 8.07383E-02 8.07383E-02 8.07383E-02 8.07383E-02 8.07383E-02 1.44261E-01 1.44261E-01 1.44261E-01 1.44261E-01 1.44261E-01 1.44261E-01 2.57762E-01 2.57762E-01 2.57762E-01 2.57762E-01 2.57762E-01 2.57762E-01 4.60562E-01 4.60562E-01 4.60562E-01 4.60562E-01 4.60562E-01 4.60562E-01 
1.58489E+00 1.58489E+00 2.51189E+00 1.58489E+00 2.51189E+00 1.58489E+00 2.51189E+00 3.98107E+00 1.58489E+00 2.51189E+00 3.98107E+00 6.30957E+00 1.58489E+00 2.51189E+00 3.98107E+00 6.30957E+00 1.58489E+00 2.51189E+00 3.98107E+00 6.30957E+00 9.99999E+00 1.58489E+00 2.51189E+00 3.98107E+00 6.30957E+00 9.99999E+00 1.58489E+00 2.51189E+00 3.98107E+00 6.30957E+00 9.99999E+00 1.58489E+01 1.58489E+00 2.51189E+00 3.98107E+00 6.30957E+00 9.99999E+00 1.58489E+01 2.51189E+01 2.51189E+00 3.98107E+00 6.30957E+00 9.99999E+00 1.58489E+01 2.51189E+01 3.98107E+00 6.30957E+00 9.99999E+00 1.58489E+01 2.51189E+01 3.98107E+01 6.30957E+00 9.99999E+00 1.58489E+01 2.51189E+01 3.98107E+01 6.30957E+01 
90000 
2.19720E-04 
2.18491E-04 
5.23587E-04 
2.17292E-04 
5.22225E-04 
2.16130E-04 
5.21725E-04 
1.28249E-03 
2.15200E-04 
5.21873E-04 
1.28446E-03 
3.24129E-03 
2.14870E-04 
5.23205E-04 
1.28977E-03 
3.24667E-03 
2.15713E-04 
5.26628E-04 
1.29986E-03 
3.25868E-03 
8.23361E-03 
2.17633E-04 
5.31914E-04 
1.31407E-03 
3.27886E-03 
8.26668E-03 
2.17792E-04 
5.33548E-04 
1.31966E-03 
3.28292E-03 
8.25445E-03 
2.08494E-02 
2.11393E-04 
5.21261E-04 
1.29365E-03 
3.22040E-03 
8.08506E-03 
2.03771E-02 
5.19449E-02 
4.99906E-04 
1.24845E-03 
3.11905E-03 
7.83554E-03 
1.97397E-02 
5.01402E-02 
1.22930E-03 
3.08006E-03 
7.73469E-03 
1.94620E-02 
4.92436E-02 
1.26652E-01 
3.07358E-03 
7.71271E-03 
1.93790E-02 
4.88575E-02 
1.24355E-01 
3.25185E-01 
---
