PdfType: replica
Format: lhagrid1
---
4.34963E-04 7.77181E-04 7.77181E-04 1.38865E-03 1.38865E-03 2.48120E-03 2.48120E-03 2.48120E-03 4.43334E-03 4.43334E-03 4.43334E-03 4.43334E-03 7.92137E-03 7.92137E-03 7.92137E-03 7.92137E-03 1.41537E-02 1.41537E-02 1.41537E-02 1.41537E-02 1.41537E-02 2.52895E-02 2.52895E-02 2.52895E-02 2.52895E-02 2.52895E-02 4.51866E-02 4.51866E-02 4.51866E-02 4.51866E-02 4.51866E-02 4.51866E-02 8.07383E-02 8.07383E-02 8.07383E-02 8.07383E-02 8.07383E-02 8.07383E-02 8.07383E-02 1.44261E-01 1.44261E-01 1.44261E-01 1.44261E-01 1.44261E-01 1.44261E-01 2.57762E-01 2.57762E-01 2.57762E-01 2.57762E-01 2.57762E-01 2.57762E-01 4.60562E-01 4.60562E-01 4.60562E-01 4.60562E-01 4.60562E-01 4.60562E-01 
1.58489E+00 1.58489E+00 2.51189E+00 1.58489E+00 2.51189E+00 1.58489E+00 2.51189E+00 3.98107E+00 1.58489E+00 2.51189E+00 3.98107E+00 6.30957E+00 1.58489E+00 2.51189E+00 3.98107E+00 6.30957E+00 1.58489E+00 2.51189E+00 3.98107E+00 6.30957E+00 9.99999E+00 1.58489E+00 2.51189E+00 3.98107E+00 6.30957E+00 9.99999E+00 1.58489E+00 2.51189E+00 3.98107E+00 6.30957E+00 9.99999E+00 1.58489E+01 1.58489E+00 2.51189E+00 3.98107E+00 6.30957E+00 9.99999E+00 1.58489E+01 2.51189E+01 2.51189E+00 3.98107E+00 6.30957E+00 9.99999E+00 1.58489E+01 2.51189E+01 3.98107E+00 6.30957E+00 9.99999E+00 1.58489E+01 2.51189E+01 3.98107E+01 6.30957E+00 9.99999E+00 1.58489E+01 2.51189E+01 3.98107E+01 6.30957E+01 
90000 
2.19307E-04 
2.18009E-04 
5.22765E-04 
2.16713E-04 
5.21219E-04 
2.15402E-04 
5.20379E-04 
1.27985E-03 
2.14215E-04 
5.19938E-04 
1.28050E-03 
3.23250E-03 
2.13426E-04 
5.20282E-04 
1.28363E-03 
3.23304E-03 
2.13518E-04 
5.22257E-04 
1.29068E-03 
3.23860E-03 
8.18847E-03 
2.14637E-04 
5.26179E-04 
1.30217E-03 
3.25329E-03 
8.20917E-03 
2.14940E-04 
5.28175E-04 
1.30856E-03 
3.25915E-03 
8.20129E-03 
2.07289E-02 
2.10005E-04 
5.18568E-04 
1.28802E-03 
3.20802E-03 
8.05768E-03 
2.03162E-02 
5.18140E-02 
4.99332E-04 
1.24719E-03 
3.11600E-03 
7.82823E-03 
1.97225E-02 
5.01057E-02 
1.22752E-03 
3.07519E-03 
7.72132E-03 
1.94268E-02 
4.91571E-02 
1.26480E-01 
3.05672E-03 
7.66809E-03 
1.92636E-02 
4.85638E-02 
1.23628E-01 
3.23521E-01 
---
