PdfType: replica
Format: lhagrid1
---
4.34963E-04 7.77181E-04 7.77181E-04 1.38865E-03 1.38865E-03 2.48120E-03 2.48120E-03 2.48120E-03 4.43334E-03 4.43334E-03 4.43334E-03 4.43334E-03 7.92137E-03 7.92137E-03 7.92137E-03 7.92137E-03 1.41537E-02 1.41537E-02 1.41537E-02 1.41537E-02 1.41537E-02 2.52895E-02 2.52895E-02 2.52895E-02 2.52895E-02 2.52895E-02 4.51866E-02 4.51866E-02 4.51866E-02 4.51866E-02 4.51866E-02 4.51866E-02 8.07383E-02 8.07383E-02 8.07383E-02 8.07383E-02 8.07383E-02 8.07383E-02 8.07383E-02 1.44261E-01 1.44261E-01 1.44261E-01 1.44261E-01 1.44261E-01 1.44261E-01 2.57762E-01 2.57762E-01 2.57762E-01 2.57762E-01 2.57762E-01 2.57762E-01 4.60562E-01 4.60562E-01 4.60562E-01 4.60562E-01 4.60562E-01 4.60562E-01 
1.58489E+00 1.58489E+00 2.51189E+00 1.58489E+00 2.51189E+00 1.58489E+00 2.51189E+00 3.98107E+00 1.58489E+00 2.51189E+00 3.98107E+00 6.30957E+00 1.58489E+00 2.51189E+00 3.98107E+00 6.30957E+00 1.58489E+00 2.51189E+00 3.98107E+00 6.30957E+00 9.99999E+00 1.58489E+00 2.51189E+00 3.98107E+00 6.30957E+00 9.99999E+00 1.58489E+00 2.51189E+00 3.98107E+00 6.30957E+00 9.99999E+00 1.58489E+01 1.58489E+00 2.51189E+00 3.98107E+00 6.30957E+00 9.99999E+00 1.58489E+01 2.51189E+01 2.51189E+00 3.98107E+00 6.30957E+00 9.99999E+00 1.58489E+01 2.51189E+01 3.98107E+00 6.30957E+00 9.99999E+00 1.58489E+01 2.51189E+01 3.98107E+01 6.30957E+00 9.99999E+00 1.58489E+01 2.51189E+01 3.98107E+01 6.30957E+01 
90000 
2.19382E-04 
2.18080E-04 
5.22938E-04 
2.16791E-04 
5.21417E-04 
2.15502E-04 
5.20638E-04 
1.28052E-03 
2.14357E-04 
5.20298E-04 
1.28139E-03 
3.23452E-03 
2.13614E-04 
5.20745E-04 
1.28471E-03 
3.23550E-03 
2.13696E-04 
5.22650E-04 
1.29147E-03 
3.24033E-03 
8.19299E-03 
2.14601E-04 
5.25954E-04 
1.30138E-03 
3.25103E-03 
8.20370E-03 
2.14370E-04 
5.26720E-04 
1.30505E-03 
3.25053E-03 
8.18106E-03 
2.06830E-02 
2.09072E-04 
5.16564E-04 
1.28352E-03 
3.19798E-03 
8.03367E-03 
2.02594E-02 
5.16861E-02 
4.97378E-04 
1.24238E-03 
3.10473E-03 
7.80033E-03 
1.96542E-02 
4.99408E-02 
1.22217E-03 
3.06228E-03 
7.69211E-03 
1.93597E-02 
4.89999E-02 
1.26095E-01 
3.06235E-03 
7.68651E-03 
1.93174E-02 
4.87130E-02 
1.24027E-01 
3.24530E-01 
---
