PdfType: replica
Format: lhagrid1
---
4.34963E-04 7.77181E-04 7.77181E-04 1.38865E-03 1.38865E-03 2.48120E-03 2.48120E-03 2.48120E-03 4.43334E-03 4.43334E-03 4.43334E-03 4.43334E-03 7.92137E-03 7.92137E-03 7.92137E-03 7.92137E-03 1.41537E-02 1.41537E-02 1.41537E-02 1.41537E-02 1.41537E-02 2.52895E-02 2.52895E-02 2.52895E-02 2.52895E-02 2.52895E-02 4.51866E-02 4.51866E-02 4.51866E-02 4.51866E-02 4.51866E-02 4.51866E-02 8.07383E-02 8.07383E-02 8.07383E-02 8.07383E-02 8.07383E-02 8.07383E-02 8.07383E-02 1.44261E-01 1.44261E-01 1.44261E-01 1.44261E-01 1.44261E-01 1.44261E-01 2.57762E-01 2.57762E-01 2.57762E-01 2.57762E-01 2.57762E-01 2.57762E-01 4.60562E-01 4.60562E-01 4.60562E-01 4.60562E-01 4.60562E-01 4.60562E-01 
1.58489E+00 1.58489E+00 2.51189E+00 1.58489E+00 2.51189E+00 1.58489E+00 2.51189E+00 3.98107E+00 1.58489E+00 2.51189E+00 3.98107E+00 6.30957E+00 1.58489E+00 2.51189E+00 3.98107E+00 6.30957E+00 1.58489E+00 2.51189E+00 3.98107E+00 6.30957E+00 9.99999E+00 1.58489E+00 2.51189E+00 3.98107E+00 6.30957E+00 9.99999E+00 1.58489E+00 2.51189E+00 3.98107E+00 6.30957E+00 9.99999E+00 1.58489E+01 1.58489E+00 2.51189E+00 3.98107E+00 6.30957E+00 9.99999E+00 1.58489E+01 2.51189E+01 2.51189E+00 3.98107E+00 6.30957E+00 9.99999E+00 1.58489E+01 2.51189E+01 3.98107E+00 6.30957E+00 9.99999E+00 1.58489E+01 2.51189E+01 3.98107E+01 6.30957E+00 9.99999E+00 1.58489E+01 2.51189E+01 3.98107E+01 6.30957E+01 
90000 
2.20133E-04 
2.19123E-04 
5.24946E-04 
2.18222E-04 
5.24226E-04 
2.17475E-04 
5.24607E-04 
1.28857E-03 
2.17123E-04 
5.25976E-04 
1.29326E-03 
3.25951E-03 
2.17565E-04 
5.28925E-04 
1.30214E-03 
3.27309E-03 
2.19313E-04 
5.34203E-04 
1.31629E-03 
3.29467E-03 
8.31377E-03 
2.21920E-04 
5.40834E-04 
1.33343E-03 
3.32197E-03 
8.36373E-03 
2.21849E-04 
5.42000E-04 
1.33820E-03 
3.32473E-03 
8.35027E-03 
2.10739E-02 
2.14408E-04 
5.27819E-04 
1.30863E-03 
3.25510E-03 
8.16726E-03 
2.05751E-02 
5.24354E-02 
5.05403E-04 
1.26126E-03 
3.14947E-03 
7.90762E-03 
1.99132E-02 
5.05693E-02 
1.23593E-03 
3.09555E-03 
7.77061E-03 
1.95472E-02 
4.94494E-02 
1.27163E-01 
3.08193E-03 
7.73459E-03 
1.94366E-02 
4.90075E-02 
1.24736E-01 
3.26078E-01 
---
