PdfType: replica
Format: lhagrid1
---
4.34963E-04 7.77181E-04 7.77181E-04 1.38865E-03 1.38865E-03 2.48120E-03 2.48120E-03 2.48120E-03 4.43334E-03 4.43334E-03 4.43334E-03 4.43334E-03 7.92137E-03 7.92137E-03 7.92137E-03 7.92137E-03 1.41537E-02 1.41537E-02 1.41537E-02 1.41537E-02 1.41537E-02 2.52895E-02 2.52895E-02 2.52895E-02 2.52895E-02 2.52895E-02 4.51866E-02 4.51866E-02 4.51866E-02 4.51866E-02 4.51866E-02 4.51866E-02 8.07383E-02 8.07383E-02 8.07383E-02 8.07383E-02 8.07383E-02 8.07383E-02 8.07383E-02 1.44261E-01 1.44261E-01 1.44261E-01 1.44261E-01 1.44261E-01 1.44261E-01 2.57762E-01 2.57762E-01 2.57762E-01 2.57762E-01 2.57762E-01 2.57762E-01 4.60562E-01 4.60562E-01 4.60562E-01 4.60562E-01 4.60562E-01 4.60562E-01 
1.58489E+00 1.58489E+00 2.51189E+00 1.58489E+00 2.51189E+00 1.58489E+00 2.51189E+00 3.98107E+00 1.58489E+00 2.51189E+00 3.98107E+00 6.30957E+00 1.58489E+00 2.51189E+00 3.98107E+00 6.30957E+00 1.58489E+00 2.51189E+00 3.98107E+00 6.30957E+00 9.99999E+00 1.58489E+00 2.51189E+00 3.98107E+00 6.30957E+00 9.99999E+00 1.58489E+00 2.51189E+00 3.98107E+00 6.30957E+00 9.99999E+00 1.58489E+01 1.58489E+00 2.51189E+00 3.98107E+00 6.30957E+00 9.99999E+00 1.58489E+01 2.51189E+01 2.51189E+00 3.98107E+00 6.30957E+00 9.99999E+00 1.58489E+01 2.51189E+01 3.98107E+00 6.30957E+00 9.99999E+00 1.58489E+01 2.51189E+01 3.98107E+01 6.30957E+00 9.99999E+00 1.58489E+01 2.51189E+01 3.98107E+01 6.30957E+01 
90000 
2.19393E-04 
2.18188E-04 
5.23283E-04 
2.17071E-04 
5.22082E-04 
2.16058E-04 
5.21858E-04 
1.28328E-03 
2.15324E-04 
5.22381E-04 
1.28597E-03 
3.24516E-03 
2.15150E-04 
5.24038E-04 
1.29190E-03 
3.25178E-03 
2.15931E-04 
5.27388E-04 
1.30179E-03 
3.26349E-03 
8.24542E-03 
2.17513E-04 
5.32005E-04 
1.31455E-03 
3.28045E-03 
8.27064E-03 
2.17653E-04 
5.33515E-04 
1.32008E-03 
3.28433E-03 
8.25976E-03 
2.08657E-02 
2.12276E-04 
5.23543E-04 
1.29954E-03 
3.23513E-03 
8.12151E-03 
2.04667E-02 
5.21638E-02 
5.03523E-04 
1.25650E-03 
3.13803E-03 
7.87770E-03 
1.98342E-02 
5.03520E-02 
1.22859E-03 
3.07608E-03 
7.72180E-03 
1.94232E-02 
4.91285E-02 
1.26296E-01 
3.04531E-03 
7.63833E-03 
1.91869E-02 
4.83658E-02 
1.23114E-01 
3.22146E-01 
---
