PdfType: replica
Format: lhagrid1
---
4.34963E-04 7.77181E-04 7.77181E-04 1.38865E-03 1.38865E-03 2.48120E-03 2.48120E-03 2.48120E-03 4.43334E-03 4.43334E-03 4.43334E-03 4.43334E-03 7.92137E-03 7.92137E-03 7.92137E-03 7.92137E-03 1.41537E-02 1.41537E-02 1.41537E-02 1.41537E-02 1.41537E-02 2.52895E-02 2.52895E-02 2.52895E-02 2.52895E-02 2.52895E-02 4.51866E-02 4.51866E-02 4.51866E-02 4.51866E-02 4.51866E-02 4.51866E-02 8.07383E-02 8.07383E-02 8.07383E-02 8.07383E-02 8.07383E-02 8.07383E-02 8.07383E-02 1.44261E-01 1.44261E-01 1.44261E-01 1.44261E-01 1.44261E-01 1.44261E-01 2.57762E-01 2.57762E-01 2.57762E-01 2.57762E-01 2.57762E-01 2.57762E-01 4.60562E-01 4.60562E-01 4.60562E-01 4.60562E-01 4.60562E-01 4.60562E-01 
1.58489E+00 1.58489E+00 2.51189E+00 1.58489E+00 2.51189E+00 1.58489E+00 2.51189E+00 3.98107E+00 1.58489E+00 2.51189E+00 3.98107E+00 6.30957E+00 1.58489E+00 2.51189E+00 3.98107E+00 6.30957E+00 1.58489E+00 2.51189E+00 3.98107E+00 6.30957E+00 9.99999E+00 1.58489E+00 2.51189E+00 3.98107E+00 6.30957E+00 9.99999E+00 1.58489E+00 2.51189E+00 3.98107E+00 6.30957E+00 9.99999E+00 1.58489E+01 1.58489E+00 2.51189E+00 3.98107E+00 6.30957E+00 9.99999E+00 1.58489E+01 2.51189E+01 2.51189E+00 3.98107E+00 6.30957E+00 9.99999E+00 1.58489E+01 2.51189E+01 3.98107E+00 6.30957E+00 9.99999E+00 1.58489E+01 2.51189E+01 3.98107E+01 6.30957E+00 9.99999E+00 1.58489E+01 2.51189E+01 3.98107E+01 6.30957E+01 
90000 
2.21051E-04 
2.19739E-04 
5.25236E-04 
2.18467E-04 
5.23876E-04 
2.17264E-04 
5.23482E-04 
1.28581E-03 
2.16347E-04 
5.23832E-04 
1.28831E-03 
3.24946E-03 
2.16052E-04 
5.25364E-04 
1.29411E-03 
3.25565E-03 
2.16780E-04 
5.28609E-04 
1.30381E-03 
3.26668E-03 
8.25090E-03 
2.18117E-04 
5.32701E-04 
1.31541E-03 
3.28103E-03 
8.26991E-03 
2.17271E-04 
5.32379E-04 
1.31706E-03 
3.27678E-03 
8.23984E-03 
2.08129E-02 
2.10674E-04 
5.20125E-04 
1.29181E-03 
3.21749E-03 
8.07966E-03 
2.03662E-02 
5.19165E-02 
5.01131E-04 
1.25145E-03 
3.12667E-03 
7.85298E-03 
1.97798E-02 
5.02322E-02 
1.22920E-03 
3.07790E-03 
7.72671E-03 
1.94365E-02 
4.91676E-02 
1.26432E-01 
3.04748E-03 
7.64396E-03 
1.92011E-02 
4.84029E-02 
1.23219E-01 
3.22508E-01 
---
