PdfType: replica
Format: lhagrid1
---
4.34963E-04 7.77181E-04 7.77181E-04 1.38865E-03 1.38865E-03 2.48120E-03 2.48120E-03 2.48120E-03 4.43334E-03 4.43334E-03 4.43334E-03 4.43334E-03 7.92137E-03 7.92137E-03 7.92137E-03 7.92137E-03 1.41537E-02 1.41537E-02 1.41537E-02 1.41537E-02 1.41537E-02 2.52895E-02 2.52895E-02 2.52895E-02 2.52895E-02 2.52895E-02 4.51866E-02 4.51866E-02 4.51866E-02 4.51866E-02 4.51866E-02 4.51866E-02 8.07383E-02 8.07383E-02 8.07383E-02 8.07383E-02 8.07383E-02 8.07383E-02 8.07383E-02 1.44261E-01 1.44261E-01 1.44261E-01 1.44261E-01 1.44261E-01 1.44261E-01 2.57762E-01 2.57762E-01 2.57762E-01 2.57762E-01 2.57762E-01 2.57762E-01 4.60562E-01 4.60562E-01 4.60562E-01 4.60562E-01 4.60562E-01 4.60562E-01 
1.58489E+00 1.58489E+00 2.51189E+00 1.58489E+00 2.51189E+00 1.58489E+00 2.51189E+00 3.98107E+00 1.58489E+00 2.51189E+00 3.98107E+00 6.30957E+00 1.58489E+00 2.51189E+00 3.98107E+00 6.30957E+00 1.58489E+00 2.51189E+00 3.98107E+00 6.30957E+00 9.99999E+00 1.58489E+00 2.51189E+00 3.98107E+00 6.30957E+00 9.99999E+00 1.58489E+00 2.51189E+00 3.98107E+00 6.30957E+00 9.99999E+00 1.58489E+01 1.58489E+00 2.51189E+00 3.98107E+00 6.30957E+00 9.99999E+00 1.58489E+01 2.51189E+01 2.51189E+00 3.98107E+00 6.30957E+00 9.99999E+00 1.58489E+01 2.51189E+01 3.98107E+00 6.30957E+00 9.99999E+00 1.58489E+01 2.51189E+01 3.98107E+01 6.30957E+00 9.99999E+00 1.58489E+01 2.51189E+01 3.98107E+01 6.30957E+01 
90000 
2.19430E-04 
2.18241E-04 
5.23128E-04 
2.17127E-04 
5.21928E-04 
2.16089E-04 
5.21642E-04 
1.28255E-03 
2.15274E-04 
5.21995E-04 
1.28487E-03 
3.24243E-03 
2.14924E-04 
5.23312E-04 
1.29009E-03 
3.24760E-03 
2.15415E-04 
5.26151E-04 
1.29896E-03 
3.25723E-03 
8.23157E-03 
2.16710E-04 
5.30346E-04 
1.31100E-03 
3.27280E-03 
8.25428E-03 
2.16985E-04 
5.32271E-04 
1.31760E-03 
3.27908E-03 
8.24943E-03 
2.08480E-02 
2.12316E-04 
5.23699E-04 
1.30005E-03 
3.23626E-03 
8.12545E-03 
2.04814E-02 
5.22315E-02 
5.03773E-04 
1.25715E-03 
3.13959E-03 
7.88174E-03 
1.98467E-02 
5.04038E-02 
1.22871E-03 
3.07835E-03 
7.73022E-03 
1.94508E-02 
4.92191E-02 
1.26625E-01 
3.06959E-03 
7.70339E-03 
1.93575E-02 
4.88085E-02 
1.24258E-01 
3.25101E-01 
---
