PdfType: replica
Format: lhagrid1
---
4.34963E-04 7.77181E-04 7.77181E-04 1.38865E-03 1.38865E-03 2.48120E-03 2.48120E-03 2.48120E-03 4.43334E-03 4.43334E-03 4.43334E-03 4.43334E-03 7.92137E-03 7.92137E-03 7.92137E-03 7.92137E-03 1.41537E-02 1.41537E-02 1.41537E-02 1.41537E-02 1.41537E-02 2.52895E-02 2.52895E-02 2.52895E-02 2.52895E-02 2.52895E-02 4.51866E-02 4.51866E-02 4.51866E-02 4.51866E-02 4.51866E-02 4.51866E-02 8.07383E-02 8.07383E-02 8.07383E-02 8.07383E-02 8.07383E-02 8.07383E-02 8.07383E-02 1.44261E-01 1.44261E-01 1.44261E-01 1.44261E-01 1.44261E-01 1.44261E-01 2.57762E-01 2.57762E-01 2.57762E-01 2.57762E-01 2.57762E-01 2.57762E-01 4.60562E-01 4.60562E-01 4.60562E-01 4.60562E-01 4.60562E-01 4.60562E-01 
1.58489E+00 1.58489E+00 2.51189E+00 1.58489E+00 2.51189E+00 1.58489E+00 2.51189E+00 3.98107E+00 1.58489E+00 2.51189E+00 3.98107E+00 6.30957E+00 1.58489E+00 2.51189E+00 3.98107E+00 6.30957E+00 1.58489E+00 2.51189E+00 3.98107E+00 6.30957E+00 9.99999E+00 1.58489E+00 2.51189E+00 3.98107E+00 6.30957E+00 9.99999E+00 1.58489E+00 2.51189E+00 3.98107E+00 6.30957E+00 9.99999E+00 1.58489E+01 1.58489E+00 2.51189E+00 3.98107E+00 6.30957E+00 9.99999E+00 1.58489E+01 2.51189E+01 2.51189E+00 3.98107E+00 6.30957E+00 9.99999E+00 1.58489E+01 2.51189E+01 3.98107E+00 6.30957E+00 9.99999E+00 1.58489E+01 2.51189E+01 3.98107E+01 6.30957E+00 9.99999E+00 1.58489E+01 2.51189E+01 3.98107E+01 6.30957E+01 
90000 
2.19357E-04 
2.17979E-04 
5.22888E-04 
2.16567E-04 
5.21162E-04 
2.15120E-04 
5.20102E-04 
1.27950E-03 
2.13817E-04 
5.19455E-04 
1.27976E-03 
3.23121E-03 
2.13018E-04 
5.19748E-04 
1.28276E-03 
3.23160E-03 
2.13335E-04 
5.22015E-04 
1.29025E-03 
3.23787E-03 
8.18753E-03 
2.14849E-04 
5.26383E-04 
1.30227E-03 
3.25290E-03 
8.20808E-03 
2.14870E-04 
5.27533E-04 
1.30647E-03 
3.25319E-03 
8.18591E-03 
2.06903E-02 
2.08659E-04 
5.15580E-04 
1.28126E-03 
3.19237E-03 
8.02120E-03 
2.02296E-02 
5.16008E-02 
4.97428E-04 
1.24370E-03 
3.10938E-03 
7.81552E-03 
1.96979E-02 
5.00550E-02 
1.23142E-03 
3.08630E-03 
7.75103E-03 
1.95045E-02 
4.93563E-02 
1.26971E-01 
3.08322E-03 
7.73615E-03 
1.94370E-02 
4.90042E-02 
1.24741E-01 
3.26306E-01 
---
