PdfType: replica
Format: lhagrid1
---
4.34963E-04 7.77181E-04 7.77181E-04 1.38865E-03 1.38865E-03 2.48120E-03 2.48120E-03 2.48120E-03 4.43334E-03 4.43334E-03 4.43334E-03 4.43334E-03 7.92137E-03 7.92137E-03 7.92137E-03 7.92137E-03 1.41537E-02 1.41537E-02 1.41537E-02 1.41537E-02 1.41537E-02 2.52895E-02 2.52895E-02 2.52895E-02 2.52895E-02 2.52895E-02 4.51866E-02 4.51866E-02 4.51866E-02 4.51866E-02 4.51866E-02 4.51866E-02 8.07383E-02 8.07383E-02 8.07383E-02 8.07383E-02 8.07383E-02 8.07383E-02 8.07383E-02 1.44261E-01 1.44261E-01 1.44261E-01 1.44261E-01 1.44261E-01 1.44261E-01 2.57762E-01 2.57762E-01 2.57762E-01 2.57762E-01 2.57762E-01 2.57762E-01 4.60562E-01 4.60562E-01 4.60562E-01 4.60562E-01 4.60562E-01 4.60562E-01 
1.58489E+00 1.58489E+00 2.51189E+00 1.58489E+00 2.51189E+00 1.58489E+00 2.51189E+00 3.98107E+00 1.58489E+00 2.51189E+00 3.98107E+00 6.30957E+00 1.58489E+00 2.51189E+00 3.98107E+00 6.30957E+00 1.58489E+00 2.51189E+00 3.98107E+00 6.30957E+00 9.99999E+00 1.58489E+00 2.51189E+00 3.98107E+00 6.30957E+00 9.99999E+00 1.58489E+00 2.51189E+00 3.98107E+00 6.30957E+00 9.99999E+00 1.58489E+01 1.58489E+00 2.51189E+00 3.98107E+00 6.30957E+00 9.99999E+00 1.58489E+01 2.51189E+01 2.51189E+00 3.98107E+00 6.30957E+00 9.99999E+00 1.58489E+01 2.51189E+01 3.98107E+00 6.30957E+00 9.99999E+00 1.58489E+01 2.51189E+01 3.98107E+01 6.30957E+00 9.99999E+00 1.58489E+01 2.51189E+01 3.98107E+01 6.30957E+01 
90000 
2.19408E-04 
2.18158E-04 
5.23054E-04 
2.16931E-04 
5.21606E-04 
2.15708E-04 
5.20914E-04 
1.28089E-03 
2.14616E-04 
5.20655E-04 
1.28191E-03 
3.23523E-03 
2.13893E-04 
5.21149E-04 
1.28537E-03 
3.23653E-03 
2.13933E-04 
5.23049E-04 
1.29226E-03 
3.24183E-03 
8.19480E-03 
2.14757E-04 
5.26391E-04 
1.30252E-03 
3.25386E-03 
8.20958E-03 
2.14670E-04 
5.27639E-04 
1.30746E-03 
3.25666E-03 
8.19583E-03 
2.07158E-02 
2.09914E-04 
5.18531E-04 
1.28825E-03 
3.20908E-03 
8.06134E-03 
2.03272E-02 
5.18436E-02 
5.00239E-04 
1.24944E-03 
3.12177E-03 
7.84248E-03 
1.97578E-02 
5.01921E-02 
1.23027E-03 
3.08259E-03 
7.74106E-03 
1.94783E-02 
4.92873E-02 
1.26783E-01 
3.07590E-03 
7.71857E-03 
1.93939E-02 
4.88952E-02 
1.24453E-01 
3.25463E-01 
---
