PdfType: replica
Format: lhagrid1
---
4.34963E-04 7.77181E-04 7.77181E-04 1.38865E-03 1.38865E-03 2.48120E-03 2.48120E-03 2.48120E-03 4.43334E-03 4.43334E-03 4.43334E-03 4.43334E-03 7.92137E-03 7.92137E-03 7.92137E-03 7.92137E-03 1.41537E-02 1.41537E-02 1.41537E-02 1.41537E-02 1.41537E-02 2.52895E-02 2.52895E-02 2.52895E-02 2.52895E-02 2.52895E-02 4.51866E-02 4.51866E-02 4.51866E-02 4.51866E-02 4.51866E-02 4.51866E-02 8.07383E-02 8.07383E-02 8.07383E-02 8.07383E-02 8.07383E-02 8.07383E-02 8.07383E-02 1.44261E-01 1.44261E-01 1.44261E-01 1.44261E-01 1.44261E-01 1.44261E-01 2.57762E-01 2.57762E-01 2.57762E-01 2.57762E-01 2.57762E-01 2.57762E-01 4.60562E-01 4.60562E-01 4.60562E-01 4.60562E-01 4.60562E-01 4.60562E-01 
1.58489E+00 1.58489E+00 2.51189E+00 1.58489E+00 2.51189E+00 1.58489E+00 2.51189E+00 3.98107E+00 1.58489E+00 2.51189E+00 3.98107E+00 6.30957E+00 1.58489E+00 2.51189E+00 3.98107E+00 6.30957E+00 1.58489E+00 2.51189E+00 3.98107E+00 6.30957E+00 9.99999E+00 1.58489E+00 2.51189E+00 3.98107E+00 6.30957E+00 9.99999E+00 1.58489E+00 2.51189E+00 3.98107E+00 6.30957E+00 9.99999E+00 1.58489E+01 1.58489E+00 2.51189E+00 3.98107E+00 6.30957E+00 9.99999E+00 1.58489E+01 2.51189E+01 2.51189E+00 3.98107E+00 6.30957E+00 9.99999E+00 1.58489E+01 2.51189E+01 3.98107E+00 6.30957E+00 9.99999E+00 1.58489E+01 2.51189E+01 3.98107E+01 6.30957E+00 9.99999E+00 1.58489E+01 2.51189E+01 3.98107E+01 6.30957E+01 
90000 
2.19462E-04 
2.18205E-04 
5.23209E-04 
2.16978E-04 
5.21817E-04 
2.15782E-04 
5.21232E-04 
1.28167E-03 
2.14789E-04 
5.21232E-04 
1.28337E-03 
3.23804E-03 
2.14332E-04 
5.22325E-04 
1.28820E-03 
3.24283E-03 
2.14953E-04 
5.25382E-04 
1.29750E-03 
3.25362E-03 
8.22240E-03 
2.16633E-04 
5.30111E-04 
1.31024E-03 
3.27033E-03 
8.24657E-03 
2.16536E-04 
5.30669E-04 
1.31275E-03 
3.26615E-03 
8.21381E-03 
2.07543E-02 
2.09356E-04 
5.16407E-04 
1.28201E-03 
3.19249E-03 
8.01734E-03 
2.02145E-02 
5.15704E-02 
4.94082E-04 
1.23478E-03 
3.08704E-03 
7.75818E-03 
1.95535E-02 
4.96996E-02 
1.21832E-03 
3.05341E-03 
7.67153E-03 
1.93116E-02 
4.88866E-02 
1.25826E-01 
3.06464E-03 
7.69390E-03 
1.93394E-02 
4.87754E-02 
1.24192E-01 
3.24896E-01 
---
