PdfType: replica
Format: lhagrid1
---
4.34963E-04 7.77181E-04 7.77181E-04 1.38865E-03 1.38865E-03 2.48120E-03 2.48120E-03 2.48120E-03 4.43334E-03 4.43334E-03 4.43334E-03 4.43334E-03 7.92137E-03 7.92137E-03 7.92137E-03 7.92137E-03 1.41537E-02 1.41537E-02 1.41537E-02 1.41537E-02 1.41537E-02 2.52895E-02 2.52895E-02 2.52895E-02 2.52895E-02 2.52895E-02 4.51866E-02 4.51866E-02 4.51866E-02 4.51866E-02 4.51866E-02 4.51866E-02 8.07383E-02 8.07383E-02 8.07383E-02 8.07383E-02 8.07383E-02 8.07383E-02 8.07383E-02 1.44261E-01 1.44261E-01 1.44261E-01 1.44261E-01 1.44261E-01 1.44261E-01 2.57762E-01 2.57762E-01 2.57762E-01 2.57762E-01 2.57762E-01 2.57762E-01 4.60562E-01 4.60562E-01 4.60562E-01 4.60562E-01 4.60562E-01 4.60562E-01 
1.58489E+00 1.58489E+00 2.51189E+00 1.58489E+00 2.51189E+00 1.58489E+00 2.51189E+00 3.98107E+00 1.58489E+00 2.51189E+00 3.98107E+00 6.30957E+00 1.58489E+00 2.51189E+00 3.98107E+00 6.30957E+00 1.58489E+00 2.51189E+00 3.98107E+00 6.30957E+00 9.99999E+00 1.58489E+00 2.51189E+00 3.98107E+00 6.30957E+00 9.99999E+00 1.58489E+00 2.51189E+00 3.98107E+00 6.30957E+00 9.99999E+00 1.58489E+01 1.58489E+00 2.51189E+00 3.98107E+00 6.30957E+00 9.99999E+00 1.58489E+01 2.51189E+01 2.51189E+00 3.98107E+00 6.30957E+00 9.99999E+00 1.58489E+01 2.51189E+01 3.98107E+00 6.30957E+00 9.99999E+00 1.58489E+01 2.51189E+01 3.98107E+01 6.30957E+00 9.99999E+00 1.58489E+01 2.51189E+01 3.98107E+01 6.30957E+01 
90000 
2.19660E-04 
2.18424E-04 
5.23668E-04 
2.17213E-04 
5.22317E-04 
2.16024E-04 
5.21765E-04 
1.28292E-03 
2.15016E-04 
5.21738E-04 
1.28449E-03 
3.24141E-03 
2.14476E-04 
5.22631E-04 
1.28882E-03 
3.24467E-03 
2.14872E-04 
5.25180E-04 
1.29703E-03 
3.25277E-03 
8.22141E-03 
2.16243E-04 
5.29403E-04 
1.30902E-03 
3.26816E-03 
8.24372E-03 
2.16533E-04 
5.31282E-04 
1.31533E-03 
3.27392E-03 
8.23649E-03 
2.08164E-02 
2.11417E-04 
5.21699E-04 
1.29531E-03 
3.22541E-03 
8.09834E-03 
2.04137E-02 
5.20602E-02 
5.01239E-04 
1.25122E-03 
3.12563E-03 
7.84907E-03 
1.97690E-02 
5.02113E-02 
1.22678E-03 
3.07369E-03 
7.71990E-03 
1.94272E-02 
4.91609E-02 
1.26448E-01 
3.07291E-03 
7.71352E-03 
1.93854E-02 
4.88808E-02 
1.24419E-01 
3.25222E-01 
---
