PdfType: replica
Format: lhagrid1
---
4.34963E-04 7.77181E-04 7.77181E-04 1.38865E-03 1.38865E-03 2.48120E-03 2.48120E-03 2.48120E-03 4.43334E-03 4.43334E-03 4.43334E-03 4.43334E-03 7.92137E-03 7.92137E-03 7.92137E-03 7.92137E-03 1.41537E-02 1.41537E-02 1.41537E-02 1.41537E-02 1.41537E-02 2.52895E-02 2.52895E-02 2.52895E-02 2.52895E-02 2.52895E-02 4.51866E-02 4.51866E-02 4.51866E-02 4.51866E-02 4.51866E-02 4.51866E-02 8.07383E-02 8.07383E-02 8.07383E-02 8.07383E-02 8.07383E-02 8.07383E-02 8.07383E-02 1.44261E-01 1.44261E-01 1.44261E-01 1.44261E-01 1.44261E-01 1.44261E-01 2.57762E-01 2.57762E-01 2.57762E-01 2.57762E-01 2.57762E-01 2.57762E-01 4.60562E-01 4.60562E-01 4.60562E-01 4.60562E-01 4.60562E-01 4.60562E-01 
1.58489E+00 1.58489E+00 2.51189E+00 1.58489E+00 2.51189E+00 1.58489E+00 2.51189E+00 3.98107E+00 1.58489E+00 2.51189E+00 3.98107E+00 6.30957E+00 1.58489E+00 2.51189E+00 3.98107E+00 6.30957E+00 1.58489E+00 2.51189E+00 3.98107E+00 6.30957E+00 9.99999E+00 1.58489E+00 2.51189E+00 3.98107E+00 6.30957E+00 9.99999E+00 1.58489E+00 2.51189E+00 3.98107E+00 6.30957E+00 9.99999E+00 1.58489E+01 1.58489E+00 2.51189E+00 3.98107E+00 6.30957E+00 9.99999E+00 1.58489E+01 2.51189E+01 2.51189E+00 3.98107E+00 6.30957E+00 9.99999E+00 1.58489E+01 2.51189E+01 3.98107E+00 6.30957E+00 9.99999E+00 1.58489E+01 2.51189E+01 3.98107E+01 6.30957E+00 9.99999E+00 1.58489E+01 2.51189E+01 3.98107E+01 6.30957E+01 
90000 
2.19144E-04 
2.17794E-04 
5.22450E-04 
2.16466E-04 
5.20858E-04 
2.15161E-04 
5.20038E-04 
1.27951E-03 
2.14030E-04 
5.19699E-04 
1.28031E-03 
3.23311E-03 
2.13313E-04 
5.20156E-04 
1.28356E-03 
3.23363E-03 
2.13377E-04 
5.21988E-04 
1.29012E-03 
3.23780E-03 
8.18915E-03 
2.14209E-04 
5.25232E-04 
1.30007E-03 
3.24876E-03 
8.20064E-03 
2.14287E-04 
5.26973E-04 
1.30648E-03 
3.25521E-03 
8.19592E-03 
2.07253E-02 
2.10468E-04 
5.20328E-04 
1.29340E-03 
3.22292E-03 
8.09732E-03 
2.04198E-02 
5.20826E-02 
5.04588E-04 
1.25993E-03 
3.14753E-03 
7.90459E-03 
1.99082E-02 
5.05566E-02 
1.23822E-03 
3.10169E-03 
7.78774E-03 
1.95925E-02 
4.95663E-02 
1.27455E-01 
3.08898E-03 
7.74971E-03 
1.94692E-02 
4.90792E-02 
1.24910E-01 
3.26648E-01 
---
