PdfType: replica
Format: lhagrid1
---
4.34963E-04 7.77181E-04 7.77181E-04 1.38865E-03 1.38865E-03 2.48120E-03 2.48120E-03 2.48120E-03 4.43334E-03 4.43334E-03 4.43334E-03 4.43334E-03 7.92137E-03 7.92137E-03 7.92137E-03 7.92137E-03 1.41537E-02 1.41537E-02 1.41537E-02 1.41537E-02 1.41537E-02 2.52895E-02 2.52895E-02 2.52895E-02 2.52895E-02 2.52895E-02 4.51866E-02 4.51866E-02 4.51866E-02 4.51866E-02 4.51866E-02 4.51866E-02 8.07383E-02 8.07383E-02 8.07383E-02 8.07383E-02 8.07383E-02 8.07383E-02 8.07383E-02 1.44261E-01 1.44261E-01 1.44261E-01 1.44261E-01 1.44261E-01 1.44261E-01 2.57762E-01 2.57762E-01 2.57762E-01 2.57762E-01 2.57762E-01 2.57762E-01 4.60562E-01 4.60562E-01 4.60562E-01 4.60562E-01 4.60562E-01 4.60562E-01 
1.58489E+00 1.58489E+00 2.51189E+00 1.58489E+00 2.51189E+00 1.58489E+00 2.51189E+00 3.98107E+00 1.58489E+00 2.51189E+00 3.98107E+00 6.30957E+00 1.58489E+00 2.51189E+00 3.98107E+00 6.30957E+00 1.58489E+00 2.51189E+00 3.98107E+00 6.30957E+00 9.99999E+00 1.58489E+00 2.51189E+00 3.98107E+00 6.30957E+00 9.99999E+00 1.58489E+00 2.51189E+00 3.98107E+00 6.30957E+00 9.99999E+00 1.58489E+01 1.58489E+00 2.51189E+00 3.98107E+00 6.30957E+00 9.99999E+00 1.58489E+01 2.51189E+01 2.51189E+00 3.98107E+00 6.30957E+00 9.99999E+00 1.58489E+01 2.51189E+01 3.98107E+00 6.30957E+00 9.99999E+00 1.58489E+01 2.51189E+01 3.98107E+01 6.30957E+00 9.99999E+00 1.58489E+01 2.51189E+01 3.98107E+01 6.30957E+01 
90000 
2.19513E-04 
2.18373E-04 
5.23560E-04 
2.17302E-04 
5.22422E-04 
2.16287E-04 
5.22147E-04 
1.28360E-03 
2.15462E-04 
5.22430E-04 
1.28573E-03 
3.24383E-03 
2.15058E-04 
5.23572E-04 
1.29050E-03 
3.24807E-03 
2.15443E-04 
5.26082E-04 
1.29850E-03 
3.25567E-03 
8.22573E-03 
2.16461E-04 
5.29465E-04 
1.30835E-03 
3.26578E-03 
8.23472E-03 
2.15731E-04 
5.28902E-04 
1.30880E-03 
3.25714E-03 
8.19329E-03 
2.07024E-02 
2.08972E-04 
5.15785E-04 
1.28098E-03 
3.19059E-03 
8.01435E-03 
2.02078E-02 
5.15392E-02 
4.95076E-04 
1.23711E-03 
3.09255E-03 
7.77075E-03 
1.95814E-02 
4.97573E-02 
1.21791E-03 
3.05136E-03 
7.66471E-03 
1.92906E-02 
4.88251E-02 
1.25651E-01 
3.04357E-03 
7.63657E-03 
1.91880E-02 
4.83833E-02 
1.23205E-01 
3.22602E-01 
---
