PdfType: replica
Format: lhagrid1
---
4.34963E-04 7.77181E-04 7.77181E-04 1.38865E-03 1.38865E-03 2.48120E-03 2.48120E-03 2.48120E-03 4.43334E-03 4.43334E-03 4.43334E-03 4.43334E-03 7.92137E-03 7.92137E-03 7.92137E-03 7.92137E-03 1.41537E-02 1.41537E-02 1.41537E-02 1.41537E-02 1.41537E-02 2.52895E-02 2.52895E-02 2.52895E-02 2.52895E-02 2.52895E-02 4.51866E-02 4.51866E-02 4.51866E-02 4.51866E-02 4.51866E-02 4.51866E-02 8.07383E-02 8.07383E-02 8.07383E-02 8.07383E-02 8.07383E-02 8.07383E-02 8.07383E-02 1.44261E-01 1.44261E-01 1.44261E-01 1.44261E-01 1.44261E-01 1.44261E-01 2.57762E-01 2.57762E-01 2.57762E-01 2.57762E-01 2.57762E-01 2.57762E-01 4.60562E-01 4.60562E-01 4.60562E-01 4.60562E-01 4.60562E-01 4.60562E-01 
1.58489E+00 1.58489E+00 2.51189E+00 1.58489E+00 2.51189E+00 1.58489E+00 2.51189E+00 3.98107E+00 1.58489E+00 2.51189E+00 3.98107E+00 6.30957E+00 1.58489E+00 2.51189E+00 3.98107E+00 6.30957E+00 1.58489E+00 2.51189E+00 3.98107E+00 6.30957E+00 9.99999E+00 1.58489E+00 2.51189E+00 3.98107E+00 6.30957E+00 9.99999E+00 1.58489E+00 2.51189E+00 3.98107E+00 6.30957E+00 9.99999E+00 1.58489E+01 1.58489E+00 2.51189E+00 3.98107E+00 6.30957E+00 9.99999E+00 1.58489E+01 2.51189E+01 2.51189E+00 3.98107E+00 6.30957E+00 9.99999E+00 1.58489E+01 2.51189E+01 3.98107E+00 6.30957E+00 9.99999E+00 1.58489E+01 2.51189E+01 3.98107E+01 6.30957E+00 9.99999E+00 1.58489E+01 2.51189E+01 3.98107E+01 6.30957E+01 
90000 
2.19578E-04 
2.18406E-04 
5.23753E-04 
2.17298E-04 
5.22551E-04 
2.16247E-04 
5.22217E-04 
1.28388E-03 
2.15394E-04 
5.22460E-04 
1.28597E-03 
3.24431E-03 
2.14982E-04 
5.23604E-04 
1.29081E-03 
3.24877E-03 
2.15398E-04 
5.26226E-04 
1.29916E-03 
3.25741E-03 
8.23045E-03 
2.16593E-04 
5.30102E-04 
1.31034E-03 
3.27105E-03 
8.24856E-03 
2.16527E-04 
5.31122E-04 
1.31461E-03 
3.27181E-03 
8.23007E-03 
2.07960E-02 
2.11021E-04 
5.20620E-04 
1.29253E-03 
3.21832E-03 
8.08110E-03 
2.03708E-02 
5.19482E-02 
5.00064E-04 
1.24835E-03 
3.11855E-03 
7.83152E-03 
1.97255E-02 
5.01058E-02 
1.22289E-03 
3.06300E-03 
7.69170E-03 
1.93539E-02 
4.89748E-02 
1.26007E-01 
3.04396E-03 
7.63737E-03 
1.91887E-02 
4.83802E-02 
1.23185E-01 
3.22508E-01 
---
