PdfType: replica
Format: lhagrid1
---
4.34963E-04 7.77181E-04 7.77181E-04 1.38865E-03 1.38865E-03 2.48120E-03 2.48120E-03 2.48120E-03 4.43334E-03 4.43334E-03 4.43334E-03 4.43334E-03 7.92137E-03 7.92137E-03 7.92137E-03 7.92137E-03 1.41537E-02 1.41537E-02 1.41537E-02 1.41537E-02 1.41537E-02 2.52895E-02 2.52895E-02 2.52895E-02 2.52895E-02 2.52895E-02 4.51866E-02 4.51866E-02 4.51866E-02 4.51866E-02 4.51866E-02 4.51866E-02 8.07383E-02 8.07383E-02 8.07383E-02 8.07383E-02 8.07383E-02 8.07383E-02 8.07383E-02 1.44261E-01 1.44261E-01 1.44261E-01 1.44261E-01 1.44261E-01 1.44261E-01 2.57762E-01 2.57762E-01 2.57762E-01 2.57762E-01 2.57762E-01 2.57762E-01 4.60562E-01 4.60562E-01 4.60562E-01 4.60562E-01 4.60562E-01 4.60562E-01 
1.58489E+00 1.58489E+00 2.51189E+00 1.58489E+00 2.51189E+00 1.58489E+00 2.51189E+00 3.98107E+00 1.58489E+00 2.51189E+00 3.98107E+00 6.30957E+00 1.58489E+00 2.51189E+00 3.98107E+00 6.30957E+00 1.58489E+00 2.51189E+00 3.98107E+00 6.30957E+00 9.99999E+00 1.58489E+00 2.51189E+00 3.98107E+00 6.30957E+00 9.99999E+00 1.58489E+00 2.51189E+00 3.98107E+00 6.30957E+00 9.99999E+00 1.58489E+01 1.58489E+00 2.51189E+00 3.98107E+00 6.30957E+00 9.99999E+00 1.58489E+01 2.51189E+01 2.51189E+00 3.98107E+00 6.30957E+00 9.99999E+00 1.58489E+01 2.51189E+01 3.98107E+00 6.30957E+00 9.99999E+00 1.58489E+01 2.51189E+01 3.98107E+01 6.30957E+00 9.99999E+00 1.58489E+01 2.51189E+01 3.98107E+01 6.30957E+01 
90000 
2.19667E-04 
2.18453E-04 
5.23781E-04 
2.17298E-04 
5.22569E-04 
2.16237E-04 
5.22305E-04 
1.28425E-03 
2.15494E-04 
5.22840E-04 
1.28703E-03 
3.24778E-03 
2.15462E-04 
5.24760E-04 
1.29355E-03 
3.25560E-03 
2.16715E-04 
5.28972E-04 
1.30526E-03 
3.27108E-03 
8.26440E-03 
2.19089E-04 
5.35051E-04 
1.32104E-03 
3.29445E-03 
8.30337E-03 
2.19381E-04 
5.36777E-04 
1.32670E-03 
3.29825E-03 
8.28982E-03 
2.09353E-02 
2.12409E-04 
5.23373E-04 
1.29846E-03 
3.23113E-03 
8.11011E-03 
2.04370E-02 
5.20940E-02 
5.01175E-04 
1.25186E-03 
3.12819E-03 
7.85775E-03 
1.97945E-02 
5.02778E-02 
1.23420E-03 
3.09338E-03 
7.76858E-03 
1.95481E-02 
4.94611E-02 
1.27194E-01 
3.09748E-03 
7.77474E-03 
1.95379E-02 
4.92603E-02 
1.25356E-01 
3.27548E-01 
---
