PdfType: replica
Format: lhagrid1
---
4.34963E-04 7.77181E-04 7.77181E-04 1.38865E-03 1.38865E-03 2.48120E-03 2.48120E-03 2.48120E-03 4.43334E-03 4.43334E-03 4.43334E-03 4.43334E-03 7.92137E-03 7.92137E-03 7.92137E-03 7.92137E-03 1.41537E-02 1.41537E-02 1.41537E-02 1.41537E-02 1.41537E-02 2.52895E-02 2.52895E-02 2.52895E-02 2.52895E-02 2.52895E-02 4.51866E-02 4.51866E-02 4.51866E-02 4.51866E-02 4.51866E-02 4.51866E-02 8.07383E-02 8.07383E-02 8.07383E-02 8.07383E-02 8.07383E-02 8.07383E-02 8.07383E-02 1.44261E-01 1.44261E-01 1.44261E-01 1.44261E-01 1.44261E-01 1.44261E-01 2.57762E-01 2.57762E-01 2.57762E-01 2.57762E-01 2.57762E-01 2.57762E-01 4.60562E-01 4.60562E-01 4.60562E-01 4.60562E-01 4.60562E-01 4.60562E-01 
1.58489E+00 1.58489E+00 2.51189E+00 1.58489E+00 2.51189E+00 1.58489E+00 2.51189E+00 3.98107E+00 1.58489E+00 2.51189E+00 3.98107E+00 6.30957E+00 1.58489E+00 2.51189E+00 3.98107E+00 6.30957E+00 1.58489E+00 2.51189E+00 3.98107E+00 6.30957E+00 9.99999E+00 1.58489E+00 2.51189E+00 3.98107E+00 6.30957E+00 9.99999E+00 1.58489E+00 2.51189E+00 3.98107E+00 6.30957E+00 9.99999E+00 1.58489E+01 1.58489E+00 2.51189E+00 3.98107E+00 6.30957E+00 9.99999E+00 1.58489E+01 2.51189E+01 2.51189E+00 3.98107E+00 6.30957E+00 9.99999E+00 1.58489E+01 2.51189E+01 3.98107E+00 6.30957E+00 9.99999E+00 1.58489E+01 2.51189E+01 3.98107E+01 6.30957E+00 9.99999E+00 1.58489E+01 2.51189E+01 3.98107E+01 6.30957E+01 
90000 
2.19341E-04 
2.18223E-04 
5.23241E-04 
2.17227E-04 
5.22296E-04 
2.16385E-04 
5.22433E-04 
1.28429E-03 
2.15904E-04 
5.23483E-04 
1.28815E-03 
3.24913E-03 
2.16117E-04 
5.25931E-04 
1.29584E-03 
3.25970E-03 
2.17453E-04 
5.30412E-04 
1.30826E-03 
3.27715E-03 
8.27487E-03 
2.19612E-04 
5.36287E-04 
1.32395E-03 
3.30121E-03 
8.31743E-03 
2.19889E-04 
5.38368E-04 
1.33104E-03 
3.30970E-03 
8.31786E-03 
2.09995E-02 
2.14080E-04 
5.27619E-04 
1.30889E-03 
3.25708E-03 
8.17262E-03 
2.05870E-02 
5.24476E-02 
5.06198E-04 
1.26281E-03 
3.15284E-03 
7.91388E-03 
1.99231E-02 
5.05720E-02 
1.23407E-03 
3.09025E-03 
7.75710E-03 
1.95111E-02 
4.93483E-02 
1.26853E-01 
3.06053E-03 
7.67719E-03 
1.92847E-02 
4.86105E-02 
1.23722E-01 
3.23641E-01 
---
