PdfType: replica
Format: lhagrid1
---
4.34963E-04 7.77181E-04 7.77181E-04 1.38865E-03 1.38865E-03 2.48120E-03 2.48120E-03 2.48120E-03 4.43334E-03 4.43334E-03 4.43334E-03 4.43334E-03 7.92137E-03 7.92137E-03 7.92137E-03 7.92137E-03 1.41537E-02 1.41537E-02 1.41537E-02 1.41537E-02 1.41537E-02 2.52895E-02 2.52895E-02 2.52895E-02 2.52895E-02 2.52895E-02 4.51866E-02 4.51866E-02 4.51866E-02 4.51866E-02 4.51866E-02 4.51866E-02 8.07383E-02 8.07383E-02 8.07383E-02 8.07383E-02 8.07383E-02 8.07383E-02 8.07383E-02 1.44261E-01 1.44261E-01 1.44261E-01 1.44261E-01 1.44261E-01 1.44261E-01 2.57762E-01 2.57762E-01 2.57762E-01 2.57762E-01 2.57762E-01 2.57762E-01 4.60562E-01 4.60562E-01 4.60562E-01 4.60562E-01 4.60562E-01 4.60562E-01 
1.58489E+00 1.58489E+00 2.51189E+00 1.58489E+00 2.51189E+00 1.58489E+00 2.51189E+00 3.98107E+00 1.58489E+00 2.51189E+00 3.98107E+00 6.30957E+00 1.58489E+00 2.51189E+00 3.98107E+00 6.30957E+00 1.58489E+00 2.51189E+00 3.98107E+00 6.30957E+00 9.99999E+00 1.58489E+00 2.51189E+00 3.98107E+00 6.30957E+00 9.99999E+00 1.58489E+00 2.51189E+00 3.98107E+00 6.30957E+00 9.99999E+00 1.58489E+01 1.58489E+00 2.51189E+00 3.98107E+00 6.30957E+00 9.99999E+00 1.58489E+01 2.51189E+01 2.51189E+00 3.98107E+00 6.30957E+00 9.99999E+00 1.58489E+01 2.51189E+01 3.98107E+00 6.30957E+00 9.99999E+00 1.58489E+01 2.51189E+01 3.98107E+01 6.30957E+00 9.99999E+00 1.58489E+01 2.51189E+01 3.98107E+01 6.30957E+01 
90000 
2.22000E-04 
2.20706E-04 
5.26620E-04 
2.19430E-04 
5.25288E-04 
2.18171E-04 
5.24846E-04 
1.28832E-03 
2.17090E-04 
5.24955E-04 
1.29034E-03 
3.25338E-03 
2.16425E-04 
5.25878E-04 
1.29497E-03 
3.25703E-03 
2.16489E-04 
5.28025E-04 
1.30259E-03 
3.26398E-03 
8.24487E-03 
2.17102E-04 
5.31005E-04 
1.31224E-03 
3.27481E-03 
8.25684E-03 
2.16507E-04 
5.31399E-04 
1.31585E-03 
3.27544E-03 
8.23987E-03 
2.08208E-02 
2.11586E-04 
5.22481E-04 
1.29781E-03 
3.23236E-03 
8.11668E-03 
2.04599E-02 
5.21667E-02 
5.04315E-04 
1.25859E-03 
3.14355E-03 
7.89169E-03 
1.98707E-02 
5.04551E-02 
1.23111E-03 
3.08277E-03 
7.73922E-03 
1.94688E-02 
4.92518E-02 
1.26658E-01 
3.05780E-03 
7.67049E-03 
1.92692E-02 
4.85767E-02 
1.23664E-01 
3.23662E-01 
---
