PdfType: replica
Format: lhagrid1
---
4.34963E-04 7.77181E-04 7.77181E-04 1.38865E-03 1.38865E-03 2.48120E-03 2.48120E-03 2.48120E-03 4.43334E-03 4.43334E-03 4.43334E-03 4.43334E-03 7.92137E-03 7.92137E-03 7.92137E-03 7.92137E-03 1.41537E-02 1.41537E-02 1.41537E-02 1.41537E-02 1.41537E-02 2.52895E-02 2.52895E-02 2.52895E-02 2.52895E-02 2.52895E-02 4.51866E-02 4.51866E-02 4.51866E-02 4.51866E-02 4.51866E-02 4.51866E-02 8.07383E-02 8.07383E-02 8.07383E-02 8.07383E-02 8.07383E-02 8.07383E-02 8.07383E-02 1.44261E-01 1.44261E-01 1.44261E-01 1.44261E-01 1.44261E-01 1.44261E-01 2.57762E-01 2.57762E-01 2.57762E-01 2.57762E-01 2.57762E-01 2.57762E-01 4.60562E-01 4.60562E-01 4.60562E-01 4.60562E-01 4.60562E-01 4.60562E-01 
1.58489E+00 1.58489E+00 2.51189E+00 1.58489E+00 2.51189E+00 1.58489E+00 2.51189E+00 3.98107E+00 1.58489E+00 2.51189E+00 3.98107E+00 6.30957E+00 1.58489E+00 2.51189E+00 3.98107E+00 6.30957E+00 1.58489E+00 2.51189E+00 3.98107E+00 6.30957E+00 9.99999E+00 1.58489E+00 2.51189E+00 3.98107E+00 6.30957E+00 9.99999E+00 1.58489E+00 2.51189E+00 3.98107E+00 6.30957E+00 9.99999E+00 1.58489E+01 1.58489E+00 2.51189E+00 3.98107E+00 6.30957E+00 9.99999E+00 1.58489E+01 2.51189E+01 2.51189E+00 3.98107E+00 6.30957E+00 9.99999E+00 1.58489E+01 2.51189E+01 3.98107E+00 6.30957E+00 9.99999E+00 1.58489E+01 2.51189E+01 3.98107E+01 6.30957E+00 9.99999E+00 1.58489E+01 2.51189E+01 3.98107E+01 6.30957E+01 
90000 
2.19380E-04 
2.18143E-04 
5.23167E-04 
2.16965E-04 
5.21864E-04 
2.15857E-04 
5.21446E-04 
1.28239E-03 
2.14988E-04 
5.21676E-04 
1.28447E-03 
3.24161E-03 
2.14643E-04 
5.22967E-04 
1.28963E-03 
3.24660E-03 
2.15254E-04 
5.25995E-04 
1.29886E-03 
3.25706E-03 
8.23147E-03 
2.16741E-04 
5.30509E-04 
1.31144E-03 
3.27388E-03 
8.25604E-03 
2.16875E-04 
5.32004E-04 
1.31674E-03 
3.27703E-03 
8.24237E-03 
2.08256E-02 
2.11372E-04 
5.21473E-04 
1.29458E-03 
3.22311E-03 
8.09284E-03 
2.03989E-02 
5.20096E-02 
5.01201E-04 
1.25134E-03 
3.12581E-03 
7.85023E-03 
1.97725E-02 
5.02194E-02 
1.22795E-03 
3.07599E-03 
7.72334E-03 
1.94314E-02 
4.91649E-02 
1.26472E-01 
3.05728E-03 
7.67043E-03 
1.92707E-02 
4.85832E-02 
1.23680E-01 
3.23662E-01 
---
