PdfType: replica
Format: lhagrid1
---
4.34963E-04 7.77181E-04 7.77181E-04 1.38865E-03 1.38865E-03 2.48120E-03 2.48120E-03 2.48120E-03 4.43334E-03 4.43334E-03 4.43334E-03 4.43334E-03 7.92137E-03 7.92137E-03 7.92137E-03 7.92137E-03 1.41537E-02 1.41537E-02 1.41537E-02 1.41537E-02 1.41537E-02 2.52895E-02 2.52895E-02 2.52895E-02 2.52895E-02 2.52895E-02 4.51866E-02 4.51866E-02 4.51866E-02 4.51866E-02 4.51866E-02 4.51866E-02 8.07383E-02 8.07383E-02 8.07383E-02 8.07383E-02 8.07383E-02 8.07383E-02 8.07383E-02 1.44261E-01 1.44261E-01 1.44261E-01 1.44261E-01 1.44261E-01 1.44261E-01 2.57762E-01 2.57762E-01 2.57762E-01 2.57762E-01 2.57762E-01 2.57762E-01 4.60562E-01 4.60562E-01 4.60562E-01 4.60562E-01 4.60562E-01 4.60562E-01 
1.58489E+00 1.58489E+00 2.51189E+00 1.58489E+00 2.51189E+00 1.58489E+00 2.51189E+00 3.98107E+00 1.58489E+00 2.51189E+00 3.98107E+00 6.30957E+00 1.58489E+00 2.51189E+00 3.98107E+00 6.30957E+00 1.58489E+00 2.51189E+00 3.98107E+00 6.30957E+00 9.99999E+00 1.58489E+00 2.51189E+00 3.98107E+00 6.30957E+00 9.99999E+00 1.58489E+00 2.51189E+00 3.98107E+00 6.30957E+00 9.99999E+00 1.58489E+01 1.58489E+00 2.51189E+00 3.98107E+00 6.30957E+00 9.99999E+00 1.58489E+01 2.51189E+01 2.51189E+00 3.98107E+00 6.30957E+00 9.99999E+00 1.58489E+01 2.51189E+01 3.98107E+00 6.30957E+00 9.99999E+00 1.58489E+01 2.51189E+01 3.98107E+01 6.30957E+00 9.99999E+00 1.58489E+01 2.51189E+01 3.98107E+01 6.30957E+01 
90000 
2.19452E-04 
2.18329E-04 
5.23491E-04 
2.17305E-04 
5.22445E-04 
2.16383E-04 
5.22360E-04 
1.28406E-03 
2.15712E-04 
5.22948E-04 
1.28683E-03 
3.24606E-03 
2.15516E-04 
5.24483E-04 
1.29243E-03 
3.25194E-03 
2.16084E-04 
5.27340E-04 
1.30122E-03 
3.26132E-03 
8.23803E-03 
2.17144E-04 
5.30974E-04 
1.31199E-03 
3.27431E-03 
8.25519E-03 
2.16674E-04 
5.31551E-04 
1.31586E-03 
3.27539E-03 
8.23897E-03 
2.08152E-02 
2.11439E-04 
5.22036E-04 
1.29646E-03 
3.22905E-03 
8.10795E-03 
2.04363E-02 
5.20966E-02 
5.02847E-04 
1.25494E-03 
3.13434E-03 
7.86975E-03 
1.98175E-02 
5.03217E-02 
1.22669E-03 
3.07227E-03 
7.71543E-03 
1.94133E-02 
4.91181E-02 
1.26318E-01 
3.05518E-03 
7.66730E-03 
1.92657E-02 
4.85732E-02 
1.23650E-01 
3.23504E-01 
---
