PdfType: replica
Format: lhagrid1
---
4.34963E-04 7.77181E-04 7.77181E-04 1.38865E-03 1.38865E-03 2.48120E-03 2.48120E-03 2.48120E-03 4.43334E-03 4.43334E-03 4.43334E-03 4.43334E-03 7.92137E-03 7.92137E-03 7.92137E-03 7.92137E-03 1.41537E-02 1.41537E-02 1.41537E-02 1.41537E-02 1.41537E-02 2.52895E-02 2.52895E-02 2.52895E-02 2.52895E-02 2.52895E-02 4.51866E-02 4.51866E-02 4.51866E-02 4.51866E-02 4.51866E-02 4.51866E-02 8.07383E-02 8.07383E-02 8.07383E-02 8.07383E-02 8.07383E-02 8.07383E-02 8.07383E-02 1.44261E-01 1.44261E-01 1.44261E-01 1.44261E-01 1.44261E-01 1.44261E-01 2.57762E-01 2.57762E-01 2.57762E-01 2.57762E-01 2.57762E-01 2.57762E-01 4.60562E-01 4.60562E-01 4.60562E-01 4.60562E-01 4.60562E-01 4.60562E-01 
1.58489E+00 1.58489E+00 2.51189E+00 1.58489E+00 2.51189E+00 1.58489E+00 2.51189E+00 3.98107E+00 1.58489E+00 2.51189E+00 3.98107E+00 6.30957E+00 1.58489E+00 2.51189E+00 3.98107E+00 6.30957E+00 1.58489E+00 2.51189E+00 3.98107E+00 6.30957E+00 9.99999E+00 1.58489E+00 2.51189E+00 3.98107E+00 6.30957E+00 9.99999E+00 1.58489E+00 2.51189E+00 3.98107E+00 6.30957E+00 9.99999E+00 1.58489E+01 1.58489E+00 2.51189E+00 3.98107E+00 6.30957E+00 9.99999E+00 1.58489E+01 2.51189E+01 2.51189E+00 3.98107E+00 6.30957E+00 9.99999E+00 1.58489E+01 2.51189E+01 3.98107E+00 6.30957E+00 9.99999E+00 1.58489E+01 2.51189E+01 3.98107E+01 6.30957E+00 9.99999E+00 1.58489E+01 2.51189E+01 3.98107E+01 6.30957E+01 
90000 
2.19327E-04 
2.18063E-04 
5.23177E-04 
2.16817E-04 
5.21707E-04 
2.15566E-04 
5.20946E-04 
1.28137E-03 
2.14416E-04 
5.20528E-04 
1.28195E-03 
3.23621E-03 
2.13549E-04 
5.20661E-04 
1.28450E-03 
3.23549E-03 
2.13303E-04 
5.21877E-04 
1.28975E-03 
3.23712E-03 
8.18534E-03 
2.13801E-04 
5.24439E-04 
1.29828E-03 
3.24490E-03 
8.19069E-03 
2.13898E-04 
5.26123E-04 
1.30453E-03 
3.25055E-03 
8.18514E-03 
2.06975E-02 
2.10493E-04 
5.20204E-04 
1.29288E-03 
3.22110E-03 
8.09265E-03 
2.04072E-02 
5.20458E-02 
5.04136E-04 
1.25830E-03 
3.14282E-03 
7.89127E-03 
1.98720E-02 
5.04610E-02 
1.23298E-03 
3.08833E-03 
7.75431E-03 
1.95089E-02 
4.93563E-02 
1.26922E-01 
3.07447E-03 
7.71443E-03 
1.93826E-02 
4.88655E-02 
1.24387E-01 
3.25396E-01 
---
