PdfType: replica
Format: lhagrid1
---
4.34963E-04 7.77181E-04 7.77181E-04 1.38865E-03 1.38865E-03 2.48120E-03 2.48120E-03 2.48120E-03 4.43334E-03 4.43334E-03 4.43334E-03 4.43334E-03 7.92137E-03 7.92137E-03 7.92137E-03 7.92137E-03 1.41537E-02 1.41537E-02 1.41537E-02 1.41537E-02 1.41537E-02 2.52895E-02 2.52895E-02 2.52895E-02 2.52895E-02 2.52895E-02 4.51866E-02 4.51866E-02 4.51866E-02 4.51866E-02 4.51866E-02 4.51866E-02 8.07383E-02 8.07383E-02 8.07383E-02 8.07383E-02 8.07383E-02 8.07383E-02 8.07383E-02 1.44261E-01 1.44261E-01 1.44261E-01 1.44261E-01 1.44261E-01 1.44261E-01 2.57762E-01 2.57762E-01 2.57762E-01 2.57762E-01 2.57762E-01 2.57762E-01 4.60562E-01 4.60562E-01 4.60562E-01 4.60562E-01 4.60562E-01 4.60562E-01 
1.58489E+00 1.58489E+00 2.51189E+00 1.58489E+00 2.51189E+00 1.58489E+00 2.51189E+00 3.98107E+00 1.58489E+00 2.51189E+00 3.98107E+00 6.30957E+00 1.58489E+00 2.51189E+00 3.98107E+00 6.30957E+00 1.58489E+00 2.51189E+00 3.98107E+00 6.30957E+00 9.99999E+00 1.58489E+00 2.51189E+00 3.98107E+00 6.30957E+00 9.99999E+00 1.58489E+00 2.51189E+00 3.98107E+00 6.30957E+00 9.99999E+00 1.58489E+01 1.58489E+00 2.51189E+00 3.98107E+00 6.30957E+00 9.99999E+00 1.58489E+01 2.51189E+01 2.51189E+00 3.98107E+00 6.30957E+00 9.99999E+00 1.58489E+01 2.51189E+01 3.98107E+00 6.30957E+00 9.99999E+00 1.58489E+01 2.51189E+01 3.98107E+01 6.30957E+00 9.99999E+00 1.58489E+01 2.51189E+01 3.98107E+01 6.30957E+01 
90000 
2.19605E-04 
2.18431E-04 
5.23677E-04 
2.17343E-04 
5.22559E-04 
2.16377E-04 
5.22448E-04 
1.28438E-03 
2.15748E-04 
5.23182E-04 
1.28752E-03 
3.24877E-03 
2.15808E-04 
5.25255E-04 
1.29429E-03 
3.25702E-03 
2.17022E-04 
5.29305E-04 
1.30550E-03 
3.27111E-03 
8.26268E-03 
2.19004E-04 
5.34448E-04 
1.31909E-03 
3.28927E-03 
8.28967E-03 
2.18490E-04 
5.34590E-04 
1.32150E-03 
3.28612E-03 
8.26109E-03 
2.08643E-02 
2.11185E-04 
5.20953E-04 
1.29328E-03 
3.22026E-03 
8.08529E-03 
2.03790E-02 
5.19547E-02 
5.00455E-04 
1.25004E-03 
3.12363E-03 
7.84640E-03 
1.97662E-02 
5.02101E-02 
1.22927E-03 
3.07899E-03 
7.73104E-03 
1.94508E-02 
4.92139E-02 
1.26599E-01 
3.05631E-03 
7.66749E-03 
1.92622E-02 
4.85609E-02 
1.23631E-01 
3.23631E-01 
---
