PdfType: replica
Format: lhagrid1
---
4.34963E-04 7.77181E-04 7.77181E-04 1.38865E-03 1.38865E-03 2.48120E-03 2.48120E-03 2.48120E-03 4.43334E-03 4.43334E-03 4.43334E-03 4.43334E-03 7.92137E-03 7.92137E-03 7.92137E-03 7.92137E-03 1.41537E-02 1.41537E-02 1.41537E-02 1.41537E-02 1.41537E-02 2.52895E-02 2.52895E-02 2.52895E-02 2.52895E-02 2.52895E-02 4.51866E-02 4.51866E-02 4.51866E-02 4.51866E-02 4.51866E-02 4.51866E-02 8.07383E-02 8.07383E-02 8.07383E-02 8.07383E-02 8.07383E-02 8.07383E-02 8.07383E-02 1.44261E-01 1.44261E-01 1.44261E-01 1.44261E-01 1.44261E-01 1.44261E-01 2.57762E-01 2.57762E-01 2.57762E-01 2.57762E-01 2.57762E-01 2.57762E-01 4.60562E-01 4.60562E-01 4.60562E-01 4.60562E-01 4.60562E-01 4.60562E-01 
1.58489E+00 1.58489E+00 2.51189E+00 1.58489E+00 2.51189E+00 1.58489E+00 2.51189E+00 3.98107E+00 1.58489E+00 2.51189E+00 3.98107E+00 6.30957E+00 1.58489E+00 2.51189E+00 3.98107E+00 6.30957E+00 1.58489E+00 2.51189E+00 3.98107E+00 6.30957E+00 9.99999E+00 1.58489E+00 2.51189E+00 3.98107E+00 6.30957E+00 9.99999E+00 1.58489E+00 2.51189E+00 3.98107E+00 6.30957E+00 9.99999E+00 1.58489E+01 1.58489E+00 2.51189E+00 3.98107E+00 6.30957E+00 9.99999E+00 1.58489E+01 2.51189E+01 2.51189E+00 3.98107E+00 6.30957E+00 9.99999E+00 1.58489E+01 2.51189E+01 3.98107E+00 6.30957E+00 9.99999E+00 1.58489E+01 2.51189E+01 3.98107E+01 6.30957E+00 9.99999E+00 1.58489E+01 2.51189E+01 3.98107E+01 6.30957E+01 
90000 
2.19454E-04 
2.18231E-04 
5.23210E-04 
2.17073E-04 
5.21953E-04 
2.16000E-04 
5.21618E-04 
1.28253E-03 
2.15206E-04 
5.21995E-04 
1.28492E-03 
3.24236E-03 
2.15008E-04 
5.23524E-04 
1.29053E-03 
3.24818E-03 
2.15834E-04 
5.26827E-04 
1.30019E-03 
3.25913E-03 
8.23482E-03 
2.17375E-04 
5.31258E-04 
1.31239E-03 
3.27472E-03 
8.25650E-03 
2.16875E-04 
5.31530E-04 
1.31507E-03 
3.27227E-03 
8.22942E-03 
2.07906E-02 
2.10336E-04 
5.19088E-04 
1.28891E-03 
3.20984E-03 
8.06045E-03 
2.03193E-02 
5.18095E-02 
4.98680E-04 
1.24548E-03 
3.11193E-03 
7.81769E-03 
1.96952E-02 
5.00309E-02 
1.22505E-03 
3.06908E-03 
7.70737E-03 
1.93939E-02 
4.90748E-02 
1.26243E-01 
3.05864E-03 
7.67494E-03 
1.92840E-02 
4.86211E-02 
1.23783E-01 
3.23934E-01 
---
