PdfType: replica
Format: lhagrid1
---
4.34963E-04 7.77181E-04 7.77181E-04 1.38865E-03 1.38865E-03 2.48120E-03 2.48120E-03 2.48120E-03 4.43334E-03 4.43334E-03 4.43334E-03 4.43334E-03 7.92137E-03 7.92137E-03 7.92137E-03 7.92137E-03 1.41537E-02 1.41537E-02 1.41537E-02 1.41537E-02 1.41537E-02 2.52895E-02 2.52895E-02 2.52895E-02 2.52895E-02 2.52895E-02 4.51866E-02 4.51866E-02 4.51866E-02 4.51866E-02 4.51866E-02 4.51866E-02 8.07383E-02 8.07383E-02 8.07383E-02 8.07383E-02 8.07383E-02 8.07383E-02 8.07383E-02 1.44261E-01 1.44261E-01 1.44261E-01 1.44261E-01 1.44261E-01 1.44261E-01 2.57762E-01 2.57762E-01 2.57762E-01 2.57762E-01 2.57762E-01 2.57762E-01 4.60562E-01 4.60562E-01 4.60562E-01 4.60562E-01 4.60562E-01 4.60562E-01 
1.58489E+00 1.58489E+00 2.51189E+00 1.58489E+00 2.51189E+00 1.58489E+00 2.51189E+00 3.98107E+00 1.58489E+00 2.51189E+00 3.98107E+00 6.30957E+00 1.58489E+00 2.51189E+00 3.98107E+00 6.30957E+00 1.58489E+00 2.51189E+00 3.98107E+00 6.30957E+00 9.99999E+00 1.58489E+00 2.51189E+00 3.98107E+00 6.30957E+00 9.99999E+00 1.58489E+00 2.51189E+00 3.98107E+00 6.30957E+00 9.99999E+00 1.58489E+01 1.58489E+00 2.51189E+00 3.98107E+00 6.30957E+00 9.99999E+00 1.58489E+01 2.51189E+01 2.51189E+00 3.98107E+00 6.30957E+00 9.99999E+00 1.58489E+01 2.51189E+01 3.98107E+00 6.30957E+00 9.99999E+00 1.58489E+01 2.51189E+01 3.98107E+01 6.30957E+00 9.99999E+00 1.58489E+01 2.51189E+01 3.98107E+01 6.30957E+01 
90000 
2.19542E-04 
2.18376E-04 
5.23725E-04 
2.17288E-04 
5.22539E-04 
2.16283E-04 
5.22269E-04 
1.28399E-03 
2.15517E-04 
5.22656E-04 
1.28634E-03 
3.24549E-03 
2.15251E-04 
5.24062E-04 
1.29168E-03 
3.25096E-03 
2.15877E-04 
5.27046E-04 
1.30070E-03 
3.26080E-03 
8.23844E-03 
2.17206E-04 
5.31062E-04 
1.31199E-03 
3.27420E-03 
8.25500E-03 
2.16719E-04 
5.31117E-04 
1.31401E-03 
3.26956E-03 
8.22334E-03 
2.07762E-02 
2.10184E-04 
5.18693E-04 
1.28808E-03 
3.20798E-03 
8.05704E-03 
2.03131E-02 
5.17991E-02 
4.98879E-04 
1.24635E-03 
3.11509E-03 
7.82604E-03 
1.97174E-02 
5.00922E-02 
1.22688E-03 
3.07329E-03 
7.71801E-03 
1.94205E-02 
4.91419E-02 
1.26418E-01 
3.05618E-03 
7.66735E-03 
1.92627E-02 
4.85641E-02 
1.23640E-01 
3.23632E-01 
---
