PdfType: replica
Format: lhagrid1
---
4.34963E-04 7.77181E-04 7.77181E-04 1.38865E-03 1.38865E-03 2.48120E-03 2.48120E-03 2.48120E-03 4.43334E-03 4.43334E-03 4.43334E-03 4.43334E-03 7.92137E-03 7.92137E-03 7.92137E-03 7.92137E-03 1.41537E-02 1.41537E-02 1.41537E-02 1.41537E-02 1.41537E-02 2.52895E-02 2.52895E-02 2.52895E-02 2.52895E-02 2.52895E-02 4.51866E-02 4.51866E-02 4.51866E-02 4.51866E-02 4.51866E-02 4.51866E-02 8.07383E-02 8.07383E-02 8.07383E-02 8.07383E-02 8.07383E-02 8.07383E-02 8.07383E-02 1.44261E-01 1.44261E-01 1.44261E-01 1.44261E-01 1.44261E-01 1.44261E-01 2.57762E-01 2.57762E-01 2.57762E-01 2.57762E-01 2.57762E-01 2.57762E-01 4.60562E-01 4.60562E-01 4.60562E-01 4.60562E-01 4.60562E-01 4.60562E-01 
1.58489E+00 1.58489E+00 2.51189E+00 1.58489E+00 2.51189E+00 1.58489E+00 2.51189E+00 3.98107E+00 1.58489E+00 2.51189E+00 3.98107E+00 6.30957E+00 1.58489E+00 2.51189E+00 3.98107E+00 6.30957E+00 1.58489E+00 2.51189E+00 3.98107E+00 6.30957E+00 9.99999E+00 1.58489E+00 2.51189E+00 3.98107E+00 6.30957E+00 9.99999E+00 1.58489E+00 2.51189E+00 3.98107E+00 6.30957E+00 9.99999E+00 1.58489E+01 1.58489E+00 2.51189E+00 3.98107E+00 6.30957E+00 9.99999E+00 1.58489E+01 2.51189E+01 2.51189E+00 3.98107E+00 6.30957E+00 9.99999E+00 1.58489E+01 2.51189E+01 3.98107E+00 6.30957E+00 9.99999E+00 1.58489E+01 2.51189E+01 3.98107E+01 6.30957E+00 9.99999E+00 1.58489E+01 2.51189E+01 3.98107E+01 6.30957E+01 
90000 
2.19717E-04 
2.18617E-04 
5.23867E-04 
2.17609E-04 
5.22869E-04 
2.16704E-04 
5.22856E-04 
1.28490E-03 
2.16078E-04 
5.23599E-04 
1.28809E-03 
3.24892E-03 
2.16023E-04 
5.25496E-04 
1.29456E-03 
3.25697E-03 
2.16944E-04 
5.29129E-04 
1.30511E-03 
3.27030E-03 
8.25914E-03 
2.18643E-04 
5.34025E-04 
1.31859E-03 
3.28906E-03 
8.28970E-03 
2.18736E-04 
5.35594E-04 
1.32443E-03 
3.29386E-03 
8.28155E-03 
2.09164E-02 
2.13116E-04 
5.25166E-04 
1.30291E-03 
3.24220E-03 
8.13769E-03 
2.05053E-02 
5.22639E-02 
5.03940E-04 
1.25726E-03 
3.13918E-03 
7.88040E-03 
1.98416E-02 
5.03790E-02 
1.22889E-03 
3.07798E-03 
7.72769E-03 
1.94410E-02 
4.91845E-02 
1.26495E-01 
3.06079E-03 
7.67890E-03 
1.92921E-02 
4.86378E-02 
1.23820E-01 
3.24026E-01 
---
