PdfType: replica
Format: lhagrid1
---
4.34963E-04 7.77181E-04 7.77181E-04 1.38865E-03 1.38865E-03 2.48120E-03 2.48120E-03 2.48120E-03 4.43334E-03 4.43334E-03 4.43334E-03 4.43334E-03 7.92137E-03 7.92137E-03 7.92137E-03 7.92137E-03 1.41537E-02 1.41537E-02 1.41537E-02 1.41537E-02 1.41537E-02 2.52895E-02 2.52895E-02 2.52895E-02 2.52895E-02 2.52895E-02 4.51866E-02 4.51866E-02 4.51866E-02 4.51866E-02 4.51866E-02 4.51866E-02 8.07383E-02 8.07383E-02 8.07383E-02 8.07383E-02 8.07383E-02 8.07383E-02 8.07383E-02 1.44261E-01 1.44261E-01 1.44261E-01 1.44261E-01 1.44261E-01 1.44261E-01 2.57762E-01 2.57762E-01 2.57762E-01 2.57762E-01 2.57762E-01 2.57762E-01 4.60562E-01 4.60562E-01 4.60562E-01 4.60562E-01 4.60562E-01 4.60562E-01 
1.58489E+00 1.58489E+00 2.51189E+00 1.58489E+00 2.51189E+00 1.58489E+00 2.51189E+00 3.98107E+00 1.58489E+00 2.51189E+00 3.98107E+00 6.30957E+00 1.58489E+00 2.51189E+00 3.98107E+00 6.30957E+00 1.58489E+00 2.51189E+00 3.98107E+00 6.30957E+00 9.99999E+00 1.58489E+00 2.51189E+00 3.98107E+00 6.30957E+00 9.99999E+00 1.58489E+00 2.51189E+00 3.98107E+00 6.30957E+00 9.99999E+00 1.58489E+01 1.58489E+00 2.51189E+00 3.98107E+00 6.30957E+00 9.99999E+00 1.58489E+01 2.51189E+01 2.51189E+00 3.98107E+00 6.30957E+00 9.99999E+00 1.58489E+01 2.51189E+01 3.98107E+00 6.30957E+00 9.99999E+00 1.58489E+01 2.51189E+01 3.98107E+01 6.30957E+00 9.99999E+00 1.58489E+01 2.51189E+01 3.98107E+01 6.30957E+01 
90000 
2.19819E-04 
2.18713E-04 
5.24333E-04 
2.17698E-04 
5.23327E-04 
2.16787E-04 
5.23288E-04 
1.28621E-03 
2.16131E-04 
5.23944E-04 
1.28914E-03 
3.25217E-03 
2.15953E-04 
5.25556E-04 
1.29492E-03 
3.25837E-03 
2.16545E-04 
5.28479E-04 
1.30385E-03 
3.26799E-03 
8.25582E-03 
2.17695E-04 
5.32254E-04 
1.31495E-03 
3.28144E-03 
8.27374E-03 
2.17578E-04 
5.33533E-04 
1.32057E-03 
3.28621E-03 
8.26700E-03 
2.08903E-02 
2.13085E-04 
5.25811E-04 
1.30563E-03 
3.25071E-03 
8.16184E-03 
2.05715E-02 
5.24452E-02 
5.07998E-04 
1.26725E-03 
3.16410E-03 
7.94057E-03 
1.99877E-02 
5.07358E-02 
1.23546E-03 
3.09371E-03 
7.76601E-03 
1.95344E-02 
4.94113E-02 
1.27034E-01 
3.06913E-03 
7.70038E-03 
1.93461E-02 
4.87713E-02 
1.24147E-01 
3.24805E-01 
---
