PdfType: replica
Format: lhagrid1
---
4.34963E-04 7.77181E-04 7.77181E-04 1.38865E-03 1.38865E-03 2.48120E-03 2.48120E-03 2.48120E-03 4.43334E-03 4.43334E-03 4.43334E-03 4.43334E-03 7.92137E-03 7.92137E-03 7.92137E-03 7.92137E-03 1.41537E-02 1.41537E-02 1.41537E-02 1.41537E-02 1.41537E-02 2.52895E-02 2.52895E-02 2.52895E-02 2.52895E-02 2.52895E-02 4.51866E-02 4.51866E-02 4.51866E-02 4.51866E-02 4.51866E-02 4.51866E-02 8.07383E-02 8.07383E-02 8.07383E-02 8.07383E-02 8.07383E-02 8.07383E-02 8.07383E-02 1.44261E-01 1.44261E-01 1.44261E-01 1.44261E-01 1.44261E-01 1.44261E-01 2.57762E-01 2.57762E-01 2.57762E-01 2.57762E-01 2.57762E-01 2.57762E-01 4.60562E-01 4.60562E-01 4.60562E-01 4.60562E-01 4.60562E-01 4.60562E-01 
1.58489E+00 1.58489E+00 2.51189E+00 1.58489E+00 2.51189E+00 1.58489E+00 2.51189E+00 3.98107E+00 1.58489E+00 2.51189E+00 3.98107E+00 6.30957E+00 1.58489E+00 2.51189E+00 3.98107E+00 6.30957E+00 1.58489E+00 2.51189E+00 3.98107E+00 6.30957E+00 9.99999E+00 1.58489E+00 2.51189E+00 3.98107E+00 6.30957E+00 9.99999E+00 1.58489E+00 2.51189E+00 3.98107E+00 6.30957E+00 9.99999E+00 1.58489E+01 1.58489E+00 2.51189E+00 3.98107E+00 6.30957E+00 9.99999E+00 1.58489E+01 2.51189E+01 2.51189E+00 3.98107E+00 6.30957E+00 9.99999E+00 1.58489E+01 2.51189E+01 3.98107E+00 6.30957E+00 9.99999E+00 1.58489E+01 2.51189E+01 3.98107E+01 6.30957E+00 9.99999E+00 1.58489E+01 2.51189E+01 3.98107E+01 6.30957E+01 
90000 
2.19612E-04 
2.18319E-04 
5.23518E-04 
2.17021E-04 
5.21982E-04 
2.15711E-04 
5.21169E-04 
1.28171E-03 
2.14555E-04 
5.20817E-04 
1.28257E-03 
3.23774E-03 
2.13876E-04 
5.21402E-04 
1.28622E-03 
3.23952E-03 
2.14252E-04 
5.23895E-04 
1.29428E-03 
3.24722E-03 
8.20988E-03 
2.15839E-04 
5.28498E-04 
1.30692E-03 
3.26369E-03 
8.23353E-03 
2.16201E-04 
5.30287E-04 
1.31252E-03 
3.26691E-03 
8.21829E-03 
2.07683E-02 
2.10221E-04 
5.18696E-04 
1.28788E-03 
3.20711E-03 
8.05431E-03 
2.03052E-02 
5.17761E-02 
4.98280E-04 
1.24487E-03 
3.11108E-03 
7.81699E-03 
1.96960E-02 
5.00360E-02 
1.22804E-03 
3.07725E-03 
7.72869E-03 
1.94493E-02 
4.92189E-02 
1.26624E-01 
3.07515E-03 
7.71759E-03 
1.93934E-02 
4.89005E-02 
1.24498E-01 
3.25771E-01 
---
