PdfType: replica
Format: lhagrid1
---
4.34963E-04 7.77181E-04 7.77181E-04 1.38865E-03 1.38865E-03 2.48120E-03 2.48120E-03 2.48120E-03 4.43334E-03 4.43334E-03 4.43334E-03 4.43334E-03 7.92137E-03 7.92137E-03 7.92137E-03 7.92137E-03 1.41537E-02 1.41537E-02 1.41537E-02 1.41537E-02 1.41537E-02 2.52895E-02 2.52895E-02 2.52895E-02 2.52895E-02 2.52895E-02 4.51866E-02 4.51866E-02 4.51866E-02 4.51866E-02 4.51866E-02 4.51866E-02 8.07383E-02 8.07383E-02 8.07383E-02 8.07383E-02 8.07383E-02 8.07383E-02 8.07383E-02 1.44261E-01 1.44261E-01 1.44261E-01 1.44261E-01 1.44261E-01 1.44261E-01 2.57762E-01 2.57762E-01 2.57762E-01 2.57762E-01 2.57762E-01 2.57762E-01 4.60562E-01 4.60562E-01 4.60562E-01 4.60562E-01 4.60562E-01 4.60562E-01 
1.58489E+00 1.58489E+00 2.51189E+00 1.58489E+00 2.51189E+00 1.58489E+00 2.51189E+00 3.98107E+00 1.58489E+00 2.51189E+00 3.98107E+00 6.30957E+00 1.58489E+00 2.51189E+00 3.98107E+00 6.30957E+00 1.58489E+00 2.51189E+00 3.98107E+00 6.30957E+00 9.99999E+00 1.58489E+00 2.51189E+00 3.98107E+00 6.30957E+00 9.99999E+00 1.58489E+00 2.51189E+00 3.98107E+00 6.30957E+00 9.99999E+00 1.58489E+01 1.58489E+00 2.51189E+00 3.98107E+00 6.30957E+00 9.99999E+00 1.58489E+01 2.51189E+01 2.51189E+00 3.98107E+00 6.30957E+00 9.99999E+00 1.58489E+01 2.51189E+01 3.98107E+00 6.30957E+00 9.99999E+00 1.58489E+01 2.51189E+01 3.98107E+01 6.30957E+00 9.99999E+00 1.58489E+01 2.51189E+01 3.98107E+01 6.30957E+01 
90000 
2.19725E-04 
2.18564E-04 
5.23995E-04 
2.17451E-04 
5.22820E-04 
2.16388E-04 
5.22497E-04 
1.28436E-03 
2.15537E-04 
5.22761E-04 
1.28652E-03 
3.24544E-03 
2.15186E-04 
5.23990E-04 
1.29152E-03 
3.25016E-03 
2.15750E-04 
5.26784E-04 
1.30012E-03 
3.25907E-03 
8.23341E-03 
2.17033E-04 
5.30677E-04 
1.31117E-03 
3.27215E-03 
8.25005E-03 
2.16532E-04 
5.30815E-04 
1.31345E-03 
3.26850E-03 
8.22075E-03 
2.07702E-02 
2.10138E-04 
5.18567E-04 
1.28763E-03 
3.20660E-03 
8.05285E-03 
2.03018E-02 
5.17739E-02 
4.97920E-04 
1.24372E-03 
3.10789E-03 
7.80818E-03 
1.96733E-02 
4.99839E-02 
1.22421E-03 
3.06782E-03 
7.70601E-03 
1.93943E-02 
4.90838E-02 
1.26282E-01 
3.07241E-03 
7.71181E-03 
1.93811E-02 
4.88718E-02 
1.24408E-01 
3.25328E-01 
---
