PdfType: replica
Format: lhagrid1
---
4.34963E-04 7.77181E-04 7.77181E-04 1.38865E-03 1.38865E-03 2.48120E-03 2.48120E-03 2.48120E-03 4.43334E-03 4.43334E-03 4.43334E-03 4.43334E-03 7.92137E-03 7.92137E-03 7.92137E-03 7.92137E-03 1.41537E-02 1.41537E-02 1.41537E-02 1.41537E-02 1.41537E-02 2.52895E-02 2.52895E-02 2.52895E-02 2.52895E-02 2.52895E-02 4.51866E-02 4.51866E-02 4.51866E-02 4.51866E-02 4.51866E-02 4.51866E-02 8.07383E-02 8.07383E-02 8.07383E-02 8.07383E-02 8.07383E-02 8.07383E-02 8.07383E-02 1.44261E-01 1.44261E-01 1.44261E-01 1.44261E-01 1.44261E-01 1.44261E-01 2.57762E-01 2.57762E-01 2.57762E-01 2.57762E-01 2.57762E-01 2.57762E-01 4.60562E-01 4.60562E-01 4.60562E-01 4.60562E-01 4.60562E-01 4.60562E-01 
1.58489E+00 1.58489E+00 2.51189E+00 1.58489E+00 2.51189E+00 1.58489E+00 2.51189E+00 3.98107E+00 1.58489E+00 2.51189E+00 3.98107E+00 6.30957E+00 1.58489E+00 2.51189E+00 3.98107E+00 6.30957E+00 1.58489E+00 2.51189E+00 3.98107E+00 6.30957E+00 9.99999E+00 1.58489E+00 2.51189E+00 3.98107E+00 6.30957E+00 9.99999E+00 1.58489E+00 2.51189E+00 3.98107E+00 6.30957E+00 9.99999E+00 1.58489E+01 1.58489E+00 2.51189E+00 3.98107E+00 6.30957E+00 9.99999E+00 1.58489E+01 2.51189E+01 2.51189E+00 3.98107E+00 6.30957E+00 9.99999E+00 1.58489E+01 2.51189E+01 3.98107E+00 6.30957E+00 9.99999E+00 1.58489E+01 2.51189E+01 3.98107E+01 6.30957E+00 9.99999E+00 1.58489E+01 2.51189E+01 3.98107E+01 6.30957E+01 
90000 
2.19463E-04 
2.18318E-04 
5.23493E-04 
2.17244E-04 
5.22369E-04 
2.16241E-04 
5.22124E-04 
1.28362E-03 
2.15446E-04 
5.22459E-04 
1.28585E-03 
3.24414E-03 
2.15083E-04 
5.23643E-04 
1.29069E-03 
3.24834E-03 
2.15468E-04 
5.26103E-04 
1.29858E-03 
3.25563E-03 
8.22624E-03 
2.16414E-04 
5.29441E-04 
1.30863E-03 
3.26663E-03 
8.23849E-03 
2.15968E-04 
5.29934E-04 
1.31216E-03 
3.26640E-03 
8.21864E-03 
2.07711E-02 
2.10757E-04 
5.20423E-04 
1.29274E-03 
3.22001E-03 
8.08692E-03 
2.03883E-02 
5.19967E-02 
5.01858E-04 
1.25276E-03 
3.12952E-03 
7.85826E-03 
1.97907E-02 
5.02632E-02 
1.22710E-03 
3.07292E-03 
7.71559E-03 
1.94118E-02 
4.91138E-02 
1.26325E-01 
3.05215E-03 
7.65673E-03 
1.92356E-02 
4.84949E-02 
1.23465E-01 
3.23178E-01 
---
