PdfType: replica
Format: lhagrid1
---
4.34963E-04 7.77181E-04 7.77181E-04 1.38865E-03 1.38865E-03 2.48120E-03 2.48120E-03 2.48120E-03 4.43334E-03 4.43334E-03 4.43334E-03 4.43334E-03 7.92137E-03 7.92137E-03 7.92137E-03 7.92137E-03 1.41537E-02 1.41537E-02 1.41537E-02 1.41537E-02 1.41537E-02 2.52895E-02 2.52895E-02 2.52895E-02 2.52895E-02 2.52895E-02 4.51866E-02 4.51866E-02 4.51866E-02 4.51866E-02 4.51866E-02 4.51866E-02 8.07383E-02 8.07383E-02 8.07383E-02 8.07383E-02 8.07383E-02 8.07383E-02 8.07383E-02 1.44261E-01 1.44261E-01 1.44261E-01 1.44261E-01 1.44261E-01 1.44261E-01 2.57762E-01 2.57762E-01 2.57762E-01 2.57762E-01 2.57762E-01 2.57762E-01 4.60562E-01 4.60562E-01 4.60562E-01 4.60562E-01 4.60562E-01 4.60562E-01 
1.58489E+00 1.58489E+00 2.51189E+00 1.58489E+00 2.51189E+00 1.58489E+00 2.51189E+00 3.98107E+00 1.58489E+00 2.51189E+00 3.98107E+00 6.30957E+00 1.58489E+00 2.51189E+00 3.98107E+00 6.30957E+00 1.58489E+00 2.51189E+00 3.98107E+00 6.30957E+00 9.99999E+00 1.58489E+00 2.51189E+00 3.98107E+00 6.30957E+00 9.99999E+00 1.58489E+00 2.51189E+00 3.98107E+00 6.30957E+00 9.99999E+00 1.58489E+01 1.58489E+00 2.51189E+00 3.98107E+00 6.30957E+00 9.99999E+00 1.58489E+01 2.51189E+01 2.51189E+00 3.98107E+00 6.30957E+00 9.99999E+00 1.58489E+01 2.51189E+01 3.98107E+00 6.30957E+00 9.99999E+00 1.58489E+01 2.51189E+01 3.98107E+01 6.30957E+00 9.99999E+00 1.58489E+01 2.51189E+01 3.98107E+01 6.30957E+01 
90000 
2.19286E-04 
2.18085E-04 
5.22867E-04 
2.17002E-04 
5.21740E-04 
2.16071E-04 
5.21697E-04 
1.28282E-03 
2.15500E-04 
5.22572E-04 
1.28629E-03 
3.24569E-03 
2.15610E-04 
5.24840E-04 
1.29358E-03 
3.25516E-03 
2.16812E-04 
5.29088E-04 
1.30546E-03 
3.27121E-03 
8.26345E-03 
2.18779E-04 
5.34557E-04 
1.32012E-03 
3.29267E-03 
8.29843E-03 
2.18779E-04 
5.35904E-04 
1.32536E-03 
3.29642E-03 
8.28670E-03 
2.09273E-02 
2.12586E-04 
5.24326E-04 
1.30143E-03 
3.23995E-03 
8.13268E-03 
2.04929E-02 
5.22224E-02 
5.03665E-04 
1.25769E-03 
3.14228E-03 
7.89122E-03 
1.98736E-02 
5.04601E-02 
1.23599E-03 
3.09677E-03 
7.77717E-03 
1.95687E-02 
4.95081E-02 
1.27288E-01 
3.09179E-03 
7.75850E-03 
1.94943E-02 
4.91480E-02 
1.25090E-01 
3.27076E-01 
---
