PdfType: replica
Format: lhagrid1
---
4.34963E-04 7.77181E-04 7.77181E-04 1.38865E-03 1.38865E-03 2.48120E-03 2.48120E-03 2.48120E-03 4.43334E-03 4.43334E-03 4.43334E-03 4.43334E-03 7.92137E-03 7.92137E-03 7.92137E-03 7.92137E-03 1.41537E-02 1.41537E-02 1.41537E-02 1.41537E-02 1.41537E-02 2.52895E-02 2.52895E-02 2.52895E-02 2.52895E-02 2.52895E-02 4.51866E-02 4.51866E-02 4.51866E-02 4.51866E-02 4.51866E-02 4.51866E-02 8.07383E-02 8.07383E-02 8.07383E-02 8.07383E-02 8.07383E-02 8.07383E-02 8.07383E-02 1.44261E-01 1.44261E-01 1.44261E-01 1.44261E-01 1.44261E-01 1.44261E-01 2.57762E-01 2.57762E-01 2.57762E-01 2.57762E-01 2.57762E-01 2.57762E-01 4.60562E-01 4.60562E-01 4.60562E-01 4.60562E-01 4.60562E-01 4.60562E-01 
1.58489E+00 1.58489E+00 2.51189E+00 1.58489E+00 2.51189E+00 1.58489E+00 2.51189E+00 3.98107E+00 1.58489E+00 2.51189E+00 3.98107E+00 6.30957E+00 1.58489E+00 2.51189E+00 3.98107E+00 6.30957E+00 1.58489E+00 2.51189E+00 3.98107E+00 6.30957E+00 9.99999E+00 1.58489E+00 2.51189E+00 3.98107E+00 6.30957E+00 9.99999E+00 1.58489E+00 2.51189E+00 3.98107E+00 6.30957E+00 9.99999E+00 1.58489E+01 1.58489E+00 2.51189E+00 3.98107E+00 6.30957E+00 9.99999E+00 1.58489E+01 2.51189E+01 2.51189E+00 3.98107E+00 6.30957E+00 9.99999E+00 1.58489E+01 2.51189E+01 3.98107E+00 6.30957E+00 9.99999E+00 1.58489E+01 2.51189E+01 3.98107E+01 6.30957E+00 9.99999E+00 1.58489E+01 2.51189E+01 3.98107E+01 6.30957E+01 
90000 
2.19980E-04 
2.18851E-04 
5.24552E-04 
2.17786E-04 
5.23462E-04 
2.16794E-04 
5.23290E-04 
1.28609E-03 
2.16037E-04 
5.23769E-04 
1.28870E-03 
3.25081E-03 
2.15784E-04 
5.25231E-04 
1.29420E-03 
3.25646E-03 
2.16402E-04 
5.28157E-04 
1.30311E-03 
3.26593E-03 
8.25038E-03 
2.17669E-04 
5.32043E-04 
1.31427E-03 
3.27927E-03 
8.26769E-03 
2.17324E-04 
5.32662E-04 
1.31801E-03 
3.27949E-03 
8.24852E-03 
2.08419E-02 
2.11651E-04 
5.22223E-04 
1.29655E-03 
3.22848E-03 
8.10575E-03 
2.04313E-02 
5.20989E-02 
5.02024E-04 
1.25298E-03 
3.12970E-03 
7.85819E-03 
1.97896E-02 
5.02584E-02 
1.22595E-03 
3.07072E-03 
7.71145E-03 
1.94040E-02 
4.90999E-02 
1.26306E-01 
3.05857E-03 
7.67484E-03 
1.92843E-02 
4.86225E-02 
1.23791E-01 
3.23975E-01 
---
