PdfType: replica
Format: lhagrid1
---
4.34963E-04 7.77181E-04 7.77181E-04 1.38865E-03 1.38865E-03 2.48120E-03 2.48120E-03 2.48120E-03 4.43334E-03 4.43334E-03 4.43334E-03 4.43334E-03 7.92137E-03 7.92137E-03 7.92137E-03 7.92137E-03 1.41537E-02 1.41537E-02 1.41537E-02 1.41537E-02 1.41537E-02 2.52895E-02 2.52895E-02 2.52895E-02 2.52895E-02 2.52895E-02 4.51866E-02 4.51866E-02 4.51866E-02 4.51866E-02 4.51866E-02 4.51866E-02 8.07383E-02 8.07383E-02 8.07383E-02 8.07383E-02 8.07383E-02 8.07383E-02 8.07383E-02 1.44261E-01 1.44261E-01 1.44261E-01 1.44261E-01 1.44261E-01 1.44261E-01 2.57762E-01 2.57762E-01 2.57762E-01 2.57762E-01 2.57762E-01 2.57762E-01 4.60562E-01 4.60562E-01 4.60562E-01 4.60562E-01 4.60562E-01 4.60562E-01 
1.58489E+00 1.58489E+00 2.51189E+00 1.58489E+00 2.51189E+00 1.58489E+00 2.51189E+00 3.98107E+00 1.58489E+00 2.51189E+00 3.98107E+00 6.30957E+00 1.58489E+00 2.51189E+00 3.98107E+00 6.30957E+00 1.58489E+00 2.51189E+00 3.98107E+00 6.30957E+00 9.99999E+00 1.58489E+00 2.51189E+00 3.98107E+00 6.30957E+00 9.99999E+00 1.58489E+00 2.51189E+00 3.98107E+00 6.30957E+00 9.99999E+00 1.58489E+01 1.58489E+00 2.51189E+00 3.98107E+00 6.30957E+00 9.99999E+00 1.58489E+01 2.51189E+01 2.51189E+00 3.98107E+00 6.30957E+00 9.99999E+00 1.58489E+01 2.51189E+01 3.98107E+00 6.30957E+00 9.99999E+00 1.58489E+01 2.51189E+01 3.98107E+01 6.30957E+00 9.99999E+00 1.58489E+01 2.51189E+01 3.98107E+01 6.30957E+01 
90000 
2.19499E-04 
2.18293E-04 
5.23467E-04 
2.17152E-04 
5.22254E-04 
2.16093E-04 
5.21955E-04 
1.28343E-03 
2.15296E-04 
5.22339E-04 
1.28584E-03 
3.24458E-03 
2.15055E-04 
5.23811E-04 
1.29134E-03 
3.25019E-03 
2.15798E-04 
5.26986E-04 
1.30076E-03 
3.26068E-03 
8.23897E-03 
2.17331E-04 
5.31365E-04 
1.31282E-03 
3.27581E-03 
8.25948E-03 
2.17023E-04 
5.31844E-04 
1.31581E-03 
3.27378E-03 
8.23343E-03 
2.08027E-02 
2.10506E-04 
5.19466E-04 
1.28988E-03 
3.21230E-03 
8.06649E-03 
2.03354E-02 
5.18616E-02 
4.98964E-04 
1.24638E-03 
3.11491E-03 
7.82495E-03 
1.97138E-02 
5.00837E-02 
1.22629E-03 
3.07234E-03 
7.71634E-03 
1.94180E-02 
4.91387E-02 
1.26414E-01 
3.06533E-03 
7.69250E-03 
1.93294E-02 
4.87371E-02 
1.24079E-01 
3.24686E-01 
---
