PdfType: replica
Format: lhagrid1
---
4.34963E-04 7.77181E-04 7.77181E-04 1.38865E-03 1.38865E-03 2.48120E-03 2.48120E-03 2.48120E-03 4.43334E-03 4.43334E-03 4.43334E-03 4.43334E-03 7.92137E-03 7.92137E-03 7.92137E-03 7.92137E-03 1.41537E-02 1.41537E-02 1.41537E-02 1.41537E-02 1.41537E-02 2.52895E-02 2.52895E-02 2.52895E-02 2.52895E-02 2.52895E-02 4.51866E-02 4.51866E-02 4.51866E-02 4.51866E-02 4.51866E-02 4.51866E-02 8.07383E-02 8.07383E-02 8.07383E-02 8.07383E-02 8.07383E-02 8.07383E-02 8.07383E-02 1.44261E-01 1.44261E-01 1.44261E-01 1.44261E-01 1.44261E-01 1.44261E-01 2.57762E-01 2.57762E-01 2.57762E-01 2.57762E-01 2.57762E-01 2.57762E-01 4.60562E-01 4.60562E-01 4.60562E-01 4.60562E-01 4.60562E-01 4.60562E-01 
1.58489E+00 1.58489E+00 2.51189E+00 1.58489E+00 2.51189E+00 1.58489E+00 2.51189E+00 3.98107E+00 1.58489E+00 2.51189E+00 3.98107E+00 6.30957E+00 1.58489E+00 2.51189E+00 3.98107E+00 6.30957E+00 1.58489E+00 2.51189E+00 3.98107E+00 6.30957E+00 9.99999E+00 1.58489E+00 2.51189E+00 3.98107E+00 6.30957E+00 9.99999E+00 1.58489E+00 2.51189E+00 3.98107E+00 6.30957E+00 9.99999E+00 1.58489E+01 1.58489E+00 2.51189E+00 3.98107E+00 6.30957E+00 9.99999E+00 1.58489E+01 2.51189E+01 2.51189E+00 3.98107E+00 6.30957E+00 9.99999E+00 1.58489E+01 2.51189E+01 3.98107E+00 6.30957E+00 9.99999E+00 1.58489E+01 2.51189E+01 3.98107E+01 6.30957E+00 9.99999E+00 1.58489E+01 2.51189E+01 3.98107E+01 6.30957E+01 
90000 
2.19184E-04 
2.17951E-04 
5.22674E-04 
2.16777E-04 
5.21374E-04 
2.15663E-04 
5.20937E-04 
1.28107E-03 
2.14768E-04 
5.21098E-04 
1.28301E-03 
3.23738E-03 
2.14349E-04 
5.22194E-04 
1.28770E-03 
3.24138E-03 
2.14744E-04 
5.24662E-04 
1.29553E-03 
3.24843E-03 
8.20878E-03 
2.15595E-04 
5.27648E-04 
1.30442E-03 
3.25650E-03 
8.21277E-03 
2.14328E-04 
5.26076E-04 
1.30274E-03 
3.24375E-03 
8.16190E-03 
2.06281E-02 
2.07456E-04 
5.12876E-04 
1.27499E-03 
3.17808E-03 
7.98648E-03 
2.01451E-02 
5.13962E-02 
4.94853E-04 
1.23711E-03 
3.09346E-03 
7.77530E-03 
1.95973E-02 
4.98061E-02 
1.22230E-03 
3.06234E-03 
7.69227E-03 
1.93596E-02 
4.89966E-02 
1.26064E-01 
3.05827E-03 
7.67432E-03 
1.92835E-02 
4.86220E-02 
1.23786E-01 
3.23901E-01 
---
