PdfType: replica
Format: lhagrid1
---
4.34963E-04 7.77181E-04 7.77181E-04 1.38865E-03 1.38865E-03 2.48120E-03 2.48120E-03 2.48120E-03 4.43334E-03 4.43334E-03 4.43334E-03 4.43334E-03 7.92137E-03 7.92137E-03 7.92137E-03 7.92137E-03 1.41537E-02 1.41537E-02 1.41537E-02 1.41537E-02 1.41537E-02 2.52895E-02 2.52895E-02 2.52895E-02 2.52895E-02 2.52895E-02 4.51866E-02 4.51866E-02 4.51866E-02 4.51866E-02 4.51866E-02 4.51866E-02 8.07383E-02 8.07383E-02 8.07383E-02 8.07383E-02 8.07383E-02 8.07383E-02 8.07383E-02 1.44261E-01 1.44261E-01 1.44261E-01 1.44261E-01 1.44261E-01 1.44261E-01 2.57762E-01 2.57762E-01 2.57762E-01 2.57762E-01 2.57762E-01 2.57762E-01 4.60562E-01 4.60562E-01 4.60562E-01 4.60562E-01 4.60562E-01 4.60562E-01 
1.58489E+00 1.58489E+00 2.51189E+00 1.58489E+00 2.51189E+00 1.58489E+00 2.51189E+00 3.98107E+00 1.58489E+00 2.51189E+00 3.98107E+00 6.30957E+00 1.58489E+00 2.51189E+00 3.98107E+00 6.30957E+00 1.58489E+00 2.51189E+00 3.98107E+00 6.30957E+00 9.99999E+00 1.58489E+00 2.51189E+00 3.98107E+00 6.30957E+00 9.99999E+00 1.58489E+00 2.51189E+00 3.98107E+00 6.30957E+00 9.99999E+00 1.58489E+01 1.58489E+00 2.51189E+00 3.98107E+00 6.30957E+00 9.99999E+00 1.58489E+01 2.51189E+01 2.51189E+00 3.98107E+00 6.30957E+00 9.99999E+00 1.58489E+01 2.51189E+01 3.98107E+00 6.30957E+00 9.99999E+00 1.58489E+01 2.51189E+01 3.98107E+01 6.30957E+00 9.99999E+00 1.58489E+01 2.51189E+01 3.98107E+01 6.30957E+01 
90000 
2.20134E-04 
2.18842E-04 
5.24737E-04 
2.17477E-04 
5.23131E-04 
2.16019E-04 
5.22104E-04 
1.28384E-03 
2.14643E-04 
5.21373E-04 
1.28396E-03 
3.24125E-03 
2.13740E-04 
5.21493E-04 
1.28665E-03 
3.24087E-03 
2.14076E-04 
5.23778E-04 
1.29427E-03 
3.24733E-03 
8.21064E-03 
2.16090E-04 
5.29092E-04 
1.30848E-03 
3.26705E-03 
8.24243E-03 
2.17070E-04 
5.32188E-04 
1.31691E-03 
3.27681E-03 
8.24107E-03 
2.08226E-02 
2.10853E-04 
5.20073E-04 
1.29088E-03 
3.21355E-03 
8.06796E-03 
2.03350E-02 
5.18456E-02 
4.98139E-04 
1.24474E-03 
3.11074E-03 
7.81598E-03 
1.96933E-02 
5.00320E-02 
1.22759E-03 
3.07673E-03 
7.72628E-03 
1.94410E-02 
4.91953E-02 
1.26578E-01 
3.06614E-03 
7.69455E-03 
1.93341E-02 
4.87484E-02 
1.24114E-01 
3.24838E-01 
---
