PdfType: replica
Format: lhagrid1
---
4.34963E-04 7.77181E-04 7.77181E-04 1.38865E-03 1.38865E-03 2.48120E-03 2.48120E-03 2.48120E-03 4.43334E-03 4.43334E-03 4.43334E-03 4.43334E-03 7.92137E-03 7.92137E-03 7.92137E-03 7.92137E-03 1.41537E-02 1.41537E-02 1.41537E-02 1.41537E-02 1.41537E-02 2.52895E-02 2.52895E-02 2.52895E-02 2.52895E-02 2.52895E-02 4.51866E-02 4.51866E-02 4.51866E-02 4.51866E-02 4.51866E-02 4.51866E-02 8.07383E-02 8.07383E-02 8.07383E-02 8.07383E-02 8.07383E-02 8.07383E-02 8.07383E-02 1.44261E-01 1.44261E-01 1.44261E-01 1.44261E-01 1.44261E-01 1.44261E-01 2.57762E-01 2.57762E-01 2.57762E-01 2.57762E-01 2.57762E-01 2.57762E-01 4.60562E-01 4.60562E-01 4.60562E-01 4.60562E-01 4.60562E-01 4.60562E-01 
1.58489E+00 1.58489E+00 2.51189E+00 1.58489E+00 2.51189E+00 1.58489E+00 2.51189E+00 3.98107E+00 1.58489E+00 2.51189E+00 3.98107E+00 6.30957E+00 1.58489E+00 2.51189E+00 3.98107E+00 6.30957E+00 1.58489E+00 2.51189E+00 3.98107E+00 6.30957E+00 9.99999E+00 1.58489E+00 2.51189E+00 3.98107E+00 6.30957E+00 9.99999E+00 1.58489E+00 2.51189E+00 3.98107E+00 6.30957E+00 9.99999E+00 1.58489E+01 1.58489E+00 2.51189E+00 3.98107E+00 6.30957E+00 9.99999E+00 1.58489E+01 2.51189E+01 2.51189E+00 3.98107E+00 6.30957E+00 9.99999E+00 1.58489E+01 2.51189E+01 3.98107E+00 6.30957E+00 9.99999E+00 1.58489E+01 2.51189E+01 3.98107E+01 6.30957E+00 9.99999E+00 1.58489E+01 2.51189E+01 3.98107E+01 6.30957E+01 
90000 
2.19579E-04 
2.18482E-04 
5.23824E-04 
2.17506E-04 
5.22867E-04 
2.16660E-04 
5.22941E-04 
1.28541E-03 
2.16100E-04 
5.23782E-04 
1.28873E-03 
3.25045E-03 
2.16049E-04 
5.25666E-04 
1.29511E-03 
3.25802E-03 
2.16773E-04 
5.28895E-04 
1.30469E-03 
3.26915E-03 
8.25652E-03 
2.17925E-04 
5.32629E-04 
1.31547E-03 
3.28182E-03 
8.27163E-03 
2.17240E-04 
5.32401E-04 
1.31713E-03 
3.27691E-03 
8.24063E-03 
2.08165E-02 
2.11114E-04 
5.20794E-04 
1.29294E-03 
3.21936E-03 
8.08352E-03 
2.03754E-02 
5.19474E-02 
5.00335E-04 
1.24911E-03 
3.12088E-03 
7.83746E-03 
1.97402E-02 
5.01373E-02 
1.22453E-03 
3.06760E-03 
7.70470E-03 
1.93891E-02 
4.90641E-02 
1.26197E-01 
3.06197E-03 
7.68537E-03 
1.93136E-02 
4.86986E-02 
1.23968E-01 
3.24241E-01 
---
