PdfType: replica
Format: lhagrid1
---
4.34963E-04 7.77181E-04 7.77181E-04 1.38865E-03 1.38865E-03 2.48120E-03 2.48120E-03 2.48120E-03 4.43334E-03 4.43334E-03 4.43334E-03 4.43334E-03 7.92137E-03 7.92137E-03 7.92137E-03 7.92137E-03 1.41537E-02 1.41537E-02 1.41537E-02 1.41537E-02 1.41537E-02 2.52895E-02 2.52895E-02 2.52895E-02 2.52895E-02 2.52895E-02 4.51866E-02 4.51866E-02 4.51866E-02 4.51866E-02 4.51866E-02 4.51866E-02 8.07383E-02 8.07383E-02 8.07383E-02 8.07383E-02 8.07383E-02 8.07383E-02 8.07383E-02 1.44261E-01 1.44261E-01 1.44261E-01 1.44261E-01 1.44261E-01 1.44261E-01 2.57762E-01 2.57762E-01 2.57762E-01 2.57762E-01 2.57762E-01 2.57762E-01 4.60562E-01 4.60562E-01 4.60562E-01 4.60562E-01 4.60562E-01 4.60562E-01 
1.58489E+00 1.58489E+00 2.51189E+00 1.58489E+00 2.51189E+00 1.58489E+00 2.51189E+00 3.98107E+00 1.58489E+00 2.51189E+00 3.98107E+00 6.30957E+00 1.58489E+00 2.51189E+00 3.98107E+00 6.30957E+00 1.58489E+00 2.51189E+00 3.98107E+00 6.30957E+00 9.99999E+00 1.58489E+00 2.51189E+00 3.98107E+00 6.30957E+00 9.99999E+00 1.58489E+00 2.51189E+00 3.98107E+00 6.30957E+00 9.99999E+00 1.58489E+01 1.58489E+00 2.51189E+00 3.98107E+00 6.30957E+00 9.99999E+00 1.58489E+01 2.51189E+01 2.51189E+00 3.98107E+00 6.30957E+00 9.99999E+00 1.58489E+01 2.51189E+01 3.98107E+00 6.30957E+00 9.99999E+00 1.58489E+01 2.51189E+01 3.98107E+01 6.30957E+00 9.99999E+00 1.58489E+01 2.51189E+01 3.98107E+01 6.30957E+01 
90000 
2.19330E-04 
2.18140E-04 
5.23081E-04 
2.17041E-04 
5.21946E-04 
2.16059E-04 
5.21786E-04 
1.28310E-03 
2.15374E-04 
5.22379E-04 
1.28591E-03 
3.24495E-03 
2.15255E-04 
5.24090E-04 
1.29190E-03 
3.25150E-03 
2.16040E-04 
5.27416E-04 
1.30172E-03 
3.26304E-03 
8.24514E-03 
2.17474E-04 
5.31877E-04 
1.31435E-03 
3.28015E-03 
8.27084E-03 
2.17492E-04 
5.33497E-04 
1.32054E-03 
3.28626E-03 
8.26574E-03 
2.08843E-02 
2.12688E-04 
5.24790E-04 
1.30291E-03 
3.24357E-03 
8.14341E-03 
2.05242E-02 
5.23221E-02 
5.05866E-04 
1.26234E-03 
3.15215E-03 
7.91306E-03 
1.99237E-02 
5.05873E-02 
1.23486E-03 
3.09359E-03 
7.76671E-03 
1.95384E-02 
4.94293E-02 
1.27120E-01 
3.07616E-03 
7.71867E-03 
1.93928E-02 
4.88896E-02 
1.24441E-01 
3.25491E-01 
---
