PdfType: replica
Format: lhagrid1
---
4.34963E-04 7.77181E-04 7.77181E-04 1.38865E-03 1.38865E-03 2.48120E-03 2.48120E-03 2.48120E-03 4.43334E-03 4.43334E-03 4.43334E-03 4.43334E-03 7.92137E-03 7.92137E-03 7.92137E-03 7.92137E-03 1.41537E-02 1.41537E-02 1.41537E-02 1.41537E-02 1.41537E-02 2.52895E-02 2.52895E-02 2.52895E-02 2.52895E-02 2.52895E-02 4.51866E-02 4.51866E-02 4.51866E-02 4.51866E-02 4.51866E-02 4.51866E-02 8.07383E-02 8.07383E-02 8.07383E-02 8.07383E-02 8.07383E-02 8.07383E-02 8.07383E-02 1.44261E-01 1.44261E-01 1.44261E-01 1.44261E-01 1.44261E-01 1.44261E-01 2.57762E-01 2.57762E-01 2.57762E-01 2.57762E-01 2.57762E-01 2.57762E-01 4.60562E-01 4.60562E-01 4.60562E-01 4.60562E-01 4.60562E-01 4.60562E-01 
1.58489E+00 1.58489E+00 2.51189E+00 1.58489E+00 2.51189E+00 1.58489E+00 2.51189E+00 3.98107E+00 1.58489E+00 2.51189E+00 3.98107E+00 6.30957E+00 1.58489E+00 2.51189E+00 3.98107E+00 6.30957E+00 1.58489E+00 2.51189E+00 3.98107E+00 6.30957E+00 9.99999E+00 1.58489E+00 2.51189E+00 3.98107E+00 6.30957E+00 9.99999E+00 1.58489E+00 2.51189E+00 3.98107E+00 6.30957E+00 9.99999E+00 1.58489E+01 1.58489E+00 2.51189E+00 3.98107E+00 6.30957E+00 9.99999E+00 1.58489E+01 2.51189E+01 2.51189E+00 3.98107E+00 6.30957E+00 9.99999E+00 1.58489E+01 2.51189E+01 3.98107E+00 6.30957E+00 9.99999E+00 1.58489E+01 2.51189E+01 3.98107E+01 6.30957E+00 9.99999E+00 1.58489E+01 2.51189E+01 3.98107E+01 6.30957E+01 
90000 
2.19869E-04 
2.18757E-04 
5.24286E-04 
2.17711E-04 
5.23198E-04 
2.16729E-04 
5.23001E-04 
1.28529E-03 
2.15960E-04 
5.23413E-04 
1.28772E-03 
3.24823E-03 
2.15656E-04 
5.24749E-04 
1.29294E-03 
3.25333E-03 
2.16175E-04 
5.27512E-04 
1.30154E-03 
3.26223E-03 
8.24099E-03 
2.17325E-04 
5.31267E-04 
1.31250E-03 
3.27529E-03 
8.25792E-03 
2.16915E-04 
5.31816E-04 
1.31608E-03 
3.27510E-03 
8.23769E-03 
2.08130E-02 
2.11209E-04 
5.21205E-04 
1.29410E-03 
3.22251E-03 
8.09137E-03 
2.03953E-02 
5.20013E-02 
5.00946E-04 
1.25057E-03 
3.12398E-03 
7.84516E-03 
1.97591E-02 
5.01847E-02 
1.22552E-03 
3.06994E-03 
7.70991E-03 
1.94011E-02 
4.90959E-02 
1.26315E-01 
3.06145E-03 
7.68144E-03 
1.93009E-02 
4.86680E-02 
1.23937E-01 
3.24634E-01 
---
