PdfType: replica
Format: lhagrid1
---
4.34963E-04 7.77181E-04 7.77181E-04 1.38865E-03 1.38865E-03 2.48120E-03 2.48120E-03 2.48120E-03 4.43334E-03 4.43334E-03 4.43334E-03 4.43334E-03 7.92137E-03 7.92137E-03 7.92137E-03 7.92137E-03 1.41537E-02 1.41537E-02 1.41537E-02 1.41537E-02 1.41537E-02 2.52895E-02 2.52895E-02 2.52895E-02 2.52895E-02 2.52895E-02 4.51866E-02 4.51866E-02 4.51866E-02 4.51866E-02 4.51866E-02 4.51866E-02 8.07383E-02 8.07383E-02 8.07383E-02 8.07383E-02 8.07383E-02 8.07383E-02 8.07383E-02 1.44261E-01 1.44261E-01 1.44261E-01 1.44261E-01 1.44261E-01 1.44261E-01 2.57762E-01 2.57762E-01 2.57762E-01 2.57762E-01 2.57762E-01 2.57762E-01 4.60562E-01 4.60562E-01 4.60562E-01 4.60562E-01 4.60562E-01 4.60562E-01 
1.58489E+00 1.58489E+00 2.51189E+00 1.58489E+00 2.51189E+00 1.58489E+00 2.51189E+00 3.98107E+00 1.58489E+00 2.51189E+00 3.98107E+00 6.30957E+00 1.58489E+00 2.51189E+00 3.98107E+00 6.30957E+00 1.58489E+00 2.51189E+00 3.98107E+00 6.30957E+00 9.99999E+00 1.58489E+00 2.51189E+00 3.98107E+00 6.30957E+00 9.99999E+00 1.58489E+00 2.51189E+00 3.98107E+00 6.30957E+00 9.99999E+00 1.58489E+01 1.58489E+00 2.51189E+00 3.98107E+00 6.30957E+00 9.99999E+00 1.58489E+01 2.51189E+01 2.51189E+00 3.98107E+00 6.30957E+00 9.99999E+00 1.58489E+01 2.51189E+01 3.98107E+00 6.30957E+00 9.99999E+00 1.58489E+01 2.51189E+01 3.98107E+01 6.30957E+00 9.99999E+00 1.58489E+01 2.51189E+01 3.98107E+01 6.30957E+01 
90000 
2.18967E-04 
2.17573E-04 
5.21979E-04 
2.16204E-04 
5.20280E-04 
2.14860E-04 
5.19390E-04 
1.27805E-03 
2.13712E-04 
5.19080E-04 
1.27903E-03 
3.22995E-03 
2.13085E-04 
5.19866E-04 
1.28323E-03 
3.23286E-03 
2.13565E-04 
5.22802E-04 
1.29254E-03 
3.24359E-03 
8.20158E-03 
2.15461E-04 
5.28446E-04 
1.30796E-03 
3.26731E-03 
8.24319E-03 
2.16946E-04 
5.32899E-04 
1.31990E-03 
3.28601E-03 
8.26582E-03 
2.08831E-02 
2.12938E-04 
5.25340E-04 
1.30409E-03 
3.24643E-03 
8.14943E-03 
2.05351E-02 
5.23255E-02 
5.06024E-04 
1.26304E-03 
3.15432E-03 
7.91963E-03 
1.99408E-02 
5.06191E-02 
1.23920E-03 
3.10317E-03 
7.78850E-03 
1.95881E-02 
4.95398E-02 
1.27344E-01 
3.06723E-03 
7.69316E-03 
1.93228E-02 
4.87022E-02 
1.23943E-01 
3.24184E-01 
---
