PdfType: replica
Format: lhagrid1
---
4.34963E-04 7.77181E-04 7.77181E-04 1.38865E-03 1.38865E-03 2.48120E-03 2.48120E-03 2.48120E-03 4.43334E-03 4.43334E-03 4.43334E-03 4.43334E-03 7.92137E-03 7.92137E-03 7.92137E-03 7.92137E-03 1.41537E-02 1.41537E-02 1.41537E-02 1.41537E-02 1.41537E-02 2.52895E-02 2.52895E-02 2.52895E-02 2.52895E-02 2.52895E-02 4.51866E-02 4.51866E-02 4.51866E-02 4.51866E-02 4.51866E-02 4.51866E-02 8.07383E-02 8.07383E-02 8.07383E-02 8.07383E-02 8.07383E-02 8.07383E-02 8.07383E-02 1.44261E-01 1.44261E-01 1.44261E-01 1.44261E-01 1.44261E-01 1.44261E-01 2.57762E-01 2.57762E-01 2.57762E-01 2.57762E-01 2.57762E-01 2.57762E-01 4.60562E-01 4.60562E-01 4.60562E-01 4.60562E-01 4.60562E-01 4.60562E-01 
1.58489E+00 1.58489E+00 2.51189E+00 1.58489E+00 2.51189E+00 1.58489E+00 2.51189E+00 3.98107E+00 1.58489E+00 2.51189E+00 3.98107E+00 6.30957E+00 1.58489E+00 2.51189E+00 3.98107E+00 6.30957E+00 1.58489E+00 2.51189E+00 3.98107E+00 6.30957E+00 9.99999E+00 1.58489E+00 2.51189E+00 3.98107E+00 6.30957E+00 9.99999E+00 1.58489E+00 2.51189E+00 3.98107E+00 6.30957E+00 9.99999E+00 1.58489E+01 1.58489E+00 2.51189E+00 3.98107E+00 6.30957E+00 9.99999E+00 1.58489E+01 2.51189E+01 2.51189E+00 3.98107E+00 6.30957E+00 9.99999E+00 1.58489E+01 2.51189E+01 3.98107E+00 6.30957E+00 9.99999E+00 1.58489E+01 2.51189E+01 3.98107E+01 6.30957E+00 9.99999E+00 1.58489E+01 2.51189E+01 3.98107E+01 6.30957E+01 
90000 
2.19252E-04 
2.17988E-04 
5.22766E-04 
2.16778E-04 
5.21415E-04 
2.15623E-04 
5.20913E-04 
1.28130E-03 
2.14660E-04 
5.20949E-04 
1.28292E-03 
3.23871E-03 
2.14112E-04 
5.21818E-04 
1.28712E-03 
3.24141E-03 
2.14375E-04 
5.24152E-04 
1.29486E-03 
3.24840E-03 
8.21264E-03 
2.15545E-04 
5.28068E-04 
1.30620E-03 
3.26233E-03 
8.23041E-03 
2.15758E-04 
5.29713E-04 
1.31183E-03 
3.26611E-03 
8.21796E-03 
2.07703E-02 
2.10571E-04 
5.19912E-04 
1.29138E-03 
3.21644E-03 
8.07833E-03 
2.03670E-02 
5.19398E-02 
5.01373E-04 
1.25190E-03 
3.12755E-03 
7.85476E-03 
1.97843E-02 
5.02516E-02 
1.22752E-03 
3.07350E-03 
7.71550E-03 
1.94089E-02 
4.91046E-02 
1.26323E-01 
3.04371E-03 
7.63604E-03 
1.91847E-02 
4.83705E-02 
1.23166E-01 
3.22501E-01 
---
