PdfType: replica
Format: lhagrid1
---
4.34963E-04 7.77181E-04 7.77181E-04 1.38865E-03 1.38865E-03 2.48120E-03 2.48120E-03 2.48120E-03 4.43334E-03 4.43334E-03 4.43334E-03 4.43334E-03 7.92137E-03 7.92137E-03 7.92137E-03 7.92137E-03 1.41537E-02 1.41537E-02 1.41537E-02 1.41537E-02 1.41537E-02 2.52895E-02 2.52895E-02 2.52895E-02 2.52895E-02 2.52895E-02 4.51866E-02 4.51866E-02 4.51866E-02 4.51866E-02 4.51866E-02 4.51866E-02 8.07383E-02 8.07383E-02 8.07383E-02 8.07383E-02 8.07383E-02 8.07383E-02 8.07383E-02 1.44261E-01 1.44261E-01 1.44261E-01 1.44261E-01 1.44261E-01 1.44261E-01 2.57762E-01 2.57762E-01 2.57762E-01 2.57762E-01 2.57762E-01 2.57762E-01 4.60562E-01 4.60562E-01 4.60562E-01 4.60562E-01 4.60562E-01 4.60562E-01 
1.58489E+00 1.58489E+00 2.51189E+00 1.58489E+00 2.51189E+00 1.58489E+00 2.51189E+00 3.98107E+00 1.58489E+00 2.51189E+00 3.98107E+00 6.30957E+00 1.58489E+00 2.51189E+00 3.98107E+00 6.30957E+00 1.58489E+00 2.51189E+00 3.98107E+00 6.30957E+00 9.99999E+00 1.58489E+00 2.51189E+00 3.98107E+00 6.30957E+00 9.99999E+00 1.58489E+00 2.51189E+00 3.98107E+00 6.30957E+00 9.99999E+00 1.58489E+01 1.58489E+00 2.51189E+00 3.98107E+00 6.30957E+00 9.99999E+00 1.58489E+01 2.51189E+01 2.51189E+00 3.98107E+00 6.30957E+00 9.99999E+00 1.58489E+01 2.51189E+01 3.98107E+00 6.30957E+00 9.99999E+00 1.58489E+01 2.51189E+01 3.98107E+01 6.30957E+00 9.99999E+00 1.58489E+01 2.51189E+01 3.98107E+01 6.30957E+01 
90000 
2.19872E-04 
2.18781E-04 
5.24362E-04 
2.17763E-04 
5.23348E-04 
2.16819E-04 
5.23254E-04 
1.28591E-03 
2.16094E-04 
5.23795E-04 
1.28865E-03 
3.25028E-03 
2.15828E-04 
5.25261E-04 
1.29419E-03 
3.25619E-03 
2.16356E-04 
5.28087E-04 
1.30297E-03 
3.26563E-03 
8.24846E-03 
2.17483E-04 
5.31789E-04 
1.31381E-03 
3.27850E-03 
8.26518E-03 
2.17142E-04 
5.32388E-04 
1.31750E-03 
3.27840E-03 
8.24606E-03 
2.08344E-02 
2.11731E-04 
5.22391E-04 
1.29702E-03 
3.22933E-03 
8.10878E-03 
2.04399E-02 
5.21185E-02 
5.02900E-04 
1.25527E-03 
3.13540E-03 
7.87277E-03 
1.98267E-02 
5.03539E-02 
1.22978E-03 
3.08064E-03 
7.73584E-03 
1.94646E-02 
4.92516E-02 
1.26689E-01 
3.07168E-03 
7.70830E-03 
1.93690E-02 
4.88353E-02 
1.24317E-01 
3.25211E-01 
---
