PdfType: replica
Format: lhagrid1
---
4.34963E-04 7.77181E-04 7.77181E-04 1.38865E-03 1.38865E-03 2.48120E-03 2.48120E-03 2.48120E-03 4.43334E-03 4.43334E-03 4.43334E-03 4.43334E-03 7.92137E-03 7.92137E-03 7.92137E-03 7.92137E-03 1.41537E-02 1.41537E-02 1.41537E-02 1.41537E-02 1.41537E-02 2.52895E-02 2.52895E-02 2.52895E-02 2.52895E-02 2.52895E-02 4.51866E-02 4.51866E-02 4.51866E-02 4.51866E-02 4.51866E-02 4.51866E-02 8.07383E-02 8.07383E-02 8.07383E-02 8.07383E-02 8.07383E-02 8.07383E-02 8.07383E-02 1.44261E-01 1.44261E-01 1.44261E-01 1.44261E-01 1.44261E-01 1.44261E-01 2.57762E-01 2.57762E-01 2.57762E-01 2.57762E-01 2.57762E-01 2.57762E-01 4.60562E-01 4.60562E-01 4.60562E-01 4.60562E-01 4.60562E-01 4.60562E-01 
1.58489E+00 1.58489E+00 2.51189E+00 1.58489E+00 2.51189E+00 1.58489E+00 2.51189E+00 3.98107E+00 1.58489E+00 2.51189E+00 3.98107E+00 6.30957E+00 1.58489E+00 2.51189E+00 3.98107E+00 6.30957E+00 1.58489E+00 2.51189E+00 3.98107E+00 6.30957E+00 9.99999E+00 1.58489E+00 2.51189E+00 3.98107E+00 6.30957E+00 9.99999E+00 1.58489E+00 2.51189E+00 3.98107E+00 6.30957E+00 9.99999E+00 1.58489E+01 1.58489E+00 2.51189E+00 3.98107E+00 6.30957E+00 9.99999E+00 1.58489E+01 2.51189E+01 2.51189E+00 3.98107E+00 6.30957E+00 9.99999E+00 1.58489E+01 2.51189E+01 3.98107E+00 6.30957E+00 9.99999E+00 1.58489E+01 2.51189E+01 3.98107E+01 6.30957E+00 9.99999E+00 1.58489E+01 2.51189E+01 3.98107E+01 6.30957E+01 
90000 
2.19639E-04 
2.18371E-04 
5.23604E-04 
2.17107E-04 
5.22172E-04 
2.15854E-04 
5.21499E-04 
1.28246E-03 
2.14794E-04 
5.21347E-04 
1.28373E-03 
3.24037E-03 
2.14260E-04 
5.22192E-04 
1.28789E-03 
3.24307E-03 
2.14785E-04 
5.24896E-04 
1.29632E-03 
3.25134E-03 
8.21893E-03 
2.16343E-04 
5.29385E-04 
1.30870E-03 
3.26720E-03 
8.24116E-03 
2.16404E-04 
5.30732E-04 
1.31360E-03 
3.26924E-03 
8.22377E-03 
2.07823E-02 
2.10448E-04 
5.19338E-04 
1.28957E-03 
3.21106E-03 
8.06411E-03 
2.03302E-02 
5.18444E-02 
4.99187E-04 
1.24698E-03 
3.11591E-03 
7.82807E-03 
1.97223E-02 
5.01052E-02 
1.22858E-03 
3.07871E-03 
7.73159E-03 
1.94552E-02 
4.92330E-02 
1.26668E-01 
3.07559E-03 
7.71772E-03 
1.93922E-02 
4.88953E-02 
1.24474E-01 
3.25637E-01 
---
