PdfType: replica
Format: lhagrid1
---
4.34963E-04 7.77181E-04 7.77181E-04 1.38865E-03 1.38865E-03 2.48120E-03 2.48120E-03 2.48120E-03 4.43334E-03 4.43334E-03 4.43334E-03 4.43334E-03 7.92137E-03 7.92137E-03 7.92137E-03 7.92137E-03 1.41537E-02 1.41537E-02 1.41537E-02 1.41537E-02 1.41537E-02 2.52895E-02 2.52895E-02 2.52895E-02 2.52895E-02 2.52895E-02 4.51866E-02 4.51866E-02 4.51866E-02 4.51866E-02 4.51866E-02 4.51866E-02 8.07383E-02 8.07383E-02 8.07383E-02 8.07383E-02 8.07383E-02 8.07383E-02 8.07383E-02 1.44261E-01 1.44261E-01 1.44261E-01 1.44261E-01 1.44261E-01 1.44261E-01 2.57762E-01 2.57762E-01 2.57762E-01 2.57762E-01 2.57762E-01 2.57762E-01 4.60562E-01 4.60562E-01 4.60562E-01 4.60562E-01 4.60562E-01 4.60562E-01 
1.58489E+00 1.58489E+00 2.51189E+00 1.58489E+00 2.51189E+00 1.58489E+00 2.51189E+00 3.98107E+00 1.58489E+00 2.51189E+00 3.98107E+00 6.30957E+00 1.58489E+00 2.51189E+00 3.98107E+00 6.30957E+00 1.58489E+00 2.51189E+00 3.98107E+00 6.30957E+00 9.99999E+00 1.58489E+00 2.51189E+00 3.98107E+00 6.30957E+00 9.99999E+00 1.58489E+00 2.51189E+00 3.98107E+00 6.30957E+00 9.99999E+00 1.58489E+01 1.58489E+00 2.51189E+00 3.98107E+00 6.30957E+00 9.99999E+00 1.58489E+01 2.51189E+01 2.51189E+00 3.98107E+00 6.30957E+00 9.99999E+00 1.58489E+01 2.51189E+01 3.98107E+00 6.30957E+00 9.99999E+00 1.58489E+01 2.51189E+01 3.98107E+01 6.30957E+00 9.99999E+00 1.58489E+01 2.51189E+01 3.98107E+01 6.30957E+01 
90000 
2.19360E-04 
2.18173E-04 
5.23141E-04 
2.17058E-04 
5.21950E-04 
2.16011E-04 
5.21647E-04 
1.28265E-03 
2.15177E-04 
5.21945E-04 
1.28488E-03 
3.24196E-03 
2.14788E-04 
5.23147E-04 
1.28984E-03 
3.24663E-03 
2.15185E-04 
5.25749E-04 
1.29815E-03 
3.25512E-03 
8.22601E-03 
2.16266E-04 
5.29449E-04 
1.30900E-03 
3.26815E-03 
8.24262E-03 
2.16130E-04 
5.30438E-04 
1.31336E-03 
3.26930E-03 
8.22539E-03 
2.07891E-02 
2.11018E-04 
5.20788E-04 
1.29322E-03 
3.22025E-03 
8.08688E-03 
2.03880E-02 
5.20041E-02 
5.01146E-04 
1.25094E-03 
3.12468E-03 
7.84634E-03 
1.97617E-02 
5.01960E-02 
1.22520E-03 
3.06900E-03 
7.70631E-03 
1.93898E-02 
4.90630E-02 
1.26217E-01 
3.05402E-03 
7.66291E-03 
1.92534E-02 
4.85430E-02 
1.23588E-01 
3.23459E-01 
---
