PdfType: replica
Format: lhagrid1
---
4.34963E-04 7.77181E-04 7.77181E-04 1.38865E-03 1.38865E-03 2.48120E-03 2.48120E-03 2.48120E-03 4.43334E-03 4.43334E-03 4.43334E-03 4.43334E-03 7.92137E-03 7.92137E-03 7.92137E-03 7.92137E-03 1.41537E-02 1.41537E-02 1.41537E-02 1.41537E-02 1.41537E-02 2.52895E-02 2.52895E-02 2.52895E-02 2.52895E-02 2.52895E-02 4.51866E-02 4.51866E-02 4.51866E-02 4.51866E-02 4.51866E-02 4.51866E-02 8.07383E-02 8.07383E-02 8.07383E-02 8.07383E-02 8.07383E-02 8.07383E-02 8.07383E-02 1.44261E-01 1.44261E-01 1.44261E-01 1.44261E-01 1.44261E-01 1.44261E-01 2.57762E-01 2.57762E-01 2.57762E-01 2.57762E-01 2.57762E-01 2.57762E-01 4.60562E-01 4.60562E-01 4.60562E-01 4.60562E-01 4.60562E-01 4.60562E-01 
1.58489E+00 1.58489E+00 2.51189E+00 1.58489E+00 2.51189E+00 1.58489E+00 2.51189E+00 3.98107E+00 1.58489E+00 2.51189E+00 3.98107E+00 6.30957E+00 1.58489E+00 2.51189E+00 3.98107E+00 6.30957E+00 1.58489E+00 2.51189E+00 3.98107E+00 6.30957E+00 9.99999E+00 1.58489E+00 2.51189E+00 3.98107E+00 6.30957E+00 9.99999E+00 1.58489E+00 2.51189E+00 3.98107E+00 6.30957E+00 9.99999E+00 1.58489E+01 1.58489E+00 2.51189E+00 3.98107E+00 6.30957E+00 9.99999E+00 1.58489E+01 2.51189E+01 2.51189E+00 3.98107E+00 6.30957E+00 9.99999E+00 1.58489E+01 2.51189E+01 3.98107E+00 6.30957E+00 9.99999E+00 1.58489E+01 2.51189E+01 3.98107E+01 6.30957E+00 9.99999E+00 1.58489E+01 2.51189E+01 3.98107E+01 6.30957E+01 
90000 
2.19512E-04 
2.18274E-04 
5.23418E-04 
2.17071E-04 
5.22035E-04 
2.15889E-04 
5.21440E-04 
1.28214E-03 
2.14868E-04 
5.21322E-04 
1.28345E-03 
3.23865E-03 
2.14245E-04 
5.21985E-04 
1.28720E-03 
3.24063E-03 
2.14389E-04 
5.23950E-04 
1.29399E-03 
3.24553E-03 
8.20285E-03 
2.15157E-04 
5.26838E-04 
1.30283E-03 
3.25362E-03 
8.20772E-03 
2.14416E-04 
5.26444E-04 
1.30389E-03 
3.24710E-03 
8.17169E-03 
2.06559E-02 
2.08432E-04 
5.15024E-04 
1.27984E-03 
3.18943E-03 
8.01324E-03 
2.02094E-02 
5.15564E-02 
4.95815E-04 
1.23888E-03 
3.09705E-03 
7.78258E-03 
1.96125E-02 
4.98397E-02 
1.22016E-03 
3.05735E-03 
7.68169E-03 
1.93369E-02 
4.89468E-02 
1.25950E-01 
3.06481E-03 
7.69389E-03 
1.93385E-02 
4.87701E-02 
1.24167E-01 
3.24778E-01 
---
