PdfType: replica
Format: lhagrid1
---
4.34963E-04 7.77181E-04 7.77181E-04 1.38865E-03 1.38865E-03 2.48120E-03 2.48120E-03 2.48120E-03 4.43334E-03 4.43334E-03 4.43334E-03 4.43334E-03 7.92137E-03 7.92137E-03 7.92137E-03 7.92137E-03 1.41537E-02 1.41537E-02 1.41537E-02 1.41537E-02 1.41537E-02 2.52895E-02 2.52895E-02 2.52895E-02 2.52895E-02 2.52895E-02 4.51866E-02 4.51866E-02 4.51866E-02 4.51866E-02 4.51866E-02 4.51866E-02 8.07383E-02 8.07383E-02 8.07383E-02 8.07383E-02 8.07383E-02 8.07383E-02 8.07383E-02 1.44261E-01 1.44261E-01 1.44261E-01 1.44261E-01 1.44261E-01 1.44261E-01 2.57762E-01 2.57762E-01 2.57762E-01 2.57762E-01 2.57762E-01 2.57762E-01 4.60562E-01 4.60562E-01 4.60562E-01 4.60562E-01 4.60562E-01 4.60562E-01 
1.58489E+00 1.58489E+00 2.51189E+00 1.58489E+00 2.51189E+00 1.58489E+00 2.51189E+00 3.98107E+00 1.58489E+00 2.51189E+00 3.98107E+00 6.30957E+00 1.58489E+00 2.51189E+00 3.98107E+00 6.30957E+00 1.58489E+00 2.51189E+00 3.98107E+00 6.30957E+00 9.99999E+00 1.58489E+00 2.51189E+00 3.98107E+00 6.30957E+00 9.99999E+00 1.58489E+00 2.51189E+00 3.98107E+00 6.30957E+00 9.99999E+00 1.58489E+01 1.58489E+00 2.51189E+00 3.98107E+00 6.30957E+00 9.99999E+00 1.58489E+01 2.51189E+01 2.51189E+00 3.98107E+00 6.30957E+00 9.99999E+00 1.58489E+01 2.51189E+01 3.98107E+00 6.30957E+00 9.99999E+00 1.58489E+01 2.51189E+01 3.98107E+01 6.30957E+00 9.99999E+00 1.58489E+01 2.51189E+01 3.98107E+01 6.30957E+01 
90000 
2.19749E-04 
2.18615E-04 
5.24048E-04 
2.17567E-04 
5.22971E-04 
2.16620E-04 
5.22867E-04 
1.28509E-03 
2.15952E-04 
5.23504E-04 
1.28805E-03 
3.24873E-03 
2.15852E-04 
5.25278E-04 
1.29426E-03 
3.25612E-03 
2.16712E-04 
5.28766E-04 
1.30450E-03 
3.26885E-03 
8.25592E-03 
2.18310E-04 
5.33513E-04 
1.31773E-03 
3.28742E-03 
8.28602E-03 
2.18330E-04 
5.35062E-04 
1.32363E-03 
3.29285E-03 
8.27934E-03 
2.09117E-02 
2.12868E-04 
5.24926E-04 
1.30265E-03 
3.24225E-03 
8.13801E-03 
2.05066E-02 
5.22697E-02 
5.03772E-04 
1.25708E-03 
3.13887E-03 
7.88023E-03 
1.98424E-02 
5.03853E-02 
1.22814E-03 
3.07690E-03 
7.72618E-03 
1.94391E-02 
4.91846E-02 
1.26519E-01 
3.06099E-03 
7.68116E-03 
1.92999E-02 
4.86604E-02 
1.23884E-01 
3.24215E-01 
---
