PdfType: replica
Format: lhagrid1
---
4.34963E-04 7.77181E-04 7.77181E-04 1.38865E-03 1.38865E-03 2.48120E-03 2.48120E-03 2.48120E-03 4.43334E-03 4.43334E-03 4.43334E-03 4.43334E-03 7.92137E-03 7.92137E-03 7.92137E-03 7.92137E-03 1.41537E-02 1.41537E-02 1.41537E-02 1.41537E-02 1.41537E-02 2.52895E-02 2.52895E-02 2.52895E-02 2.52895E-02 2.52895E-02 4.51866E-02 4.51866E-02 4.51866E-02 4.51866E-02 4.51866E-02 4.51866E-02 8.07383E-02 8.07383E-02 8.07383E-02 8.07383E-02 8.07383E-02 8.07383E-02 8.07383E-02 1.44261E-01 1.44261E-01 1.44261E-01 1.44261E-01 1.44261E-01 1.44261E-01 2.57762E-01 2.57762E-01 2.57762E-01 2.57762E-01 2.57762E-01 2.57762E-01 4.60562E-01 4.60562E-01 4.60562E-01 4.60562E-01 4.60562E-01 4.60562E-01 
1.58489E+00 1.58489E+00 2.51189E+00 1.58489E+00 2.51189E+00 1.58489E+00 2.51189E+00 3.98107E+00 1.58489E+00 2.51189E+00 3.98107E+00 6.30957E+00 1.58489E+00 2.51189E+00 3.98107E+00 6.30957E+00 1.58489E+00 2.51189E+00 3.98107E+00 6.30957E+00 9.99999E+00 1.58489E+00 2.51189E+00 3.98107E+00 6.30957E+00 9.99999E+00 1.58489E+00 2.51189E+00 3.98107E+00 6.30957E+00 9.99999E+00 1.58489E+01 1.58489E+00 2.51189E+00 3.98107E+00 6.30957E+00 9.99999E+00 1.58489E+01 2.51189E+01 2.51189E+00 3.98107E+00 6.30957E+00 9.99999E+00 1.58489E+01 2.51189E+01 3.98107E+00 6.30957E+00 9.99999E+00 1.58489E+01 2.51189E+01 3.98107E+01 6.30957E+00 9.99999E+00 1.58489E+01 2.51189E+01 3.98107E+01 6.30957E+01 
90000 
2.19979E-04 
2.18872E-04 
5.24539E-04 
2.17819E-04 
5.23431E-04 
2.16816E-04 
5.23208E-04 
1.28571E-03 
2.16036E-04 
5.23641E-04 
1.28828E-03 
3.24912E-03 
2.15813E-04 
5.25231E-04 
1.29419E-03 
3.25602E-03 
2.16691E-04 
5.28821E-04 
1.30471E-03 
3.26934E-03 
8.25748E-03 
2.18576E-04 
5.33998E-04 
1.31859E-03 
3.28868E-03 
8.28799E-03 
2.18456E-04 
5.34733E-04 
1.32191E-03 
3.28710E-03 
8.26243E-03 
2.08653E-02 
2.11097E-04 
5.20491E-04 
1.29176E-03 
3.21591E-03 
8.07323E-03 
2.03466E-02 
5.18679E-02 
4.98240E-04 
1.24494E-03 
3.11184E-03 
7.81825E-03 
1.96984E-02 
5.00434E-02 
1.22676E-03 
3.07405E-03 
7.72133E-03 
1.94316E-02 
4.91747E-02 
1.26509E-01 
3.06937E-03 
7.70338E-03 
1.93574E-02 
4.88073E-02 
1.24244E-01 
3.25001E-01 
---
