PdfType: replica
Format: lhagrid1
---
4.34963E-04 7.77181E-04 7.77181E-04 1.38865E-03 1.38865E-03 2.48120E-03 2.48120E-03 2.48120E-03 4.43334E-03 4.43334E-03 4.43334E-03 4.43334E-03 7.92137E-03 7.92137E-03 7.92137E-03 7.92137E-03 1.41537E-02 1.41537E-02 1.41537E-02 1.41537E-02 1.41537E-02 2.52895E-02 2.52895E-02 2.52895E-02 2.52895E-02 2.52895E-02 4.51866E-02 4.51866E-02 4.51866E-02 4.51866E-02 4.51866E-02 4.51866E-02 8.07383E-02 8.07383E-02 8.07383E-02 8.07383E-02 8.07383E-02 8.07383E-02 8.07383E-02 1.44261E-01 1.44261E-01 1.44261E-01 1.44261E-01 1.44261E-01 1.44261E-01 2.57762E-01 2.57762E-01 2.57762E-01 2.57762E-01 2.57762E-01 2.57762E-01 4.60562E-01 4.60562E-01 4.60562E-01 4.60562E-01 4.60562E-01 4.60562E-01 
1.58489E+00 1.58489E+00 2.51189E+00 1.58489E+00 2.51189E+00 1.58489E+00 2.51189E+00 3.98107E+00 1.58489E+00 2.51189E+00 3.98107E+00 6.30957E+00 1.58489E+00 2.51189E+00 3.98107E+00 6.30957E+00 1.58489E+00 2.51189E+00 3.98107E+00 6.30957E+00 9.99999E+00 1.58489E+00 2.51189E+00 3.98107E+00 6.30957E+00 9.99999E+00 1.58489E+00 2.51189E+00 3.98107E+00 6.30957E+00 9.99999E+00 1.58489E+01 1.58489E+00 2.51189E+00 3.98107E+00 6.30957E+00 9.99999E+00 1.58489E+01 2.51189E+01 2.51189E+00 3.98107E+00 6.30957E+00 9.99999E+00 1.58489E+01 2.51189E+01 3.98107E+00 6.30957E+00 9.99999E+00 1.58489E+01 2.51189E+01 3.98107E+01 6.30957E+00 9.99999E+00 1.58489E+01 2.51189E+01 3.98107E+01 6.30957E+01 
90000 
2.19642E-04 
2.18542E-04 
5.23727E-04 
2.17552E-04 
5.22803E-04 
2.16703E-04 
5.22937E-04 
1.28520E-03 
2.16198E-04 
5.23954E-04 
1.28901E-03 
3.25108E-03 
2.16363E-04 
5.26321E-04 
1.29653E-03 
3.26128E-03 
2.17626E-04 
5.30642E-04 
1.30854E-03 
3.27773E-03 
8.27685E-03 
2.19670E-04 
5.36152E-04 
1.32319E-03 
3.29893E-03 
8.31192E-03 
2.19591E-04 
5.37184E-04 
1.32753E-03 
3.30011E-03 
8.29395E-03 
2.09440E-02 
2.12780E-04 
5.24165E-04 
1.30013E-03 
3.23502E-03 
8.11862E-03 
2.04570E-02 
5.21522E-02 
5.01171E-04 
1.25097E-03 
3.12459E-03 
7.84590E-03 
1.97602E-02 
5.01909E-02 
1.22558E-03 
3.07035E-03 
7.70981E-03 
1.93991E-02 
4.90891E-02 
1.26306E-01 
3.05661E-03 
7.66933E-03 
1.92695E-02 
4.85857E-02 
1.23710E-01 
3.23873E-01 
---
