PdfType: replica
Format: lhagrid1
---
4.34963E-04 7.77181E-04 7.77181E-04 1.38865E-03 1.38865E-03 2.48120E-03 2.48120E-03 2.48120E-03 4.43334E-03 4.43334E-03 4.43334E-03 4.43334E-03 7.92137E-03 7.92137E-03 7.92137E-03 7.92137E-03 1.41537E-02 1.41537E-02 1.41537E-02 1.41537E-02 1.41537E-02 2.52895E-02 2.52895E-02 2.52895E-02 2.52895E-02 2.52895E-02 4.51866E-02 4.51866E-02 4.51866E-02 4.51866E-02 4.51866E-02 4.51866E-02 8.07383E-02 8.07383E-02 8.07383E-02 8.07383E-02 8.07383E-02 8.07383E-02 8.07383E-02 1.44261E-01 1.44261E-01 1.44261E-01 1.44261E-01 1.44261E-01 1.44261E-01 2.57762E-01 2.57762E-01 2.57762E-01 2.57762E-01 2.57762E-01 2.57762E-01 4.60562E-01 4.60562E-01 4.60562E-01 4.60562E-01 4.60562E-01 4.60562E-01 
1.58489E+00 1.58489E+00 2.51189E+00 1.58489E+00 2.51189E+00 1.58489E+00 2.51189E+00 3.98107E+00 1.58489E+00 2.51189E+00 3.98107E+00 6.30957E+00 1.58489E+00 2.51189E+00 3.98107E+00 6.30957E+00 1.58489E+00 2.51189E+00 3.98107E+00 6.30957E+00 9.99999E+00 1.58489E+00 2.51189E+00 3.98107E+00 6.30957E+00 9.99999E+00 1.58489E+00 2.51189E+00 3.98107E+00 6.30957E+00 9.99999E+00 1.58489E+01 1.58489E+00 2.51189E+00 3.98107E+00 6.30957E+00 9.99999E+00 1.58489E+01 2.51189E+01 2.51189E+00 3.98107E+00 6.30957E+00 9.99999E+00 1.58489E+01 2.51189E+01 3.98107E+00 6.30957E+00 9.99999E+00 1.58489E+01 2.51189E+01 3.98107E+01 6.30957E+00 9.99999E+00 1.58489E+01 2.51189E+01 3.98107E+01 6.30957E+01 
90000 
2.19438E-04 
2.18195E-04 
5.23153E-04 
2.17002E-04 
5.21842E-04 
2.15872E-04 
5.21403E-04 
1.28215E-03 
2.14980E-04 
5.21594E-04 
1.28414E-03 
3.24090E-03 
2.14624E-04 
5.22820E-04 
1.28910E-03 
3.24538E-03 
2.15229E-04 
5.25725E-04 
1.29796E-03 
3.25469E-03 
8.22508E-03 
2.16644E-04 
5.29962E-04 
1.30981E-03 
3.26956E-03 
8.24547E-03 
2.16495E-04 
5.30904E-04 
1.31392E-03 
3.27004E-03 
8.22549E-03 
2.07842E-02 
2.10639E-04 
5.19734E-04 
1.29038E-03 
3.21303E-03 
8.06839E-03 
2.03397E-02 
5.18679E-02 
4.99025E-04 
1.24615E-03 
3.11326E-03 
7.82042E-03 
1.97015E-02 
5.00513E-02 
1.22437E-03 
3.06825E-03 
7.70666E-03 
1.93953E-02 
4.90872E-02 
1.26309E-01 
3.06993E-03 
7.70565E-03 
1.93658E-02 
4.88353E-02 
1.24335E-01 
3.25300E-01 
---
