PdfType: replica
Format: lhagrid1
---
4.34963E-04 7.77181E-04 7.77181E-04 1.38865E-03 1.38865E-03 2.48120E-03 2.48120E-03 2.48120E-03 4.43334E-03 4.43334E-03 4.43334E-03 4.43334E-03 7.92137E-03 7.92137E-03 7.92137E-03 7.92137E-03 1.41537E-02 1.41537E-02 1.41537E-02 1.41537E-02 1.41537E-02 2.52895E-02 2.52895E-02 2.52895E-02 2.52895E-02 2.52895E-02 4.51866E-02 4.51866E-02 4.51866E-02 4.51866E-02 4.51866E-02 4.51866E-02 8.07383E-02 8.07383E-02 8.07383E-02 8.07383E-02 8.07383E-02 8.07383E-02 8.07383E-02 1.44261E-01 1.44261E-01 1.44261E-01 1.44261E-01 1.44261E-01 1.44261E-01 2.57762E-01 2.57762E-01 2.57762E-01 2.57762E-01 2.57762E-01 2.57762E-01 4.60562E-01 4.60562E-01 4.60562E-01 4.60562E-01 4.60562E-01 4.60562E-01 
1.58489E+00 1.58489E+00 2.51189E+00 1.58489E+00 2.51189E+00 1.58489E+00 2.51189E+00 3.98107E+00 1.58489E+00 2.51189E+00 3.98107E+00 6.30957E+00 1.58489E+00 2.51189E+00 3.98107E+00 6.30957E+00 1.58489E+00 2.51189E+00 3.98107E+00 6.30957E+00 9.99999E+00 1.58489E+00 2.51189E+00 3.98107E+00 6.30957E+00 9.99999E+00 1.58489E+00 2.51189E+00 3.98107E+00 6.30957E+00 9.99999E+00 1.58489E+01 1.58489E+00 2.51189E+00 3.98107E+00 6.30957E+00 9.99999E+00 1.58489E+01 2.51189E+01 2.51189E+00 3.98107E+00 6.30957E+00 9.99999E+00 1.58489E+01 2.51189E+01 3.98107E+00 6.30957E+00 9.99999E+00 1.58489E+01 2.51189E+01 3.98107E+01 6.30957E+00 9.99999E+00 1.58489E+01 2.51189E+01 3.98107E+01 6.30957E+01 
90000 
2.19941E-04 
2.18851E-04 
5.24579E-04 
2.17863E-04 
5.23663E-04 
2.17022E-04 
5.23816E-04 
1.28727E-03 
2.16563E-04 
5.24913E-04 
1.29125E-03 
3.25646E-03 
2.16876E-04 
5.27534E-04 
1.29929E-03 
3.26777E-03 
2.18477E-04 
5.32453E-04 
1.31254E-03 
3.28696E-03 
8.29947E-03 
2.20988E-04 
5.38833E-04 
1.32900E-03 
3.31229E-03 
8.34322E-03 
2.20964E-04 
5.40011E-04 
1.33360E-03 
3.31408E-03 
8.32575E-03 
2.10189E-02 
2.13479E-04 
5.25599E-04 
1.30322E-03 
3.24196E-03 
8.13517E-03 
2.04964E-02 
5.22414E-02 
5.02144E-04 
1.25370E-03 
3.13156E-03 
7.86519E-03 
1.98113E-02 
5.03197E-02 
1.23180E-03 
3.08714E-03 
7.75310E-03 
1.95094E-02 
4.93663E-02 
1.26979E-01 
3.08562E-03 
7.74772E-03 
1.94731E-02 
4.91014E-02 
1.24970E-01 
3.26651E-01 
---
