PdfType: replica
Format: lhagrid1
---
4.34963E-04 7.77181E-04 7.77181E-04 1.38865E-03 1.38865E-03 2.48120E-03 2.48120E-03 2.48120E-03 4.43334E-03 4.43334E-03 4.43334E-03 4.43334E-03 7.92137E-03 7.92137E-03 7.92137E-03 7.92137E-03 1.41537E-02 1.41537E-02 1.41537E-02 1.41537E-02 1.41537E-02 2.52895E-02 2.52895E-02 2.52895E-02 2.52895E-02 2.52895E-02 4.51866E-02 4.51866E-02 4.51866E-02 4.51866E-02 4.51866E-02 4.51866E-02 8.07383E-02 8.07383E-02 8.07383E-02 8.07383E-02 8.07383E-02 8.07383E-02 8.07383E-02 1.44261E-01 1.44261E-01 1.44261E-01 1.44261E-01 1.44261E-01 1.44261E-01 2.57762E-01 2.57762E-01 2.57762E-01 2.57762E-01 2.57762E-01 2.57762E-01 4.60562E-01 4.60562E-01 4.60562E-01 4.60562E-01 4.60562E-01 4.60562E-01 
1.58489E+00 1.58489E+00 2.51189E+00 1.58489E+00 2.51189E+00 1.58489E+00 2.51189E+00 3.98107E+00 1.58489E+00 2.51189E+00 3.98107E+00 6.30957E+00 1.58489E+00 2.51189E+00 3.98107E+00 6.30957E+00 1.58489E+00 2.51189E+00 3.98107E+00 6.30957E+00 9.99999E+00 1.58489E+00 2.51189E+00 3.98107E+00 6.30957E+00 9.99999E+00 1.58489E+00 2.51189E+00 3.98107E+00 6.30957E+00 9.99999E+00 1.58489E+01 1.58489E+00 2.51189E+00 3.98107E+00 6.30957E+00 9.99999E+00 1.58489E+01 2.51189E+01 2.51189E+00 3.98107E+00 6.30957E+00 9.99999E+00 1.58489E+01 2.51189E+01 3.98107E+00 6.30957E+00 9.99999E+00 1.58489E+01 2.51189E+01 3.98107E+01 6.30957E+00 9.99999E+00 1.58489E+01 2.51189E+01 3.98107E+01 6.30957E+01 
90000 
2.19636E-04 
2.18398E-04 
5.23646E-04 
2.17151E-04 
5.22206E-04 
2.15869E-04 
5.21429E-04 
1.28226E-03 
2.14671E-04 
5.20967E-04 
1.28283E-03 
3.23825E-03 
2.13791E-04 
5.21133E-04 
1.28554E-03 
3.23778E-03 
2.13677E-04 
5.22678E-04 
1.29161E-03 
3.24115E-03 
8.19590E-03 
2.14521E-04 
5.25953E-04 
1.30160E-03 
3.25217E-03 
8.20741E-03 
2.14695E-04 
5.27549E-04 
1.30709E-03 
3.25553E-03 
8.19381E-03 
2.07147E-02 
2.09892E-04 
5.18320E-04 
1.28758E-03 
3.20714E-03 
8.05631E-03 
2.03143E-02 
5.18114E-02 
4.99527E-04 
1.24778E-03 
3.11791E-03 
7.83302E-03 
1.97345E-02 
5.01335E-02 
1.22921E-03 
3.08013E-03 
7.73541E-03 
1.94653E-02 
4.92584E-02 
1.26724E-01 
3.07658E-03 
7.72160E-03 
1.94033E-02 
4.89206E-02 
1.24510E-01 
3.25507E-01 
---
