PdfType: replica
Format: lhagrid1
---
4.34963E-04 7.77181E-04 7.77181E-04 1.38865E-03 1.38865E-03 2.48120E-03 2.48120E-03 2.48120E-03 4.43334E-03 4.43334E-03 4.43334E-03 4.43334E-03 7.92137E-03 7.92137E-03 7.92137E-03 7.92137E-03 1.41537E-02 1.41537E-02 1.41537E-02 1.41537E-02 1.41537E-02 2.52895E-02 2.52895E-02 2.52895E-02 2.52895E-02 2.52895E-02 4.51866E-02 4.51866E-02 4.51866E-02 4.51866E-02 4.51866E-02 4.51866E-02 8.07383E-02 8.07383E-02 8.07383E-02 8.07383E-02 8.07383E-02 8.07383E-02 8.07383E-02 1.44261E-01 1.44261E-01 1.44261E-01 1.44261E-01 1.44261E-01 1.44261E-01 2.57762E-01 2.57762E-01 2.57762E-01 2.57762E-01 2.57762E-01 2.57762E-01 4.60562E-01 4.60562E-01 4.60562E-01 4.60562E-01 4.60562E-01 4.60562E-01 
1.58489E+00 1.58489E+00 2.51189E+00 1.58489E+00 2.51189E+00 1.58489E+00 2.51189E+00 3.98107E+00 1.58489E+00 2.51189E+00 3.98107E+00 6.30957E+00 1.58489E+00 2.51189E+00 3.98107E+00 6.30957E+00 1.58489E+00 2.51189E+00 3.98107E+00 6.30957E+00 9.99999E+00 1.58489E+00 2.51189E+00 3.98107E+00 6.30957E+00 9.99999E+00 1.58489E+00 2.51189E+00 3.98107E+00 6.30957E+00 9.99999E+00 1.58489E+01 1.58489E+00 2.51189E+00 3.98107E+00 6.30957E+00 9.99999E+00 1.58489E+01 2.51189E+01 2.51189E+00 3.98107E+00 6.30957E+00 9.99999E+00 1.58489E+01 2.51189E+01 3.98107E+00 6.30957E+00 9.99999E+00 1.58489E+01 2.51189E+01 3.98107E+01 6.30957E+00 9.99999E+00 1.58489E+01 2.51189E+01 3.98107E+01 6.30957E+01 
90000 
2.19602E-04 
2.18387E-04 
5.23519E-04 
2.17223E-04 
5.22255E-04 
2.16125E-04 
5.21883E-04 
1.28308E-03 
2.15278E-04 
5.22186E-04 
1.28536E-03 
3.24334E-03 
2.15016E-04 
5.23644E-04 
1.29091E-03 
3.24918E-03 
2.15848E-04 
5.27059E-04 
1.30099E-03 
3.26127E-03 
8.24051E-03 
2.17701E-04 
5.32246E-04 
1.31508E-03 
3.28135E-03 
8.27349E-03 
2.18044E-04 
5.34331E-04 
1.32191E-03 
3.28864E-03 
8.26954E-03 
2.08909E-02 
2.12285E-04 
5.23534E-04 
1.29933E-03 
3.23457E-03 
8.11903E-03 
2.04607E-02 
5.21639E-02 
5.01991E-04 
1.25306E-03 
3.12998E-03 
7.86003E-03 
1.97966E-02 
5.02815E-02 
1.22920E-03 
3.07947E-03 
7.73380E-03 
1.94614E-02 
4.92487E-02 
1.26703E-01 
3.07529E-03 
7.71820E-03 
1.93953E-02 
4.89042E-02 
1.24496E-01 
3.25672E-01 
---
