PdfType: replica
Format: lhagrid1
---
4.34963E-04 7.77181E-04 7.77181E-04 1.38865E-03 1.38865E-03 2.48120E-03 2.48120E-03 2.48120E-03 4.43334E-03 4.43334E-03 4.43334E-03 4.43334E-03 7.92137E-03 7.92137E-03 7.92137E-03 7.92137E-03 1.41537E-02 1.41537E-02 1.41537E-02 1.41537E-02 1.41537E-02 2.52895E-02 2.52895E-02 2.52895E-02 2.52895E-02 2.52895E-02 4.51866E-02 4.51866E-02 4.51866E-02 4.51866E-02 4.51866E-02 4.51866E-02 8.07383E-02 8.07383E-02 8.07383E-02 8.07383E-02 8.07383E-02 8.07383E-02 8.07383E-02 1.44261E-01 1.44261E-01 1.44261E-01 1.44261E-01 1.44261E-01 1.44261E-01 2.57762E-01 2.57762E-01 2.57762E-01 2.57762E-01 2.57762E-01 2.57762E-01 4.60562E-01 4.60562E-01 4.60562E-01 4.60562E-01 4.60562E-01 4.60562E-01 
1.58489E+00 1.58489E+00 2.51189E+00 1.58489E+00 2.51189E+00 1.58489E+00 2.51189E+00 3.98107E+00 1.58489E+00 2.51189E+00 3.98107E+00 6.30957E+00 1.58489E+00 2.51189E+00 3.98107E+00 6.30957E+00 1.58489E+00 2.51189E+00 3.98107E+00 6.30957E+00 9.99999E+00 1.58489E+00 2.51189E+00 3.98107E+00 6.30957E+00 9.99999E+00 1.58489E+00 2.51189E+00 3.98107E+00 6.30957E+00 9.99999E+00 1.58489E+01 1.58489E+00 2.51189E+00 3.98107E+00 6.30957E+00 9.99999E+00 1.58489E+01 2.51189E+01 2.51189E+00 3.98107E+00 6.30957E+00 9.99999E+00 1.58489E+01 2.51189E+01 3.98107E+00 6.30957E+00 9.99999E+00 1.58489E+01 2.51189E+01 3.98107E+01 6.30957E+00 9.99999E+00 1.58489E+01 2.51189E+01 3.98107E+01 6.30957E+01 
90000 
2.20386E-04 
2.19121E-04 
5.24476E-04 
2.17910E-04 
5.23155E-04 
2.16763E-04 
5.22759E-04 
1.28456E-03 
2.15854E-04 
5.23016E-04 
1.28677E-03 
3.24603E-03 
2.15470E-04 
5.24315E-04 
1.29205E-03 
3.25125E-03 
2.16059E-04 
5.27353E-04 
1.30140E-03 
3.26191E-03 
8.24035E-03 
2.17556E-04 
5.31909E-04 
1.31416E-03 
3.27906E-03 
8.26640E-03 
2.17505E-04 
5.33059E-04 
1.31876E-03 
3.28083E-03 
8.24977E-03 
2.08382E-02 
2.11291E-04 
5.21235E-04 
1.29398E-03 
3.22169E-03 
8.08892E-03 
2.03883E-02 
5.19810E-02 
5.00901E-04 
1.25079E-03 
3.12488E-03 
7.84834E-03 
1.97693E-02 
5.02172E-02 
1.22769E-03 
3.07521E-03 
7.72156E-03 
1.94279E-02 
4.91591E-02 
1.26467E-01 
3.06520E-03 
7.69313E-03 
1.93336E-02 
4.87536E-02 
1.24129E-01 
3.24776E-01 
---
