PdfType: replica
Format: lhagrid1
---
4.34963E-04 7.77181E-04 7.77181E-04 1.38865E-03 1.38865E-03 2.48120E-03 2.48120E-03 2.48120E-03 4.43334E-03 4.43334E-03 4.43334E-03 4.43334E-03 7.92137E-03 7.92137E-03 7.92137E-03 7.92137E-03 1.41537E-02 1.41537E-02 1.41537E-02 1.41537E-02 1.41537E-02 2.52895E-02 2.52895E-02 2.52895E-02 2.52895E-02 2.52895E-02 4.51866E-02 4.51866E-02 4.51866E-02 4.51866E-02 4.51866E-02 4.51866E-02 8.07383E-02 8.07383E-02 8.07383E-02 8.07383E-02 8.07383E-02 8.07383E-02 8.07383E-02 1.44261E-01 1.44261E-01 1.44261E-01 1.44261E-01 1.44261E-01 1.44261E-01 2.57762E-01 2.57762E-01 2.57762E-01 2.57762E-01 2.57762E-01 2.57762E-01 4.60562E-01 4.60562E-01 4.60562E-01 4.60562E-01 4.60562E-01 4.60562E-01 
1.58489E+00 1.58489E+00 2.51189E+00 1.58489E+00 2.51189E+00 1.58489E+00 2.51189E+00 3.98107E+00 1.58489E+00 2.51189E+00 3.98107E+00 6.30957E+00 1.58489E+00 2.51189E+00 3.98107E+00 6.30957E+00 1.58489E+00 2.51189E+00 3.98107E+00 6.30957E+00 9.99999E+00 1.58489E+00 2.51189E+00 3.98107E+00 6.30957E+00 9.99999E+00 1.58489E+00 2.51189E+00 3.98107E+00 6.30957E+00 9.99999E+00 1.58489E+01 1.58489E+00 2.51189E+00 3.98107E+00 6.30957E+00 9.99999E+00 1.58489E+01 2.51189E+01 2.51189E+00 3.98107E+00 6.30957E+00 9.99999E+00 1.58489E+01 2.51189E+01 3.98107E+00 6.30957E+00 9.99999E+00 1.58489E+01 2.51189E+01 3.98107E+01 6.30957E+00 9.99999E+00 1.58489E+01 2.51189E+01 3.98107E+01 6.30957E+01 
90000 
2.19798E-04 
2.18553E-04 
5.23944E-04 
2.17293E-04 
5.22453E-04 
2.15993E-04 
5.21621E-04 
1.28255E-03 
2.14782E-04 
5.21112E-04 
1.28300E-03 
3.23847E-03 
2.13917E-04 
5.21269E-04 
1.28566E-03 
3.23779E-03 
2.13850E-04 
5.22813E-04 
1.29160E-03 
3.24047E-03 
8.19395E-03 
2.14571E-04 
5.25648E-04 
1.30036E-03 
3.24815E-03 
8.19651E-03 
2.13819E-04 
5.25215E-04 
1.30116E-03 
3.24077E-03 
8.15660E-03 
2.06216E-02 
2.07486E-04 
5.12941E-04 
1.27512E-03 
3.17820E-03 
7.98700E-03 
2.01471E-02 
5.14040E-02 
4.94739E-04 
1.23709E-03 
3.09348E-03 
7.77661E-03 
1.96026E-02 
4.98198E-02 
1.22522E-03 
3.07090E-03 
7.71479E-03 
1.94183E-02 
4.91467E-02 
1.26424E-01 
3.08105E-03 
7.73479E-03 
1.94401E-02 
4.90176E-02 
1.24721E-01 
3.25392E-01 
---
