PdfType: replica
Format: lhagrid1
---
4.34963E-04 7.77181E-04 7.77181E-04 1.38865E-03 1.38865E-03 2.48120E-03 2.48120E-03 2.48120E-03 4.43334E-03 4.43334E-03 4.43334E-03 4.43334E-03 7.92137E-03 7.92137E-03 7.92137E-03 7.92137E-03 1.41537E-02 1.41537E-02 1.41537E-02 1.41537E-02 1.41537E-02 2.52895E-02 2.52895E-02 2.52895E-02 2.52895E-02 2.52895E-02 4.51866E-02 4.51866E-02 4.51866E-02 4.51866E-02 4.51866E-02 4.51866E-02 8.07383E-02 8.07383E-02 8.07383E-02 8.07383E-02 8.07383E-02 8.07383E-02 8.07383E-02 1.44261E-01 1.44261E-01 1.44261E-01 1.44261E-01 1.44261E-01 1.44261E-01 2.57762E-01 2.57762E-01 2.57762E-01 2.57762E-01 2.57762E-01 2.57762E-01 4.60562E-01 4.60562E-01 4.60562E-01 4.60562E-01 4.60562E-01 4.60562E-01 
1.58489E+00 1.58489E+00 2.51189E+00 1.58489E+00 2.51189E+00 1.58489E+00 2.51189E+00 3.98107E+00 1.58489E+00 2.51189E+00 3.98107E+00 6.30957E+00 1.58489E+00 2.51189E+00 3.98107E+00 6.30957E+00 1.58489E+00 2.51189E+00 3.98107E+00 6.30957E+00 9.99999E+00 1.58489E+00 2.51189E+00 3.98107E+00 6.30957E+00 9.99999E+00 1.58489E+00 2.51189E+00 3.98107E+00 6.30957E+00 9.99999E+00 1.58489E+01 1.58489E+00 2.51189E+00 3.98107E+00 6.30957E+00 9.99999E+00 1.58489E+01 2.51189E+01 2.51189E+00 3.98107E+00 6.30957E+00 9.99999E+00 1.58489E+01 2.51189E+01 3.98107E+00 6.30957E+00 9.99999E+00 1.58489E+01 2.51189E+01 3.98107E+01 6.30957E+00 9.99999E+00 1.58489E+01 2.51189E+01 3.98107E+01 6.30957E+01 
90000 
2.19709E-04 
2.18544E-04 
5.23906E-04 
2.17437E-04 
5.22758E-04 
2.16405E-04 
5.22523E-04 
1.28443E-03 
2.15643E-04 
5.22994E-04 
1.28707E-03 
3.24695E-03 
2.15487E-04 
5.24653E-04 
1.29301E-03 
3.25383E-03 
2.16423E-04 
5.28208E-04 
1.30326E-03 
3.26635E-03 
8.25081E-03 
2.18230E-04 
5.33106E-04 
1.31642E-03 
3.28393E-03 
8.27755E-03 
2.18041E-04 
5.33804E-04 
1.31984E-03 
3.28259E-03 
8.25328E-03 
2.08473E-02 
2.11299E-04 
5.20887E-04 
1.29263E-03 
3.21758E-03 
8.07829E-03 
2.03617E-02 
5.19180E-02 
4.99205E-04 
1.24663E-03 
3.11455E-03 
7.82371E-03 
1.97100E-02 
5.00725E-02 
1.22576E-03 
3.07137E-03 
7.71359E-03 
1.94109E-02 
4.91218E-02 
1.26379E-01 
3.06840E-03 
7.70027E-03 
1.93495E-02 
4.87883E-02 
1.24200E-01 
3.24893E-01 
---
