PdfType: replica
Format: lhagrid1
---
4.34963E-04 7.77181E-04 7.77181E-04 1.38865E-03 1.38865E-03 2.48120E-03 2.48120E-03 2.48120E-03 4.43334E-03 4.43334E-03 4.43334E-03 4.43334E-03 7.92137E-03 7.92137E-03 7.92137E-03 7.92137E-03 1.41537E-02 1.41537E-02 1.41537E-02 1.41537E-02 1.41537E-02 2.52895E-02 2.52895E-02 2.52895E-02 2.52895E-02 2.52895E-02 4.51866E-02 4.51866E-02 4.51866E-02 4.51866E-02 4.51866E-02 4.51866E-02 8.07383E-02 8.07383E-02 8.07383E-02 8.07383E-02 8.07383E-02 8.07383E-02 8.07383E-02 1.44261E-01 1.44261E-01 1.44261E-01 1.44261E-01 1.44261E-01 1.44261E-01 2.57762E-01 2.57762E-01 2.57762E-01 2.57762E-01 2.57762E-01 2.57762E-01 4.60562E-01 4.60562E-01 4.60562E-01 4.60562E-01 4.60562E-01 4.60562E-01 
1.58489E+00 1.58489E+00 2.51189E+00 1.58489E+00 2.51189E+00 1.58489E+00 2.51189E+00 3.98107E+00 1.58489E+00 2.51189E+00 3.98107E+00 6.30957E+00 1.58489E+00 2.51189E+00 3.98107E+00 6.30957E+00 1.58489E+00 2.51189E+00 3.98107E+00 6.30957E+00 9.99999E+00 1.58489E+00 2.51189E+00 3.98107E+00 6.30957E+00 9.99999E+00 1.58489E+00 2.51189E+00 3.98107E+00 6.30957E+00 9.99999E+00 1.58489E+01 1.58489E+00 2.51189E+00 3.98107E+00 6.30957E+00 9.99999E+00 1.58489E+01 2.51189E+01 2.51189E+00 3.98107E+00 6.30957E+00 9.99999E+00 1.58489E+01 2.51189E+01 3.98107E+00 6.30957E+00 9.99999E+00 1.58489E+01 2.51189E+01 3.98107E+01 6.30957E+00 9.99999E+00 1.58489E+01 2.51189E+01 3.98107E+01 6.30957E+01 
90000 
2.19531E-04 
2.18331E-04 
5.23533E-04 
2.17204E-04 
5.22297E-04 
2.16151E-04 
5.21962E-04 
1.28342E-03 
2.15304E-04 
5.22207E-04 
1.28544E-03 
3.24402E-03 
2.14856E-04 
5.23237E-04 
1.28992E-03 
3.24730E-03 
2.15058E-04 
5.25376E-04 
1.29717E-03 
3.25320E-03 
8.22161E-03 
2.15758E-04 
5.28376E-04 
1.30672E-03 
3.26352E-03 
8.23265E-03 
2.15589E-04 
5.29750E-04 
1.31271E-03 
3.26947E-03 
8.22909E-03 
2.08006E-02 
2.12084E-04 
5.23965E-04 
1.30180E-03 
3.24246E-03 
8.14352E-03 
2.05295E-02 
5.23442E-02 
5.07949E-04 
1.26671E-03 
3.16162E-03 
7.93383E-03 
1.99698E-02 
5.06926E-02 
1.23112E-03 
3.08207E-03 
7.73567E-03 
1.94565E-02 
4.92166E-02 
1.26579E-01 
3.04772E-03 
7.64632E-03 
1.92099E-02 
4.84299E-02 
1.23304E-01 
3.22807E-01 
---
