PdfType: replica
Format: lhagrid1
---
4.34963E-04 7.77181E-04 7.77181E-04 1.38865E-03 1.38865E-03 2.48120E-03 2.48120E-03 2.48120E-03 4.43334E-03 4.43334E-03 4.43334E-03 4.43334E-03 7.92137E-03 7.92137E-03 7.92137E-03 7.92137E-03 1.41537E-02 1.41537E-02 1.41537E-02 1.41537E-02 1.41537E-02 2.52895E-02 2.52895E-02 2.52895E-02 2.52895E-02 2.52895E-02 4.51866E-02 4.51866E-02 4.51866E-02 4.51866E-02 4.51866E-02 4.51866E-02 8.07383E-02 8.07383E-02 8.07383E-02 8.07383E-02 8.07383E-02 8.07383E-02 8.07383E-02 1.44261E-01 1.44261E-01 1.44261E-01 1.44261E-01 1.44261E-01 1.44261E-01 2.57762E-01 2.57762E-01 2.57762E-01 2.57762E-01 2.57762E-01 2.57762E-01 4.60562E-01 4.60562E-01 4.60562E-01 4.60562E-01 4.60562E-01 4.60562E-01 
1.58489E+00 1.58489E+00 2.51189E+00 1.58489E+00 2.51189E+00 1.58489E+00 2.51189E+00 3.98107E+00 1.58489E+00 2.51189E+00 3.98107E+00 6.30957E+00 1.58489E+00 2.51189E+00 3.98107E+00 6.30957E+00 1.58489E+00 2.51189E+00 3.98107E+00 6.30957E+00 9.99999E+00 1.58489E+00 2.51189E+00 3.98107E+00 6.30957E+00 9.99999E+00 1.58489E+00 2.51189E+00 3.98107E+00 6.30957E+00 9.99999E+00 1.58489E+01 1.58489E+00 2.51189E+00 3.98107E+00 6.30957E+00 9.99999E+00 1.58489E+01 2.51189E+01 2.51189E+00 3.98107E+00 6.30957E+00 9.99999E+00 1.58489E+01 2.51189E+01 3.98107E+00 6.30957E+00 9.99999E+00 1.58489E+01 2.51189E+01 3.98107E+01 6.30957E+00 9.99999E+00 1.58489E+01 2.51189E+01 3.98107E+01 6.30957E+01 
90000 
2.19712E-04 
2.18578E-04 
5.23926E-04 
2.17526E-04 
5.22894E-04 
2.16584E-04 
5.22841E-04 
1.28513E-03 
2.15961E-04 
5.23599E-04 
1.28839E-03 
3.24977E-03 
2.16004E-04 
5.25678E-04 
1.29525E-03 
3.25858E-03 
2.17176E-04 
5.29739E-04 
1.30659E-03 
3.27347E-03 
8.26777E-03 
2.19094E-04 
5.34853E-04 
1.32012E-03 
3.29183E-03 
8.29500E-03 
2.18492E-04 
5.34592E-04 
1.32122E-03 
3.28504E-03 
8.25698E-03 
2.08535E-02 
2.10717E-04 
5.19447E-04 
1.28906E-03 
3.20879E-03 
8.05621E-03 
2.03066E-02 
5.17807E-02 
4.97077E-04 
1.24189E-03 
3.10372E-03 
7.79824E-03 
1.96494E-02 
4.99269E-02 
1.22385E-03 
3.06692E-03 
7.70303E-03 
1.93857E-02 
4.90619E-02 
1.26242E-01 
3.06721E-03 
7.69710E-03 
1.93417E-02 
4.87706E-02 
1.24163E-01 
3.24839E-01 
---
