PdfType: replica
Format: lhagrid1
---
4.34963E-04 7.77181E-04 7.77181E-04 1.38865E-03 1.38865E-03 2.48120E-03 2.48120E-03 2.48120E-03 4.43334E-03 4.43334E-03 4.43334E-03 4.43334E-03 7.92137E-03 7.92137E-03 7.92137E-03 7.92137E-03 1.41537E-02 1.41537E-02 1.41537E-02 1.41537E-02 1.41537E-02 2.52895E-02 2.52895E-02 2.52895E-02 2.52895E-02 2.52895E-02 4.51866E-02 4.51866E-02 4.51866E-02 4.51866E-02 4.51866E-02 4.51866E-02 8.07383E-02 8.07383E-02 8.07383E-02 8.07383E-02 8.07383E-02 8.07383E-02 8.07383E-02 1.44261E-01 1.44261E-01 1.44261E-01 1.44261E-01 1.44261E-01 1.44261E-01 2.57762E-01 2.57762E-01 2.57762E-01 2.57762E-01 2.57762E-01 2.57762E-01 4.60562E-01 4.60562E-01 4.60562E-01 4.60562E-01 4.60562E-01 4.60562E-01 
1.58489E+00 1.58489E+00 2.51189E+00 1.58489E+00 2.51189E+00 1.58489E+00 2.51189E+00 3.98107E+00 1.58489E+00 2.51189E+00 3.98107E+00 6.30957E+00 1.58489E+00 2.51189E+00 3.98107E+00 6.30957E+00 1.58489E+00 2.51189E+00 3.98107E+00 6.30957E+00 9.99999E+00 1.58489E+00 2.51189E+00 3.98107E+00 6.30957E+00 9.99999E+00 1.58489E+00 2.51189E+00 3.98107E+00 6.30957E+00 9.99999E+00 1.58489E+01 1.58489E+00 2.51189E+00 3.98107E+00 6.30957E+00 9.99999E+00 1.58489E+01 2.51189E+01 2.51189E+00 3.98107E+00 6.30957E+00 9.99999E+00 1.58489E+01 2.51189E+01 3.98107E+00 6.30957E+00 9.99999E+00 1.58489E+01 2.51189E+01 3.98107E+01 6.30957E+00 9.99999E+00 1.58489E+01 2.51189E+01 3.98107E+01 6.30957E+01 
90000 
2.19245E-04 
2.17915E-04 
5.22615E-04 
2.16577E-04 
5.20993E-04 
2.15204E-04 
5.20039E-04 
1.27912E-03 
2.13930E-04 
5.19440E-04 
1.27950E-03 
3.22970E-03 
2.13040E-04 
5.19615E-04 
1.28231E-03 
3.23005E-03 
2.13081E-04 
5.21472E-04 
1.28901E-03 
3.23496E-03 
8.18015E-03 
2.14241E-04 
5.25171E-04 
1.29953E-03 
3.24660E-03 
8.19299E-03 
2.14147E-04 
5.25759E-04 
1.30210E-03 
3.24249E-03 
8.16019E-03 
2.06306E-02 
2.07633E-04 
5.12884E-04 
1.27434E-03 
3.17563E-03 
7.97887E-03 
2.01256E-02 
5.13637E-02 
4.92377E-04 
1.23095E-03 
3.07838E-03 
7.73816E-03 
1.95066E-02 
4.95891E-02 
1.21526E-03 
3.04518E-03 
7.65123E-03 
1.92607E-02 
4.87575E-02 
1.25495E-01 
3.04612E-03 
7.64552E-03 
1.92141E-02 
4.84533E-02 
1.23376E-01 
3.22907E-01 
---
