PdfType: replica
Format: lhagrid1
---
4.34963E-04 7.77181E-04 7.77181E-04 1.38865E-03 1.38865E-03 2.48120E-03 2.48120E-03 2.48120E-03 4.43334E-03 4.43334E-03 4.43334E-03 4.43334E-03 7.92137E-03 7.92137E-03 7.92137E-03 7.92137E-03 1.41537E-02 1.41537E-02 1.41537E-02 1.41537E-02 1.41537E-02 2.52895E-02 2.52895E-02 2.52895E-02 2.52895E-02 2.52895E-02 4.51866E-02 4.51866E-02 4.51866E-02 4.51866E-02 4.51866E-02 4.51866E-02 8.07383E-02 8.07383E-02 8.07383E-02 8.07383E-02 8.07383E-02 8.07383E-02 8.07383E-02 1.44261E-01 1.44261E-01 1.44261E-01 1.44261E-01 1.44261E-01 1.44261E-01 2.57762E-01 2.57762E-01 2.57762E-01 2.57762E-01 2.57762E-01 2.57762E-01 4.60562E-01 4.60562E-01 4.60562E-01 4.60562E-01 4.60562E-01 4.60562E-01 
1.58489E+00 1.58489E+00 2.51189E+00 1.58489E+00 2.51189E+00 1.58489E+00 2.51189E+00 3.98107E+00 1.58489E+00 2.51189E+00 3.98107E+00 6.30957E+00 1.58489E+00 2.51189E+00 3.98107E+00 6.30957E+00 1.58489E+00 2.51189E+00 3.98107E+00 6.30957E+00 9.99999E+00 1.58489E+00 2.51189E+00 3.98107E+00 6.30957E+00 9.99999E+00 1.58489E+00 2.51189E+00 3.98107E+00 6.30957E+00 9.99999E+00 1.58489E+01 1.58489E+00 2.51189E+00 3.98107E+00 6.30957E+00 9.99999E+00 1.58489E+01 2.51189E+01 2.51189E+00 3.98107E+00 6.30957E+00 9.99999E+00 1.58489E+01 2.51189E+01 3.98107E+00 6.30957E+00 9.99999E+00 1.58489E+01 2.51189E+01 3.98107E+01 6.30957E+00 9.99999E+00 1.58489E+01 2.51189E+01 3.98107E+01 6.30957E+01 
90000 
2.19135E-04 
2.17880E-04 
5.22614E-04 
2.16708E-04 
5.21307E-04 
2.15627E-04 
5.20932E-04 
1.28122E-03 
2.14792E-04 
5.21213E-04 
1.28337E-03 
3.23890E-03 
2.14440E-04 
5.22454E-04 
1.28835E-03 
3.24344E-03 
2.14904E-04 
5.25129E-04 
1.29677E-03 
3.25197E-03 
8.21776E-03 
2.16051E-04 
5.28964E-04 
1.30797E-03 
3.26588E-03 
8.23709E-03 
2.16072E-04 
5.30491E-04 
1.31382E-03 
3.27116E-03 
8.23040E-03 
2.07981E-02 
2.11550E-04 
5.22311E-04 
1.29715E-03 
3.23055E-03 
8.11185E-03 
2.04468E-02 
5.21285E-02 
5.03451E-04 
1.25608E-03 
3.13648E-03 
7.87372E-03 
1.98248E-02 
5.03361E-02 
1.22552E-03 
3.06880E-03 
7.70513E-03 
1.93847E-02 
4.90425E-02 
1.26131E-01 
3.04425E-03 
7.63797E-03 
1.91896E-02 
4.83796E-02 
1.23171E-01 
3.22402E-01 
---
