PdfType: replica
Format: lhagrid1
---
4.34963E-04 7.77181E-04 7.77181E-04 1.38865E-03 1.38865E-03 2.48120E-03 2.48120E-03 2.48120E-03 4.43334E-03 4.43334E-03 4.43334E-03 4.43334E-03 7.92137E-03 7.92137E-03 7.92137E-03 7.92137E-03 1.41537E-02 1.41537E-02 1.41537E-02 1.41537E-02 1.41537E-02 2.52895E-02 2.52895E-02 2.52895E-02 2.52895E-02 2.52895E-02 4.51866E-02 4.51866E-02 4.51866E-02 4.51866E-02 4.51866E-02 4.51866E-02 8.07383E-02 8.07383E-02 8.07383E-02 8.07383E-02 8.07383E-02 8.07383E-02 8.07383E-02 1.44261E-01 1.44261E-01 1.44261E-01 1.44261E-01 1.44261E-01 1.44261E-01 2.57762E-01 2.57762E-01 2.57762E-01 2.57762E-01 2.57762E-01 2.57762E-01 4.60562E-01 4.60562E-01 4.60562E-01 4.60562E-01 4.60562E-01 4.60562E-01 
1.58489E+00 1.58489E+00 2.51189E+00 1.58489E+00 2.51189E+00 1.58489E+00 2.51189E+00 3.98107E+00 1.58489E+00 2.51189E+00 3.98107E+00 6.30957E+00 1.58489E+00 2.51189E+00 3.98107E+00 6.30957E+00 1.58489E+00 2.51189E+00 3.98107E+00 6.30957E+00 9.99999E+00 1.58489E+00 2.51189E+00 3.98107E+00 6.30957E+00 9.99999E+00 1.58489E+00 2.51189E+00 3.98107E+00 6.30957E+00 9.99999E+00 1.58489E+01 1.58489E+00 2.51189E+00 3.98107E+00 6.30957E+00 9.99999E+00 1.58489E+01 2.51189E+01 2.51189E+00 3.98107E+00 6.30957E+00 9.99999E+00 1.58489E+01 2.51189E+01 3.98107E+00 6.30957E+00 9.99999E+00 1.58489E+01 2.51189E+01 3.98107E+01 6.30957E+00 9.99999E+00 1.58489E+01 2.51189E+01 3.98107E+01 6.30957E+01 
90000 
2.19547E-04 
2.18360E-04 
5.23650E-04 
2.17221E-04 
5.22404E-04 
2.16127E-04 
5.21995E-04 
1.28354E-03 
2.15228E-04 
5.22155E-04 
1.28545E-03 
3.24384E-03 
2.14799E-04 
5.23276E-04 
1.29024E-03 
3.24806E-03 
2.15290E-04 
5.26046E-04 
1.29888E-03 
3.25708E-03 
8.23204E-03 
2.16655E-04 
5.30179E-04 
1.31046E-03 
3.27116E-03 
8.24967E-03 
2.16478E-04 
5.30810E-04 
1.31365E-03 
3.26910E-03 
8.22328E-03 
2.07806E-02 
2.10216E-04 
5.18874E-04 
1.28870E-03 
3.20984E-03 
8.06178E-03 
2.03256E-02 
5.18348E-02 
4.99230E-04 
1.24746E-03 
3.11853E-03 
7.83499E-03 
1.97404E-02 
5.01483E-02 
1.23016E-03 
3.08214E-03 
7.74145E-03 
1.94815E-02 
4.92960E-02 
1.26781E-01 
3.07725E-03 
7.72294E-03 
1.94061E-02 
4.89275E-02 
1.24534E-01 
3.25648E-01 
---
