PdfType: replica
Format: lhagrid1
---
4.34963E-04 7.77181E-04 7.77181E-04 1.38865E-03 1.38865E-03 2.48120E-03 2.48120E-03 2.48120E-03 4.43334E-03 4.43334E-03 4.43334E-03 4.43334E-03 7.92137E-03 7.92137E-03 7.92137E-03 7.92137E-03 1.41537E-02 1.41537E-02 1.41537E-02 1.41537E-02 1.41537E-02 2.52895E-02 2.52895E-02 2.52895E-02 2.52895E-02 2.52895E-02 4.51866E-02 4.51866E-02 4.51866E-02 4.51866E-02 4.51866E-02 4.51866E-02 8.07383E-02 8.07383E-02 8.07383E-02 8.07383E-02 8.07383E-02 8.07383E-02 8.07383E-02 1.44261E-01 1.44261E-01 1.44261E-01 1.44261E-01 1.44261E-01 1.44261E-01 2.57762E-01 2.57762E-01 2.57762E-01 2.57762E-01 2.57762E-01 2.57762E-01 4.60562E-01 4.60562E-01 4.60562E-01 4.60562E-01 4.60562E-01 4.60562E-01 
1.58489E+00 1.58489E+00 2.51189E+00 1.58489E+00 2.51189E+00 1.58489E+00 2.51189E+00 3.98107E+00 1.58489E+00 2.51189E+00 3.98107E+00 6.30957E+00 1.58489E+00 2.51189E+00 3.98107E+00 6.30957E+00 1.58489E+00 2.51189E+00 3.98107E+00 6.30957E+00 9.99999E+00 1.58489E+00 2.51189E+00 3.98107E+00 6.30957E+00 9.99999E+00 1.58489E+00 2.51189E+00 3.98107E+00 6.30957E+00 9.99999E+00 1.58489E+01 1.58489E+00 2.51189E+00 3.98107E+00 6.30957E+00 9.99999E+00 1.58489E+01 2.51189E+01 2.51189E+00 3.98107E+00 6.30957E+00 9.99999E+00 1.58489E+01 2.51189E+01 3.98107E+00 6.30957E+00 9.99999E+00 1.58489E+01 2.51189E+01 3.98107E+01 6.30957E+00 9.99999E+00 1.58489E+01 2.51189E+01 3.98107E+01 6.30957E+01 
90000 
2.19792E-04 
2.18711E-04 
5.24036E-04 
2.17738E-04 
5.23131E-04 
2.16902E-04 
5.23280E-04 
1.28581E-03 
2.16401E-04 
5.24294E-04 
1.28961E-03 
3.25193E-03 
2.16556E-04 
5.26616E-04 
1.29700E-03 
3.26185E-03 
2.17763E-04 
5.30770E-04 
1.30860E-03 
3.27729E-03 
8.27455E-03 
2.19584E-04 
5.35764E-04 
1.32208E-03 
3.29584E-03 
8.30346E-03 
2.18921E-04 
5.35669E-04 
1.32405E-03 
3.29216E-03 
8.27464E-03 
2.08947E-02 
2.11653E-04 
5.21985E-04 
1.29561E-03 
3.22571E-03 
8.09773E-03 
2.04083E-02 
5.20283E-02 
5.00985E-04 
1.25090E-03 
3.12525E-03 
7.84905E-03 
1.97705E-02 
5.02168E-02 
1.22699E-03 
3.07321E-03 
7.71750E-03 
1.94193E-02 
4.91385E-02 
1.26398E-01 
3.06795E-03 
7.70144E-03 
1.93579E-02 
4.88226E-02 
1.24321E-01 
3.25292E-01 
---
