PdfType: replica
Format: lhagrid1
---
4.34963E-04 7.77181E-04 7.77181E-04 1.38865E-03 1.38865E-03 2.48120E-03 2.48120E-03 2.48120E-03 4.43334E-03 4.43334E-03 4.43334E-03 4.43334E-03 7.92137E-03 7.92137E-03 7.92137E-03 7.92137E-03 1.41537E-02 1.41537E-02 1.41537E-02 1.41537E-02 1.41537E-02 2.52895E-02 2.52895E-02 2.52895E-02 2.52895E-02 2.52895E-02 4.51866E-02 4.51866E-02 4.51866E-02 4.51866E-02 4.51866E-02 4.51866E-02 8.07383E-02 8.07383E-02 8.07383E-02 8.07383E-02 8.07383E-02 8.07383E-02 8.07383E-02 1.44261E-01 1.44261E-01 1.44261E-01 1.44261E-01 1.44261E-01 1.44261E-01 2.57762E-01 2.57762E-01 2.57762E-01 2.57762E-01 2.57762E-01 2.57762E-01 4.60562E-01 4.60562E-01 4.60562E-01 4.60562E-01 4.60562E-01 4.60562E-01 
1.58489E+00 1.58489E+00 2.51189E+00 1.58489E+00 2.51189E+00 1.58489E+00 2.51189E+00 3.98107E+00 1.58489E+00 2.51189E+00 3.98107E+00 6.30957E+00 1.58489E+00 2.51189E+00 3.98107E+00 6.30957E+00 1.58489E+00 2.51189E+00 3.98107E+00 6.30957E+00 9.99999E+00 1.58489E+00 2.51189E+00 3.98107E+00 6.30957E+00 9.99999E+00 1.58489E+00 2.51189E+00 3.98107E+00 6.30957E+00 9.99999E+00 1.58489E+01 1.58489E+00 2.51189E+00 3.98107E+00 6.30957E+00 9.99999E+00 1.58489E+01 2.51189E+01 2.51189E+00 3.98107E+00 6.30957E+00 9.99999E+00 1.58489E+01 2.51189E+01 3.98107E+00 6.30957E+00 9.99999E+00 1.58489E+01 2.51189E+01 3.98107E+01 6.30957E+00 9.99999E+00 1.58489E+01 2.51189E+01 3.98107E+01 6.30957E+01 
90000 
2.19804E-04 
2.18691E-04 
5.24307E-04 
2.17655E-04 
5.23260E-04 
2.16705E-04 
5.23149E-04 
1.28586E-03 
2.16010E-04 
5.23737E-04 
1.28870E-03 
3.25048E-03 
2.15869E-04 
5.25449E-04 
1.29478E-03 
3.25753E-03 
2.16739E-04 
5.28949E-04 
1.30498E-03 
3.26993E-03 
8.25943E-03 
2.18457E-04 
5.33692E-04 
1.31782E-03 
3.28671E-03 
8.28364E-03 
2.18169E-04 
5.34042E-04 
1.32036E-03 
3.28333E-03 
8.25415E-03 
2.08481E-02 
2.10974E-04 
5.20219E-04 
1.29121E-03 
3.21482E-03 
8.07061E-03 
2.03411E-02 
5.18643E-02 
4.98086E-04 
1.24416E-03 
3.10994E-03 
7.81194E-03 
1.96806E-02 
4.99989E-02 
1.22367E-03 
3.06506E-03 
7.69830E-03 
1.93734E-02 
4.90278E-02 
1.26132E-01 
3.05566E-03 
7.66669E-03 
1.92628E-02 
4.85671E-02 
1.23643E-01 
3.23540E-01 
---
