PdfType: replica
Format: lhagrid1
---
4.34963E-04 7.77181E-04 7.77181E-04 1.38865E-03 1.38865E-03 2.48120E-03 2.48120E-03 2.48120E-03 4.43334E-03 4.43334E-03 4.43334E-03 4.43334E-03 7.92137E-03 7.92137E-03 7.92137E-03 7.92137E-03 1.41537E-02 1.41537E-02 1.41537E-02 1.41537E-02 1.41537E-02 2.52895E-02 2.52895E-02 2.52895E-02 2.52895E-02 2.52895E-02 4.51866E-02 4.51866E-02 4.51866E-02 4.51866E-02 4.51866E-02 4.51866E-02 8.07383E-02 8.07383E-02 8.07383E-02 8.07383E-02 8.07383E-02 8.07383E-02 8.07383E-02 1.44261E-01 1.44261E-01 1.44261E-01 1.44261E-01 1.44261E-01 1.44261E-01 2.57762E-01 2.57762E-01 2.57762E-01 2.57762E-01 2.57762E-01 2.57762E-01 4.60562E-01 4.60562E-01 4.60562E-01 4.60562E-01 4.60562E-01 4.60562E-01 
1.58489E+00 1.58489E+00 2.51189E+00 1.58489E+00 2.51189E+00 1.58489E+00 2.51189E+00 3.98107E+00 1.58489E+00 2.51189E+00 3.98107E+00 6.30957E+00 1.58489E+00 2.51189E+00 3.98107E+00 6.30957E+00 1.58489E+00 2.51189E+00 3.98107E+00 6.30957E+00 9.99999E+00 1.58489E+00 2.51189E+00 3.98107E+00 6.30957E+00 9.99999E+00 1.58489E+00 2.51189E+00 3.98107E+00 6.30957E+00 9.99999E+00 1.58489E+01 1.58489E+00 2.51189E+00 3.98107E+00 6.30957E+00 9.99999E+00 1.58489E+01 2.51189E+01 2.51189E+00 3.98107E+00 6.30957E+00 9.99999E+00 1.58489E+01 2.51189E+01 3.98107E+00 6.30957E+00 9.99999E+00 1.58489E+01 2.51189E+01 3.98107E+01 6.30957E+00 9.99999E+00 1.58489E+01 2.51189E+01 3.98107E+01 6.30957E+01 
90000 
2.19752E-04 
2.18634E-04 
5.24076E-04 
2.17580E-04 
5.22970E-04 
2.16576E-04 
5.22726E-04 
1.28470E-03 
2.15760E-04 
5.23037E-04 
1.28692E-03 
3.24624E-03 
2.15362E-04 
5.24192E-04 
1.29174E-03 
3.25069E-03 
2.15753E-04 
5.26701E-04 
1.29977E-03 
3.25843E-03 
8.23129E-03 
2.16821E-04 
5.30216E-04 
1.31008E-03 
3.26975E-03 
8.24443E-03 
2.16430E-04 
5.30546E-04 
1.31286E-03 
3.26688E-03 
8.21789E-03 
2.07643E-02 
2.10512E-04 
5.19335E-04 
1.28941E-03 
3.21057E-03 
8.06265E-03 
2.03261E-02 
5.18363E-02 
4.98671E-04 
1.24526E-03 
3.11147E-03 
7.81516E-03 
1.96874E-02 
5.00166E-02 
1.22225E-03 
3.06236E-03 
7.69182E-03 
1.93579E-02 
4.89929E-02 
1.26070E-01 
3.05959E-03 
7.67792E-03 
1.92938E-02 
4.86518E-02 
1.23878E-01 
3.24225E-01 
---
