PdfType: replica
Format: lhagrid1
---
4.34963E-04 7.77181E-04 7.77181E-04 1.38865E-03 1.38865E-03 2.48120E-03 2.48120E-03 2.48120E-03 4.43334E-03 4.43334E-03 4.43334E-03 4.43334E-03 7.92137E-03 7.92137E-03 7.92137E-03 7.92137E-03 1.41537E-02 1.41537E-02 1.41537E-02 1.41537E-02 1.41537E-02 2.52895E-02 2.52895E-02 2.52895E-02 2.52895E-02 2.52895E-02 4.51866E-02 4.51866E-02 4.51866E-02 4.51866E-02 4.51866E-02 4.51866E-02 8.07383E-02 8.07383E-02 8.07383E-02 8.07383E-02 8.07383E-02 8.07383E-02 8.07383E-02 1.44261E-01 1.44261E-01 1.44261E-01 1.44261E-01 1.44261E-01 1.44261E-01 2.57762E-01 2.57762E-01 2.57762E-01 2.57762E-01 2.57762E-01 2.57762E-01 4.60562E-01 4.60562E-01 4.60562E-01 4.60562E-01 4.60562E-01 4.60562E-01 
1.58489E+00 1.58489E+00 2.51189E+00 1.58489E+00 2.51189E+00 1.58489E+00 2.51189E+00 3.98107E+00 1.58489E+00 2.51189E+00 3.98107E+00 6.30957E+00 1.58489E+00 2.51189E+00 3.98107E+00 6.30957E+00 1.58489E+00 2.51189E+00 3.98107E+00 6.30957E+00 9.99999E+00 1.58489E+00 2.51189E+00 3.98107E+00 6.30957E+00 9.99999E+00 1.58489E+00 2.51189E+00 3.98107E+00 6.30957E+00 9.99999E+00 1.58489E+01 1.58489E+00 2.51189E+00 3.98107E+00 6.30957E+00 9.99999E+00 1.58489E+01 2.51189E+01 2.51189E+00 3.98107E+00 6.30957E+00 9.99999E+00 1.58489E+01 2.51189E+01 3.98107E+00 6.30957E+00 9.99999E+00 1.58489E+01 2.51189E+01 3.98107E+01 6.30957E+00 9.99999E+00 1.58489E+01 2.51189E+01 3.98107E+01 6.30957E+01 
90000 
2.19819E-04 
2.18634E-04 
5.24134E-04 
2.17481E-04 
5.22860E-04 
2.16361E-04 
5.22413E-04 
1.28422E-03 
2.15455E-04 
5.22557E-04 
1.28612E-03 
3.24509E-03 
2.15096E-04 
5.23779E-04 
1.29114E-03 
3.24973E-03 
2.15806E-04 
5.26935E-04 
1.30066E-03 
3.26064E-03 
8.23906E-03 
2.17519E-04 
5.31867E-04 
1.31418E-03 
3.27953E-03 
8.26868E-03 
2.17632E-04 
5.33419E-04 
1.31962E-03 
3.28325E-03 
8.25566E-03 
2.08555E-02 
2.11486E-04 
5.21586E-04 
1.29459E-03 
3.22276E-03 
8.09127E-03 
2.03932E-02 
5.19853E-02 
5.00745E-04 
1.25058E-03 
3.12425E-03 
7.84802E-03 
1.97690E-02 
5.02134E-02 
1.23042E-03 
3.08268E-03 
7.74021E-03 
1.94724E-02 
4.92707E-02 
1.26744E-01 
3.06535E-03 
7.69076E-03 
1.93202E-02 
4.87096E-02 
1.23998E-01 
3.24469E-01 
---
