PdfType: replica
Format: lhagrid1
---
4.34963E-04 7.77181E-04 7.77181E-04 1.38865E-03 1.38865E-03 2.48120E-03 2.48120E-03 2.48120E-03 4.43334E-03 4.43334E-03 4.43334E-03 4.43334E-03 7.92137E-03 7.92137E-03 7.92137E-03 7.92137E-03 1.41537E-02 1.41537E-02 1.41537E-02 1.41537E-02 1.41537E-02 2.52895E-02 2.52895E-02 2.52895E-02 2.52895E-02 2.52895E-02 4.51866E-02 4.51866E-02 4.51866E-02 4.51866E-02 4.51866E-02 4.51866E-02 8.07383E-02 8.07383E-02 8.07383E-02 8.07383E-02 8.07383E-02 8.07383E-02 8.07383E-02 1.44261E-01 1.44261E-01 1.44261E-01 1.44261E-01 1.44261E-01 1.44261E-01 2.57762E-01 2.57762E-01 2.57762E-01 2.57762E-01 2.57762E-01 2.57762E-01 4.60562E-01 4.60562E-01 4.60562E-01 4.60562E-01 4.60562E-01 4.60562E-01 
1.58489E+00 1.58489E+00 2.51189E+00 1.58489E+00 2.51189E+00 1.58489E+00 2.51189E+00 3.98107E+00 1.58489E+00 2.51189E+00 3.98107E+00 6.30957E+00 1.58489E+00 2.51189E+00 3.98107E+00 6.30957E+00 1.58489E+00 2.51189E+00 3.98107E+00 6.30957E+00 9.99999E+00 1.58489E+00 2.51189E+00 3.98107E+00 6.30957E+00 9.99999E+00 1.58489E+00 2.51189E+00 3.98107E+00 6.30957E+00 9.99999E+00 1.58489E+01 1.58489E+00 2.51189E+00 3.98107E+00 6.30957E+00 9.99999E+00 1.58489E+01 2.51189E+01 2.51189E+00 3.98107E+00 6.30957E+00 9.99999E+00 1.58489E+01 2.51189E+01 3.98107E+00 6.30957E+00 9.99999E+00 1.58489E+01 2.51189E+01 3.98107E+01 6.30957E+00 9.99999E+00 1.58489E+01 2.51189E+01 3.98107E+01 6.30957E+01 
90000 
2.21681E-04 
2.20478E-04 
5.26609E-04 
2.19298E-04 
5.25418E-04 
2.18145E-04 
5.25123E-04 
1.28911E-03 
2.17192E-04 
5.25419E-04 
1.29150E-03 
3.25604E-03 
2.16712E-04 
5.26634E-04 
1.29669E-03 
3.26104E-03 
2.17061E-04 
5.29222E-04 
1.30510E-03 
3.26960E-03 
8.25779E-03 
2.17957E-04 
5.32531E-04 
1.31516E-03 
3.28073E-03 
8.26977E-03 
2.17073E-04 
5.32057E-04 
1.31646E-03 
3.27538E-03 
8.23760E-03 
2.08133E-02 
2.10831E-04 
5.20343E-04 
1.29223E-03 
3.21800E-03 
8.08123E-03 
2.03732E-02 
5.19592E-02 
5.00839E-04 
1.25078E-03 
3.12537E-03 
7.84982E-03 
1.97738E-02 
5.02315E-02 
1.22970E-03 
3.08093E-03 
7.73701E-03 
1.94684E-02 
4.92624E-02 
1.26713E-01 
3.07566E-03 
7.71877E-03 
1.93958E-02 
4.89026E-02 
1.24476E-01 
3.25516E-01 
---
