PdfType: replica
Format: lhagrid1
---
4.34963E-04 7.77181E-04 7.77181E-04 1.38865E-03 1.38865E-03 2.48120E-03 2.48120E-03 2.48120E-03 4.43334E-03 4.43334E-03 4.43334E-03 4.43334E-03 7.92137E-03 7.92137E-03 7.92137E-03 7.92137E-03 1.41537E-02 1.41537E-02 1.41537E-02 1.41537E-02 1.41537E-02 2.52895E-02 2.52895E-02 2.52895E-02 2.52895E-02 2.52895E-02 4.51866E-02 4.51866E-02 4.51866E-02 4.51866E-02 4.51866E-02 4.51866E-02 8.07383E-02 8.07383E-02 8.07383E-02 8.07383E-02 8.07383E-02 8.07383E-02 8.07383E-02 1.44261E-01 1.44261E-01 1.44261E-01 1.44261E-01 1.44261E-01 1.44261E-01 2.57762E-01 2.57762E-01 2.57762E-01 2.57762E-01 2.57762E-01 2.57762E-01 4.60562E-01 4.60562E-01 4.60562E-01 4.60562E-01 4.60562E-01 4.60562E-01 
1.58489E+00 1.58489E+00 2.51189E+00 1.58489E+00 2.51189E+00 1.58489E+00 2.51189E+00 3.98107E+00 1.58489E+00 2.51189E+00 3.98107E+00 6.30957E+00 1.58489E+00 2.51189E+00 3.98107E+00 6.30957E+00 1.58489E+00 2.51189E+00 3.98107E+00 6.30957E+00 9.99999E+00 1.58489E+00 2.51189E+00 3.98107E+00 6.30957E+00 9.99999E+00 1.58489E+00 2.51189E+00 3.98107E+00 6.30957E+00 9.99999E+00 1.58489E+01 1.58489E+00 2.51189E+00 3.98107E+00 6.30957E+00 9.99999E+00 1.58489E+01 2.51189E+01 2.51189E+00 3.98107E+00 6.30957E+00 9.99999E+00 1.58489E+01 2.51189E+01 3.98107E+00 6.30957E+00 9.99999E+00 1.58489E+01 2.51189E+01 3.98107E+01 6.30957E+00 9.99999E+00 1.58489E+01 2.51189E+01 3.98107E+01 6.30957E+01 
90000 
2.19942E-04 
2.18943E-04 
5.24654E-04 
2.18049E-04 
5.23933E-04 
2.17283E-04 
5.24231E-04 
1.28800E-03 
2.16829E-04 
5.25339E-04 
1.29198E-03 
3.25734E-03 
2.16985E-04 
5.27653E-04 
1.29935E-03 
3.26722E-03 
2.18115E-04 
5.31632E-04 
1.31053E-03 
3.28191E-03 
8.28575E-03 
2.19808E-04 
5.36320E-04 
1.32330E-03 
3.29890E-03 
8.31102E-03 
2.19190E-04 
5.36215E-04 
1.32521E-03 
3.29473E-03 
8.28117E-03 
2.09136E-02 
2.12136E-04 
5.22844E-04 
1.29728E-03 
3.22894E-03 
8.10484E-03 
2.04254E-02 
5.20788E-02 
5.00669E-04 
1.24987E-03 
3.12236E-03 
7.84113E-03 
1.97502E-02 
5.01710E-02 
1.22528E-03 
3.06949E-03 
7.70883E-03 
1.93990E-02 
4.90943E-02 
1.26333E-01 
3.06015E-03 
7.68020E-03 
1.92996E-02 
4.86642E-02 
1.23902E-01 
3.24262E-01 
---
