PdfType: replica
Format: lhagrid1
---
4.34963E-04 7.77181E-04 7.77181E-04 1.38865E-03 1.38865E-03 2.48120E-03 2.48120E-03 2.48120E-03 4.43334E-03 4.43334E-03 4.43334E-03 4.43334E-03 7.92137E-03 7.92137E-03 7.92137E-03 7.92137E-03 1.41537E-02 1.41537E-02 1.41537E-02 1.41537E-02 1.41537E-02 2.52895E-02 2.52895E-02 2.52895E-02 2.52895E-02 2.52895E-02 4.51866E-02 4.51866E-02 4.51866E-02 4.51866E-02 4.51866E-02 4.51866E-02 8.07383E-02 8.07383E-02 8.07383E-02 8.07383E-02 8.07383E-02 8.07383E-02 8.07383E-02 1.44261E-01 1.44261E-01 1.44261E-01 1.44261E-01 1.44261E-01 1.44261E-01 2.57762E-01 2.57762E-01 2.57762E-01 2.57762E-01 2.57762E-01 2.57762E-01 4.60562E-01 4.60562E-01 4.60562E-01 4.60562E-01 4.60562E-01 4.60562E-01 
1.58489E+00 1.58489E+00 2.51189E+00 1.58489E+00 2.51189E+00 1.58489E+00 2.51189E+00 3.98107E+00 1.58489E+00 2.51189E+00 3.98107E+00 6.30957E+00 1.58489E+00 2.51189E+00 3.98107E+00 6.30957E+00 1.58489E+00 2.51189E+00 3.98107E+00 6.30957E+00 9.99999E+00 1.58489E+00 2.51189E+00 3.98107E+00 6.30957E+00 9.99999E+00 1.58489E+00 2.51189E+00 3.98107E+00 6.30957E+00 9.99999E+00 1.58489E+01 1.58489E+00 2.51189E+00 3.98107E+00 6.30957E+00 9.99999E+00 1.58489E+01 2.51189E+01 2.51189E+00 3.98107E+00 6.30957E+00 9.99999E+00 1.58489E+01 2.51189E+01 3.98107E+00 6.30957E+00 9.99999E+00 1.58489E+01 2.51189E+01 3.98107E+01 6.30957E+00 9.99999E+00 1.58489E+01 2.51189E+01 3.98107E+01 6.30957E+01 
90000 
2.19816E-04 
2.18621E-04 
5.24029E-04 
2.17442E-04 
5.22713E-04 
2.16263E-04 
5.22156E-04 
1.28350E-03 
2.15235E-04 
5.22056E-04 
1.28490E-03 
3.24172E-03 
2.14632E-04 
5.22767E-04 
1.28879E-03 
3.24410E-03 
2.14892E-04 
5.24946E-04 
1.29609E-03 
3.25014E-03 
8.21324E-03 
2.15947E-04 
5.28405E-04 
1.30624E-03 
3.26124E-03 
8.22582E-03 
2.15566E-04 
5.28840E-04 
1.30921E-03 
3.25921E-03 
8.20020E-03 
2.07248E-02 
2.09695E-04 
5.17657E-04 
1.28557E-03 
3.20209E-03 
8.04214E-03 
2.02770E-02 
5.17227E-02 
4.97284E-04 
1.24168E-03 
3.10213E-03 
7.79253E-03 
1.96319E-02 
4.98788E-02 
1.21795E-03 
3.05078E-03 
7.66181E-03 
1.92806E-02 
4.87945E-02 
1.25566E-01 
3.03595E-03 
7.61745E-03 
1.91395E-02 
4.82607E-02 
1.22903E-01 
3.21910E-01 
---
