PdfType: replica
Format: lhagrid1
---
4.34963E-04 7.77181E-04 7.77181E-04 1.38865E-03 1.38865E-03 2.48120E-03 2.48120E-03 2.48120E-03 4.43334E-03 4.43334E-03 4.43334E-03 4.43334E-03 7.92137E-03 7.92137E-03 7.92137E-03 7.92137E-03 1.41537E-02 1.41537E-02 1.41537E-02 1.41537E-02 1.41537E-02 2.52895E-02 2.52895E-02 2.52895E-02 2.52895E-02 2.52895E-02 4.51866E-02 4.51866E-02 4.51866E-02 4.51866E-02 4.51866E-02 4.51866E-02 8.07383E-02 8.07383E-02 8.07383E-02 8.07383E-02 8.07383E-02 8.07383E-02 8.07383E-02 1.44261E-01 1.44261E-01 1.44261E-01 1.44261E-01 1.44261E-01 1.44261E-01 2.57762E-01 2.57762E-01 2.57762E-01 2.57762E-01 2.57762E-01 2.57762E-01 4.60562E-01 4.60562E-01 4.60562E-01 4.60562E-01 4.60562E-01 4.60562E-01 
1.58489E+00 1.58489E+00 2.51189E+00 1.58489E+00 2.51189E+00 1.58489E+00 2.51189E+00 3.98107E+00 1.58489E+00 2.51189E+00 3.98107E+00 6.30957E+00 1.58489E+00 2.51189E+00 3.98107E+00 6.30957E+00 1.58489E+00 2.51189E+00 3.98107E+00 6.30957E+00 9.99999E+00 1.58489E+00 2.51189E+00 3.98107E+00 6.30957E+00 9.99999E+00 1.58489E+00 2.51189E+00 3.98107E+00 6.30957E+00 9.99999E+00 1.58489E+01 1.58489E+00 2.51189E+00 3.98107E+00 6.30957E+00 9.99999E+00 1.58489E+01 2.51189E+01 2.51189E+00 3.98107E+00 6.30957E+00 9.99999E+00 1.58489E+01 2.51189E+01 3.98107E+00 6.30957E+00 9.99999E+00 1.58489E+01 2.51189E+01 3.98107E+01 6.30957E+00 9.99999E+00 1.58489E+01 2.51189E+01 3.98107E+01 6.30957E+01 
90000 
2.19385E-04 
2.18184E-04 
5.23246E-04 
2.17054E-04 
5.22006E-04 
2.15992E-04 
5.21646E-04 
1.28271E-03 
2.15135E-04 
5.21869E-04 
1.28474E-03 
3.24153E-03 
2.14695E-04 
5.22944E-04 
1.28940E-03 
3.24549E-03 
2.14964E-04 
5.25281E-04 
1.29711E-03 
3.25281E-03 
8.22035E-03 
2.15751E-04 
5.28428E-04 
1.30675E-03 
3.26351E-03 
8.23115E-03 
2.15212E-04 
5.28644E-04 
1.30942E-03 
3.26112E-03 
8.20569E-03 
2.07396E-02 
2.10032E-04 
5.18790E-04 
1.28878E-03 
3.21062E-03 
8.06461E-03 
2.03346E-02 
5.18637E-02 
4.99940E-04 
1.24832E-03 
3.11865E-03 
7.83373E-03 
1.97344E-02 
5.01318E-02 
1.22497E-03 
3.06919E-03 
7.70950E-03 
1.94028E-02 
4.91053E-02 
1.26340E-01 
3.06912E-03 
7.70418E-03 
1.93627E-02 
4.88269E-02 
1.24307E-01 
3.25172E-01 
---
