PdfType: replica
Format: lhagrid1
---
4.34963E-04 7.77181E-04 7.77181E-04 1.38865E-03 1.38865E-03 2.48120E-03 2.48120E-03 2.48120E-03 4.43334E-03 4.43334E-03 4.43334E-03 4.43334E-03 7.92137E-03 7.92137E-03 7.92137E-03 7.92137E-03 1.41537E-02 1.41537E-02 1.41537E-02 1.41537E-02 1.41537E-02 2.52895E-02 2.52895E-02 2.52895E-02 2.52895E-02 2.52895E-02 4.51866E-02 4.51866E-02 4.51866E-02 4.51866E-02 4.51866E-02 4.51866E-02 8.07383E-02 8.07383E-02 8.07383E-02 8.07383E-02 8.07383E-02 8.07383E-02 8.07383E-02 1.44261E-01 1.44261E-01 1.44261E-01 1.44261E-01 1.44261E-01 1.44261E-01 2.57762E-01 2.57762E-01 2.57762E-01 2.57762E-01 2.57762E-01 2.57762E-01 4.60562E-01 4.60562E-01 4.60562E-01 4.60562E-01 4.60562E-01 4.60562E-01 
1.58489E+00 1.58489E+00 2.51189E+00 1.58489E+00 2.51189E+00 1.58489E+00 2.51189E+00 3.98107E+00 1.58489E+00 2.51189E+00 3.98107E+00 6.30957E+00 1.58489E+00 2.51189E+00 3.98107E+00 6.30957E+00 1.58489E+00 2.51189E+00 3.98107E+00 6.30957E+00 9.99999E+00 1.58489E+00 2.51189E+00 3.98107E+00 6.30957E+00 9.99999E+00 1.58489E+00 2.51189E+00 3.98107E+00 6.30957E+00 9.99999E+00 1.58489E+01 1.58489E+00 2.51189E+00 3.98107E+00 6.30957E+00 9.99999E+00 1.58489E+01 2.51189E+01 2.51189E+00 3.98107E+00 6.30957E+00 9.99999E+00 1.58489E+01 2.51189E+01 3.98107E+00 6.30957E+00 9.99999E+00 1.58489E+01 2.51189E+01 3.98107E+01 6.30957E+00 9.99999E+00 1.58489E+01 2.51189E+01 3.98107E+01 6.30957E+01 
90000 
2.19938E-04 
2.18850E-04 
5.24554E-04 
2.17852E-04 
5.23560E-04 
2.16953E-04 
5.23528E-04 
1.28657E-03 
2.16320E-04 
5.24204E-04 
1.28953E-03 
3.25240E-03 
2.16203E-04 
5.25903E-04 
1.29547E-03 
3.25894E-03 
2.16904E-04 
5.28995E-04 
1.30468E-03 
3.26914E-03 
8.25694E-03 
2.18024E-04 
5.32611E-04 
1.31516E-03 
3.28105E-03 
8.26992E-03 
2.17093E-04 
5.31966E-04 
1.31592E-03 
3.27413E-03 
8.23354E-03 
2.07988E-02 
2.10597E-04 
5.19621E-04 
1.29009E-03 
3.21239E-03 
8.06683E-03 
2.03345E-02 
5.18429E-02 
4.99198E-04 
1.24657E-03 
3.11427E-03 
7.82258E-03 
1.97055E-02 
5.00547E-02 
1.22351E-03 
3.06535E-03 
7.69845E-03 
1.93725E-02 
4.90254E-02 
1.26148E-01 
3.05486E-03 
7.66515E-03 
1.92598E-02 
4.85633E-02 
1.23659E-01 
3.23765E-01 
---
