PdfType: replica
Format: lhagrid1
---
4.34963E-04 7.77181E-04 7.77181E-04 1.38865E-03 1.38865E-03 2.48120E-03 2.48120E-03 2.48120E-03 4.43334E-03 4.43334E-03 4.43334E-03 4.43334E-03 7.92137E-03 7.92137E-03 7.92137E-03 7.92137E-03 1.41537E-02 1.41537E-02 1.41537E-02 1.41537E-02 1.41537E-02 2.52895E-02 2.52895E-02 2.52895E-02 2.52895E-02 2.52895E-02 4.51866E-02 4.51866E-02 4.51866E-02 4.51866E-02 4.51866E-02 4.51866E-02 8.07383E-02 8.07383E-02 8.07383E-02 8.07383E-02 8.07383E-02 8.07383E-02 8.07383E-02 1.44261E-01 1.44261E-01 1.44261E-01 1.44261E-01 1.44261E-01 1.44261E-01 2.57762E-01 2.57762E-01 2.57762E-01 2.57762E-01 2.57762E-01 2.57762E-01 4.60562E-01 4.60562E-01 4.60562E-01 4.60562E-01 4.60562E-01 4.60562E-01 
1.58489E+00 1.58489E+00 2.51189E+00 1.58489E+00 2.51189E+00 1.58489E+00 2.51189E+00 3.98107E+00 1.58489E+00 2.51189E+00 3.98107E+00 6.30957E+00 1.58489E+00 2.51189E+00 3.98107E+00 6.30957E+00 1.58489E+00 2.51189E+00 3.98107E+00 6.30957E+00 9.99999E+00 1.58489E+00 2.51189E+00 3.98107E+00 6.30957E+00 9.99999E+00 1.58489E+00 2.51189E+00 3.98107E+00 6.30957E+00 9.99999E+00 1.58489E+01 1.58489E+00 2.51189E+00 3.98107E+00 6.30957E+00 9.99999E+00 1.58489E+01 2.51189E+01 2.51189E+00 3.98107E+00 6.30957E+00 9.99999E+00 1.58489E+01 2.51189E+01 3.98107E+00 6.30957E+00 9.99999E+00 1.58489E+01 2.51189E+01 3.98107E+01 6.30957E+00 9.99999E+00 1.58489E+01 2.51189E+01 3.98107E+01 6.30957E+01 
90000 
2.19606E-04 
2.18417E-04 
5.23688E-04 
2.17289E-04 
5.22464E-04 
2.16224E-04 
5.22127E-04 
1.28373E-03 
2.15395E-04 
5.22448E-04 
1.28602E-03 
3.24501E-03 
2.15109E-04 
5.23889E-04 
1.29153E-03 
3.25092E-03 
2.15867E-04 
5.27224E-04 
1.30141E-03 
3.26279E-03 
8.24471E-03 
2.17622E-04 
5.32127E-04 
1.31460E-03 
3.28045E-03 
8.27057E-03 
2.17698E-04 
5.33160E-04 
1.31845E-03 
3.27949E-03 
8.24617E-03 
2.08315E-02 
2.10974E-04 
5.20098E-04 
1.29074E-03 
3.21325E-03 
8.06772E-03 
2.03353E-02 
5.18473E-02 
4.98166E-04 
1.24445E-03 
3.11021E-03 
7.81363E-03 
1.96857E-02 
5.00089E-02 
1.22499E-03 
3.06945E-03 
7.70998E-03 
1.94036E-02 
4.91052E-02 
1.26332E-01 
3.06583E-03 
7.69450E-03 
1.93357E-02 
4.87551E-02 
1.24125E-01 
3.24765E-01 
---
