PdfType: replica
Format: lhagrid1
---
4.34963E-04 7.77181E-04 7.77181E-04 1.38865E-03 1.38865E-03 2.48120E-03 2.48120E-03 2.48120E-03 4.43334E-03 4.43334E-03 4.43334E-03 4.43334E-03 7.92137E-03 7.92137E-03 7.92137E-03 7.92137E-03 1.41537E-02 1.41537E-02 1.41537E-02 1.41537E-02 1.41537E-02 2.52895E-02 2.52895E-02 2.52895E-02 2.52895E-02 2.52895E-02 4.51866E-02 4.51866E-02 4.51866E-02 4.51866E-02 4.51866E-02 4.51866E-02 8.07383E-02 8.07383E-02 8.07383E-02 8.07383E-02 8.07383E-02 8.07383E-02 8.07383E-02 1.44261E-01 1.44261E-01 1.44261E-01 1.44261E-01 1.44261E-01 1.44261E-01 2.57762E-01 2.57762E-01 2.57762E-01 2.57762E-01 2.57762E-01 2.57762E-01 4.60562E-01 4.60562E-01 4.60562E-01 4.60562E-01 4.60562E-01 4.60562E-01 
1.58489E+00 1.58489E+00 2.51189E+00 1.58489E+00 2.51189E+00 1.58489E+00 2.51189E+00 3.98107E+00 1.58489E+00 2.51189E+00 3.98107E+00 6.30957E+00 1.58489E+00 2.51189E+00 3.98107E+00 6.30957E+00 1.58489E+00 2.51189E+00 3.98107E+00 6.30957E+00 9.99999E+00 1.58489E+00 2.51189E+00 3.98107E+00 6.30957E+00 9.99999E+00 1.58489E+00 2.51189E+00 3.98107E+00 6.30957E+00 9.99999E+00 1.58489E+01 1.58489E+00 2.51189E+00 3.98107E+00 6.30957E+00 9.99999E+00 1.58489E+01 2.51189E+01 2.51189E+00 3.98107E+00 6.30957E+00 9.99999E+00 1.58489E+01 2.51189E+01 3.98107E+00 6.30957E+00 9.99999E+00 1.58489E+01 2.51189E+01 3.98107E+01 6.30957E+00 9.99999E+00 1.58489E+01 2.51189E+01 3.98107E+01 6.30957E+01 
90000 
2.19326E-04 
2.18029E-04 
5.22775E-04 
2.16768E-04 
5.21264E-04 
2.15530E-04 
5.20533E-04 
1.28028E-03 
2.14442E-04 
5.20252E-04 
1.28119E-03 
3.23419E-03 
2.13706E-04 
5.20689E-04 
1.28446E-03 
3.23473E-03 
2.13629E-04 
5.22382E-04 
1.29089E-03 
3.23903E-03 
8.19065E-03 
2.14200E-04 
5.25376E-04 
1.30051E-03 
3.25009E-03 
8.20214E-03 
2.14099E-04 
5.26756E-04 
1.30585E-03 
3.25401E-03 
8.19065E-03 
2.07059E-02 
2.09989E-04 
5.18763E-04 
1.28873E-03 
3.21013E-03 
8.06386E-03 
2.03329E-02 
5.18592E-02 
5.00059E-04 
1.24853E-03 
3.11853E-03 
7.83369E-03 
1.97347E-02 
5.01330E-02 
1.22615E-03 
3.07304E-03 
7.71889E-03 
1.94273E-02 
4.91706E-02 
1.26536E-01 
3.08010E-03 
7.73275E-03 
1.94385E-02 
4.90213E-02 
1.24809E-01 
3.26453E-01 
---
