PdfType: replica
Format: lhagrid1
---
4.34963E-04 7.77181E-04 7.77181E-04 1.38865E-03 1.38865E-03 2.48120E-03 2.48120E-03 2.48120E-03 4.43334E-03 4.43334E-03 4.43334E-03 4.43334E-03 7.92137E-03 7.92137E-03 7.92137E-03 7.92137E-03 1.41537E-02 1.41537E-02 1.41537E-02 1.41537E-02 1.41537E-02 2.52895E-02 2.52895E-02 2.52895E-02 2.52895E-02 2.52895E-02 4.51866E-02 4.51866E-02 4.51866E-02 4.51866E-02 4.51866E-02 4.51866E-02 8.07383E-02 8.07383E-02 8.07383E-02 8.07383E-02 8.07383E-02 8.07383E-02 8.07383E-02 1.44261E-01 1.44261E-01 1.44261E-01 1.44261E-01 1.44261E-01 1.44261E-01 2.57762E-01 2.57762E-01 2.57762E-01 2.57762E-01 2.57762E-01 2.57762E-01 4.60562E-01 4.60562E-01 4.60562E-01 4.60562E-01 4.60562E-01 4.60562E-01 
1.58489E+00 1.58489E+00 2.51189E+00 1.58489E+00 2.51189E+00 1.58489E+00 2.51189E+00 3.98107E+00 1.58489E+00 2.51189E+00 3.98107E+00 6.30957E+00 1.58489E+00 2.51189E+00 3.98107E+00 6.30957E+00 1.58489E+00 2.51189E+00 3.98107E+00 6.30957E+00 9.99999E+00 1.58489E+00 2.51189E+00 3.98107E+00 6.30957E+00 9.99999E+00 1.58489E+00 2.51189E+00 3.98107E+00 6.30957E+00 9.99999E+00 1.58489E+01 1.58489E+00 2.51189E+00 3.98107E+00 6.30957E+00 9.99999E+00 1.58489E+01 2.51189E+01 2.51189E+00 3.98107E+00 6.30957E+00 9.99999E+00 1.58489E+01 2.51189E+01 3.98107E+00 6.30957E+00 9.99999E+00 1.58489E+01 2.51189E+01 3.98107E+01 6.30957E+00 9.99999E+00 1.58489E+01 2.51189E+01 3.98107E+01 6.30957E+01 
90000 
2.19309E-04 
2.18063E-04 
5.22983E-04 
2.16870E-04 
5.21611E-04 
2.15721E-04 
5.21064E-04 
1.28155E-03 
2.14743E-04 
5.21027E-04 
1.28296E-03 
3.23878E-03 
2.14149E-04 
5.21773E-04 
1.28686E-03 
3.24086E-03 
2.14302E-04 
5.23870E-04 
1.29407E-03 
3.24667E-03 
8.20828E-03 
2.15284E-04 
5.27464E-04 
1.30489E-03 
3.25950E-03 
8.22474E-03 
2.15702E-04 
5.29844E-04 
1.31274E-03 
3.26890E-03 
8.22760E-03 
2.07977E-02 
2.12067E-04 
5.23550E-04 
1.30037E-03 
3.23824E-03 
8.13188E-03 
2.04982E-02 
5.22596E-02 
5.05854E-04 
1.26202E-03 
3.15136E-03 
7.90970E-03 
1.99123E-02 
5.05494E-02 
1.23201E-03 
3.08521E-03 
7.74536E-03 
1.94840E-02 
4.92879E-02 
1.26731E-01 
3.06211E-03 
7.68299E-03 
1.93025E-02 
4.86618E-02 
1.23870E-01 
3.24092E-01 
---
