PdfType: replica
Format: lhagrid1
---
4.34963E-04 7.77181E-04 7.77181E-04 1.38865E-03 1.38865E-03 2.48120E-03 2.48120E-03 2.48120E-03 4.43334E-03 4.43334E-03 4.43334E-03 4.43334E-03 7.92137E-03 7.92137E-03 7.92137E-03 7.92137E-03 1.41537E-02 1.41537E-02 1.41537E-02 1.41537E-02 1.41537E-02 2.52895E-02 2.52895E-02 2.52895E-02 2.52895E-02 2.52895E-02 4.51866E-02 4.51866E-02 4.51866E-02 4.51866E-02 4.51866E-02 4.51866E-02 8.07383E-02 8.07383E-02 8.07383E-02 8.07383E-02 8.07383E-02 8.07383E-02 8.07383E-02 1.44261E-01 1.44261E-01 1.44261E-01 1.44261E-01 1.44261E-01 1.44261E-01 2.57762E-01 2.57762E-01 2.57762E-01 2.57762E-01 2.57762E-01 2.57762E-01 4.60562E-01 4.60562E-01 4.60562E-01 4.60562E-01 4.60562E-01 4.60562E-01 
1.58489E+00 1.58489E+00 2.51189E+00 1.58489E+00 2.51189E+00 1.58489E+00 2.51189E+00 3.98107E+00 1.58489E+00 2.51189E+00 3.98107E+00 6.30957E+00 1.58489E+00 2.51189E+00 3.98107E+00 6.30957E+00 1.58489E+00 2.51189E+00 3.98107E+00 6.30957E+00 9.99999E+00 1.58489E+00 2.51189E+00 3.98107E+00 6.30957E+00 9.99999E+00 1.58489E+00 2.51189E+00 3.98107E+00 6.30957E+00 9.99999E+00 1.58489E+01 1.58489E+00 2.51189E+00 3.98107E+00 6.30957E+00 9.99999E+00 1.58489E+01 2.51189E+01 2.51189E+00 3.98107E+00 6.30957E+00 9.99999E+00 1.58489E+01 2.51189E+01 3.98107E+00 6.30957E+00 9.99999E+00 1.58489E+01 2.51189E+01 3.98107E+01 6.30957E+00 9.99999E+00 1.58489E+01 2.51189E+01 3.98107E+01 6.30957E+01 
90000 
2.21427E-04 
2.20226E-04 
5.26286E-04 
2.19065E-04 
5.25131E-04 
2.17959E-04 
5.24904E-04 
1.28879E-03 
2.17105E-04 
5.25354E-04 
1.29148E-03 
3.25594E-03 
2.16814E-04 
5.26894E-04 
1.29733E-03 
3.26239E-03 
2.17472E-04 
5.30059E-04 
1.30692E-03 
3.27370E-03 
8.26702E-03 
2.18706E-04 
5.34033E-04 
1.31833E-03 
3.28804E-03 
8.28586E-03 
2.17797E-04 
5.33492E-04 
1.31931E-03 
3.28191E-03 
8.25103E-03 
2.08391E-02 
2.10914E-04 
5.20314E-04 
1.29166E-03 
3.21610E-03 
8.07536E-03 
2.03545E-02 
5.18890E-02 
4.99646E-04 
1.24789E-03 
3.11789E-03 
7.83256E-03 
1.97322E-02 
5.01234E-02 
1.22766E-03 
3.07587E-03 
7.72476E-03 
1.94384E-02 
4.91893E-02 
1.26545E-01 
3.06993E-03 
7.70301E-03 
1.93549E-02 
4.88005E-02 
1.24236E-01 
3.25060E-01 
---
