PdfType: replica
Format: lhagrid1
---
4.34963E-04 7.77181E-04 7.77181E-04 1.38865E-03 1.38865E-03 2.48120E-03 2.48120E-03 2.48120E-03 4.43334E-03 4.43334E-03 4.43334E-03 4.43334E-03 7.92137E-03 7.92137E-03 7.92137E-03 7.92137E-03 1.41537E-02 1.41537E-02 1.41537E-02 1.41537E-02 1.41537E-02 2.52895E-02 2.52895E-02 2.52895E-02 2.52895E-02 2.52895E-02 4.51866E-02 4.51866E-02 4.51866E-02 4.51866E-02 4.51866E-02 4.51866E-02 8.07383E-02 8.07383E-02 8.07383E-02 8.07383E-02 8.07383E-02 8.07383E-02 8.07383E-02 1.44261E-01 1.44261E-01 1.44261E-01 1.44261E-01 1.44261E-01 1.44261E-01 2.57762E-01 2.57762E-01 2.57762E-01 2.57762E-01 2.57762E-01 2.57762E-01 4.60562E-01 4.60562E-01 4.60562E-01 4.60562E-01 4.60562E-01 4.60562E-01 
1.58489E+00 1.58489E+00 2.51189E+00 1.58489E+00 2.51189E+00 1.58489E+00 2.51189E+00 3.98107E+00 1.58489E+00 2.51189E+00 3.98107E+00 6.30957E+00 1.58489E+00 2.51189E+00 3.98107E+00 6.30957E+00 1.58489E+00 2.51189E+00 3.98107E+00 6.30957E+00 9.99999E+00 1.58489E+00 2.51189E+00 3.98107E+00 6.30957E+00 9.99999E+00 1.58489E+00 2.51189E+00 3.98107E+00 6.30957E+00 9.99999E+00 1.58489E+01 1.58489E+00 2.51189E+00 3.98107E+00 6.30957E+00 9.99999E+00 1.58489E+01 2.51189E+01 2.51189E+00 3.98107E+00 6.30957E+00 9.99999E+00 1.58489E+01 2.51189E+01 3.98107E+00 6.30957E+00 9.99999E+00 1.58489E+01 2.51189E+01 3.98107E+01 6.30957E+00 9.99999E+00 1.58489E+01 2.51189E+01 3.98107E+01 6.30957E+01 
90000 
2.19470E-04 
2.18238E-04 
5.23207E-04 
2.17043E-04 
5.21838E-04 
2.15867E-04 
5.21256E-04 
1.28165E-03 
2.14834E-04 
5.21129E-04 
1.28293E-03 
3.23772E-03 
2.14160E-04 
5.21713E-04 
1.28650E-03 
3.23939E-03 
2.14192E-04 
5.23495E-04 
1.29293E-03 
3.24349E-03 
8.19835E-03 
2.14872E-04 
5.26248E-04 
1.30155E-03 
3.25096E-03 
8.20234E-03 
2.14376E-04 
5.26370E-04 
1.30382E-03 
3.24688E-03 
8.17266E-03 
2.06618E-02 
2.09049E-04 
5.16307E-04 
1.28275E-03 
3.19576E-03 
8.02878E-03 
2.02485E-02 
5.16640E-02 
4.97134E-04 
1.24148E-03 
3.10245E-03 
7.79334E-03 
1.96349E-02 
4.98929E-02 
1.21812E-03 
3.05148E-03 
7.66517E-03 
1.92926E-02 
4.88326E-02 
1.25676E-01 
3.04799E-03 
7.64907E-03 
1.92219E-02 
4.84709E-02 
1.23416E-01 
3.22993E-01 
---
