PdfType: replica
Format: lhagrid1
---
4.34963E-04 7.77181E-04 7.77181E-04 1.38865E-03 1.38865E-03 2.48120E-03 2.48120E-03 2.48120E-03 4.43334E-03 4.43334E-03 4.43334E-03 4.43334E-03 7.92137E-03 7.92137E-03 7.92137E-03 7.92137E-03 1.41537E-02 1.41537E-02 1.41537E-02 1.41537E-02 1.41537E-02 2.52895E-02 2.52895E-02 2.52895E-02 2.52895E-02 2.52895E-02 4.51866E-02 4.51866E-02 4.51866E-02 4.51866E-02 4.51866E-02 4.51866E-02 8.07383E-02 8.07383E-02 8.07383E-02 8.07383E-02 8.07383E-02 8.07383E-02 8.07383E-02 1.44261E-01 1.44261E-01 1.44261E-01 1.44261E-01 1.44261E-01 1.44261E-01 2.57762E-01 2.57762E-01 2.57762E-01 2.57762E-01 2.57762E-01 2.57762E-01 4.60562E-01 4.60562E-01 4.60562E-01 4.60562E-01 4.60562E-01 4.60562E-01 
1.58489E+00 1.58489E+00 2.51189E+00 1.58489E+00 2.51189E+00 1.58489E+00 2.51189E+00 3.98107E+00 1.58489E+00 2.51189E+00 3.98107E+00 6.30957E+00 1.58489E+00 2.51189E+00 3.98107E+00 6.30957E+00 1.58489E+00 2.51189E+00 3.98107E+00 6.30957E+00 9.99999E+00 1.58489E+00 2.51189E+00 3.98107E+00 6.30957E+00 9.99999E+00 1.58489E+00 2.51189E+00 3.98107E+00 6.30957E+00 9.99999E+00 1.58489E+01 1.58489E+00 2.51189E+00 3.98107E+00 6.30957E+00 9.99999E+00 1.58489E+01 2.51189E+01 2.51189E+00 3.98107E+00 6.30957E+00 9.99999E+00 1.58489E+01 2.51189E+01 3.98107E+00 6.30957E+00 9.99999E+00 1.58489E+01 2.51189E+01 3.98107E+01 6.30957E+00 9.99999E+00 1.58489E+01 2.51189E+01 3.98107E+01 6.30957E+01 
90000 
2.19488E-04 
2.18320E-04 
5.23553E-04 
2.17230E-04 
5.22410E-04 
2.16231E-04 
5.22198E-04 
1.28386E-03 
2.15494E-04 
5.22680E-04 
1.28646E-03 
3.24548E-03 
2.15296E-04 
5.24233E-04 
1.29214E-03 
3.25165E-03 
2.16008E-04 
5.27388E-04 
1.30158E-03 
3.26251E-03 
8.24168E-03 
2.17360E-04 
5.31545E-04 
1.31332E-03 
3.27753E-03 
8.26256E-03 
2.16952E-04 
5.32005E-04 
1.31650E-03 
3.27634E-03 
8.23967E-03 
2.08146E-02 
2.11010E-04 
5.20737E-04 
1.29298E-03 
3.21983E-03 
8.08533E-03 
2.03804E-02 
5.19545E-02 
5.00935E-04 
1.25088E-03 
3.12508E-03 
7.84988E-03 
1.97741E-02 
5.02236E-02 
1.23007E-03 
3.08196E-03 
7.74051E-03 
1.94785E-02 
4.92883E-02 
1.26767E-01 
3.08157E-03 
7.73417E-03 
1.94357E-02 
4.90056E-02 
1.24740E-01 
3.26189E-01 
---
