PdfType: replica
Format: lhagrid1
---
4.34963E-04 7.77181E-04 7.77181E-04 1.38865E-03 1.38865E-03 2.48120E-03 2.48120E-03 2.48120E-03 4.43334E-03 4.43334E-03 4.43334E-03 4.43334E-03 7.92137E-03 7.92137E-03 7.92137E-03 7.92137E-03 1.41537E-02 1.41537E-02 1.41537E-02 1.41537E-02 1.41537E-02 2.52895E-02 2.52895E-02 2.52895E-02 2.52895E-02 2.52895E-02 4.51866E-02 4.51866E-02 4.51866E-02 4.51866E-02 4.51866E-02 4.51866E-02 8.07383E-02 8.07383E-02 8.07383E-02 8.07383E-02 8.07383E-02 8.07383E-02 8.07383E-02 1.44261E-01 1.44261E-01 1.44261E-01 1.44261E-01 1.44261E-01 1.44261E-01 2.57762E-01 2.57762E-01 2.57762E-01 2.57762E-01 2.57762E-01 2.57762E-01 4.60562E-01 4.60562E-01 4.60562E-01 4.60562E-01 4.60562E-01 4.60562E-01 
1.58489E+00 1.58489E+00 2.51189E+00 1.58489E+00 2.51189E+00 1.58489E+00 2.51189E+00 3.98107E+00 1.58489E+00 2.51189E+00 3.98107E+00 6.30957E+00 1.58489E+00 2.51189E+00 3.98107E+00 6.30957E+00 1.58489E+00 2.51189E+00 3.98107E+00 6.30957E+00 9.99999E+00 1.58489E+00 2.51189E+00 3.98107E+00 6.30957E+00 9.99999E+00 1.58489E+00 2.51189E+00 3.98107E+00 6.30957E+00 9.99999E+00 1.58489E+01 1.58489E+00 2.51189E+00 3.98107E+00 6.30957E+00 9.99999E+00 1.58489E+01 2.51189E+01 2.51189E+00 3.98107E+00 6.30957E+00 9.99999E+00 1.58489E+01 2.51189E+01 3.98107E+00 6.30957E+00 9.99999E+00 1.58489E+01 2.51189E+01 3.98107E+01 6.30957E+00 9.99999E+00 1.58489E+01 2.51189E+01 3.98107E+01 6.30957E+01 
90000 
2.19591E-04 
2.18392E-04 
5.23615E-04 
2.17235E-04 
5.22337E-04 
2.16117E-04 
5.21899E-04 
1.28309E-03 
2.15207E-04 
5.22065E-04 
1.28510E-03 
3.24222E-03 
2.14828E-04 
5.23316E-04 
1.29025E-03 
3.24754E-03 
2.15502E-04 
5.26457E-04 
1.29971E-03 
3.25850E-03 
8.23332E-03 
2.17111E-04 
5.30988E-04 
1.31196E-03 
3.27402E-03 
8.25425E-03 
2.16635E-04 
5.30787E-04 
1.31288E-03 
3.26650E-03 
8.21408E-03 
2.07519E-02 
2.09069E-04 
5.15954E-04 
1.28127E-03 
3.19158E-03 
8.01640E-03 
2.02131E-02 
5.15562E-02 
4.95050E-04 
1.23746E-03 
3.09411E-03 
7.77691E-03 
1.96014E-02 
4.98152E-02 
1.22256E-03 
3.06316E-03 
7.69492E-03 
1.93673E-02 
4.90174E-02 
1.26117E-01 
3.06194E-03 
7.68425E-03 
1.93093E-02 
4.86881E-02 
1.23954E-01 
3.24325E-01 
---
