PdfType: replica
Format: lhagrid1
---
4.34963E-04 7.77181E-04 7.77181E-04 1.38865E-03 1.38865E-03 2.48120E-03 2.48120E-03 2.48120E-03 4.43334E-03 4.43334E-03 4.43334E-03 4.43334E-03 7.92137E-03 7.92137E-03 7.92137E-03 7.92137E-03 1.41537E-02 1.41537E-02 1.41537E-02 1.41537E-02 1.41537E-02 2.52895E-02 2.52895E-02 2.52895E-02 2.52895E-02 2.52895E-02 4.51866E-02 4.51866E-02 4.51866E-02 4.51866E-02 4.51866E-02 4.51866E-02 8.07383E-02 8.07383E-02 8.07383E-02 8.07383E-02 8.07383E-02 8.07383E-02 8.07383E-02 1.44261E-01 1.44261E-01 1.44261E-01 1.44261E-01 1.44261E-01 1.44261E-01 2.57762E-01 2.57762E-01 2.57762E-01 2.57762E-01 2.57762E-01 2.57762E-01 4.60562E-01 4.60562E-01 4.60562E-01 4.60562E-01 4.60562E-01 4.60562E-01 
1.58489E+00 1.58489E+00 2.51189E+00 1.58489E+00 2.51189E+00 1.58489E+00 2.51189E+00 3.98107E+00 1.58489E+00 2.51189E+00 3.98107E+00 6.30957E+00 1.58489E+00 2.51189E+00 3.98107E+00 6.30957E+00 1.58489E+00 2.51189E+00 3.98107E+00 6.30957E+00 9.99999E+00 1.58489E+00 2.51189E+00 3.98107E+00 6.30957E+00 9.99999E+00 1.58489E+00 2.51189E+00 3.98107E+00 6.30957E+00 9.99999E+00 1.58489E+01 1.58489E+00 2.51189E+00 3.98107E+00 6.30957E+00 9.99999E+00 1.58489E+01 2.51189E+01 2.51189E+00 3.98107E+00 6.30957E+00 9.99999E+00 1.58489E+01 2.51189E+01 3.98107E+00 6.30957E+00 9.99999E+00 1.58489E+01 2.51189E+01 3.98107E+01 6.30957E+00 9.99999E+00 1.58489E+01 2.51189E+01 3.98107E+01 6.30957E+01 
90000 
2.19023E-04 
2.17664E-04 
5.22337E-04 
2.16369E-04 
5.20842E-04 
2.15172E-04 
5.20277E-04 
1.28011E-03 
2.14278E-04 
5.20460E-04 
1.28210E-03 
3.23664E-03 
2.14029E-04 
5.21893E-04 
1.28752E-03 
3.24211E-03 
2.14923E-04 
5.25379E-04 
1.29764E-03 
3.25423E-03 
8.22449E-03 
2.16845E-04 
5.30628E-04 
1.31164E-03 
3.27401E-03 
8.25575E-03 
2.17077E-04 
5.32279E-04 
1.31712E-03 
3.27769E-03 
8.24247E-03 
2.08207E-02 
2.10875E-04 
5.20359E-04 
1.29195E-03 
3.21720E-03 
8.07828E-03 
2.03619E-02 
5.19048E-02 
4.99689E-04 
1.24847E-03 
3.12012E-03 
7.83983E-03 
1.97537E-02 
5.01832E-02 
1.23189E-03 
3.08811E-03 
7.75854E-03 
1.95299E-02 
4.94373E-02 
1.27237E-01 
3.10956E-03 
7.80754E-03 
1.96280E-02 
4.95137E-02 
1.26119E-01 
3.30216E-01 
---
