PdfType: replica
Format: lhagrid1
---
4.34963E-04 7.77181E-04 7.77181E-04 1.38865E-03 1.38865E-03 2.48120E-03 2.48120E-03 2.48120E-03 4.43334E-03 4.43334E-03 4.43334E-03 4.43334E-03 7.92137E-03 7.92137E-03 7.92137E-03 7.92137E-03 1.41537E-02 1.41537E-02 1.41537E-02 1.41537E-02 1.41537E-02 2.52895E-02 2.52895E-02 2.52895E-02 2.52895E-02 2.52895E-02 4.51866E-02 4.51866E-02 4.51866E-02 4.51866E-02 4.51866E-02 4.51866E-02 8.07383E-02 8.07383E-02 8.07383E-02 8.07383E-02 8.07383E-02 8.07383E-02 8.07383E-02 1.44261E-01 1.44261E-01 1.44261E-01 1.44261E-01 1.44261E-01 1.44261E-01 2.57762E-01 2.57762E-01 2.57762E-01 2.57762E-01 2.57762E-01 2.57762E-01 4.60562E-01 4.60562E-01 4.60562E-01 4.60562E-01 4.60562E-01 4.60562E-01 
1.58489E+00 1.58489E+00 2.51189E+00 1.58489E+00 2.51189E+00 1.58489E+00 2.51189E+00 3.98107E+00 1.58489E+00 2.51189E+00 3.98107E+00 6.30957E+00 1.58489E+00 2.51189E+00 3.98107E+00 6.30957E+00 1.58489E+00 2.51189E+00 3.98107E+00 6.30957E+00 9.99999E+00 1.58489E+00 2.51189E+00 3.98107E+00 6.30957E+00 9.99999E+00 1.58489E+00 2.51189E+00 3.98107E+00 6.30957E+00 9.99999E+00 1.58489E+01 1.58489E+00 2.51189E+00 3.98107E+00 6.30957E+00 9.99999E+00 1.58489E+01 2.51189E+01 2.51189E+00 3.98107E+00 6.30957E+00 9.99999E+00 1.58489E+01 2.51189E+01 3.98107E+00 6.30957E+00 9.99999E+00 1.58489E+01 2.51189E+01 3.98107E+01 6.30957E+00 9.99999E+00 1.58489E+01 2.51189E+01 3.98107E+01 6.30957E+01 
90000 
2.20094E-04 
2.18981E-04 
5.24817E-04 
2.17896E-04 
5.23691E-04 
2.16826E-04 
5.23357E-04 
1.28612E-03 
2.15915E-04 
5.23511E-04 
1.28806E-03 
3.24884E-03 
2.15423E-04 
5.24482E-04 
1.29254E-03 
3.25256E-03 
2.15763E-04 
5.26868E-04 
1.30033E-03 
3.25979E-03 
8.23598E-03 
2.16862E-04 
5.30415E-04 
1.31071E-03 
3.27132E-03 
8.24934E-03 
2.16517E-04 
5.30835E-04 
1.31366E-03 
3.26900E-03 
8.22340E-03 
2.07829E-02 
2.10553E-04 
5.19467E-04 
1.28973E-03 
3.21146E-03 
8.06460E-03 
2.03325E-02 
5.18696E-02 
4.98432E-04 
1.24464E-03 
3.10993E-03 
7.81163E-03 
1.96799E-02 
5.00037E-02 
1.22230E-03 
3.06304E-03 
7.69450E-03 
1.93667E-02 
4.90189E-02 
1.26139E-01 
3.07007E-03 
7.70774E-03 
1.93742E-02 
4.88615E-02 
1.24406E-01 
3.25443E-01 
---
