PdfType: replica
Format: lhagrid1
---
4.34963E-04 7.77181E-04 7.77181E-04 1.38865E-03 1.38865E-03 2.48120E-03 2.48120E-03 2.48120E-03 4.43334E-03 4.43334E-03 4.43334E-03 4.43334E-03 7.92137E-03 7.92137E-03 7.92137E-03 7.92137E-03 1.41537E-02 1.41537E-02 1.41537E-02 1.41537E-02 1.41537E-02 2.52895E-02 2.52895E-02 2.52895E-02 2.52895E-02 2.52895E-02 4.51866E-02 4.51866E-02 4.51866E-02 4.51866E-02 4.51866E-02 4.51866E-02 8.07383E-02 8.07383E-02 8.07383E-02 8.07383E-02 8.07383E-02 8.07383E-02 8.07383E-02 1.44261E-01 1.44261E-01 1.44261E-01 1.44261E-01 1.44261E-01 1.44261E-01 2.57762E-01 2.57762E-01 2.57762E-01 2.57762E-01 2.57762E-01 2.57762E-01 4.60562E-01 4.60562E-01 4.60562E-01 4.60562E-01 4.60562E-01 4.60562E-01 
1.58489E+00 1.58489E+00 2.51189E+00 1.58489E+00 2.51189E+00 1.58489E+00 2.51189E+00 3.98107E+00 1.58489E+00 2.51189E+00 3.98107E+00 6.30957E+00 1.58489E+00 2.51189E+00 3.98107E+00 6.30957E+00 1.58489E+00 2.51189E+00 3.98107E+00 6.30957E+00 9.99999E+00 1.58489E+00 2.51189E+00 3.98107E+00 6.30957E+00 9.99999E+00 1.58489E+00 2.51189E+00 3.98107E+00 6.30957E+00 9.99999E+00 1.58489E+01 1.58489E+00 2.51189E+00 3.98107E+00 6.30957E+00 9.99999E+00 1.58489E+01 2.51189E+01 2.51189E+00 3.98107E+00 6.30957E+00 9.99999E+00 1.58489E+01 2.51189E+01 3.98107E+00 6.30957E+00 9.99999E+00 1.58489E+01 2.51189E+01 3.98107E+01 6.30957E+00 9.99999E+00 1.58489E+01 2.51189E+01 3.98107E+01 6.30957E+01 
90000 
2.19466E-04 
2.18290E-04 
5.23311E-04 
2.17187E-04 
5.22130E-04 
2.16156E-04 
5.21845E-04 
1.28292E-03 
2.15347E-04 
5.22178E-04 
1.28520E-03 
3.24241E-03 
2.15006E-04 
5.23446E-04 
1.29026E-03 
3.24723E-03 
2.15476E-04 
5.26102E-04 
1.29855E-03 
3.25542E-03 
8.22554E-03 
2.16507E-04 
5.29517E-04 
1.30852E-03 
3.26596E-03 
8.23575E-03 
2.15739E-04 
5.29029E-04 
1.30934E-03 
3.25884E-03 
8.19824E-03 
2.07180E-02 
2.09298E-04 
5.16679E-04 
1.28327E-03 
3.19669E-03 
8.02913E-03 
2.02452E-02 
5.16427E-02 
4.96335E-04 
1.23964E-03 
3.09821E-03 
7.78334E-03 
1.96104E-02 
4.98274E-02 
1.21804E-03 
3.05066E-03 
7.66249E-03 
1.92846E-02 
4.88092E-02 
1.25605E-01 
3.04201E-03 
7.63228E-03 
1.91771E-02 
4.83565E-02 
1.23142E-01 
3.22467E-01 
---
