PdfType: replica
Format: lhagrid1
---
4.34963E-04 7.77181E-04 7.77181E-04 1.38865E-03 1.38865E-03 2.48120E-03 2.48120E-03 2.48120E-03 4.43334E-03 4.43334E-03 4.43334E-03 4.43334E-03 7.92137E-03 7.92137E-03 7.92137E-03 7.92137E-03 1.41537E-02 1.41537E-02 1.41537E-02 1.41537E-02 1.41537E-02 2.52895E-02 2.52895E-02 2.52895E-02 2.52895E-02 2.52895E-02 4.51866E-02 4.51866E-02 4.51866E-02 4.51866E-02 4.51866E-02 4.51866E-02 8.07383E-02 8.07383E-02 8.07383E-02 8.07383E-02 8.07383E-02 8.07383E-02 8.07383E-02 1.44261E-01 1.44261E-01 1.44261E-01 1.44261E-01 1.44261E-01 1.44261E-01 2.57762E-01 2.57762E-01 2.57762E-01 2.57762E-01 2.57762E-01 2.57762E-01 4.60562E-01 4.60562E-01 4.60562E-01 4.60562E-01 4.60562E-01 4.60562E-01 
1.58489E+00 1.58489E+00 2.51189E+00 1.58489E+00 2.51189E+00 1.58489E+00 2.51189E+00 3.98107E+00 1.58489E+00 2.51189E+00 3.98107E+00 6.30957E+00 1.58489E+00 2.51189E+00 3.98107E+00 6.30957E+00 1.58489E+00 2.51189E+00 3.98107E+00 6.30957E+00 9.99999E+00 1.58489E+00 2.51189E+00 3.98107E+00 6.30957E+00 9.99999E+00 1.58489E+00 2.51189E+00 3.98107E+00 6.30957E+00 9.99999E+00 1.58489E+01 1.58489E+00 2.51189E+00 3.98107E+00 6.30957E+00 9.99999E+00 1.58489E+01 2.51189E+01 2.51189E+00 3.98107E+00 6.30957E+00 9.99999E+00 1.58489E+01 2.51189E+01 3.98107E+00 6.30957E+00 9.99999E+00 1.58489E+01 2.51189E+01 3.98107E+01 6.30957E+00 9.99999E+00 1.58489E+01 2.51189E+01 3.98107E+01 6.30957E+01 
90000 
2.19783E-04 
2.18623E-04 
5.24024E-04 
2.17526E-04 
5.22843E-04 
2.16493E-04 
5.22561E-04 
1.28452E-03 
2.15683E-04 
5.22910E-04 
1.28683E-03 
3.24700E-03 
2.15355E-04 
5.24229E-04 
1.29203E-03 
3.25188E-03 
2.15878E-04 
5.27053E-04 
1.30084E-03 
3.26113E-03 
8.24058E-03 
2.17097E-04 
5.31067E-04 
1.31253E-03 
3.27601E-03 
8.26131E-03 
2.17018E-04 
5.32455E-04 
1.31817E-03 
3.28092E-03 
8.25325E-03 
2.08550E-02 
2.12096E-04 
5.23533E-04 
1.30003E-03 
3.23725E-03 
8.12812E-03 
2.04870E-02 
5.22311E-02 
5.04537E-04 
1.25922E-03 
3.14483E-03 
7.89567E-03 
1.98817E-02 
5.04821E-02 
1.23244E-03 
3.08675E-03 
7.74981E-03 
1.94960E-02 
4.93202E-02 
1.26827E-01 
3.06400E-03 
7.68683E-03 
1.93109E-02 
4.86819E-02 
1.23923E-01 
3.24264E-01 
---
