PdfType: replica
Format: lhagrid1
---
4.34963E-04 7.77181E-04 7.77181E-04 1.38865E-03 1.38865E-03 2.48120E-03 2.48120E-03 2.48120E-03 4.43334E-03 4.43334E-03 4.43334E-03 4.43334E-03 7.92137E-03 7.92137E-03 7.92137E-03 7.92137E-03 1.41537E-02 1.41537E-02 1.41537E-02 1.41537E-02 1.41537E-02 2.52895E-02 2.52895E-02 2.52895E-02 2.52895E-02 2.52895E-02 4.51866E-02 4.51866E-02 4.51866E-02 4.51866E-02 4.51866E-02 4.51866E-02 8.07383E-02 8.07383E-02 8.07383E-02 8.07383E-02 8.07383E-02 8.07383E-02 8.07383E-02 1.44261E-01 1.44261E-01 1.44261E-01 1.44261E-01 1.44261E-01 1.44261E-01 2.57762E-01 2.57762E-01 2.57762E-01 2.57762E-01 2.57762E-01 2.57762E-01 4.60562E-01 4.60562E-01 4.60562E-01 4.60562E-01 4.60562E-01 4.60562E-01 
1.58489E+00 1.58489E+00 2.51189E+00 1.58489E+00 2.51189E+00 1.58489E+00 2.51189E+00 3.98107E+00 1.58489E+00 2.51189E+00 3.98107E+00 6.30957E+00 1.58489E+00 2.51189E+00 3.98107E+00 6.30957E+00 1.58489E+00 2.51189E+00 3.98107E+00 6.30957E+00 9.99999E+00 1.58489E+00 2.51189E+00 3.98107E+00 6.30957E+00 9.99999E+00 1.58489E+00 2.51189E+00 3.98107E+00 6.30957E+00 9.99999E+00 1.58489E+01 1.58489E+00 2.51189E+00 3.98107E+00 6.30957E+00 9.99999E+00 1.58489E+01 2.51189E+01 2.51189E+00 3.98107E+00 6.30957E+00 9.99999E+00 1.58489E+01 2.51189E+01 3.98107E+00 6.30957E+00 9.99999E+00 1.58489E+01 2.51189E+01 3.98107E+01 6.30957E+00 9.99999E+00 1.58489E+01 2.51189E+01 3.98107E+01 6.30957E+01 
90000 
2.19395E-04 
2.18110E-04 
5.23084E-04 
2.16823E-04 
5.21511E-04 
2.15497E-04 
5.20572E-04 
1.28042E-03 
2.14216E-04 
5.19839E-04 
1.28024E-03 
3.23283E-03 
2.13117E-04 
5.19433E-04 
1.28155E-03 
3.22895E-03 
2.12463E-04 
5.19805E-04 
1.28502E-03 
3.22629E-03 
8.16176E-03 
2.12385E-04 
5.21442E-04 
1.29188E-03 
3.23080E-03 
8.15972E-03 
2.12316E-04 
5.23316E-04 
1.29916E-03 
3.24000E-03 
8.16295E-03 
2.06496E-02 
2.10149E-04 
5.20091E-04 
1.29345E-03 
3.22401E-03 
8.10155E-03 
2.04322E-02 
5.21114E-02 
5.06120E-04 
1.26276E-03 
3.15278E-03 
7.91501E-03 
1.99284E-02 
5.05932E-02 
1.23422E-03 
3.09138E-03 
7.76185E-03 
1.95275E-02 
4.94006E-02 
1.27013E-01 
3.08374E-03 
7.73975E-03 
1.94495E-02 
4.90366E-02 
1.24803E-01 
3.26239E-01 
---
