PdfType: replica
Format: lhagrid1
---
4.34963E-04 7.77181E-04 7.77181E-04 1.38865E-03 1.38865E-03 2.48120E-03 2.48120E-03 2.48120E-03 4.43334E-03 4.43334E-03 4.43334E-03 4.43334E-03 7.92137E-03 7.92137E-03 7.92137E-03 7.92137E-03 1.41537E-02 1.41537E-02 1.41537E-02 1.41537E-02 1.41537E-02 2.52895E-02 2.52895E-02 2.52895E-02 2.52895E-02 2.52895E-02 4.51866E-02 4.51866E-02 4.51866E-02 4.51866E-02 4.51866E-02 4.51866E-02 8.07383E-02 8.07383E-02 8.07383E-02 8.07383E-02 8.07383E-02 8.07383E-02 8.07383E-02 1.44261E-01 1.44261E-01 1.44261E-01 1.44261E-01 1.44261E-01 1.44261E-01 2.57762E-01 2.57762E-01 2.57762E-01 2.57762E-01 2.57762E-01 2.57762E-01 4.60562E-01 4.60562E-01 4.60562E-01 4.60562E-01 4.60562E-01 4.60562E-01 
1.58489E+00 1.58489E+00 2.51189E+00 1.58489E+00 2.51189E+00 1.58489E+00 2.51189E+00 3.98107E+00 1.58489E+00 2.51189E+00 3.98107E+00 6.30957E+00 1.58489E+00 2.51189E+00 3.98107E+00 6.30957E+00 1.58489E+00 2.51189E+00 3.98107E+00 6.30957E+00 9.99999E+00 1.58489E+00 2.51189E+00 3.98107E+00 6.30957E+00 9.99999E+00 1.58489E+00 2.51189E+00 3.98107E+00 6.30957E+00 9.99999E+00 1.58489E+01 1.58489E+00 2.51189E+00 3.98107E+00 6.30957E+00 9.99999E+00 1.58489E+01 2.51189E+01 2.51189E+00 3.98107E+00 6.30957E+00 9.99999E+00 1.58489E+01 2.51189E+01 3.98107E+00 6.30957E+00 9.99999E+00 1.58489E+01 2.51189E+01 3.98107E+01 6.30957E+00 9.99999E+00 1.58489E+01 2.51189E+01 3.98107E+01 6.30957E+01 
90000 
2.19658E-04 
2.18407E-04 
5.23615E-04 
2.17170E-04 
5.22252E-04 
2.15957E-04 
5.21682E-04 
1.28272E-03 
2.14953E-04 
5.21665E-04 
1.28434E-03 
3.24089E-03 
2.14483E-04 
5.22650E-04 
1.28883E-03 
3.24448E-03 
2.15024E-04 
5.25389E-04 
1.29735E-03 
3.25313E-03 
8.22153E-03 
2.16441E-04 
5.29603E-04 
1.30913E-03 
3.26796E-03 
8.24186E-03 
2.16202E-04 
5.30320E-04 
1.31258E-03 
3.26688E-03 
8.21744E-03 
2.07667E-02 
2.10011E-04 
5.18259E-04 
1.28682E-03 
3.20427E-03 
8.04718E-03 
2.02896E-02 
5.17594E-02 
4.97403E-04 
1.24244E-03 
3.10441E-03 
7.79958E-03 
1.96527E-02 
4.99411E-02 
1.22288E-03 
3.06457E-03 
7.69656E-03 
1.93688E-02 
4.90214E-02 
1.26166E-01 
3.06173E-03 
7.68317E-03 
1.93065E-02 
4.86832E-02 
1.23959E-01 
3.24459E-01 
---
