PdfType: replica
Format: lhagrid1
---
4.34963E-04 7.77181E-04 7.77181E-04 1.38865E-03 1.38865E-03 2.48120E-03 2.48120E-03 2.48120E-03 4.43334E-03 4.43334E-03 4.43334E-03 4.43334E-03 7.92137E-03 7.92137E-03 7.92137E-03 7.92137E-03 1.41537E-02 1.41537E-02 1.41537E-02 1.41537E-02 1.41537E-02 2.52895E-02 2.52895E-02 2.52895E-02 2.52895E-02 2.52895E-02 4.51866E-02 4.51866E-02 4.51866E-02 4.51866E-02 4.51866E-02 4.51866E-02 8.07383E-02 8.07383E-02 8.07383E-02 8.07383E-02 8.07383E-02 8.07383E-02 8.07383E-02 1.44261E-01 1.44261E-01 1.44261E-01 1.44261E-01 1.44261E-01 1.44261E-01 2.57762E-01 2.57762E-01 2.57762E-01 2.57762E-01 2.57762E-01 2.57762E-01 4.60562E-01 4.60562E-01 4.60562E-01 4.60562E-01 4.60562E-01 4.60562E-01 
1.58489E+00 1.58489E+00 2.51189E+00 1.58489E+00 2.51189E+00 1.58489E+00 2.51189E+00 3.98107E+00 1.58489E+00 2.51189E+00 3.98107E+00 6.30957E+00 1.58489E+00 2.51189E+00 3.98107E+00 6.30957E+00 1.58489E+00 2.51189E+00 3.98107E+00 6.30957E+00 9.99999E+00 1.58489E+00 2.51189E+00 3.98107E+00 6.30957E+00 9.99999E+00 1.58489E+00 2.51189E+00 3.98107E+00 6.30957E+00 9.99999E+00 1.58489E+01 1.58489E+00 2.51189E+00 3.98107E+00 6.30957E+00 9.99999E+00 1.58489E+01 2.51189E+01 2.51189E+00 3.98107E+00 6.30957E+00 9.99999E+00 1.58489E+01 2.51189E+01 3.98107E+00 6.30957E+00 9.99999E+00 1.58489E+01 2.51189E+01 3.98107E+01 6.30957E+00 9.99999E+00 1.58489E+01 2.51189E+01 3.98107E+01 6.30957E+01 
90000 
2.18954E-04 
2.17622E-04 
5.22088E-04 
2.16331E-04 
5.20525E-04 
2.15073E-04 
5.19762E-04 
1.27885E-03 
2.13984E-04 
5.19495E-04 
1.27976E-03 
3.23202E-03 
2.13287E-04 
5.20024E-04 
1.28319E-03 
3.23288E-03 
2.13358E-04 
5.21973E-04 
1.29015E-03 
3.23793E-03 
8.18816E-03 
2.14324E-04 
5.25673E-04 
1.30142E-03 
3.25207E-03 
8.20832E-03 
2.15045E-04 
5.28983E-04 
1.31170E-03 
3.26803E-03 
8.22749E-03 
2.07985E-02 
2.12467E-04 
5.25092E-04 
1.30488E-03 
3.25066E-03 
8.16383E-03 
2.05786E-02 
5.24523E-02 
5.09938E-04 
1.27197E-03 
3.17550E-03 
7.96891E-03 
2.00570E-02 
5.08997E-02 
1.24081E-03 
3.10571E-03 
7.79350E-03 
1.95977E-02 
4.95566E-02 
1.27361E-01 
3.06050E-03 
7.67513E-03 
1.92764E-02 
4.85846E-02 
1.23660E-01 
3.23577E-01 
---
