PdfType: replica
Format: lhagrid1
---
4.34963E-04 7.77181E-04 7.77181E-04 1.38865E-03 1.38865E-03 2.48120E-03 2.48120E-03 2.48120E-03 4.43334E-03 4.43334E-03 4.43334E-03 4.43334E-03 7.92137E-03 7.92137E-03 7.92137E-03 7.92137E-03 1.41537E-02 1.41537E-02 1.41537E-02 1.41537E-02 1.41537E-02 2.52895E-02 2.52895E-02 2.52895E-02 2.52895E-02 2.52895E-02 4.51866E-02 4.51866E-02 4.51866E-02 4.51866E-02 4.51866E-02 4.51866E-02 8.07383E-02 8.07383E-02 8.07383E-02 8.07383E-02 8.07383E-02 8.07383E-02 8.07383E-02 1.44261E-01 1.44261E-01 1.44261E-01 1.44261E-01 1.44261E-01 1.44261E-01 2.57762E-01 2.57762E-01 2.57762E-01 2.57762E-01 2.57762E-01 2.57762E-01 4.60562E-01 4.60562E-01 4.60562E-01 4.60562E-01 4.60562E-01 4.60562E-01 
1.58489E+00 1.58489E+00 2.51189E+00 1.58489E+00 2.51189E+00 1.58489E+00 2.51189E+00 3.98107E+00 1.58489E+00 2.51189E+00 3.98107E+00 6.30957E+00 1.58489E+00 2.51189E+00 3.98107E+00 6.30957E+00 1.58489E+00 2.51189E+00 3.98107E+00 6.30957E+00 9.99999E+00 1.58489E+00 2.51189E+00 3.98107E+00 6.30957E+00 9.99999E+00 1.58489E+00 2.51189E+00 3.98107E+00 6.30957E+00 9.99999E+00 1.58489E+01 1.58489E+00 2.51189E+00 3.98107E+00 6.30957E+00 9.99999E+00 1.58489E+01 2.51189E+01 2.51189E+00 3.98107E+00 6.30957E+00 9.99999E+00 1.58489E+01 2.51189E+01 3.98107E+00 6.30957E+00 9.99999E+00 1.58489E+01 2.51189E+01 3.98107E+01 6.30957E+00 9.99999E+00 1.58489E+01 2.51189E+01 3.98107E+01 6.30957E+01 
90000 
2.19486E-04 
2.18294E-04 
5.23385E-04 
2.17157E-04 
5.22092E-04 
2.16058E-04 
5.21634E-04 
1.28247E-03 
2.15122E-04 
5.21680E-04 
1.28407E-03 
3.24037E-03 
2.14565E-04 
5.22493E-04 
1.28814E-03 
3.24282E-03 
2.14736E-04 
5.24582E-04 
1.29533E-03 
3.24848E-03 
8.20953E-03 
2.15587E-04 
5.27840E-04 
1.30535E-03 
3.25952E-03 
8.22231E-03 
2.15412E-04 
5.28979E-04 
1.31037E-03 
3.26290E-03 
8.21109E-03 
2.07517E-02 
2.10738E-04 
5.20542E-04 
1.29323E-03 
3.22169E-03 
8.09134E-03 
2.03984E-02 
5.20106E-02 
5.02364E-04 
1.25408E-03 
3.13298E-03 
7.86732E-03 
1.98137E-02 
5.03177E-02 
1.22908E-03 
3.07829E-03 
7.73026E-03 
1.94504E-02 
4.92123E-02 
1.26565E-01 
3.06135E-03 
7.68282E-03 
1.93044E-02 
4.86707E-02 
1.23899E-01 
3.24171E-01 
---
