PdfType: replica
Format: lhagrid1
---
4.34963E-04 7.77181E-04 7.77181E-04 1.38865E-03 1.38865E-03 2.48120E-03 2.48120E-03 2.48120E-03 4.43334E-03 4.43334E-03 4.43334E-03 4.43334E-03 7.92137E-03 7.92137E-03 7.92137E-03 7.92137E-03 1.41537E-02 1.41537E-02 1.41537E-02 1.41537E-02 1.41537E-02 2.52895E-02 2.52895E-02 2.52895E-02 2.52895E-02 2.52895E-02 4.51866E-02 4.51866E-02 4.51866E-02 4.51866E-02 4.51866E-02 4.51866E-02 8.07383E-02 8.07383E-02 8.07383E-02 8.07383E-02 8.07383E-02 8.07383E-02 8.07383E-02 1.44261E-01 1.44261E-01 1.44261E-01 1.44261E-01 1.44261E-01 1.44261E-01 2.57762E-01 2.57762E-01 2.57762E-01 2.57762E-01 2.57762E-01 2.57762E-01 4.60562E-01 4.60562E-01 4.60562E-01 4.60562E-01 4.60562E-01 4.60562E-01 
1.58489E+00 1.58489E+00 2.51189E+00 1.58489E+00 2.51189E+00 1.58489E+00 2.51189E+00 3.98107E+00 1.58489E+00 2.51189E+00 3.98107E+00 6.30957E+00 1.58489E+00 2.51189E+00 3.98107E+00 6.30957E+00 1.58489E+00 2.51189E+00 3.98107E+00 6.30957E+00 9.99999E+00 1.58489E+00 2.51189E+00 3.98107E+00 6.30957E+00 9.99999E+00 1.58489E+00 2.51189E+00 3.98107E+00 6.30957E+00 9.99999E+00 1.58489E+01 1.58489E+00 2.51189E+00 3.98107E+00 6.30957E+00 9.99999E+00 1.58489E+01 2.51189E+01 2.51189E+00 3.98107E+00 6.30957E+00 9.99999E+00 1.58489E+01 2.51189E+01 3.98107E+00 6.30957E+00 9.99999E+00 1.58489E+01 2.51189E+01 3.98107E+01 6.30957E+00 9.99999E+00 1.58489E+01 2.51189E+01 3.98107E+01 6.30957E+01 
90000 
2.19649E-04 
2.18488E-04 
5.23778E-04 
2.17392E-04 
5.22615E-04 
2.16368E-04 
5.22345E-04 
1.28415E-03 
2.15568E-04 
5.22689E-04 
1.28640E-03 
3.24601E-03 
2.15220E-04 
5.23934E-04 
1.29142E-03 
3.25043E-03 
2.15617E-04 
5.26527E-04 
1.29976E-03 
3.25885E-03 
8.23536E-03 
2.16599E-04 
5.30239E-04 
1.31101E-03 
3.27326E-03 
8.25557E-03 
2.16660E-04 
5.32123E-04 
1.31804E-03 
3.28148E-03 
8.25650E-03 
2.08660E-02 
2.12897E-04 
5.25497E-04 
1.30499E-03 
3.24890E-03 
8.15817E-03 
2.05638E-02 
5.24267E-02 
5.08223E-04 
1.26803E-03 
3.16585E-03 
7.94620E-03 
2.00040E-02 
5.07822E-02 
1.23928E-03 
3.10455E-03 
7.79275E-03 
1.96007E-02 
4.95776E-02 
1.27464E-01 
3.08216E-03 
7.73249E-03 
1.94253E-02 
4.89664E-02 
1.24618E-01 
3.25867E-01 
---
