PdfType: replica
Format: lhagrid1
---
4.34963E-04 7.77181E-04 7.77181E-04 1.38865E-03 1.38865E-03 2.48120E-03 2.48120E-03 2.48120E-03 4.43334E-03 4.43334E-03 4.43334E-03 4.43334E-03 7.92137E-03 7.92137E-03 7.92137E-03 7.92137E-03 1.41537E-02 1.41537E-02 1.41537E-02 1.41537E-02 1.41537E-02 2.52895E-02 2.52895E-02 2.52895E-02 2.52895E-02 2.52895E-02 4.51866E-02 4.51866E-02 4.51866E-02 4.51866E-02 4.51866E-02 4.51866E-02 8.07383E-02 8.07383E-02 8.07383E-02 8.07383E-02 8.07383E-02 8.07383E-02 8.07383E-02 1.44261E-01 1.44261E-01 1.44261E-01 1.44261E-01 1.44261E-01 1.44261E-01 2.57762E-01 2.57762E-01 2.57762E-01 2.57762E-01 2.57762E-01 2.57762E-01 4.60562E-01 4.60562E-01 4.60562E-01 4.60562E-01 4.60562E-01 4.60562E-01 
1.58489E+00 1.58489E+00 2.51189E+00 1.58489E+00 2.51189E+00 1.58489E+00 2.51189E+00 3.98107E+00 1.58489E+00 2.51189E+00 3.98107E+00 6.30957E+00 1.58489E+00 2.51189E+00 3.98107E+00 6.30957E+00 1.58489E+00 2.51189E+00 3.98107E+00 6.30957E+00 9.99999E+00 1.58489E+00 2.51189E+00 3.98107E+00 6.30957E+00 9.99999E+00 1.58489E+00 2.51189E+00 3.98107E+00 6.30957E+00 9.99999E+00 1.58489E+01 1.58489E+00 2.51189E+00 3.98107E+00 6.30957E+00 9.99999E+00 1.58489E+01 2.51189E+01 2.51189E+00 3.98107E+00 6.30957E+00 9.99999E+00 1.58489E+01 2.51189E+01 3.98107E+00 6.30957E+00 9.99999E+00 1.58489E+01 2.51189E+01 3.98107E+01 6.30957E+00 9.99999E+00 1.58489E+01 2.51189E+01 3.98107E+01 6.30957E+01 
90000 
2.19541E-04 
2.18428E-04 
5.23753E-04 
2.17406E-04 
5.22696E-04 
2.16470E-04 
5.22565E-04 
1.28451E-03 
2.15752E-04 
5.23050E-04 
1.28706E-03 
3.24650E-03 
2.15453E-04 
5.24394E-04 
1.29227E-03 
3.25174E-03 
2.15868E-04 
5.26996E-04 
1.30054E-03 
3.26024E-03 
8.23559E-03 
2.16846E-04 
5.30489E-04 
1.31100E-03 
3.27247E-03 
8.25118E-03 
2.16598E-04 
5.31339E-04 
1.31525E-03 
3.27358E-03 
8.23508E-03 
2.08073E-02 
2.11652E-04 
5.22152E-04 
1.29630E-03 
3.22734E-03 
8.10380E-03 
2.04268E-02 
5.20809E-02 
5.02502E-04 
1.25382E-03 
3.13096E-03 
7.86067E-03 
1.97942E-02 
5.02668E-02 
1.22529E-03 
3.06890E-03 
7.70589E-03 
1.93884E-02 
4.90571E-02 
1.26186E-01 
3.05504E-03 
7.66583E-03 
1.92613E-02 
4.85629E-02 
1.23631E-01 
3.23497E-01 
---
