PdfType: replica
Format: lhagrid1
---
4.34963E-04 7.77181E-04 7.77181E-04 1.38865E-03 1.38865E-03 2.48120E-03 2.48120E-03 2.48120E-03 4.43334E-03 4.43334E-03 4.43334E-03 4.43334E-03 7.92137E-03 7.92137E-03 7.92137E-03 7.92137E-03 1.41537E-02 1.41537E-02 1.41537E-02 1.41537E-02 1.41537E-02 2.52895E-02 2.52895E-02 2.52895E-02 2.52895E-02 2.52895E-02 4.51866E-02 4.51866E-02 4.51866E-02 4.51866E-02 4.51866E-02 4.51866E-02 8.07383E-02 8.07383E-02 8.07383E-02 8.07383E-02 8.07383E-02 8.07383E-02 8.07383E-02 1.44261E-01 1.44261E-01 1.44261E-01 1.44261E-01 1.44261E-01 1.44261E-01 2.57762E-01 2.57762E-01 2.57762E-01 2.57762E-01 2.57762E-01 2.57762E-01 4.60562E-01 4.60562E-01 4.60562E-01 4.60562E-01 4.60562E-01 4.60562E-01 
1.58489E+00 1.58489E+00 2.51189E+00 1.58489E+00 2.51189E+00 1.58489E+00 2.51189E+00 3.98107E+00 1.58489E+00 2.51189E+00 3.98107E+00 6.30957E+00 1.58489E+00 2.51189E+00 3.98107E+00 6.30957E+00 1.58489E+00 2.51189E+00 3.98107E+00 6.30957E+00 9.99999E+00 1.58489E+00 2.51189E+00 3.98107E+00 6.30957E+00 9.99999E+00 1.58489E+00 2.51189E+00 3.98107E+00 6.30957E+00 9.99999E+00 1.58489E+01 1.58489E+00 2.51189E+00 3.98107E+00 6.30957E+00 9.99999E+00 1.58489E+01 2.51189E+01 2.51189E+00 3.98107E+00 6.30957E+00 9.99999E+00 1.58489E+01 2.51189E+01 3.98107E+00 6.30957E+00 9.99999E+00 1.58489E+01 2.51189E+01 3.98107E+01 6.30957E+00 9.99999E+00 1.58489E+01 2.51189E+01 3.98107E+01 6.30957E+01 
90000 
2.19584E-04 
2.18386E-04 
5.23607E-04 
2.17253E-04 
5.22365E-04 
2.16191E-04 
5.22020E-04 
1.28338E-03 
2.15366E-04 
5.22312E-04 
1.28553E-03 
3.24386E-03 
2.15050E-04 
5.23596E-04 
1.29058E-03 
3.24858E-03 
2.15629E-04 
5.26430E-04 
1.29926E-03 
3.25753E-03 
8.23050E-03 
2.16935E-04 
5.30439E-04 
1.31067E-03 
3.27139E-03 
8.24921E-03 
2.16736E-04 
5.31363E-04 
1.31497E-03 
3.27242E-03 
8.23173E-03 
2.07986E-02 
2.11183E-04 
5.21037E-04 
1.29362E-03 
3.22089E-03 
8.08809E-03 
2.03883E-02 
5.19845E-02 
5.01065E-04 
1.25098E-03 
3.12487E-03 
7.84805E-03 
1.97678E-02 
5.02108E-02 
1.22727E-03 
3.07519E-03 
7.72323E-03 
1.94350E-02 
4.91823E-02 
1.26534E-01 
3.07162E-03 
7.70891E-03 
1.93719E-02 
4.88450E-02 
1.24342E-01 
3.25237E-01 
---
