PdfType: replica
Format: lhagrid1
---
4.34963E-04 7.77181E-04 7.77181E-04 1.38865E-03 1.38865E-03 2.48120E-03 2.48120E-03 2.48120E-03 4.43334E-03 4.43334E-03 4.43334E-03 4.43334E-03 7.92137E-03 7.92137E-03 7.92137E-03 7.92137E-03 1.41537E-02 1.41537E-02 1.41537E-02 1.41537E-02 1.41537E-02 2.52895E-02 2.52895E-02 2.52895E-02 2.52895E-02 2.52895E-02 4.51866E-02 4.51866E-02 4.51866E-02 4.51866E-02 4.51866E-02 4.51866E-02 8.07383E-02 8.07383E-02 8.07383E-02 8.07383E-02 8.07383E-02 8.07383E-02 8.07383E-02 1.44261E-01 1.44261E-01 1.44261E-01 1.44261E-01 1.44261E-01 1.44261E-01 2.57762E-01 2.57762E-01 2.57762E-01 2.57762E-01 2.57762E-01 2.57762E-01 4.60562E-01 4.60562E-01 4.60562E-01 4.60562E-01 4.60562E-01 4.60562E-01 
1.58489E+00 1.58489E+00 2.51189E+00 1.58489E+00 2.51189E+00 1.58489E+00 2.51189E+00 3.98107E+00 1.58489E+00 2.51189E+00 3.98107E+00 6.30957E+00 1.58489E+00 2.51189E+00 3.98107E+00 6.30957E+00 1.58489E+00 2.51189E+00 3.98107E+00 6.30957E+00 9.99999E+00 1.58489E+00 2.51189E+00 3.98107E+00 6.30957E+00 9.99999E+00 1.58489E+00 2.51189E+00 3.98107E+00 6.30957E+00 9.99999E+00 1.58489E+01 1.58489E+00 2.51189E+00 3.98107E+00 6.30957E+00 9.99999E+00 1.58489E+01 2.51189E+01 2.51189E+00 3.98107E+00 6.30957E+00 9.99999E+00 1.58489E+01 2.51189E+01 3.98107E+00 6.30957E+00 9.99999E+00 1.58489E+01 2.51189E+01 3.98107E+01 6.30957E+00 9.99999E+00 1.58489E+01 2.51189E+01 3.98107E+01 6.30957E+01 
90000 
2.19771E-04 
2.18534E-04 
5.23858E-04 
2.17331E-04 
5.22526E-04 
2.16181E-04 
5.22080E-04 
1.28357E-03 
2.15287E-04 
5.22326E-04 
1.28576E-03 
3.24455E-03 
2.15010E-04 
5.23770E-04 
1.29129E-03 
3.25035E-03 
2.15857E-04 
5.27166E-04 
1.30122E-03 
3.26198E-03 
8.24205E-03 
2.17613E-04 
5.31980E-04 
1.31422E-03 
3.27916E-03 
8.26733E-03 
2.17408E-04 
5.32698E-04 
1.31775E-03 
3.27832E-03 
8.24399E-03 
2.08269E-02 
2.10867E-04 
5.20273E-04 
1.29177E-03 
3.21655E-03 
8.07720E-03 
2.03613E-02 
5.19167E-02 
5.00163E-04 
1.24948E-03 
3.12245E-03 
7.84446E-03 
1.97632E-02 
5.02041E-02 
1.23184E-03 
3.08691E-03 
7.75259E-03 
1.95085E-02 
4.93653E-02 
1.26981E-01 
3.08579E-03 
7.74467E-03 
1.94616E-02 
4.90707E-02 
1.24911E-01 
3.26690E-01 
---
