PdfType: replica
Format: lhagrid1
---
4.34963E-04 7.77181E-04 7.77181E-04 1.38865E-03 1.38865E-03 2.48120E-03 2.48120E-03 2.48120E-03 4.43334E-03 4.43334E-03 4.43334E-03 4.43334E-03 7.92137E-03 7.92137E-03 7.92137E-03 7.92137E-03 1.41537E-02 1.41537E-02 1.41537E-02 1.41537E-02 1.41537E-02 2.52895E-02 2.52895E-02 2.52895E-02 2.52895E-02 2.52895E-02 4.51866E-02 4.51866E-02 4.51866E-02 4.51866E-02 4.51866E-02 4.51866E-02 8.07383E-02 8.07383E-02 8.07383E-02 8.07383E-02 8.07383E-02 8.07383E-02 8.07383E-02 1.44261E-01 1.44261E-01 1.44261E-01 1.44261E-01 1.44261E-01 1.44261E-01 2.57762E-01 2.57762E-01 2.57762E-01 2.57762E-01 2.57762E-01 2.57762E-01 4.60562E-01 4.60562E-01 4.60562E-01 4.60562E-01 4.60562E-01 4.60562E-01 
1.58489E+00 1.58489E+00 2.51189E+00 1.58489E+00 2.51189E+00 1.58489E+00 2.51189E+00 3.98107E+00 1.58489E+00 2.51189E+00 3.98107E+00 6.30957E+00 1.58489E+00 2.51189E+00 3.98107E+00 6.30957E+00 1.58489E+00 2.51189E+00 3.98107E+00 6.30957E+00 9.99999E+00 1.58489E+00 2.51189E+00 3.98107E+00 6.30957E+00 9.99999E+00 1.58489E+00 2.51189E+00 3.98107E+00 6.30957E+00 9.99999E+00 1.58489E+01 1.58489E+00 2.51189E+00 3.98107E+00 6.30957E+00 9.99999E+00 1.58489E+01 2.51189E+01 2.51189E+00 3.98107E+00 6.30957E+00 9.99999E+00 1.58489E+01 2.51189E+01 3.98107E+00 6.30957E+00 9.99999E+00 1.58489E+01 2.51189E+01 3.98107E+01 6.30957E+00 9.99999E+00 1.58489E+01 2.51189E+01 3.98107E+01 6.30957E+01 
90000 
2.19073E-04 
2.17855E-04 
5.22577E-04 
2.16744E-04 
5.21385E-04 
2.15755E-04 
5.21177E-04 
1.28180E-03 
2.15040E-04 
5.21678E-04 
1.28436E-03 
3.24121E-03 
2.14809E-04 
5.23137E-04 
1.28977E-03 
3.24648E-03 
2.15305E-04 
5.25869E-04 
1.29828E-03 
3.25519E-03 
8.22535E-03 
2.16252E-04 
5.29357E-04 
1.30879E-03 
3.26783E-03 
8.24136E-03 
2.15905E-04 
5.30285E-04 
1.31355E-03 
3.27115E-03 
8.23071E-03 
2.07995E-02 
2.11457E-04 
5.22367E-04 
1.29767E-03 
3.23257E-03 
8.11815E-03 
2.04648E-02 
5.21761E-02 
5.04704E-04 
1.25936E-03 
3.14478E-03 
7.89541E-03 
1.98807E-02 
5.04777E-02 
1.23049E-03 
3.08196E-03 
7.73952E-03 
1.94734E-02 
4.92666E-02 
1.26650E-01 
3.07281E-03 
7.71172E-03 
1.93781E-02 
4.88534E-02 
1.24286E-01 
3.23517E-01 
---
