PdfType: replica
Format: lhagrid1
---
4.34963E-04 7.77181E-04 7.77181E-04 1.38865E-03 1.38865E-03 2.48120E-03 2.48120E-03 2.48120E-03 4.43334E-03 4.43334E-03 4.43334E-03 4.43334E-03 7.92137E-03 7.92137E-03 7.92137E-03 7.92137E-03 1.41537E-02 1.41537E-02 1.41537E-02 1.41537E-02 1.41537E-02 2.52895E-02 2.52895E-02 2.52895E-02 2.52895E-02 2.52895E-02 4.51866E-02 4.51866E-02 4.51866E-02 4.51866E-02 4.51866E-02 4.51866E-02 8.07383E-02 8.07383E-02 8.07383E-02 8.07383E-02 8.07383E-02 8.07383E-02 8.07383E-02 1.44261E-01 1.44261E-01 1.44261E-01 1.44261E-01 1.44261E-01 1.44261E-01 2.57762E-01 2.57762E-01 2.57762E-01 2.57762E-01 2.57762E-01 2.57762E-01 4.60562E-01 4.60562E-01 4.60562E-01 4.60562E-01 4.60562E-01 4.60562E-01 
1.58489E+00 1.58489E+00 2.51189E+00 1.58489E+00 2.51189E+00 1.58489E+00 2.51189E+00 3.98107E+00 1.58489E+00 2.51189E+00 3.98107E+00 6.30957E+00 1.58489E+00 2.51189E+00 3.98107E+00 6.30957E+00 1.58489E+00 2.51189E+00 3.98107E+00 6.30957E+00 9.99999E+00 1.58489E+00 2.51189E+00 3.98107E+00 6.30957E+00 9.99999E+00 1.58489E+00 2.51189E+00 3.98107E+00 6.30957E+00 9.99999E+00 1.58489E+01 1.58489E+00 2.51189E+00 3.98107E+00 6.30957E+00 9.99999E+00 1.58489E+01 2.51189E+01 2.51189E+00 3.98107E+00 6.30957E+00 9.99999E+00 1.58489E+01 2.51189E+01 3.98107E+00 6.30957E+00 9.99999E+00 1.58489E+01 2.51189E+01 3.98107E+01 6.30957E+00 9.99999E+00 1.58489E+01 2.51189E+01 3.98107E+01 6.30957E+01 
90000 
2.19778E-04 
2.18618E-04 
5.24010E-04 
2.17524E-04 
5.22822E-04 
2.16495E-04 
5.22543E-04 
1.28443E-03 
2.15683E-04 
5.22897E-04 
1.28675E-03 
3.24638E-03 
2.15348E-04 
5.24217E-04 
1.29196E-03 
3.25151E-03 
2.15865E-04 
5.27027E-04 
1.30069E-03 
3.26069E-03 
8.23800E-03 
2.17091E-04 
5.30925E-04 
1.31191E-03 
3.27416E-03 
8.25565E-03 
2.16888E-04 
5.31763E-04 
1.31601E-03 
3.27474E-03 
8.23741E-03 
2.08131E-02 
2.11384E-04 
5.21562E-04 
1.29500E-03 
3.22451E-03 
8.09692E-03 
2.04100E-02 
5.20378E-02 
5.01730E-04 
1.25263E-03 
3.12941E-03 
7.85860E-03 
1.97924E-02 
5.02666E-02 
1.22822E-03 
3.07705E-03 
7.72792E-03 
1.94461E-02 
4.92040E-02 
1.26541E-01 
3.07153E-03 
7.70867E-03 
1.93709E-02 
4.88395E-02 
1.24309E-01 
3.25019E-01 
---
