PdfType: replica
Format: lhagrid1
---
4.34963E-04 7.77181E-04 7.77181E-04 1.38865E-03 1.38865E-03 2.48120E-03 2.48120E-03 2.48120E-03 4.43334E-03 4.43334E-03 4.43334E-03 4.43334E-03 7.92137E-03 7.92137E-03 7.92137E-03 7.92137E-03 1.41537E-02 1.41537E-02 1.41537E-02 1.41537E-02 1.41537E-02 2.52895E-02 2.52895E-02 2.52895E-02 2.52895E-02 2.52895E-02 4.51866E-02 4.51866E-02 4.51866E-02 4.51866E-02 4.51866E-02 4.51866E-02 8.07383E-02 8.07383E-02 8.07383E-02 8.07383E-02 8.07383E-02 8.07383E-02 8.07383E-02 1.44261E-01 1.44261E-01 1.44261E-01 1.44261E-01 1.44261E-01 1.44261E-01 2.57762E-01 2.57762E-01 2.57762E-01 2.57762E-01 2.57762E-01 2.57762E-01 4.60562E-01 4.60562E-01 4.60562E-01 4.60562E-01 4.60562E-01 4.60562E-01 
1.58489E+00 1.58489E+00 2.51189E+00 1.58489E+00 2.51189E+00 1.58489E+00 2.51189E+00 3.98107E+00 1.58489E+00 2.51189E+00 3.98107E+00 6.30957E+00 1.58489E+00 2.51189E+00 3.98107E+00 6.30957E+00 1.58489E+00 2.51189E+00 3.98107E+00 6.30957E+00 9.99999E+00 1.58489E+00 2.51189E+00 3.98107E+00 6.30957E+00 9.99999E+00 1.58489E+00 2.51189E+00 3.98107E+00 6.30957E+00 9.99999E+00 1.58489E+01 1.58489E+00 2.51189E+00 3.98107E+00 6.30957E+00 9.99999E+00 1.58489E+01 2.51189E+01 2.51189E+00 3.98107E+00 6.30957E+00 9.99999E+00 1.58489E+01 2.51189E+01 3.98107E+00 6.30957E+00 9.99999E+00 1.58489E+01 2.51189E+01 3.98107E+01 6.30957E+00 9.99999E+00 1.58489E+01 2.51189E+01 3.98107E+01 6.30957E+01 
90000 
2.19835E-04 
2.18752E-04 
5.24298E-04 
2.17742E-04 
5.23289E-04 
2.16798E-04 
5.23176E-04 
1.28569E-03 
2.16061E-04 
5.23656E-04 
1.28827E-03 
3.24920E-03 
2.15759E-04 
5.25018E-04 
1.29356E-03 
3.25463E-03 
2.16232E-04 
5.27714E-04 
1.30202E-03 
3.26340E-03 
8.24337E-03 
2.17301E-04 
5.31278E-04 
1.31250E-03 
3.27534E-03 
8.25769E-03 
2.16827E-04 
5.31526E-04 
1.31521E-03 
3.27270E-03 
8.23171E-03 
2.07994E-02 
2.10961E-04 
5.20428E-04 
1.29198E-03 
3.21687E-03 
8.07740E-03 
2.03618E-02 
5.19290E-02 
4.99470E-04 
1.24683E-03 
3.11468E-03 
7.82169E-03 
1.97008E-02 
5.00451E-02 
1.21985E-03 
3.05582E-03 
7.67468E-03 
1.93129E-02 
4.88753E-02 
1.25765E-01 
3.03957E-03 
7.62772E-03 
1.91666E-02 
4.83295E-02 
1.23073E-01 
3.22304E-01 
---
