PdfType: replica
Format: lhagrid1
---
4.34963E-04 7.77181E-04 7.77181E-04 1.38865E-03 1.38865E-03 2.48120E-03 2.48120E-03 2.48120E-03 4.43334E-03 4.43334E-03 4.43334E-03 4.43334E-03 7.92137E-03 7.92137E-03 7.92137E-03 7.92137E-03 1.41537E-02 1.41537E-02 1.41537E-02 1.41537E-02 1.41537E-02 2.52895E-02 2.52895E-02 2.52895E-02 2.52895E-02 2.52895E-02 4.51866E-02 4.51866E-02 4.51866E-02 4.51866E-02 4.51866E-02 4.51866E-02 8.07383E-02 8.07383E-02 8.07383E-02 8.07383E-02 8.07383E-02 8.07383E-02 8.07383E-02 1.44261E-01 1.44261E-01 1.44261E-01 1.44261E-01 1.44261E-01 1.44261E-01 2.57762E-01 2.57762E-01 2.57762E-01 2.57762E-01 2.57762E-01 2.57762E-01 4.60562E-01 4.60562E-01 4.60562E-01 4.60562E-01 4.60562E-01 4.60562E-01 
1.58489E+00 1.58489E+00 2.51189E+00 1.58489E+00 2.51189E+00 1.58489E+00 2.51189E+00 3.98107E+00 1.58489E+00 2.51189E+00 3.98107E+00 6.30957E+00 1.58489E+00 2.51189E+00 3.98107E+00 6.30957E+00 1.58489E+00 2.51189E+00 3.98107E+00 6.30957E+00 9.99999E+00 1.58489E+00 2.51189E+00 3.98107E+00 6.30957E+00 9.99999E+00 1.58489E+00 2.51189E+00 3.98107E+00 6.30957E+00 9.99999E+00 1.58489E+01 1.58489E+00 2.51189E+00 3.98107E+00 6.30957E+00 9.99999E+00 1.58489E+01 2.51189E+01 2.51189E+00 3.98107E+00 6.30957E+00 9.99999E+00 1.58489E+01 2.51189E+01 3.98107E+00 6.30957E+00 9.99999E+00 1.58489E+01 2.51189E+01 3.98107E+01 6.30957E+00 9.99999E+00 1.58489E+01 2.51189E+01 3.98107E+01 6.30957E+01 
90000 
2.21482E-04 
2.20430E-04 
5.26425E-04 
2.19430E-04 
5.25514E-04 
2.18469E-04 
5.25551E-04 
1.28988E-03 
2.17692E-04 
5.26204E-04 
1.29300E-03 
3.25917E-03 
2.17325E-04 
5.27721E-04 
1.29888E-03 
3.26574E-03 
2.17670E-04 
5.30466E-04 
1.30778E-03 
3.27578E-03 
8.27144E-03 
2.18521E-04 
5.33899E-04 
1.31835E-03 
3.28860E-03 
8.28796E-03 
2.17959E-04 
5.34201E-04 
1.32160E-03 
3.28782E-03 
8.26777E-03 
2.08851E-02 
2.12479E-04 
5.24066E-04 
1.30088E-03 
3.23835E-03 
8.12994E-03 
2.04895E-02 
5.22324E-02 
5.04027E-04 
1.25802E-03 
3.14224E-03 
7.88865E-03 
1.98632E-02 
5.04340E-02 
1.23065E-03 
3.08321E-03 
7.74264E-03 
1.94815E-02 
4.92898E-02 
1.26751E-01 
3.07655E-03 
7.71968E-03 
1.93972E-02 
4.89071E-02 
1.24504E-01 
3.25718E-01 
---
