PdfType: replica
Format: lhagrid1
---
4.34963E-04 7.77181E-04 7.77181E-04 1.38865E-03 1.38865E-03 2.48120E-03 2.48120E-03 2.48120E-03 4.43334E-03 4.43334E-03 4.43334E-03 4.43334E-03 7.92137E-03 7.92137E-03 7.92137E-03 7.92137E-03 1.41537E-02 1.41537E-02 1.41537E-02 1.41537E-02 1.41537E-02 2.52895E-02 2.52895E-02 2.52895E-02 2.52895E-02 2.52895E-02 4.51866E-02 4.51866E-02 4.51866E-02 4.51866E-02 4.51866E-02 4.51866E-02 8.07383E-02 8.07383E-02 8.07383E-02 8.07383E-02 8.07383E-02 8.07383E-02 8.07383E-02 1.44261E-01 1.44261E-01 1.44261E-01 1.44261E-01 1.44261E-01 1.44261E-01 2.57762E-01 2.57762E-01 2.57762E-01 2.57762E-01 2.57762E-01 2.57762E-01 4.60562E-01 4.60562E-01 4.60562E-01 4.60562E-01 4.60562E-01 4.60562E-01 
1.58489E+00 1.58489E+00 2.51189E+00 1.58489E+00 2.51189E+00 1.58489E+00 2.51189E+00 3.98107E+00 1.58489E+00 2.51189E+00 3.98107E+00 6.30957E+00 1.58489E+00 2.51189E+00 3.98107E+00 6.30957E+00 1.58489E+00 2.51189E+00 3.98107E+00 6.30957E+00 9.99999E+00 1.58489E+00 2.51189E+00 3.98107E+00 6.30957E+00 9.99999E+00 1.58489E+00 2.51189E+00 3.98107E+00 6.30957E+00 9.99999E+00 1.58489E+01 1.58489E+00 2.51189E+00 3.98107E+00 6.30957E+00 9.99999E+00 1.58489E+01 2.51189E+01 2.51189E+00 3.98107E+00 6.30957E+00 9.99999E+00 1.58489E+01 2.51189E+01 3.98107E+00 6.30957E+00 9.99999E+00 1.58489E+01 2.51189E+01 3.98107E+01 6.30957E+00 9.99999E+00 1.58489E+01 2.51189E+01 3.98107E+01 6.30957E+01 
90000 
2.19494E-04 
2.18295E-04 
5.23394E-04 
2.17162E-04 
5.22156E-04 
2.16103E-04 
5.21836E-04 
1.28300E-03 
2.15291E-04 
5.22191E-04 
1.28535E-03 
3.24317E-03 
2.15015E-04 
5.23617E-04 
1.29079E-03 
3.24880E-03 
2.15692E-04 
5.26714E-04 
1.30012E-03 
3.25923E-03 
8.23450E-03 
2.17145E-04 
5.31043E-04 
1.31224E-03 
3.27474E-03 
8.25682E-03 
2.16989E-04 
5.32012E-04 
1.31661E-03 
3.27621E-03 
8.24020E-03 
2.08177E-02 
2.11226E-04 
5.21340E-04 
1.29463E-03 
3.22398E-03 
8.09525E-03 
2.04043E-02 
5.20144E-02 
5.01789E-04 
1.25296E-03 
3.13032E-03 
7.86103E-03 
1.97978E-02 
5.02729E-02 
1.22909E-03 
3.07861E-03 
7.73003E-03 
1.94472E-02 
4.91970E-02 
1.26495E-01 
3.05715E-03 
7.67026E-03 
1.92698E-02 
4.85778E-02 
1.23647E-01 
3.23454E-01 
---
