PdfType: replica
Format: lhagrid1
---
4.34963E-04 7.77181E-04 7.77181E-04 1.38865E-03 1.38865E-03 2.48120E-03 2.48120E-03 2.48120E-03 4.43334E-03 4.43334E-03 4.43334E-03 4.43334E-03 7.92137E-03 7.92137E-03 7.92137E-03 7.92137E-03 1.41537E-02 1.41537E-02 1.41537E-02 1.41537E-02 1.41537E-02 2.52895E-02 2.52895E-02 2.52895E-02 2.52895E-02 2.52895E-02 4.51866E-02 4.51866E-02 4.51866E-02 4.51866E-02 4.51866E-02 4.51866E-02 8.07383E-02 8.07383E-02 8.07383E-02 8.07383E-02 8.07383E-02 8.07383E-02 8.07383E-02 1.44261E-01 1.44261E-01 1.44261E-01 1.44261E-01 1.44261E-01 1.44261E-01 2.57762E-01 2.57762E-01 2.57762E-01 2.57762E-01 2.57762E-01 2.57762E-01 4.60562E-01 4.60562E-01 4.60562E-01 4.60562E-01 4.60562E-01 4.60562E-01 
1.58489E+00 1.58489E+00 2.51189E+00 1.58489E+00 2.51189E+00 1.58489E+00 2.51189E+00 3.98107E+00 1.58489E+00 2.51189E+00 3.98107E+00 6.30957E+00 1.58489E+00 2.51189E+00 3.98107E+00 6.30957E+00 1.58489E+00 2.51189E+00 3.98107E+00 6.30957E+00 9.99999E+00 1.58489E+00 2.51189E+00 3.98107E+00 6.30957E+00 9.99999E+00 1.58489E+00 2.51189E+00 3.98107E+00 6.30957E+00 9.99999E+00 1.58489E+01 1.58489E+00 2.51189E+00 3.98107E+00 6.30957E+00 9.99999E+00 1.58489E+01 2.51189E+01 2.51189E+00 3.98107E+00 6.30957E+00 9.99999E+00 1.58489E+01 2.51189E+01 3.98107E+00 6.30957E+00 9.99999E+00 1.58489E+01 2.51189E+01 3.98107E+01 6.30957E+00 9.99999E+00 1.58489E+01 2.51189E+01 3.98107E+01 6.30957E+01 
90000 
2.19624E-04 
2.18393E-04 
5.23412E-04 
2.17215E-04 
5.22127E-04 
2.16113E-04 
5.21749E-04 
1.28279E-03 
2.15284E-04 
5.22075E-04 
1.28509E-03 
3.24297E-03 
2.15055E-04 
5.23569E-04 
1.29065E-03 
3.24860E-03 
2.15862E-04 
5.26886E-04 
1.30040E-03 
3.25970E-03 
8.23776E-03 
2.17390E-04 
5.31364E-04 
1.31275E-03 
3.27569E-03 
8.25942E-03 
2.16838E-04 
5.31544E-04 
1.31515E-03 
3.27264E-03 
8.22992E-03 
2.07934E-02 
2.10127E-04 
5.18601E-04 
1.28763E-03 
3.20668E-03 
8.05186E-03 
2.02975E-02 
5.17629E-02 
4.97231E-04 
1.24183E-03 
3.10274E-03 
7.79481E-03 
1.96390E-02 
4.98991E-02 
1.21967E-03 
3.05569E-03 
7.67452E-03 
1.93135E-02 
4.88826E-02 
1.25824E-01 
3.04356E-03 
7.63670E-03 
1.91881E-02 
4.83833E-02 
1.23209E-01 
3.22655E-01 
---
