PdfType: replica
Format: lhagrid1
---
4.34963E-04 7.77181E-04 7.77181E-04 1.38865E-03 1.38865E-03 2.48120E-03 2.48120E-03 2.48120E-03 4.43334E-03 4.43334E-03 4.43334E-03 4.43334E-03 7.92137E-03 7.92137E-03 7.92137E-03 7.92137E-03 1.41537E-02 1.41537E-02 1.41537E-02 1.41537E-02 1.41537E-02 2.52895E-02 2.52895E-02 2.52895E-02 2.52895E-02 2.52895E-02 4.51866E-02 4.51866E-02 4.51866E-02 4.51866E-02 4.51866E-02 4.51866E-02 8.07383E-02 8.07383E-02 8.07383E-02 8.07383E-02 8.07383E-02 8.07383E-02 8.07383E-02 1.44261E-01 1.44261E-01 1.44261E-01 1.44261E-01 1.44261E-01 1.44261E-01 2.57762E-01 2.57762E-01 2.57762E-01 2.57762E-01 2.57762E-01 2.57762E-01 4.60562E-01 4.60562E-01 4.60562E-01 4.60562E-01 4.60562E-01 4.60562E-01 
1.58489E+00 1.58489E+00 2.51189E+00 1.58489E+00 2.51189E+00 1.58489E+00 2.51189E+00 3.98107E+00 1.58489E+00 2.51189E+00 3.98107E+00 6.30957E+00 1.58489E+00 2.51189E+00 3.98107E+00 6.30957E+00 1.58489E+00 2.51189E+00 3.98107E+00 6.30957E+00 9.99999E+00 1.58489E+00 2.51189E+00 3.98107E+00 6.30957E+00 9.99999E+00 1.58489E+00 2.51189E+00 3.98107E+00 6.30957E+00 9.99999E+00 1.58489E+01 1.58489E+00 2.51189E+00 3.98107E+00 6.30957E+00 9.99999E+00 1.58489E+01 2.51189E+01 2.51189E+00 3.98107E+00 6.30957E+00 9.99999E+00 1.58489E+01 2.51189E+01 3.98107E+00 6.30957E+00 9.99999E+00 1.58489E+01 2.51189E+01 3.98107E+01 6.30957E+00 9.99999E+00 1.58489E+01 2.51189E+01 3.98107E+01 6.30957E+01 
90000 
2.19549E-04 
2.18358E-04 
5.23370E-04 
2.17252E-04 
5.22246E-04 
2.16264E-04 
5.22127E-04 
1.28373E-03 
2.15597E-04 
5.22825E-04 
1.28684E-03 
3.24729E-03 
2.15575E-04 
5.24808E-04 
1.29352E-03 
3.25534E-03 
2.16647E-04 
5.28766E-04 
1.30478E-03 
3.27000E-03 
8.26178E-03 
2.18604E-04 
5.34233E-04 
1.31952E-03 
3.29160E-03 
8.29716E-03 
2.18801E-04 
5.36033E-04 
1.32578E-03 
3.29751E-03 
8.29029E-03 
2.09405E-02 
2.12921E-04 
5.25037E-04 
1.30309E-03 
3.24342E-03 
8.14190E-03 
2.05189E-02 
5.23088E-02 
5.05144E-04 
1.26096E-03 
3.14941E-03 
7.90776E-03 
1.99138E-02 
5.05694E-02 
1.23652E-03 
3.09737E-03 
7.77556E-03 
1.95598E-02 
4.94801E-02 
1.27225E-01 
3.08300E-03 
7.73783E-03 
1.94451E-02 
4.90279E-02 
1.24779E-01 
3.26103E-01 
---
