PdfType: replica
Format: lhagrid1
---
4.34963E-04 7.77181E-04 7.77181E-04 1.38865E-03 1.38865E-03 2.48120E-03 2.48120E-03 2.48120E-03 4.43334E-03 4.43334E-03 4.43334E-03 4.43334E-03 7.92137E-03 7.92137E-03 7.92137E-03 7.92137E-03 1.41537E-02 1.41537E-02 1.41537E-02 1.41537E-02 1.41537E-02 2.52895E-02 2.52895E-02 2.52895E-02 2.52895E-02 2.52895E-02 4.51866E-02 4.51866E-02 4.51866E-02 4.51866E-02 4.51866E-02 4.51866E-02 8.07383E-02 8.07383E-02 8.07383E-02 8.07383E-02 8.07383E-02 8.07383E-02 8.07383E-02 1.44261E-01 1.44261E-01 1.44261E-01 1.44261E-01 1.44261E-01 1.44261E-01 2.57762E-01 2.57762E-01 2.57762E-01 2.57762E-01 2.57762E-01 2.57762E-01 4.60562E-01 4.60562E-01 4.60562E-01 4.60562E-01 4.60562E-01 4.60562E-01 
1.58489E+00 1.58489E+00 2.51189E+00 1.58489E+00 2.51189E+00 1.58489E+00 2.51189E+00 3.98107E+00 1.58489E+00 2.51189E+00 3.98107E+00 6.30957E+00 1.58489E+00 2.51189E+00 3.98107E+00 6.30957E+00 1.58489E+00 2.51189E+00 3.98107E+00 6.30957E+00 9.99999E+00 1.58489E+00 2.51189E+00 3.98107E+00 6.30957E+00 9.99999E+00 1.58489E+00 2.51189E+00 3.98107E+00 6.30957E+00 9.99999E+00 1.58489E+01 1.58489E+00 2.51189E+00 3.98107E+00 6.30957E+00 9.99999E+00 1.58489E+01 2.51189E+01 2.51189E+00 3.98107E+00 6.30957E+00 9.99999E+00 1.58489E+01 2.51189E+01 3.98107E+00 6.30957E+00 9.99999E+00 1.58489E+01 2.51189E+01 3.98107E+01 6.30957E+00 9.99999E+00 1.58489E+01 2.51189E+01 3.98107E+01 6.30957E+01 
90000 
2.19631E-04 
2.18491E-04 
5.23813E-04 
2.17446E-04 
5.22782E-04 
2.16519E-04 
5.22740E-04 
1.28505E-03 
2.15886E-04 
5.23454E-04 
1.28814E-03 
3.24954E-03 
2.15805E-04 
5.25256E-04 
1.29434E-03 
3.25663E-03 
2.16585E-04 
5.28539E-04 
1.30401E-03 
3.26783E-03 
8.25489E-03 
2.17868E-04 
5.32522E-04 
1.31533E-03 
3.28178E-03 
8.27261E-03 
2.17266E-04 
5.32564E-04 
1.31760E-03 
3.27849E-03 
8.24462E-03 
2.08291E-02 
2.11147E-04 
5.20915E-04 
1.29315E-03 
3.21979E-03 
8.08430E-03 
2.03779E-02 
5.19634E-02 
5.00086E-04 
1.24838E-03 
3.11831E-03 
7.83151E-03 
1.97265E-02 
5.01095E-02 
1.22330E-03 
3.06471E-03 
7.69712E-03 
1.93700E-02 
4.90215E-02 
1.26140E-01 
3.05759E-03 
7.67339E-03 
1.92826E-02 
4.86236E-02 
1.23802E-01 
3.23273E-01 
---
