PdfType: replica
Format: lhagrid1
---
4.34963E-04 7.77181E-04 7.77181E-04 1.38865E-03 1.38865E-03 2.48120E-03 2.48120E-03 2.48120E-03 4.43334E-03 4.43334E-03 4.43334E-03 4.43334E-03 7.92137E-03 7.92137E-03 7.92137E-03 7.92137E-03 1.41537E-02 1.41537E-02 1.41537E-02 1.41537E-02 1.41537E-02 2.52895E-02 2.52895E-02 2.52895E-02 2.52895E-02 2.52895E-02 4.51866E-02 4.51866E-02 4.51866E-02 4.51866E-02 4.51866E-02 4.51866E-02 8.07383E-02 8.07383E-02 8.07383E-02 8.07383E-02 8.07383E-02 8.07383E-02 8.07383E-02 1.44261E-01 1.44261E-01 1.44261E-01 1.44261E-01 1.44261E-01 1.44261E-01 2.57762E-01 2.57762E-01 2.57762E-01 2.57762E-01 2.57762E-01 2.57762E-01 4.60562E-01 4.60562E-01 4.60562E-01 4.60562E-01 4.60562E-01 4.60562E-01 
1.58489E+00 1.58489E+00 2.51189E+00 1.58489E+00 2.51189E+00 1.58489E+00 2.51189E+00 3.98107E+00 1.58489E+00 2.51189E+00 3.98107E+00 6.30957E+00 1.58489E+00 2.51189E+00 3.98107E+00 6.30957E+00 1.58489E+00 2.51189E+00 3.98107E+00 6.30957E+00 9.99999E+00 1.58489E+00 2.51189E+00 3.98107E+00 6.30957E+00 9.99999E+00 1.58489E+00 2.51189E+00 3.98107E+00 6.30957E+00 9.99999E+00 1.58489E+01 1.58489E+00 2.51189E+00 3.98107E+00 6.30957E+00 9.99999E+00 1.58489E+01 2.51189E+01 2.51189E+00 3.98107E+00 6.30957E+00 9.99999E+00 1.58489E+01 2.51189E+01 3.98107E+00 6.30957E+00 9.99999E+00 1.58489E+01 2.51189E+01 3.98107E+01 6.30957E+00 9.99999E+00 1.58489E+01 2.51189E+01 3.98107E+01 6.30957E+01 
90000 
2.19594E-04 
2.18390E-04 
5.23508E-04 
2.17242E-04 
5.22253E-04 
2.16159E-04 
5.21903E-04 
1.28314E-03 
2.15318E-04 
5.22209E-04 
1.28538E-03 
3.24348E-03 
2.15016E-04 
5.23570E-04 
1.29068E-03 
3.24849E-03 
2.15661E-04 
5.26587E-04 
1.29986E-03 
3.25840E-03 
8.23350E-03 
2.17009E-04 
5.30779E-04 
1.31176E-03 
3.27375E-03 
8.25482E-03 
2.16641E-04 
5.31458E-04 
1.31551E-03 
3.27436E-03 
8.23536E-03 
2.08064E-02 
2.10693E-04 
5.20215E-04 
1.29196E-03 
3.21799E-03 
8.08065E-03 
2.03689E-02 
5.19270E-02 
5.00431E-04 
1.24990E-03 
3.12303E-03 
7.84532E-03 
1.97631E-02 
5.01922E-02 
1.22990E-03 
3.08171E-03 
7.73994E-03 
1.94764E-02 
4.92790E-02 
1.26722E-01 
3.07641E-03 
7.72099E-03 
1.94013E-02 
4.89146E-02 
1.24496E-01 
3.25506E-01 
---
