PdfType: replica
Format: lhagrid1
---
4.34963E-04 7.77181E-04 7.77181E-04 1.38865E-03 1.38865E-03 2.48120E-03 2.48120E-03 2.48120E-03 4.43334E-03 4.43334E-03 4.43334E-03 4.43334E-03 7.92137E-03 7.92137E-03 7.92137E-03 7.92137E-03 1.41537E-02 1.41537E-02 1.41537E-02 1.41537E-02 1.41537E-02 2.52895E-02 2.52895E-02 2.52895E-02 2.52895E-02 2.52895E-02 4.51866E-02 4.51866E-02 4.51866E-02 4.51866E-02 4.51866E-02 4.51866E-02 8.07383E-02 8.07383E-02 8.07383E-02 8.07383E-02 8.07383E-02 8.07383E-02 8.07383E-02 1.44261E-01 1.44261E-01 1.44261E-01 1.44261E-01 1.44261E-01 1.44261E-01 2.57762E-01 2.57762E-01 2.57762E-01 2.57762E-01 2.57762E-01 2.57762E-01 4.60562E-01 4.60562E-01 4.60562E-01 4.60562E-01 4.60562E-01 4.60562E-01 
1.58489E+00 1.58489E+00 2.51189E+00 1.58489E+00 2.51189E+00 1.58489E+00 2.51189E+00 3.98107E+00 1.58489E+00 2.51189E+00 3.98107E+00 6.30957E+00 1.58489E+00 2.51189E+00 3.98107E+00 6.30957E+00 1.58489E+00 2.51189E+00 3.98107E+00 6.30957E+00 9.99999E+00 1.58489E+00 2.51189E+00 3.98107E+00 6.30957E+00 9.99999E+00 1.58489E+00 2.51189E+00 3.98107E+00 6.30957E+00 9.99999E+00 1.58489E+01 1.58489E+00 2.51189E+00 3.98107E+00 6.30957E+00 9.99999E+00 1.58489E+01 2.51189E+01 2.51189E+00 3.98107E+00 6.30957E+00 9.99999E+00 1.58489E+01 2.51189E+01 3.98107E+00 6.30957E+00 9.99999E+00 1.58489E+01 2.51189E+01 3.98107E+01 6.30957E+00 9.99999E+00 1.58489E+01 2.51189E+01 3.98107E+01 6.30957E+01 
90000 
2.18654E-04 
2.17224E-04 
5.21564E-04 
2.15861E-04 
5.19915E-04 
2.14597E-04 
5.19180E-04 
1.27797E-03 
2.13618E-04 
5.19137E-04 
1.27940E-03 
3.23074E-03 
2.13203E-04 
5.20171E-04 
1.28387E-03 
3.23389E-03 
2.13702E-04 
5.22841E-04 
1.29219E-03 
3.24201E-03 
8.19633E-03 
2.14893E-04 
5.26772E-04 
1.30351E-03 
3.25631E-03 
8.21525E-03 
2.14727E-04 
5.27936E-04 
1.30846E-03 
3.25961E-03 
8.20325E-03 
2.07314E-02 
2.09999E-04 
5.19343E-04 
1.29120E-03 
3.21784E-03 
8.08542E-03 
2.03890E-02 
5.19818E-02 
5.04157E-04 
1.25994E-03 
3.14903E-03 
7.91205E-03 
1.99333E-02 
5.06270E-02 
1.24490E-03 
3.12054E-03 
7.83780E-03 
1.97239E-02 
4.99087E-02 
1.28345E-01 
3.13894E-03 
7.88117E-03 
1.98124E-02 
4.99709E-02 
1.27218E-01 
3.32578E-01 
---
