PdfType: replica
Format: lhagrid1
---
4.34963E-04 7.77181E-04 7.77181E-04 1.38865E-03 1.38865E-03 2.48120E-03 2.48120E-03 2.48120E-03 4.43334E-03 4.43334E-03 4.43334E-03 4.43334E-03 7.92137E-03 7.92137E-03 7.92137E-03 7.92137E-03 1.41537E-02 1.41537E-02 1.41537E-02 1.41537E-02 1.41537E-02 2.52895E-02 2.52895E-02 2.52895E-02 2.52895E-02 2.52895E-02 4.51866E-02 4.51866E-02 4.51866E-02 4.51866E-02 4.51866E-02 4.51866E-02 8.07383E-02 8.07383E-02 8.07383E-02 8.07383E-02 8.07383E-02 8.07383E-02 8.07383E-02 1.44261E-01 1.44261E-01 1.44261E-01 1.44261E-01 1.44261E-01 1.44261E-01 2.57762E-01 2.57762E-01 2.57762E-01 2.57762E-01 2.57762E-01 2.57762E-01 4.60562E-01 4.60562E-01 4.60562E-01 4.60562E-01 4.60562E-01 4.60562E-01 
1.58489E+00 1.58489E+00 2.51189E+00 1.58489E+00 2.51189E+00 1.58489E+00 2.51189E+00 3.98107E+00 1.58489E+00 2.51189E+00 3.98107E+00 6.30957E+00 1.58489E+00 2.51189E+00 3.98107E+00 6.30957E+00 1.58489E+00 2.51189E+00 3.98107E+00 6.30957E+00 9.99999E+00 1.58489E+00 2.51189E+00 3.98107E+00 6.30957E+00 9.99999E+00 1.58489E+00 2.51189E+00 3.98107E+00 6.30957E+00 9.99999E+00 1.58489E+01 1.58489E+00 2.51189E+00 3.98107E+00 6.30957E+00 9.99999E+00 1.58489E+01 2.51189E+01 2.51189E+00 3.98107E+00 6.30957E+00 9.99999E+00 1.58489E+01 2.51189E+01 3.98107E+00 6.30957E+00 9.99999E+00 1.58489E+01 2.51189E+01 3.98107E+01 6.30957E+00 9.99999E+00 1.58489E+01 2.51189E+01 3.98107E+01 6.30957E+01 
90000 
2.19742E-04 
2.18640E-04 
5.23938E-04 
2.17636E-04 
5.22939E-04 
2.16746E-04 
5.22948E-04 
1.28508E-03 
2.16143E-04 
5.23735E-04 
1.28835E-03 
3.24949E-03 
2.16121E-04 
5.25703E-04 
1.29497E-03 
3.25781E-03 
2.17109E-04 
5.29441E-04 
1.30568E-03 
3.27127E-03 
8.26050E-03 
2.18878E-04 
5.34306E-04 
1.31887E-03 
3.28879E-03 
8.28765E-03 
2.18587E-04 
5.34840E-04 
1.32218E-03 
3.28751E-03 
8.26499E-03 
2.08725E-02 
2.11779E-04 
5.22248E-04 
1.29642E-03 
3.22757E-03 
8.10367E-03 
2.04250E-02 
5.20706E-02 
5.02360E-04 
1.25455E-03 
3.13480E-03 
7.87254E-03 
1.98284E-02 
5.03607E-02 
1.23129E-03 
3.08387E-03 
7.74305E-03 
1.94807E-02 
4.92858E-02 
1.26746E-01 
3.07043E-03 
7.70603E-03 
1.93654E-02 
4.88296E-02 
1.24294E-01 
3.25000E-01 
---
