PdfType: replica
Format: lhagrid1
---
4.34963E-04 7.77181E-04 7.77181E-04 1.38865E-03 1.38865E-03 2.48120E-03 2.48120E-03 2.48120E-03 4.43334E-03 4.43334E-03 4.43334E-03 4.43334E-03 7.92137E-03 7.92137E-03 7.92137E-03 7.92137E-03 1.41537E-02 1.41537E-02 1.41537E-02 1.41537E-02 1.41537E-02 2.52895E-02 2.52895E-02 2.52895E-02 2.52895E-02 2.52895E-02 4.51866E-02 4.51866E-02 4.51866E-02 4.51866E-02 4.51866E-02 4.51866E-02 8.07383E-02 8.07383E-02 8.07383E-02 8.07383E-02 8.07383E-02 8.07383E-02 8.07383E-02 1.44261E-01 1.44261E-01 1.44261E-01 1.44261E-01 1.44261E-01 1.44261E-01 2.57762E-01 2.57762E-01 2.57762E-01 2.57762E-01 2.57762E-01 2.57762E-01 4.60562E-01 4.60562E-01 4.60562E-01 4.60562E-01 4.60562E-01 4.60562E-01 
1.58489E+00 1.58489E+00 2.51189E+00 1.58489E+00 2.51189E+00 1.58489E+00 2.51189E+00 3.98107E+00 1.58489E+00 2.51189E+00 3.98107E+00 6.30957E+00 1.58489E+00 2.51189E+00 3.98107E+00 6.30957E+00 1.58489E+00 2.51189E+00 3.98107E+00 6.30957E+00 9.99999E+00 1.58489E+00 2.51189E+00 3.98107E+00 6.30957E+00 9.99999E+00 1.58489E+00 2.51189E+00 3.98107E+00 6.30957E+00 9.99999E+00 1.58489E+01 1.58489E+00 2.51189E+00 3.98107E+00 6.30957E+00 9.99999E+00 1.58489E+01 2.51189E+01 2.51189E+00 3.98107E+00 6.30957E+00 9.99999E+00 1.58489E+01 2.51189E+01 3.98107E+00 6.30957E+00 9.99999E+00 1.58489E+01 2.51189E+01 3.98107E+01 6.30957E+00 9.99999E+00 1.58489E+01 2.51189E+01 3.98107E+01 6.30957E+01 
90000 
2.19352E-04 
2.18069E-04 
5.22819E-04 
2.16817E-04 
5.21367E-04 
2.15595E-04 
5.20715E-04 
1.28068E-03 
2.14558E-04 
5.20584E-04 
1.28194E-03 
3.23639E-03 
2.13974E-04 
5.21347E-04 
1.28594E-03 
3.23847E-03 
2.14263E-04 
5.23721E-04 
1.29382E-03 
3.24562E-03 
8.20634E-03 
2.15420E-04 
5.27758E-04 
1.30560E-03 
3.26097E-03 
8.22752E-03 
2.15580E-04 
5.29606E-04 
1.31188E-03 
3.26696E-03 
8.21983E-03 
2.07747E-02 
2.10668E-04 
5.20140E-04 
1.29173E-03 
3.21696E-03 
8.07859E-03 
2.03656E-02 
5.19304E-02 
5.00438E-04 
1.24964E-03 
3.12167E-03 
7.84115E-03 
1.97518E-02 
5.01688E-02 
1.22810E-03 
3.07668E-03 
7.72541E-03 
1.94373E-02 
4.91815E-02 
1.26519E-01 
3.06187E-03 
7.68082E-03 
1.92957E-02 
4.86450E-02 
1.23830E-01 
3.23999E-01 
---
