PdfType: replica
Format: lhagrid1
---
4.34963E-04 7.77181E-04 7.77181E-04 1.38865E-03 1.38865E-03 2.48120E-03 2.48120E-03 2.48120E-03 4.43334E-03 4.43334E-03 4.43334E-03 4.43334E-03 7.92137E-03 7.92137E-03 7.92137E-03 7.92137E-03 1.41537E-02 1.41537E-02 1.41537E-02 1.41537E-02 1.41537E-02 2.52895E-02 2.52895E-02 2.52895E-02 2.52895E-02 2.52895E-02 4.51866E-02 4.51866E-02 4.51866E-02 4.51866E-02 4.51866E-02 4.51866E-02 8.07383E-02 8.07383E-02 8.07383E-02 8.07383E-02 8.07383E-02 8.07383E-02 8.07383E-02 1.44261E-01 1.44261E-01 1.44261E-01 1.44261E-01 1.44261E-01 1.44261E-01 2.57762E-01 2.57762E-01 2.57762E-01 2.57762E-01 2.57762E-01 2.57762E-01 4.60562E-01 4.60562E-01 4.60562E-01 4.60562E-01 4.60562E-01 4.60562E-01 
1.58489E+00 1.58489E+00 2.51189E+00 1.58489E+00 2.51189E+00 1.58489E+00 2.51189E+00 3.98107E+00 1.58489E+00 2.51189E+00 3.98107E+00 6.30957E+00 1.58489E+00 2.51189E+00 3.98107E+00 6.30957E+00 1.58489E+00 2.51189E+00 3.98107E+00 6.30957E+00 9.99999E+00 1.58489E+00 2.51189E+00 3.98107E+00 6.30957E+00 9.99999E+00 1.58489E+00 2.51189E+00 3.98107E+00 6.30957E+00 9.99999E+00 1.58489E+01 1.58489E+00 2.51189E+00 3.98107E+00 6.30957E+00 9.99999E+00 1.58489E+01 2.51189E+01 2.51189E+00 3.98107E+00 6.30957E+00 9.99999E+00 1.58489E+01 2.51189E+01 3.98107E+00 6.30957E+00 9.99999E+00 1.58489E+01 2.51189E+01 3.98107E+01 6.30957E+00 9.99999E+00 1.58489E+01 2.51189E+01 3.98107E+01 6.30957E+01 
90000 
2.19831E-04 
2.18631E-04 
5.23981E-04 
2.17447E-04 
5.22613E-04 
2.16249E-04 
5.21965E-04 
1.28313E-03 
2.15141E-04 
5.21669E-04 
1.28402E-03 
3.24033E-03 
2.14313E-04 
5.21944E-04 
1.28694E-03 
3.24050E-03 
2.14097E-04 
5.23279E-04 
1.29247E-03 
3.24280E-03 
8.19834E-03 
2.14509E-04 
5.25624E-04 
1.30034E-03 
3.24895E-03 
8.19878E-03 
2.14015E-04 
5.25832E-04 
1.30283E-03 
3.24531E-03 
8.16966E-03 
2.06582E-02 
2.09065E-04 
5.16311E-04 
1.28259E-03 
3.19501E-03 
8.02678E-03 
2.02438E-02 
5.16567E-02 
4.96484E-04 
1.23963E-03 
3.09707E-03 
7.77989E-03 
1.96010E-02 
4.98076E-02 
1.21458E-03 
3.04372E-03 
7.64721E-03 
1.92504E-02 
4.87333E-02 
1.25445E-01 
3.05235E-03 
7.66407E-03 
1.92669E-02 
4.85995E-02 
1.23778E-01 
3.24015E-01 
---
