PdfType: replica
Format: lhagrid1
---
4.34963E-04 7.77181E-04 7.77181E-04 1.38865E-03 1.38865E-03 2.48120E-03 2.48120E-03 2.48120E-03 4.43334E-03 4.43334E-03 4.43334E-03 4.43334E-03 7.92137E-03 7.92137E-03 7.92137E-03 7.92137E-03 1.41537E-02 1.41537E-02 1.41537E-02 1.41537E-02 1.41537E-02 2.52895E-02 2.52895E-02 2.52895E-02 2.52895E-02 2.52895E-02 4.51866E-02 4.51866E-02 4.51866E-02 4.51866E-02 4.51866E-02 4.51866E-02 8.07383E-02 8.07383E-02 8.07383E-02 8.07383E-02 8.07383E-02 8.07383E-02 8.07383E-02 1.44261E-01 1.44261E-01 1.44261E-01 1.44261E-01 1.44261E-01 1.44261E-01 2.57762E-01 2.57762E-01 2.57762E-01 2.57762E-01 2.57762E-01 2.57762E-01 4.60562E-01 4.60562E-01 4.60562E-01 4.60562E-01 4.60562E-01 4.60562E-01 
1.58489E+00 1.58489E+00 2.51189E+00 1.58489E+00 2.51189E+00 1.58489E+00 2.51189E+00 3.98107E+00 1.58489E+00 2.51189E+00 3.98107E+00 6.30957E+00 1.58489E+00 2.51189E+00 3.98107E+00 6.30957E+00 1.58489E+00 2.51189E+00 3.98107E+00 6.30957E+00 9.99999E+00 1.58489E+00 2.51189E+00 3.98107E+00 6.30957E+00 9.99999E+00 1.58489E+00 2.51189E+00 3.98107E+00 6.30957E+00 9.99999E+00 1.58489E+01 1.58489E+00 2.51189E+00 3.98107E+00 6.30957E+00 9.99999E+00 1.58489E+01 2.51189E+01 2.51189E+00 3.98107E+00 6.30957E+00 9.99999E+00 1.58489E+01 2.51189E+01 3.98107E+00 6.30957E+00 9.99999E+00 1.58489E+01 2.51189E+01 3.98107E+01 6.30957E+00 9.99999E+00 1.58489E+01 2.51189E+01 3.98107E+01 6.30957E+01 
90000 
2.19798E-04 
2.18753E-04 
5.24353E-04 
2.17812E-04 
5.23494E-04 
2.16982E-04 
5.23641E-04 
1.28672E-03 
2.16435E-04 
5.24565E-04 
1.29034E-03 
3.25358E-03 
2.16454E-04 
5.26663E-04 
1.29733E-03 
3.26295E-03 
2.17455E-04 
5.30514E-04 
1.30840E-03 
3.27779E-03 
8.27550E-03 
2.19274E-04 
5.35612E-04 
1.32227E-03 
3.29753E-03 
8.30845E-03 
2.19462E-04 
5.37153E-04 
1.32786E-03 
3.30160E-03 
8.29887E-03 
2.09559E-02 
2.13523E-04 
5.26023E-04 
1.30481E-03 
3.24682E-03 
8.14807E-03 
2.05292E-02 
5.23221E-02 
5.04040E-04 
1.25761E-03 
3.14063E-03 
7.88376E-03 
1.98500E-02 
5.04023E-02 
1.22852E-03 
3.07656E-03 
7.72457E-03 
1.94339E-02 
4.91684E-02 
1.26463E-01 
3.05346E-03 
7.66100E-03 
1.92471E-02 
4.85234E-02 
1.23527E-01 
3.23264E-01 
---
