PdfType: replica
Format: lhagrid1
---
4.34963E-04 7.77181E-04 7.77181E-04 1.38865E-03 1.38865E-03 2.48120E-03 2.48120E-03 2.48120E-03 4.43334E-03 4.43334E-03 4.43334E-03 4.43334E-03 7.92137E-03 7.92137E-03 7.92137E-03 7.92137E-03 1.41537E-02 1.41537E-02 1.41537E-02 1.41537E-02 1.41537E-02 2.52895E-02 2.52895E-02 2.52895E-02 2.52895E-02 2.52895E-02 4.51866E-02 4.51866E-02 4.51866E-02 4.51866E-02 4.51866E-02 4.51866E-02 8.07383E-02 8.07383E-02 8.07383E-02 8.07383E-02 8.07383E-02 8.07383E-02 8.07383E-02 1.44261E-01 1.44261E-01 1.44261E-01 1.44261E-01 1.44261E-01 1.44261E-01 2.57762E-01 2.57762E-01 2.57762E-01 2.57762E-01 2.57762E-01 2.57762E-01 4.60562E-01 4.60562E-01 4.60562E-01 4.60562E-01 4.60562E-01 4.60562E-01 
1.58489E+00 1.58489E+00 2.51189E+00 1.58489E+00 2.51189E+00 1.58489E+00 2.51189E+00 3.98107E+00 1.58489E+00 2.51189E+00 3.98107E+00 6.30957E+00 1.58489E+00 2.51189E+00 3.98107E+00 6.30957E+00 1.58489E+00 2.51189E+00 3.98107E+00 6.30957E+00 9.99999E+00 1.58489E+00 2.51189E+00 3.98107E+00 6.30957E+00 9.99999E+00 1.58489E+00 2.51189E+00 3.98107E+00 6.30957E+00 9.99999E+00 1.58489E+01 1.58489E+00 2.51189E+00 3.98107E+00 6.30957E+00 9.99999E+00 1.58489E+01 2.51189E+01 2.51189E+00 3.98107E+00 6.30957E+00 9.99999E+00 1.58489E+01 2.51189E+01 3.98107E+00 6.30957E+00 9.99999E+00 1.58489E+01 2.51189E+01 3.98107E+01 6.30957E+00 9.99999E+00 1.58489E+01 2.51189E+01 3.98107E+01 6.30957E+01 
90000 
2.19430E-04 
2.18260E-04 
5.23189E-04 
2.17188E-04 
5.22117E-04 
2.16242E-04 
5.22048E-04 
1.28351E-03 
2.15613E-04 
5.22780E-04 
1.28667E-03 
3.24608E-03 
2.15597E-04 
5.24739E-04 
1.29326E-03 
3.25408E-03 
2.16574E-04 
5.28493E-04 
1.30405E-03 
3.26785E-03 
8.25597E-03 
2.18256E-04 
5.33419E-04 
1.31757E-03 
3.28690E-03 
8.28558E-03 
2.18145E-04 
5.34550E-04 
1.32224E-03 
3.28914E-03 
8.26979E-03 
2.08914E-02 
2.12106E-04 
5.22940E-04 
1.29766E-03 
3.22989E-03 
8.10747E-03 
2.04331E-02 
5.21057E-02 
5.00898E-04 
1.25023E-03 
3.12273E-03 
7.84199E-03 
1.97525E-02 
5.01794E-02 
1.22613E-03 
3.07236E-03 
7.71673E-03 
1.94212E-02 
4.91566E-02 
1.26510E-01 
3.08017E-03 
7.73242E-03 
1.94357E-02 
4.90162E-02 
1.24799E-01 
3.26449E-01 
---
