PdfType: replica
Format: lhagrid1
---
4.34963E-04 7.77181E-04 7.77181E-04 1.38865E-03 1.38865E-03 2.48120E-03 2.48120E-03 2.48120E-03 4.43334E-03 4.43334E-03 4.43334E-03 4.43334E-03 7.92137E-03 7.92137E-03 7.92137E-03 7.92137E-03 1.41537E-02 1.41537E-02 1.41537E-02 1.41537E-02 1.41537E-02 2.52895E-02 2.52895E-02 2.52895E-02 2.52895E-02 2.52895E-02 4.51866E-02 4.51866E-02 4.51866E-02 4.51866E-02 4.51866E-02 4.51866E-02 8.07383E-02 8.07383E-02 8.07383E-02 8.07383E-02 8.07383E-02 8.07383E-02 8.07383E-02 1.44261E-01 1.44261E-01 1.44261E-01 1.44261E-01 1.44261E-01 1.44261E-01 2.57762E-01 2.57762E-01 2.57762E-01 2.57762E-01 2.57762E-01 2.57762E-01 4.60562E-01 4.60562E-01 4.60562E-01 4.60562E-01 4.60562E-01 4.60562E-01 
1.58489E+00 1.58489E+00 2.51189E+00 1.58489E+00 2.51189E+00 1.58489E+00 2.51189E+00 3.98107E+00 1.58489E+00 2.51189E+00 3.98107E+00 6.30957E+00 1.58489E+00 2.51189E+00 3.98107E+00 6.30957E+00 1.58489E+00 2.51189E+00 3.98107E+00 6.30957E+00 9.99999E+00 1.58489E+00 2.51189E+00 3.98107E+00 6.30957E+00 9.99999E+00 1.58489E+00 2.51189E+00 3.98107E+00 6.30957E+00 9.99999E+00 1.58489E+01 1.58489E+00 2.51189E+00 3.98107E+00 6.30957E+00 9.99999E+00 1.58489E+01 2.51189E+01 2.51189E+00 3.98107E+00 6.30957E+00 9.99999E+00 1.58489E+01 2.51189E+01 3.98107E+00 6.30957E+00 9.99999E+00 1.58489E+01 2.51189E+01 3.98107E+01 6.30957E+00 9.99999E+00 1.58489E+01 2.51189E+01 3.98107E+01 6.30957E+01 
90000 
2.19546E-04 
2.18373E-04 
5.23528E-04 
2.17282E-04 
5.22415E-04 
2.16299E-04 
5.22288E-04 
1.28398E-03 
2.15631E-04 
5.22974E-04 
1.28711E-03 
3.24704E-03 
2.15636E-04 
5.25001E-04 
1.29390E-03 
3.25576E-03 
2.16826E-04 
5.29159E-04 
1.30557E-03 
3.27156E-03 
8.26346E-03 
2.19032E-04 
5.34996E-04 
1.32095E-03 
3.29451E-03 
8.30281E-03 
2.19361E-04 
5.36885E-04 
1.32713E-03 
3.29999E-03 
8.29452E-03 
2.09467E-02 
2.12901E-04 
5.24580E-04 
1.30125E-03 
3.23825E-03 
8.12689E-03 
2.04775E-02 
5.21981E-02 
5.01961E-04 
1.25302E-03 
3.12979E-03 
7.85980E-03 
1.97961E-02 
5.02785E-02 
1.22924E-03 
3.07969E-03 
7.73400E-03 
1.94607E-02 
4.92431E-02 
1.26673E-01 
3.07069E-03 
7.70528E-03 
1.93605E-02 
4.88133E-02 
1.24263E-01 
3.25102E-01 
---
