PdfType: replica
Format: lhagrid1
---
4.34963E-04 7.77181E-04 7.77181E-04 1.38865E-03 1.38865E-03 2.48120E-03 2.48120E-03 2.48120E-03 4.43334E-03 4.43334E-03 4.43334E-03 4.43334E-03 7.92137E-03 7.92137E-03 7.92137E-03 7.92137E-03 1.41537E-02 1.41537E-02 1.41537E-02 1.41537E-02 1.41537E-02 2.52895E-02 2.52895E-02 2.52895E-02 2.52895E-02 2.52895E-02 4.51866E-02 4.51866E-02 4.51866E-02 4.51866E-02 4.51866E-02 4.51866E-02 8.07383E-02 8.07383E-02 8.07383E-02 8.07383E-02 8.07383E-02 8.07383E-02 8.07383E-02 1.44261E-01 1.44261E-01 1.44261E-01 1.44261E-01 1.44261E-01 1.44261E-01 2.57762E-01 2.57762E-01 2.57762E-01 2.57762E-01 2.57762E-01 2.57762E-01 4.60562E-01 4.60562E-01 4.60562E-01 4.60562E-01 4.60562E-01 4.60562E-01 
1.58489E+00 1.58489E+00 2.51189E+00 1.58489E+00 2.51189E+00 1.58489E+00 2.51189E+00 3.98107E+00 1.58489E+00 2.51189E+00 3.98107E+00 6.30957E+00 1.58489E+00 2.51189E+00 3.98107E+00 6.30957E+00 1.58489E+00 2.51189E+00 3.98107E+00 6.30957E+00 9.99999E+00 1.58489E+00 2.51189E+00 3.98107E+00 6.30957E+00 9.99999E+00 1.58489E+00 2.51189E+00 3.98107E+00 6.30957E+00 9.99999E+00 1.58489E+01 1.58489E+00 2.51189E+00 3.98107E+00 6.30957E+00 9.99999E+00 1.58489E+01 2.51189E+01 2.51189E+00 3.98107E+00 6.30957E+00 9.99999E+00 1.58489E+01 2.51189E+01 3.98107E+00 6.30957E+00 9.99999E+00 1.58489E+01 2.51189E+01 3.98107E+01 6.30957E+00 9.99999E+00 1.58489E+01 2.51189E+01 3.98107E+01 6.30957E+01 
90000 
2.19675E-04 
2.18554E-04 
5.23855E-04 
2.17510E-04 
5.22814E-04 
2.16555E-04 
5.22714E-04 
1.28476E-03 
2.15870E-04 
5.23327E-04 
1.28767E-03 
3.24798E-03 
2.15753E-04 
5.25051E-04 
1.29373E-03 
3.25494E-03 
2.16602E-04 
5.28424E-04 
1.30357E-03 
3.26637E-03 
8.25069E-03 
2.18082E-04 
5.32665E-04 
1.31532E-03 
3.28081E-03 
8.26989E-03 
2.17371E-04 
5.32387E-04 
1.31676E-03 
3.27553E-03 
8.23665E-03 
2.08083E-02 
2.10414E-04 
5.19237E-04 
1.28928E-03 
3.21085E-03 
8.06250E-03 
2.03245E-02 
5.18312E-02 
4.98533E-04 
1.24515E-03 
3.11159E-03 
7.81609E-03 
1.96904E-02 
5.00215E-02 
1.22325E-03 
3.06386E-03 
7.69405E-03 
1.93600E-02 
4.89893E-02 
1.26033E-01 
3.04587E-03 
7.64138E-03 
1.91977E-02 
4.84017E-02 
1.23235E-01 
3.22620E-01 
---
