PdfType: replica
Format: lhagrid1
---
4.34963E-04 7.77181E-04 7.77181E-04 1.38865E-03 1.38865E-03 2.48120E-03 2.48120E-03 2.48120E-03 4.43334E-03 4.43334E-03 4.43334E-03 4.43334E-03 7.92137E-03 7.92137E-03 7.92137E-03 7.92137E-03 1.41537E-02 1.41537E-02 1.41537E-02 1.41537E-02 1.41537E-02 2.52895E-02 2.52895E-02 2.52895E-02 2.52895E-02 2.52895E-02 4.51866E-02 4.51866E-02 4.51866E-02 4.51866E-02 4.51866E-02 4.51866E-02 8.07383E-02 8.07383E-02 8.07383E-02 8.07383E-02 8.07383E-02 8.07383E-02 8.07383E-02 1.44261E-01 1.44261E-01 1.44261E-01 1.44261E-01 1.44261E-01 1.44261E-01 2.57762E-01 2.57762E-01 2.57762E-01 2.57762E-01 2.57762E-01 2.57762E-01 4.60562E-01 4.60562E-01 4.60562E-01 4.60562E-01 4.60562E-01 4.60562E-01 
1.58489E+00 1.58489E+00 2.51189E+00 1.58489E+00 2.51189E+00 1.58489E+00 2.51189E+00 3.98107E+00 1.58489E+00 2.51189E+00 3.98107E+00 6.30957E+00 1.58489E+00 2.51189E+00 3.98107E+00 6.30957E+00 1.58489E+00 2.51189E+00 3.98107E+00 6.30957E+00 9.99999E+00 1.58489E+00 2.51189E+00 3.98107E+00 6.30957E+00 9.99999E+00 1.58489E+00 2.51189E+00 3.98107E+00 6.30957E+00 9.99999E+00 1.58489E+01 1.58489E+00 2.51189E+00 3.98107E+00 6.30957E+00 9.99999E+00 1.58489E+01 2.51189E+01 2.51189E+00 3.98107E+00 6.30957E+00 9.99999E+00 1.58489E+01 2.51189E+01 3.98107E+00 6.30957E+00 9.99999E+00 1.58489E+01 2.51189E+01 3.98107E+01 6.30957E+00 9.99999E+00 1.58489E+01 2.51189E+01 3.98107E+01 6.30957E+01 
90000 
2.19433E-04 
2.18291E-04 
5.23291E-04 
2.17242E-04 
5.22192E-04 
2.16285E-04 
5.22030E-04 
1.28338E-03 
2.15557E-04 
5.22510E-04 
1.28590E-03 
3.24469E-03 
2.15267E-04 
5.23890E-04 
1.29115E-03 
3.24981E-03 
2.15701E-04 
5.26548E-04 
1.29951E-03 
3.25822E-03 
8.23290E-03 
2.16649E-04 
5.29971E-04 
1.30972E-03 
3.26958E-03 
8.24501E-03 
2.16171E-04 
5.30288E-04 
1.31263E-03 
3.26729E-03 
8.21973E-03 
2.07708E-02 
2.10767E-04 
5.20092E-04 
1.29136E-03 
3.21552E-03 
8.07519E-03 
2.03569E-02 
5.19074E-02 
5.00160E-04 
1.24844E-03 
3.11825E-03 
7.83049E-03 
1.97216E-02 
5.00896E-02 
1.22119E-03 
3.05896E-03 
7.68179E-03 
1.93292E-02 
4.89119E-02 
1.25841E-01 
3.04060E-03 
7.62977E-03 
1.91708E-02 
4.83380E-02 
1.23087E-01 
3.22300E-01 
---
