PdfType: replica
Format: lhagrid1
---
4.34963E-04 7.77181E-04 7.77181E-04 1.38865E-03 1.38865E-03 2.48120E-03 2.48120E-03 2.48120E-03 4.43334E-03 4.43334E-03 4.43334E-03 4.43334E-03 7.92137E-03 7.92137E-03 7.92137E-03 7.92137E-03 1.41537E-02 1.41537E-02 1.41537E-02 1.41537E-02 1.41537E-02 2.52895E-02 2.52895E-02 2.52895E-02 2.52895E-02 2.52895E-02 4.51866E-02 4.51866E-02 4.51866E-02 4.51866E-02 4.51866E-02 4.51866E-02 8.07383E-02 8.07383E-02 8.07383E-02 8.07383E-02 8.07383E-02 8.07383E-02 8.07383E-02 1.44261E-01 1.44261E-01 1.44261E-01 1.44261E-01 1.44261E-01 1.44261E-01 2.57762E-01 2.57762E-01 2.57762E-01 2.57762E-01 2.57762E-01 2.57762E-01 4.60562E-01 4.60562E-01 4.60562E-01 4.60562E-01 4.60562E-01 4.60562E-01 
1.58489E+00 1.58489E+00 2.51189E+00 1.58489E+00 2.51189E+00 1.58489E+00 2.51189E+00 3.98107E+00 1.58489E+00 2.51189E+00 3.98107E+00 6.30957E+00 1.58489E+00 2.51189E+00 3.98107E+00 6.30957E+00 1.58489E+00 2.51189E+00 3.98107E+00 6.30957E+00 9.99999E+00 1.58489E+00 2.51189E+00 3.98107E+00 6.30957E+00 9.99999E+00 1.58489E+00 2.51189E+00 3.98107E+00 6.30957E+00 9.99999E+00 1.58489E+01 1.58489E+00 2.51189E+00 3.98107E+00 6.30957E+00 9.99999E+00 1.58489E+01 2.51189E+01 2.51189E+00 3.98107E+00 6.30957E+00 9.99999E+00 1.58489E+01 2.51189E+01 3.98107E+00 6.30957E+00 9.99999E+00 1.58489E+01 2.51189E+01 3.98107E+01 6.30957E+00 9.99999E+00 1.58489E+01 2.51189E+01 3.98107E+01 6.30957E+01 
90000 
2.19074E-04 
2.17798E-04 
5.22500E-04 
2.16579E-04 
5.21120E-04 
2.15421E-04 
5.20591E-04 
1.28055E-03 
2.14481E-04 
5.20656E-04 
1.28226E-03 
3.23651E-03 
2.14031E-04 
5.21696E-04 
1.28683E-03 
3.24029E-03 
2.14499E-04 
5.24367E-04 
1.29519E-03 
3.24864E-03 
8.21099E-03 
2.15809E-04 
5.28372E-04 
1.30645E-03 
3.26204E-03 
8.22770E-03 
2.15598E-04 
5.28956E-04 
1.30948E-03 
3.25962E-03 
8.20060E-03 
2.07236E-02 
2.09483E-04 
5.17184E-04 
1.28462E-03 
3.19992E-03 
8.03774E-03 
2.02669E-02 
5.16904E-02 
4.97595E-04 
1.24317E-03 
3.10717E-03 
7.80682E-03 
1.96706E-02 
4.99780E-02 
1.22470E-03 
3.06793E-03 
7.70476E-03 
1.93880E-02 
4.90617E-02 
1.26217E-01 
3.05577E-03 
7.66751E-03 
1.92649E-02 
4.85721E-02 
1.23660E-01 
3.23645E-01 
---
