PdfType: replica
Format: lhagrid1
---
4.34963E-04 7.77181E-04 7.77181E-04 1.38865E-03 1.38865E-03 2.48120E-03 2.48120E-03 2.48120E-03 4.43334E-03 4.43334E-03 4.43334E-03 4.43334E-03 7.92137E-03 7.92137E-03 7.92137E-03 7.92137E-03 1.41537E-02 1.41537E-02 1.41537E-02 1.41537E-02 1.41537E-02 2.52895E-02 2.52895E-02 2.52895E-02 2.52895E-02 2.52895E-02 4.51866E-02 4.51866E-02 4.51866E-02 4.51866E-02 4.51866E-02 4.51866E-02 8.07383E-02 8.07383E-02 8.07383E-02 8.07383E-02 8.07383E-02 8.07383E-02 8.07383E-02 1.44261E-01 1.44261E-01 1.44261E-01 1.44261E-01 1.44261E-01 1.44261E-01 2.57762E-01 2.57762E-01 2.57762E-01 2.57762E-01 2.57762E-01 2.57762E-01 4.60562E-01 4.60562E-01 4.60562E-01 4.60562E-01 4.60562E-01 4.60562E-01 
1.58489E+00 1.58489E+00 2.51189E+00 1.58489E+00 2.51189E+00 1.58489E+00 2.51189E+00 3.98107E+00 1.58489E+00 2.51189E+00 3.98107E+00 6.30957E+00 1.58489E+00 2.51189E+00 3.98107E+00 6.30957E+00 1.58489E+00 2.51189E+00 3.98107E+00 6.30957E+00 9.99999E+00 1.58489E+00 2.51189E+00 3.98107E+00 6.30957E+00 9.99999E+00 1.58489E+00 2.51189E+00 3.98107E+00 6.30957E+00 9.99999E+00 1.58489E+01 1.58489E+00 2.51189E+00 3.98107E+00 6.30957E+00 9.99999E+00 1.58489E+01 2.51189E+01 2.51189E+00 3.98107E+00 6.30957E+00 9.99999E+00 1.58489E+01 2.51189E+01 3.98107E+00 6.30957E+00 9.99999E+00 1.58489E+01 2.51189E+01 3.98107E+01 6.30957E+00 9.99999E+00 1.58489E+01 2.51189E+01 3.98107E+01 6.30957E+01 
90000 
2.19383E-04 
2.18123E-04 
5.23219E-04 
2.16892E-04 
5.21808E-04 
2.15682E-04 
5.21174E-04 
1.28176E-03 
2.14639E-04 
5.21019E-04 
1.28300E-03 
3.23790E-03 
2.14027E-04 
5.21696E-04 
1.28679E-03 
3.23989E-03 
2.14279E-04 
5.23883E-04 
1.29410E-03 
3.24592E-03 
8.20453E-03 
2.15360E-04 
5.27429E-04 
1.30441E-03 
3.25735E-03 
8.21694E-03 
2.15005E-04 
5.27793E-04 
1.30701E-03 
3.25423E-03 
8.18802E-03 
2.06944E-02 
2.08907E-04 
5.16001E-04 
1.28198E-03 
3.19398E-03 
8.02363E-03 
2.02334E-02 
5.16115E-02 
4.96480E-04 
1.24070E-03 
3.10148E-03 
7.79424E-03 
1.96425E-02 
4.99142E-02 
1.22493E-03 
3.06961E-03 
7.71102E-03 
1.94078E-02 
4.91184E-02 
1.26363E-01 
3.07609E-03 
7.72133E-03 
1.94052E-02 
4.89325E-02 
1.24559E-01 
3.25698E-01 
---
