PdfType: replica
Format: lhagrid1
---
4.34963E-04 7.77181E-04 7.77181E-04 1.38865E-03 1.38865E-03 2.48120E-03 2.48120E-03 2.48120E-03 4.43334E-03 4.43334E-03 4.43334E-03 4.43334E-03 7.92137E-03 7.92137E-03 7.92137E-03 7.92137E-03 1.41537E-02 1.41537E-02 1.41537E-02 1.41537E-02 1.41537E-02 2.52895E-02 2.52895E-02 2.52895E-02 2.52895E-02 2.52895E-02 4.51866E-02 4.51866E-02 4.51866E-02 4.51866E-02 4.51866E-02 4.51866E-02 8.07383E-02 8.07383E-02 8.07383E-02 8.07383E-02 8.07383E-02 8.07383E-02 8.07383E-02 1.44261E-01 1.44261E-01 1.44261E-01 1.44261E-01 1.44261E-01 1.44261E-01 2.57762E-01 2.57762E-01 2.57762E-01 2.57762E-01 2.57762E-01 2.57762E-01 4.60562E-01 4.60562E-01 4.60562E-01 4.60562E-01 4.60562E-01 4.60562E-01 
1.58489E+00 1.58489E+00 2.51189E+00 1.58489E+00 2.51189E+00 1.58489E+00 2.51189E+00 3.98107E+00 1.58489E+00 2.51189E+00 3.98107E+00 6.30957E+00 1.58489E+00 2.51189E+00 3.98107E+00 6.30957E+00 1.58489E+00 2.51189E+00 3.98107E+00 6.30957E+00 9.99999E+00 1.58489E+00 2.51189E+00 3.98107E+00 6.30957E+00 9.99999E+00 1.58489E+00 2.51189E+00 3.98107E+00 6.30957E+00 9.99999E+00 1.58489E+01 1.58489E+00 2.51189E+00 3.98107E+00 6.30957E+00 9.99999E+00 1.58489E+01 2.51189E+01 2.51189E+00 3.98107E+00 6.30957E+00 9.99999E+00 1.58489E+01 2.51189E+01 3.98107E+00 6.30957E+00 9.99999E+00 1.58489E+01 2.51189E+01 3.98107E+01 6.30957E+00 9.99999E+00 1.58489E+01 2.51189E+01 3.98107E+01 6.30957E+01 
90000 
2.19176E-04 
2.17879E-04 
5.22689E-04 
2.16633E-04 
5.21244E-04 
2.15442E-04 
5.20647E-04 
1.28075E-03 
2.14462E-04 
5.20631E-04 
1.28226E-03 
3.23705E-03 
2.13954E-04 
5.21549E-04 
1.28656E-03 
3.23999E-03 
2.14325E-04 
5.24040E-04 
1.29458E-03 
3.24751E-03 
8.20926E-03 
2.15566E-04 
5.28053E-04 
1.30615E-03 
3.26195E-03 
8.22902E-03 
2.15821E-04 
5.29964E-04 
1.31267E-03 
3.26836E-03 
8.22384E-03 
2.07828E-02 
2.11236E-04 
5.21569E-04 
1.29542E-03 
3.22633E-03 
8.10156E-03 
2.04209E-02 
5.20585E-02 
5.02782E-04 
1.25487E-03 
3.13419E-03 
7.86911E-03 
1.98152E-02 
5.03135E-02 
1.22778E-03 
3.07454E-03 
7.71886E-03 
1.94182E-02 
4.91268E-02 
1.26363E-01 
3.04472E-03 
7.63858E-03 
1.91900E-02 
4.83811E-02 
1.23193E-01 
3.22633E-01 
---
