PdfType: replica
Format: lhagrid1
---
4.34963E-04 7.77181E-04 7.77181E-04 1.38865E-03 1.38865E-03 2.48120E-03 2.48120E-03 2.48120E-03 4.43334E-03 4.43334E-03 4.43334E-03 4.43334E-03 7.92137E-03 7.92137E-03 7.92137E-03 7.92137E-03 1.41537E-02 1.41537E-02 1.41537E-02 1.41537E-02 1.41537E-02 2.52895E-02 2.52895E-02 2.52895E-02 2.52895E-02 2.52895E-02 4.51866E-02 4.51866E-02 4.51866E-02 4.51866E-02 4.51866E-02 4.51866E-02 8.07383E-02 8.07383E-02 8.07383E-02 8.07383E-02 8.07383E-02 8.07383E-02 8.07383E-02 1.44261E-01 1.44261E-01 1.44261E-01 1.44261E-01 1.44261E-01 1.44261E-01 2.57762E-01 2.57762E-01 2.57762E-01 2.57762E-01 2.57762E-01 2.57762E-01 4.60562E-01 4.60562E-01 4.60562E-01 4.60562E-01 4.60562E-01 4.60562E-01 
1.58489E+00 1.58489E+00 2.51189E+00 1.58489E+00 2.51189E+00 1.58489E+00 2.51189E+00 3.98107E+00 1.58489E+00 2.51189E+00 3.98107E+00 6.30957E+00 1.58489E+00 2.51189E+00 3.98107E+00 6.30957E+00 1.58489E+00 2.51189E+00 3.98107E+00 6.30957E+00 9.99999E+00 1.58489E+00 2.51189E+00 3.98107E+00 6.30957E+00 9.99999E+00 1.58489E+00 2.51189E+00 3.98107E+00 6.30957E+00 9.99999E+00 1.58489E+01 1.58489E+00 2.51189E+00 3.98107E+00 6.30957E+00 9.99999E+00 1.58489E+01 2.51189E+01 2.51189E+00 3.98107E+00 6.30957E+00 9.99999E+00 1.58489E+01 2.51189E+01 3.98107E+00 6.30957E+00 9.99999E+00 1.58489E+01 2.51189E+01 3.98107E+01 6.30957E+00 9.99999E+00 1.58489E+01 2.51189E+01 3.98107E+01 6.30957E+01 
90000 
2.19170E-04 
2.17872E-04 
5.22797E-04 
2.16626E-04 
5.21346E-04 
2.15437E-04 
5.20749E-04 
1.28111E-03 
2.14457E-04 
5.20739E-04 
1.28266E-03 
3.23782E-03 
2.13943E-04 
5.21679E-04 
1.28704E-03 
3.24115E-03 
2.14300E-04 
5.24199E-04 
1.29516E-03 
3.24925E-03 
8.21374E-03 
2.15525E-04 
5.28187E-04 
1.30658E-03 
3.26360E-03 
8.23275E-03 
2.15726E-04 
5.29802E-04 
1.31218E-03 
3.26750E-03 
8.22136E-03 
2.07770E-02 
2.10894E-04 
5.20700E-04 
1.29323E-03 
3.22107E-03 
8.08936E-03 
2.03923E-02 
5.19891E-02 
5.01867E-04 
1.25293E-03 
3.12989E-03 
7.86026E-03 
1.97965E-02 
5.02719E-02 
1.22861E-03 
3.07666E-03 
7.72510E-03 
1.94356E-02 
4.91733E-02 
1.26477E-01 
3.05332E-03 
7.65891E-03 
1.92399E-02 
4.85037E-02 
1.23483E-01 
3.23214E-01 
---
