PdfType: replica
Format: lhagrid1
---
4.34963E-04 7.77181E-04 7.77181E-04 1.38865E-03 1.38865E-03 2.48120E-03 2.48120E-03 2.48120E-03 4.43334E-03 4.43334E-03 4.43334E-03 4.43334E-03 7.92137E-03 7.92137E-03 7.92137E-03 7.92137E-03 1.41537E-02 1.41537E-02 1.41537E-02 1.41537E-02 1.41537E-02 2.52895E-02 2.52895E-02 2.52895E-02 2.52895E-02 2.52895E-02 4.51866E-02 4.51866E-02 4.51866E-02 4.51866E-02 4.51866E-02 4.51866E-02 8.07383E-02 8.07383E-02 8.07383E-02 8.07383E-02 8.07383E-02 8.07383E-02 8.07383E-02 1.44261E-01 1.44261E-01 1.44261E-01 1.44261E-01 1.44261E-01 1.44261E-01 2.57762E-01 2.57762E-01 2.57762E-01 2.57762E-01 2.57762E-01 2.57762E-01 4.60562E-01 4.60562E-01 4.60562E-01 4.60562E-01 4.60562E-01 4.60562E-01 
1.58489E+00 1.58489E+00 2.51189E+00 1.58489E+00 2.51189E+00 1.58489E+00 2.51189E+00 3.98107E+00 1.58489E+00 2.51189E+00 3.98107E+00 6.30957E+00 1.58489E+00 2.51189E+00 3.98107E+00 6.30957E+00 1.58489E+00 2.51189E+00 3.98107E+00 6.30957E+00 9.99999E+00 1.58489E+00 2.51189E+00 3.98107E+00 6.30957E+00 9.99999E+00 1.58489E+00 2.51189E+00 3.98107E+00 6.30957E+00 9.99999E+00 1.58489E+01 1.58489E+00 2.51189E+00 3.98107E+00 6.30957E+00 9.99999E+00 1.58489E+01 2.51189E+01 2.51189E+00 3.98107E+00 6.30957E+00 9.99999E+00 1.58489E+01 2.51189E+01 3.98107E+00 6.30957E+00 9.99999E+00 1.58489E+01 2.51189E+01 3.98107E+01 6.30957E+00 9.99999E+00 1.58489E+01 2.51189E+01 3.98107E+01 6.30957E+01 
90000 
2.18941E-04 
2.17682E-04 
5.22154E-04 
2.16513E-04 
5.20841E-04 
2.15431E-04 
5.20444E-04 
1.28020E-03 
2.14568E-04 
5.20664E-04 
1.28220E-03 
3.23649E-03 
2.14123E-04 
5.21752E-04 
1.28687E-03 
3.24044E-03 
2.14399E-04 
5.24150E-04 
1.29474E-03 
3.24800E-03 
8.20957E-03 
2.15360E-04 
5.27714E-04 
1.30539E-03 
3.26073E-03 
8.22583E-03 
2.15516E-04 
5.29395E-04 
1.31141E-03 
3.26562E-03 
8.21813E-03 
2.07715E-02 
2.11403E-04 
5.21776E-04 
1.29570E-03 
3.22625E-03 
8.10220E-03 
2.04255E-02 
5.20877E-02 
5.02924E-04 
1.25480E-03 
3.13319E-03 
7.86572E-03 
1.98060E-02 
5.02979E-02 
1.22482E-03 
3.06794E-03 
7.70337E-03 
1.93821E-02 
4.90439E-02 
1.26180E-01 
3.05217E-03 
7.65929E-03 
1.92460E-02 
4.85285E-02 
1.23570E-01 
3.23526E-01 
---
