PdfType: replica
Format: lhagrid1
---
4.34963E-04 7.77181E-04 7.77181E-04 1.38865E-03 1.38865E-03 2.48120E-03 2.48120E-03 2.48120E-03 4.43334E-03 4.43334E-03 4.43334E-03 4.43334E-03 7.92137E-03 7.92137E-03 7.92137E-03 7.92137E-03 1.41537E-02 1.41537E-02 1.41537E-02 1.41537E-02 1.41537E-02 2.52895E-02 2.52895E-02 2.52895E-02 2.52895E-02 2.52895E-02 4.51866E-02 4.51866E-02 4.51866E-02 4.51866E-02 4.51866E-02 4.51866E-02 8.07383E-02 8.07383E-02 8.07383E-02 8.07383E-02 8.07383E-02 8.07383E-02 8.07383E-02 1.44261E-01 1.44261E-01 1.44261E-01 1.44261E-01 1.44261E-01 1.44261E-01 2.57762E-01 2.57762E-01 2.57762E-01 2.57762E-01 2.57762E-01 2.57762E-01 4.60562E-01 4.60562E-01 4.60562E-01 4.60562E-01 4.60562E-01 4.60562E-01 
1.58489E+00 1.58489E+00 2.51189E+00 1.58489E+00 2.51189E+00 1.58489E+00 2.51189E+00 3.98107E+00 1.58489E+00 2.51189E+00 3.98107E+00 6.30957E+00 1.58489E+00 2.51189E+00 3.98107E+00 6.30957E+00 1.58489E+00 2.51189E+00 3.98107E+00 6.30957E+00 9.99999E+00 1.58489E+00 2.51189E+00 3.98107E+00 6.30957E+00 9.99999E+00 1.58489E+00 2.51189E+00 3.98107E+00 6.30957E+00 9.99999E+00 1.58489E+01 1.58489E+00 2.51189E+00 3.98107E+00 6.30957E+00 9.99999E+00 1.58489E+01 2.51189E+01 2.51189E+00 3.98107E+00 6.30957E+00 9.99999E+00 1.58489E+01 2.51189E+01 3.98107E+00 6.30957E+00 9.99999E+00 1.58489E+01 2.51189E+01 3.98107E+01 6.30957E+00 9.99999E+00 1.58489E+01 2.51189E+01 3.98107E+01 6.30957E+01 
90000 
2.21176E-04 
2.20155E-04 
5.26834E-04 
2.19124E-04 
5.25806E-04 
2.18054E-04 
5.25507E-04 
1.29022E-03 
2.17081E-04 
5.25597E-04 
1.29208E-03 
3.25703E-03 
2.16474E-04 
5.26409E-04 
1.29633E-03 
3.26033E-03 
2.16677E-04 
5.28591E-04 
1.30381E-03 
3.26717E-03 
8.25179E-03 
2.17640E-04 
5.31943E-04 
1.31390E-03 
3.27840E-03 
8.26486E-03 
2.17117E-04 
5.32082E-04 
1.31633E-03 
3.27512E-03 
8.23691E-03 
2.08119E-02 
2.10903E-04 
5.20188E-04 
1.29123E-03 
3.21474E-03 
8.07180E-03 
2.03478E-02 
5.18977E-02 
4.98631E-04 
1.24500E-03 
3.11037E-03 
7.81263E-03 
1.96821E-02 
5.00087E-02 
1.22194E-03 
3.06185E-03 
7.69083E-03 
1.93568E-02 
4.89961E-02 
1.26113E-01 
3.06411E-03 
7.69096E-03 
1.93298E-02 
4.87482E-02 
1.24134E-01 
3.24902E-01 
---
