PdfType: replica
Format: lhagrid1
---
4.34963E-04 7.77181E-04 7.77181E-04 1.38865E-03 1.38865E-03 2.48120E-03 2.48120E-03 2.48120E-03 4.43334E-03 4.43334E-03 4.43334E-03 4.43334E-03 7.92137E-03 7.92137E-03 7.92137E-03 7.92137E-03 1.41537E-02 1.41537E-02 1.41537E-02 1.41537E-02 1.41537E-02 2.52895E-02 2.52895E-02 2.52895E-02 2.52895E-02 2.52895E-02 4.51866E-02 4.51866E-02 4.51866E-02 4.51866E-02 4.51866E-02 4.51866E-02 8.07383E-02 8.07383E-02 8.07383E-02 8.07383E-02 8.07383E-02 8.07383E-02 8.07383E-02 1.44261E-01 1.44261E-01 1.44261E-01 1.44261E-01 1.44261E-01 1.44261E-01 2.57762E-01 2.57762E-01 2.57762E-01 2.57762E-01 2.57762E-01 2.57762E-01 4.60562E-01 4.60562E-01 4.60562E-01 4.60562E-01 4.60562E-01 4.60562E-01 
1.58489E+00 1.58489E+00 2.51189E+00 1.58489E+00 2.51189E+00 1.58489E+00 2.51189E+00 3.98107E+00 1.58489E+00 2.51189E+00 3.98107E+00 6.30957E+00 1.58489E+00 2.51189E+00 3.98107E+00 6.30957E+00 1.58489E+00 2.51189E+00 3.98107E+00 6.30957E+00 9.99999E+00 1.58489E+00 2.51189E+00 3.98107E+00 6.30957E+00 9.99999E+00 1.58489E+00 2.51189E+00 3.98107E+00 6.30957E+00 9.99999E+00 1.58489E+01 1.58489E+00 2.51189E+00 3.98107E+00 6.30957E+00 9.99999E+00 1.58489E+01 2.51189E+01 2.51189E+00 3.98107E+00 6.30957E+00 9.99999E+00 1.58489E+01 2.51189E+01 3.98107E+00 6.30957E+00 9.99999E+00 1.58489E+01 2.51189E+01 3.98107E+01 6.30957E+00 9.99999E+00 1.58489E+01 2.51189E+01 3.98107E+01 6.30957E+01 
90000 
2.19522E-04 
2.18296E-04 
5.23454E-04 
2.17137E-04 
5.22167E-04 
2.16056E-04 
5.21799E-04 
1.28305E-03 
2.15221E-04 
5.22095E-04 
1.28523E-03 
3.24357E-03 
2.14903E-04 
5.23407E-04 
1.29037E-03 
3.24828E-03 
2.15483E-04 
5.26288E-04 
1.29922E-03 
3.25752E-03 
8.23143E-03 
2.16813E-04 
5.30441E-04 
1.31110E-03 
3.27268E-03 
8.25299E-03 
2.16832E-04 
5.31975E-04 
1.31698E-03 
3.27804E-03 
8.24589E-03 
2.08338E-02 
2.11874E-04 
5.22978E-04 
1.29860E-03 
3.23377E-03 
8.11894E-03 
2.04621E-02 
5.21583E-02 
5.03579E-04 
1.25668E-03 
3.13828E-03 
7.87892E-03 
1.98388E-02 
5.03714E-02 
1.22819E-03 
3.07578E-03 
7.72232E-03 
1.94273E-02 
4.91501E-02 
1.26421E-01 
3.04767E-03 
7.64611E-03 
1.92091E-02 
4.84290E-02 
1.23311E-01 
3.22902E-01 
---
