PdfType: replica
Format: lhagrid1
---
4.34963E-04 7.77181E-04 7.77181E-04 1.38865E-03 1.38865E-03 2.48120E-03 2.48120E-03 2.48120E-03 4.43334E-03 4.43334E-03 4.43334E-03 4.43334E-03 7.92137E-03 7.92137E-03 7.92137E-03 7.92137E-03 1.41537E-02 1.41537E-02 1.41537E-02 1.41537E-02 1.41537E-02 2.52895E-02 2.52895E-02 2.52895E-02 2.52895E-02 2.52895E-02 4.51866E-02 4.51866E-02 4.51866E-02 4.51866E-02 4.51866E-02 4.51866E-02 8.07383E-02 8.07383E-02 8.07383E-02 8.07383E-02 8.07383E-02 8.07383E-02 8.07383E-02 1.44261E-01 1.44261E-01 1.44261E-01 1.44261E-01 1.44261E-01 1.44261E-01 2.57762E-01 2.57762E-01 2.57762E-01 2.57762E-01 2.57762E-01 2.57762E-01 4.60562E-01 4.60562E-01 4.60562E-01 4.60562E-01 4.60562E-01 4.60562E-01 
1.58489E+00 1.58489E+00 2.51189E+00 1.58489E+00 2.51189E+00 1.58489E+00 2.51189E+00 3.98107E+00 1.58489E+00 2.51189E+00 3.98107E+00 6.30957E+00 1.58489E+00 2.51189E+00 3.98107E+00 6.30957E+00 1.58489E+00 2.51189E+00 3.98107E+00 6.30957E+00 9.99999E+00 1.58489E+00 2.51189E+00 3.98107E+00 6.30957E+00 9.99999E+00 1.58489E+00 2.51189E+00 3.98107E+00 6.30957E+00 9.99999E+00 1.58489E+01 1.58489E+00 2.51189E+00 3.98107E+00 6.30957E+00 9.99999E+00 1.58489E+01 2.51189E+01 2.51189E+00 3.98107E+00 6.30957E+00 9.99999E+00 1.58489E+01 2.51189E+01 3.98107E+00 6.30957E+00 9.99999E+00 1.58489E+01 2.51189E+01 3.98107E+01 6.30957E+00 9.99999E+00 1.58489E+01 2.51189E+01 3.98107E+01 6.30957E+01 
90000 
2.19272E-04 
2.17989E-04 
5.22811E-04 
2.16736E-04 
5.21362E-04 
2.15503E-04 
5.20691E-04 
1.28064E-03 
2.14428E-04 
5.20495E-04 
1.28182E-03 
3.23529E-03 
2.13784E-04 
5.21168E-04 
1.28568E-03 
3.23756E-03 
2.14103E-04 
5.23623E-04 
1.29374E-03 
3.24546E-03 
8.20390E-03 
2.15648E-04 
5.28237E-04 
1.30650E-03 
3.26241E-03 
8.22931E-03 
2.16147E-04 
5.30180E-04 
1.31220E-03 
3.26562E-03 
8.21380E-03 
2.07541E-02 
2.09823E-04 
5.17587E-04 
1.28492E-03 
3.19945E-03 
8.03417E-03 
2.02541E-02 
5.16562E-02 
4.95454E-04 
1.23817E-03 
3.09519E-03 
7.77821E-03 
1.96022E-02 
4.98154E-02 
1.22206E-03 
3.06289E-03 
7.69445E-03 
1.93672E-02 
4.90207E-02 
1.26141E-01 
3.07419E-03 
7.71700E-03 
1.93961E-02 
4.89147E-02 
1.24532E-01 
3.25705E-01 
---
