PdfType: replica
Format: lhagrid1
---
4.34963E-04 7.77181E-04 7.77181E-04 1.38865E-03 1.38865E-03 2.48120E-03 2.48120E-03 2.48120E-03 4.43334E-03 4.43334E-03 4.43334E-03 4.43334E-03 7.92137E-03 7.92137E-03 7.92137E-03 7.92137E-03 1.41537E-02 1.41537E-02 1.41537E-02 1.41537E-02 1.41537E-02 2.52895E-02 2.52895E-02 2.52895E-02 2.52895E-02 2.52895E-02 4.51866E-02 4.51866E-02 4.51866E-02 4.51866E-02 4.51866E-02 4.51866E-02 8.07383E-02 8.07383E-02 8.07383E-02 8.07383E-02 8.07383E-02 8.07383E-02 8.07383E-02 1.44261E-01 1.44261E-01 1.44261E-01 1.44261E-01 1.44261E-01 1.44261E-01 2.57762E-01 2.57762E-01 2.57762E-01 2.57762E-01 2.57762E-01 2.57762E-01 4.60562E-01 4.60562E-01 4.60562E-01 4.60562E-01 4.60562E-01 4.60562E-01 
1.58489E+00 1.58489E+00 2.51189E+00 1.58489E+00 2.51189E+00 1.58489E+00 2.51189E+00 3.98107E+00 1.58489E+00 2.51189E+00 3.98107E+00 6.30957E+00 1.58489E+00 2.51189E+00 3.98107E+00 6.30957E+00 1.58489E+00 2.51189E+00 3.98107E+00 6.30957E+00 9.99999E+00 1.58489E+00 2.51189E+00 3.98107E+00 6.30957E+00 9.99999E+00 1.58489E+00 2.51189E+00 3.98107E+00 6.30957E+00 9.99999E+00 1.58489E+01 1.58489E+00 2.51189E+00 3.98107E+00 6.30957E+00 9.99999E+00 1.58489E+01 2.51189E+01 2.51189E+00 3.98107E+00 6.30957E+00 9.99999E+00 1.58489E+01 2.51189E+01 3.98107E+00 6.30957E+00 9.99999E+00 1.58489E+01 2.51189E+01 3.98107E+01 6.30957E+00 9.99999E+00 1.58489E+01 2.51189E+01 3.98107E+01 6.30957E+01 
90000 
2.19668E-04 
2.18545E-04 
5.24007E-04 
2.17507E-04 
5.23004E-04 
2.16574E-04 
5.22965E-04 
1.28564E-03 
2.15931E-04 
5.23671E-04 
1.28874E-03 
3.25081E-03 
2.15867E-04 
5.25520E-04 
1.29510E-03 
3.25828E-03 
2.16754E-04 
5.29054E-04 
1.30540E-03 
3.27109E-03 
8.26311E-03 
2.18309E-04 
5.33683E-04 
1.31828E-03 
3.28891E-03 
8.29009E-03 
2.18139E-04 
5.34739E-04 
1.32295E-03 
3.29147E-03 
8.27587E-03 
2.09051E-02 
2.12428E-04 
5.23968E-04 
1.30051E-03 
3.23749E-03 
8.12700E-03 
2.04808E-02 
5.22058E-02 
5.03419E-04 
1.25652E-03 
3.13818E-03 
7.88005E-03 
1.98445E-02 
5.03903E-02 
1.23205E-03 
3.08683E-03 
7.75159E-03 
1.95039E-02 
4.93459E-02 
1.26891E-01 
3.08217E-03 
7.73483E-03 
1.94359E-02 
4.90027E-02 
1.24724E-01 
3.26117E-01 
---
