PdfType: replica
Format: lhagrid1
---
4.34963E-04 7.77181E-04 7.77181E-04 1.38865E-03 1.38865E-03 2.48120E-03 2.48120E-03 2.48120E-03 4.43334E-03 4.43334E-03 4.43334E-03 4.43334E-03 7.92137E-03 7.92137E-03 7.92137E-03 7.92137E-03 1.41537E-02 1.41537E-02 1.41537E-02 1.41537E-02 1.41537E-02 2.52895E-02 2.52895E-02 2.52895E-02 2.52895E-02 2.52895E-02 4.51866E-02 4.51866E-02 4.51866E-02 4.51866E-02 4.51866E-02 4.51866E-02 8.07383E-02 8.07383E-02 8.07383E-02 8.07383E-02 8.07383E-02 8.07383E-02 8.07383E-02 1.44261E-01 1.44261E-01 1.44261E-01 1.44261E-01 1.44261E-01 1.44261E-01 2.57762E-01 2.57762E-01 2.57762E-01 2.57762E-01 2.57762E-01 2.57762E-01 4.60562E-01 4.60562E-01 4.60562E-01 4.60562E-01 4.60562E-01 4.60562E-01 
1.58489E+00 1.58489E+00 2.51189E+00 1.58489E+00 2.51189E+00 1.58489E+00 2.51189E+00 3.98107E+00 1.58489E+00 2.51189E+00 3.98107E+00 6.30957E+00 1.58489E+00 2.51189E+00 3.98107E+00 6.30957E+00 1.58489E+00 2.51189E+00 3.98107E+00 6.30957E+00 9.99999E+00 1.58489E+00 2.51189E+00 3.98107E+00 6.30957E+00 9.99999E+00 1.58489E+00 2.51189E+00 3.98107E+00 6.30957E+00 9.99999E+00 1.58489E+01 1.58489E+00 2.51189E+00 3.98107E+00 6.30957E+00 9.99999E+00 1.58489E+01 2.51189E+01 2.51189E+00 3.98107E+00 6.30957E+00 9.99999E+00 1.58489E+01 2.51189E+01 3.98107E+00 6.30957E+00 9.99999E+00 1.58489E+01 2.51189E+01 3.98107E+01 6.30957E+00 9.99999E+00 1.58489E+01 2.51189E+01 3.98107E+01 6.30957E+01 
90000 
2.19246E-04 
2.17898E-04 
5.22689E-04 
2.16547E-04 
5.21034E-04 
2.15176E-04 
5.20073E-04 
1.27940E-03 
2.13925E-04 
5.19498E-04 
1.27974E-03 
3.23125E-03 
2.13076E-04 
5.19709E-04 
1.28253E-03 
3.23113E-03 
2.13160E-04 
5.21581E-04 
1.28918E-03 
3.23555E-03 
8.18235E-03 
2.14360E-04 
5.25350E-04 
1.29995E-03 
3.24754E-03 
8.19600E-03 
2.14477E-04 
5.26584E-04 
1.30431E-03 
3.24793E-03 
8.17441E-03 
2.06649E-02 
2.08663E-04 
5.15428E-04 
1.28069E-03 
3.19110E-03 
8.01692E-03 
2.02175E-02 
5.15733E-02 
4.96161E-04 
1.23998E-03 
3.10011E-03 
7.79060E-03 
1.96328E-02 
4.98863E-02 
1.22426E-03 
3.06723E-03 
7.70462E-03 
1.93907E-02 
4.90729E-02 
1.26237E-01 
3.06787E-03 
7.69879E-03 
1.93458E-02 
4.87797E-02 
1.24180E-01 
3.24852E-01 
---
