PdfType: replica
Format: lhagrid1
---
4.34963E-04 7.77181E-04 7.77181E-04 1.38865E-03 1.38865E-03 2.48120E-03 2.48120E-03 2.48120E-03 4.43334E-03 4.43334E-03 4.43334E-03 4.43334E-03 7.92137E-03 7.92137E-03 7.92137E-03 7.92137E-03 1.41537E-02 1.41537E-02 1.41537E-02 1.41537E-02 1.41537E-02 2.52895E-02 2.52895E-02 2.52895E-02 2.52895E-02 2.52895E-02 4.51866E-02 4.51866E-02 4.51866E-02 4.51866E-02 4.51866E-02 4.51866E-02 8.07383E-02 8.07383E-02 8.07383E-02 8.07383E-02 8.07383E-02 8.07383E-02 8.07383E-02 1.44261E-01 1.44261E-01 1.44261E-01 1.44261E-01 1.44261E-01 1.44261E-01 2.57762E-01 2.57762E-01 2.57762E-01 2.57762E-01 2.57762E-01 2.57762E-01 4.60562E-01 4.60562E-01 4.60562E-01 4.60562E-01 4.60562E-01 4.60562E-01 
1.58489E+00 1.58489E+00 2.51189E+00 1.58489E+00 2.51189E+00 1.58489E+00 2.51189E+00 3.98107E+00 1.58489E+00 2.51189E+00 3.98107E+00 6.30957E+00 1.58489E+00 2.51189E+00 3.98107E+00 6.30957E+00 1.58489E+00 2.51189E+00 3.98107E+00 6.30957E+00 9.99999E+00 1.58489E+00 2.51189E+00 3.98107E+00 6.30957E+00 9.99999E+00 1.58489E+00 2.51189E+00 3.98107E+00 6.30957E+00 9.99999E+00 1.58489E+01 1.58489E+00 2.51189E+00 3.98107E+00 6.30957E+00 9.99999E+00 1.58489E+01 2.51189E+01 2.51189E+00 3.98107E+00 6.30957E+00 9.99999E+00 1.58489E+01 2.51189E+01 3.98107E+00 6.30957E+00 9.99999E+00 1.58489E+01 2.51189E+01 3.98107E+01 6.30957E+00 9.99999E+00 1.58489E+01 2.51189E+01 3.98107E+01 6.30957E+01 
90000 
2.19941E-04 
2.18761E-04 
5.24186E-04 
2.17610E-04 
5.22938E-04 
2.16492E-04 
5.22535E-04 
1.28422E-03 
2.15600E-04 
5.22757E-04 
1.28636E-03 
3.24509E-03 
2.15292E-04 
5.24122E-04 
1.29174E-03 
3.25080E-03 
2.16107E-04 
5.27496E-04 
1.30174E-03 
3.26290E-03 
8.24285E-03 
2.17933E-04 
5.32620E-04 
1.31565E-03 
3.28257E-03 
8.27498E-03 
2.18023E-04 
5.34102E-04 
1.32091E-03 
3.28573E-03 
8.26087E-03 
2.08658E-02 
2.11681E-04 
5.21790E-04 
1.29467E-03 
3.22212E-03 
8.08856E-03 
2.03856E-02 
5.19773E-02 
4.99364E-04 
1.24690E-03 
3.11482E-03 
7.82424E-03 
1.97115E-02 
5.00811E-02 
1.22561E-03 
3.07172E-03 
7.71498E-03 
1.94159E-02 
4.91409E-02 
1.26463E-01 
3.07534E-03 
7.71893E-03 
1.93990E-02 
4.89183E-02 
1.24539E-01 
3.25762E-01 
---
