PdfType: replica
Format: lhagrid1
---
4.34963E-04 7.77181E-04 7.77181E-04 1.38865E-03 1.38865E-03 2.48120E-03 2.48120E-03 2.48120E-03 4.43334E-03 4.43334E-03 4.43334E-03 4.43334E-03 7.92137E-03 7.92137E-03 7.92137E-03 7.92137E-03 1.41537E-02 1.41537E-02 1.41537E-02 1.41537E-02 1.41537E-02 2.52895E-02 2.52895E-02 2.52895E-02 2.52895E-02 2.52895E-02 4.51866E-02 4.51866E-02 4.51866E-02 4.51866E-02 4.51866E-02 4.51866E-02 8.07383E-02 8.07383E-02 8.07383E-02 8.07383E-02 8.07383E-02 8.07383E-02 8.07383E-02 1.44261E-01 1.44261E-01 1.44261E-01 1.44261E-01 1.44261E-01 1.44261E-01 2.57762E-01 2.57762E-01 2.57762E-01 2.57762E-01 2.57762E-01 2.57762E-01 4.60562E-01 4.60562E-01 4.60562E-01 4.60562E-01 4.60562E-01 4.60562E-01 
1.58489E+00 1.58489E+00 2.51189E+00 1.58489E+00 2.51189E+00 1.58489E+00 2.51189E+00 3.98107E+00 1.58489E+00 2.51189E+00 3.98107E+00 6.30957E+00 1.58489E+00 2.51189E+00 3.98107E+00 6.30957E+00 1.58489E+00 2.51189E+00 3.98107E+00 6.30957E+00 9.99999E+00 1.58489E+00 2.51189E+00 3.98107E+00 6.30957E+00 9.99999E+00 1.58489E+00 2.51189E+00 3.98107E+00 6.30957E+00 9.99999E+00 1.58489E+01 1.58489E+00 2.51189E+00 3.98107E+00 6.30957E+00 9.99999E+00 1.58489E+01 2.51189E+01 2.51189E+00 3.98107E+00 6.30957E+00 9.99999E+00 1.58489E+01 2.51189E+01 3.98107E+00 6.30957E+00 9.99999E+00 1.58489E+01 2.51189E+01 3.98107E+01 6.30957E+00 9.99999E+00 1.58489E+01 2.51189E+01 3.98107E+01 6.30957E+01 
90000 
2.19274E-04 
2.17770E-04 
5.22529E-04 
2.16157E-04 
5.20376E-04 
2.14390E-04 
5.18628E-04 
1.27658E-03 
2.12574E-04 
5.16901E-04 
1.27444E-03 
3.22090E-03 
2.10970E-04 
5.15573E-04 
1.27397E-03 
3.21338E-03 
2.10219E-04 
5.15865E-04 
1.27743E-03 
3.21081E-03 
8.12902E-03 
2.11101E-04 
5.19343E-04 
1.28802E-03 
3.22298E-03 
8.14345E-03 
2.12501E-04 
5.23411E-04 
1.29870E-03 
3.23769E-03 
8.15468E-03 
2.06240E-02 
2.08972E-04 
5.16676E-04 
1.28446E-03 
3.20096E-03 
8.04372E-03 
2.02855E-02 
5.17240E-02 
5.00619E-04 
1.25122E-03 
3.12744E-03 
7.85859E-03 
1.97998E-02 
5.02877E-02 
1.23757E-03 
3.09972E-03 
7.78099E-03 
1.95721E-02 
4.95086E-02 
1.27304E-01 
3.07101E-03 
7.70245E-03 
1.93466E-02 
4.87643E-02 
1.24109E-01 
3.24646E-01 
---
