PdfType: replica
Format: lhagrid1
---
4.34963E-04 7.77181E-04 7.77181E-04 1.38865E-03 1.38865E-03 2.48120E-03 2.48120E-03 2.48120E-03 4.43334E-03 4.43334E-03 4.43334E-03 4.43334E-03 7.92137E-03 7.92137E-03 7.92137E-03 7.92137E-03 1.41537E-02 1.41537E-02 1.41537E-02 1.41537E-02 1.41537E-02 2.52895E-02 2.52895E-02 2.52895E-02 2.52895E-02 2.52895E-02 4.51866E-02 4.51866E-02 4.51866E-02 4.51866E-02 4.51866E-02 4.51866E-02 8.07383E-02 8.07383E-02 8.07383E-02 8.07383E-02 8.07383E-02 8.07383E-02 8.07383E-02 1.44261E-01 1.44261E-01 1.44261E-01 1.44261E-01 1.44261E-01 1.44261E-01 2.57762E-01 2.57762E-01 2.57762E-01 2.57762E-01 2.57762E-01 2.57762E-01 4.60562E-01 4.60562E-01 4.60562E-01 4.60562E-01 4.60562E-01 4.60562E-01 
1.58489E+00 1.58489E+00 2.51189E+00 1.58489E+00 2.51189E+00 1.58489E+00 2.51189E+00 3.98107E+00 1.58489E+00 2.51189E+00 3.98107E+00 6.30957E+00 1.58489E+00 2.51189E+00 3.98107E+00 6.30957E+00 1.58489E+00 2.51189E+00 3.98107E+00 6.30957E+00 9.99999E+00 1.58489E+00 2.51189E+00 3.98107E+00 6.30957E+00 9.99999E+00 1.58489E+00 2.51189E+00 3.98107E+00 6.30957E+00 9.99999E+00 1.58489E+01 1.58489E+00 2.51189E+00 3.98107E+00 6.30957E+00 9.99999E+00 1.58489E+01 2.51189E+01 2.51189E+00 3.98107E+00 6.30957E+00 9.99999E+00 1.58489E+01 2.51189E+01 3.98107E+00 6.30957E+00 9.99999E+00 1.58489E+01 2.51189E+01 3.98107E+01 6.30957E+00 9.99999E+00 1.58489E+01 2.51189E+01 3.98107E+01 6.30957E+01 
90000 
2.19696E-04 
2.18573E-04 
5.23928E-04 
2.17510E-04 
5.22822E-04 
2.16494E-04 
5.22581E-04 
1.28443E-03 
2.15666E-04 
5.22911E-04 
1.28677E-03 
3.24567E-03 
2.15272E-04 
5.24139E-04 
1.29187E-03 
3.25075E-03 
2.15704E-04 
5.26843E-04 
1.30049E-03 
3.26008E-03 
8.23576E-03 
2.16902E-04 
5.30807E-04 
1.31201E-03 
3.27475E-03 
8.25692E-03 
2.16860E-04 
5.32004E-04 
1.31685E-03 
3.27724E-03 
8.24314E-03 
2.08277E-02 
2.11486E-04 
5.21857E-04 
1.29569E-03 
3.22610E-03 
8.10030E-03 
2.04183E-02 
5.20666E-02 
5.01672E-04 
1.25255E-03 
3.12903E-03 
7.85768E-03 
1.97903E-02 
5.02645E-02 
1.22818E-03 
3.07667E-03 
7.72559E-03 
1.94379E-02 
4.91826E-02 
1.26516E-01 
3.06099E-03 
7.67929E-03 
1.92928E-02 
4.86397E-02 
1.23828E-01 
3.24067E-01 
---
