PdfType: replica
Format: lhagrid1
---
4.34963E-04 7.77181E-04 7.77181E-04 1.38865E-03 1.38865E-03 2.48120E-03 2.48120E-03 2.48120E-03 4.43334E-03 4.43334E-03 4.43334E-03 4.43334E-03 7.92137E-03 7.92137E-03 7.92137E-03 7.92137E-03 1.41537E-02 1.41537E-02 1.41537E-02 1.41537E-02 1.41537E-02 2.52895E-02 2.52895E-02 2.52895E-02 2.52895E-02 2.52895E-02 4.51866E-02 4.51866E-02 4.51866E-02 4.51866E-02 4.51866E-02 4.51866E-02 8.07383E-02 8.07383E-02 8.07383E-02 8.07383E-02 8.07383E-02 8.07383E-02 8.07383E-02 1.44261E-01 1.44261E-01 1.44261E-01 1.44261E-01 1.44261E-01 1.44261E-01 2.57762E-01 2.57762E-01 2.57762E-01 2.57762E-01 2.57762E-01 2.57762E-01 4.60562E-01 4.60562E-01 4.60562E-01 4.60562E-01 4.60562E-01 4.60562E-01 
1.58489E+00 1.58489E+00 2.51189E+00 1.58489E+00 2.51189E+00 1.58489E+00 2.51189E+00 3.98107E+00 1.58489E+00 2.51189E+00 3.98107E+00 6.30957E+00 1.58489E+00 2.51189E+00 3.98107E+00 6.30957E+00 1.58489E+00 2.51189E+00 3.98107E+00 6.30957E+00 9.99999E+00 1.58489E+00 2.51189E+00 3.98107E+00 6.30957E+00 9.99999E+00 1.58489E+00 2.51189E+00 3.98107E+00 6.30957E+00 9.99999E+00 1.58489E+01 1.58489E+00 2.51189E+00 3.98107E+00 6.30957E+00 9.99999E+00 1.58489E+01 2.51189E+01 2.51189E+00 3.98107E+00 6.30957E+00 9.99999E+00 1.58489E+01 2.51189E+01 3.98107E+00 6.30957E+00 9.99999E+00 1.58489E+01 2.51189E+01 3.98107E+01 6.30957E+00 9.99999E+00 1.58489E+01 2.51189E+01 3.98107E+01 6.30957E+01 
90000 
2.18973E-04 
2.17696E-04 
5.22308E-04 
2.16491E-04 
5.20939E-04 
2.15367E-04 
5.20465E-04 
1.28044E-03 
2.14476E-04 
5.20616E-04 
1.28228E-03 
3.23706E-03 
2.14059E-04 
5.21717E-04 
1.28693E-03 
3.24073E-03 
2.14462E-04 
5.24285E-04 
1.29510E-03 
3.24857E-03 
8.21215E-03 
2.15573E-04 
5.28062E-04 
1.30615E-03 
3.26196E-03 
8.22910E-03 
2.15550E-04 
5.29442E-04 
1.31161E-03 
3.26612E-03 
8.21916E-03 
2.07736E-02 
2.10917E-04 
5.21083E-04 
1.29477E-03 
3.22559E-03 
8.10195E-03 
2.04265E-02 
5.20825E-02 
5.03829E-04 
1.25819E-03 
3.14373E-03 
7.89524E-03 
1.98851E-02 
5.04972E-02 
1.23697E-03 
3.09868E-03 
7.78114E-03 
1.95776E-02 
4.95306E-02 
1.27359E-01 
3.08847E-03 
7.74904E-03 
1.94684E-02 
4.90780E-02 
1.24901E-01 
3.26549E-01 
---
