PdfType: replica
Format: lhagrid1
---
4.34963E-04 7.77181E-04 7.77181E-04 1.38865E-03 1.38865E-03 2.48120E-03 2.48120E-03 2.48120E-03 4.43334E-03 4.43334E-03 4.43334E-03 4.43334E-03 7.92137E-03 7.92137E-03 7.92137E-03 7.92137E-03 1.41537E-02 1.41537E-02 1.41537E-02 1.41537E-02 1.41537E-02 2.52895E-02 2.52895E-02 2.52895E-02 2.52895E-02 2.52895E-02 4.51866E-02 4.51866E-02 4.51866E-02 4.51866E-02 4.51866E-02 4.51866E-02 8.07383E-02 8.07383E-02 8.07383E-02 8.07383E-02 8.07383E-02 8.07383E-02 8.07383E-02 1.44261E-01 1.44261E-01 1.44261E-01 1.44261E-01 1.44261E-01 1.44261E-01 2.57762E-01 2.57762E-01 2.57762E-01 2.57762E-01 2.57762E-01 2.57762E-01 4.60562E-01 4.60562E-01 4.60562E-01 4.60562E-01 4.60562E-01 4.60562E-01 
1.58489E+00 1.58489E+00 2.51189E+00 1.58489E+00 2.51189E+00 1.58489E+00 2.51189E+00 3.98107E+00 1.58489E+00 2.51189E+00 3.98107E+00 6.30957E+00 1.58489E+00 2.51189E+00 3.98107E+00 6.30957E+00 1.58489E+00 2.51189E+00 3.98107E+00 6.30957E+00 9.99999E+00 1.58489E+00 2.51189E+00 3.98107E+00 6.30957E+00 9.99999E+00 1.58489E+00 2.51189E+00 3.98107E+00 6.30957E+00 9.99999E+00 1.58489E+01 1.58489E+00 2.51189E+00 3.98107E+00 6.30957E+00 9.99999E+00 1.58489E+01 2.51189E+01 2.51189E+00 3.98107E+00 6.30957E+00 9.99999E+00 1.58489E+01 2.51189E+01 3.98107E+00 6.30957E+00 9.99999E+00 1.58489E+01 2.51189E+01 3.98107E+01 6.30957E+00 9.99999E+00 1.58489E+01 2.51189E+01 3.98107E+01 6.30957E+01 
90000 
2.19613E-04 
2.18380E-04 
5.23661E-04 
2.17212E-04 
5.22408E-04 
2.16147E-04 
5.22126E-04 
1.28395E-03 
2.15402E-04 
5.22650E-04 
1.28666E-03 
3.24748E-03 
2.15334E-04 
5.24494E-04 
1.29297E-03 
3.25474E-03 
2.16443E-04 
5.28406E-04 
1.30399E-03 
3.26865E-03 
8.25909E-03 
2.18526E-04 
5.33925E-04 
1.31862E-03 
3.28957E-03 
8.29267E-03 
2.18795E-04 
5.35774E-04 
1.32490E-03 
3.29531E-03 
8.28504E-03 
2.09267E-02 
2.12802E-04 
5.24640E-04 
1.30193E-03 
3.24060E-03 
8.13463E-03 
2.04991E-02 
5.22459E-02 
5.04083E-04 
1.25839E-03 
3.14318E-03 
7.89344E-03 
1.98796E-02 
5.04806E-02 
1.23645E-03 
3.09742E-03 
7.77726E-03 
1.95666E-02 
4.95010E-02 
1.27288E-01 
3.08412E-03 
7.73833E-03 
1.94413E-02 
4.90090E-02 
1.24725E-01 
3.26104E-01 
---
