PdfType: replica
Format: lhagrid1
---
4.34963E-04 7.77181E-04 7.77181E-04 1.38865E-03 1.38865E-03 2.48120E-03 2.48120E-03 2.48120E-03 4.43334E-03 4.43334E-03 4.43334E-03 4.43334E-03 7.92137E-03 7.92137E-03 7.92137E-03 7.92137E-03 1.41537E-02 1.41537E-02 1.41537E-02 1.41537E-02 1.41537E-02 2.52895E-02 2.52895E-02 2.52895E-02 2.52895E-02 2.52895E-02 4.51866E-02 4.51866E-02 4.51866E-02 4.51866E-02 4.51866E-02 4.51866E-02 8.07383E-02 8.07383E-02 8.07383E-02 8.07383E-02 8.07383E-02 8.07383E-02 8.07383E-02 1.44261E-01 1.44261E-01 1.44261E-01 1.44261E-01 1.44261E-01 1.44261E-01 2.57762E-01 2.57762E-01 2.57762E-01 2.57762E-01 2.57762E-01 2.57762E-01 4.60562E-01 4.60562E-01 4.60562E-01 4.60562E-01 4.60562E-01 4.60562E-01 
1.58489E+00 1.58489E+00 2.51189E+00 1.58489E+00 2.51189E+00 1.58489E+00 2.51189E+00 3.98107E+00 1.58489E+00 2.51189E+00 3.98107E+00 6.30957E+00 1.58489E+00 2.51189E+00 3.98107E+00 6.30957E+00 1.58489E+00 2.51189E+00 3.98107E+00 6.30957E+00 9.99999E+00 1.58489E+00 2.51189E+00 3.98107E+00 6.30957E+00 9.99999E+00 1.58489E+00 2.51189E+00 3.98107E+00 6.30957E+00 9.99999E+00 1.58489E+01 1.58489E+00 2.51189E+00 3.98107E+00 6.30957E+00 9.99999E+00 1.58489E+01 2.51189E+01 2.51189E+00 3.98107E+00 6.30957E+00 9.99999E+00 1.58489E+01 2.51189E+01 3.98107E+00 6.30957E+00 9.99999E+00 1.58489E+01 2.51189E+01 3.98107E+01 6.30957E+00 9.99999E+00 1.58489E+01 2.51189E+01 3.98107E+01 6.30957E+01 
90000 
2.19649E-04 
2.18322E-04 
5.23520E-04 
2.16960E-04 
5.21880E-04 
2.15548E-04 
5.20888E-04 
1.28101E-03 
2.14250E-04 
5.20251E-04 
1.28127E-03 
3.23469E-03 
2.13385E-04 
5.20401E-04 
1.28394E-03 
3.23431E-03 
2.13508E-04 
5.22242E-04 
1.29046E-03 
3.23839E-03 
8.18796E-03 
2.14725E-04 
5.25979E-04 
1.30117E-03 
3.25033E-03 
8.20220E-03 
2.14743E-04 
5.27183E-04 
1.30566E-03 
3.25121E-03 
8.18228E-03 
2.06837E-02 
2.09078E-04 
5.16336E-04 
1.28271E-03 
3.19518E-03 
8.02721E-03 
2.02435E-02 
5.16414E-02 
4.97136E-04 
1.24222E-03 
3.10456E-03 
7.80158E-03 
1.96603E-02 
4.99611E-02 
1.22609E-03 
3.07273E-03 
7.71738E-03 
1.94217E-02 
4.91545E-02 
1.26490E-01 
3.07532E-03 
7.71754E-03 
1.93934E-02 
4.89013E-02 
1.24494E-01 
3.25675E-01 
---
