PdfType: replica
Format: lhagrid1
---
4.34963E-04 7.77181E-04 7.77181E-04 1.38865E-03 1.38865E-03 2.48120E-03 2.48120E-03 2.48120E-03 4.43334E-03 4.43334E-03 4.43334E-03 4.43334E-03 7.92137E-03 7.92137E-03 7.92137E-03 7.92137E-03 1.41537E-02 1.41537E-02 1.41537E-02 1.41537E-02 1.41537E-02 2.52895E-02 2.52895E-02 2.52895E-02 2.52895E-02 2.52895E-02 4.51866E-02 4.51866E-02 4.51866E-02 4.51866E-02 4.51866E-02 4.51866E-02 8.07383E-02 8.07383E-02 8.07383E-02 8.07383E-02 8.07383E-02 8.07383E-02 8.07383E-02 1.44261E-01 1.44261E-01 1.44261E-01 1.44261E-01 1.44261E-01 1.44261E-01 2.57762E-01 2.57762E-01 2.57762E-01 2.57762E-01 2.57762E-01 2.57762E-01 4.60562E-01 4.60562E-01 4.60562E-01 4.60562E-01 4.60562E-01 4.60562E-01 
1.58489E+00 1.58489E+00 2.51189E+00 1.58489E+00 2.51189E+00 1.58489E+00 2.51189E+00 3.98107E+00 1.58489E+00 2.51189E+00 3.98107E+00 6.30957E+00 1.58489E+00 2.51189E+00 3.98107E+00 6.30957E+00 1.58489E+00 2.51189E+00 3.98107E+00 6.30957E+00 9.99999E+00 1.58489E+00 2.51189E+00 3.98107E+00 6.30957E+00 9.99999E+00 1.58489E+00 2.51189E+00 3.98107E+00 6.30957E+00 9.99999E+00 1.58489E+01 1.58489E+00 2.51189E+00 3.98107E+00 6.30957E+00 9.99999E+00 1.58489E+01 2.51189E+01 2.51189E+00 3.98107E+00 6.30957E+00 9.99999E+00 1.58489E+01 2.51189E+01 3.98107E+00 6.30957E+00 9.99999E+00 1.58489E+01 2.51189E+01 3.98107E+01 6.30957E+00 9.99999E+00 1.58489E+01 2.51189E+01 3.98107E+01 6.30957E+01 
90000 
2.19248E-04 
2.17992E-04 
5.22787E-04 
2.16801E-04 
5.21414E-04 
2.15667E-04 
5.20907E-04 
1.28112E-03 
2.14725E-04 
5.20961E-04 
1.28276E-03 
3.23781E-03 
2.14195E-04 
5.21855E-04 
1.28700E-03 
3.24076E-03 
2.14423E-04 
5.24106E-04 
1.29453E-03 
3.24735E-03 
8.20846E-03 
2.15390E-04 
5.27618E-04 
1.30504E-03 
3.25947E-03 
8.22315E-03 
2.15450E-04 
5.29112E-04 
1.31065E-03 
3.26354E-03 
8.21302E-03 
2.07592E-02 
2.10979E-04 
5.20902E-04 
1.29379E-03 
3.22209E-03 
8.09206E-03 
2.04004E-02 
5.20230E-02 
5.02080E-04 
1.25314E-03 
3.12992E-03 
7.85854E-03 
1.97897E-02 
5.02570E-02 
1.22530E-03 
3.06905E-03 
7.70623E-03 
1.93888E-02 
4.90570E-02 
1.26188E-01 
3.04889E-03 
7.64995E-03 
1.92202E-02 
4.84577E-02 
1.23367E-01 
3.22880E-01 
---
