PdfType: replica
Format: lhagrid1
---
4.34963E-04 7.77181E-04 7.77181E-04 1.38865E-03 1.38865E-03 2.48120E-03 2.48120E-03 2.48120E-03 4.43334E-03 4.43334E-03 4.43334E-03 4.43334E-03 7.92137E-03 7.92137E-03 7.92137E-03 7.92137E-03 1.41537E-02 1.41537E-02 1.41537E-02 1.41537E-02 1.41537E-02 2.52895E-02 2.52895E-02 2.52895E-02 2.52895E-02 2.52895E-02 4.51866E-02 4.51866E-02 4.51866E-02 4.51866E-02 4.51866E-02 4.51866E-02 8.07383E-02 8.07383E-02 8.07383E-02 8.07383E-02 8.07383E-02 8.07383E-02 8.07383E-02 1.44261E-01 1.44261E-01 1.44261E-01 1.44261E-01 1.44261E-01 1.44261E-01 2.57762E-01 2.57762E-01 2.57762E-01 2.57762E-01 2.57762E-01 2.57762E-01 4.60562E-01 4.60562E-01 4.60562E-01 4.60562E-01 4.60562E-01 4.60562E-01 
1.58489E+00 1.58489E+00 2.51189E+00 1.58489E+00 2.51189E+00 1.58489E+00 2.51189E+00 3.98107E+00 1.58489E+00 2.51189E+00 3.98107E+00 6.30957E+00 1.58489E+00 2.51189E+00 3.98107E+00 6.30957E+00 1.58489E+00 2.51189E+00 3.98107E+00 6.30957E+00 9.99999E+00 1.58489E+00 2.51189E+00 3.98107E+00 6.30957E+00 9.99999E+00 1.58489E+00 2.51189E+00 3.98107E+00 6.30957E+00 9.99999E+00 1.58489E+01 1.58489E+00 2.51189E+00 3.98107E+00 6.30957E+00 9.99999E+00 1.58489E+01 2.51189E+01 2.51189E+00 3.98107E+00 6.30957E+00 9.99999E+00 1.58489E+01 2.51189E+01 3.98107E+00 6.30957E+00 9.99999E+00 1.58489E+01 2.51189E+01 3.98107E+01 6.30957E+00 9.99999E+00 1.58489E+01 2.51189E+01 3.98107E+01 6.30957E+01 
90000 
2.19654E-04 
2.18563E-04 
5.23919E-04 
2.17556E-04 
5.22932E-04 
2.16636E-04 
5.22876E-04 
1.28520E-03 
2.15955E-04 
5.23486E-04 
1.28807E-03 
3.24911E-03 
2.15759E-04 
5.25096E-04 
1.29391E-03 
3.25574E-03 
2.16402E-04 
5.28185E-04 
1.30323E-03 
3.26643E-03 
8.25186E-03 
2.17675E-04 
5.32157E-04 
1.31452E-03 
3.28005E-03 
8.26912E-03 
2.17255E-04 
5.32379E-04 
1.31702E-03 
3.27658E-03 
8.24071E-03 
2.08220E-02 
2.11082E-04 
5.20660E-04 
1.29261E-03 
3.21834E-03 
8.08171E-03 
2.03736E-02 
5.19583E-02 
5.00208E-04 
1.24927E-03 
3.12186E-03 
7.84113E-03 
1.97520E-02 
5.01745E-02 
1.22765E-03 
3.07627E-03 
7.72677E-03 
1.94452E-02 
4.92078E-02 
1.26576E-01 
3.07685E-03 
7.72268E-03 
1.94078E-02 
4.89372E-02 
1.24571E-01 
3.25760E-01 
---
