PdfType: replica
Format: lhagrid1
---
4.34963E-04 7.77181E-04 7.77181E-04 1.38865E-03 1.38865E-03 2.48120E-03 2.48120E-03 2.48120E-03 4.43334E-03 4.43334E-03 4.43334E-03 4.43334E-03 7.92137E-03 7.92137E-03 7.92137E-03 7.92137E-03 1.41537E-02 1.41537E-02 1.41537E-02 1.41537E-02 1.41537E-02 2.52895E-02 2.52895E-02 2.52895E-02 2.52895E-02 2.52895E-02 4.51866E-02 4.51866E-02 4.51866E-02 4.51866E-02 4.51866E-02 4.51866E-02 8.07383E-02 8.07383E-02 8.07383E-02 8.07383E-02 8.07383E-02 8.07383E-02 8.07383E-02 1.44261E-01 1.44261E-01 1.44261E-01 1.44261E-01 1.44261E-01 1.44261E-01 2.57762E-01 2.57762E-01 2.57762E-01 2.57762E-01 2.57762E-01 2.57762E-01 4.60562E-01 4.60562E-01 4.60562E-01 4.60562E-01 4.60562E-01 4.60562E-01 
1.58489E+00 1.58489E+00 2.51189E+00 1.58489E+00 2.51189E+00 1.58489E+00 2.51189E+00 3.98107E+00 1.58489E+00 2.51189E+00 3.98107E+00 6.30957E+00 1.58489E+00 2.51189E+00 3.98107E+00 6.30957E+00 1.58489E+00 2.51189E+00 3.98107E+00 6.30957E+00 9.99999E+00 1.58489E+00 2.51189E+00 3.98107E+00 6.30957E+00 9.99999E+00 1.58489E+00 2.51189E+00 3.98107E+00 6.30957E+00 9.99999E+00 1.58489E+01 1.58489E+00 2.51189E+00 3.98107E+00 6.30957E+00 9.99999E+00 1.58489E+01 2.51189E+01 2.51189E+00 3.98107E+00 6.30957E+00 9.99999E+00 1.58489E+01 2.51189E+01 3.98107E+00 6.30957E+00 9.99999E+00 1.58489E+01 2.51189E+01 3.98107E+01 6.30957E+00 9.99999E+00 1.58489E+01 2.51189E+01 3.98107E+01 6.30957E+01 
90000 
2.20858E-04 
2.19474E-04 
5.24835E-04 
2.18093E-04 
5.23208E-04 
2.16698E-04 
5.22357E-04 
1.28365E-03 
2.15416E-04 
5.21904E-04 
1.28431E-03 
3.24109E-03 
2.14451E-04 
5.22078E-04 
1.28716E-03 
3.24077E-03 
2.14140E-04 
5.23398E-04 
1.29289E-03 
3.24348E-03 
8.19928E-03 
2.14569E-04 
5.26038E-04 
1.30182E-03 
3.25254E-03 
8.20725E-03 
2.14556E-04 
5.27648E-04 
1.30808E-03 
3.25884E-03 
8.20342E-03 
2.07358E-02 
2.11009E-04 
5.21497E-04 
1.29598E-03 
3.22881E-03 
8.10989E-03 
2.04446E-02 
5.21154E-02 
5.04925E-04 
1.26006E-03 
3.14706E-03 
7.90012E-03 
1.98898E-02 
5.04912E-02 
1.23112E-03 
3.08257E-03 
7.73874E-03 
1.94669E-02 
4.92430E-02 
1.26613E-01 
3.05102E-03 
7.65421E-03 
1.92288E-02 
4.84757E-02 
1.23415E-01 
3.23079E-01 
---
