PdfType: replica
Format: lhagrid1
---
4.34963E-04 7.77181E-04 7.77181E-04 1.38865E-03 1.38865E-03 2.48120E-03 2.48120E-03 2.48120E-03 4.43334E-03 4.43334E-03 4.43334E-03 4.43334E-03 7.92137E-03 7.92137E-03 7.92137E-03 7.92137E-03 1.41537E-02 1.41537E-02 1.41537E-02 1.41537E-02 1.41537E-02 2.52895E-02 2.52895E-02 2.52895E-02 2.52895E-02 2.52895E-02 4.51866E-02 4.51866E-02 4.51866E-02 4.51866E-02 4.51866E-02 4.51866E-02 8.07383E-02 8.07383E-02 8.07383E-02 8.07383E-02 8.07383E-02 8.07383E-02 8.07383E-02 1.44261E-01 1.44261E-01 1.44261E-01 1.44261E-01 1.44261E-01 1.44261E-01 2.57762E-01 2.57762E-01 2.57762E-01 2.57762E-01 2.57762E-01 2.57762E-01 4.60562E-01 4.60562E-01 4.60562E-01 4.60562E-01 4.60562E-01 4.60562E-01 
1.58489E+00 1.58489E+00 2.51189E+00 1.58489E+00 2.51189E+00 1.58489E+00 2.51189E+00 3.98107E+00 1.58489E+00 2.51189E+00 3.98107E+00 6.30957E+00 1.58489E+00 2.51189E+00 3.98107E+00 6.30957E+00 1.58489E+00 2.51189E+00 3.98107E+00 6.30957E+00 9.99999E+00 1.58489E+00 2.51189E+00 3.98107E+00 6.30957E+00 9.99999E+00 1.58489E+00 2.51189E+00 3.98107E+00 6.30957E+00 9.99999E+00 1.58489E+01 1.58489E+00 2.51189E+00 3.98107E+00 6.30957E+00 9.99999E+00 1.58489E+01 2.51189E+01 2.51189E+00 3.98107E+00 6.30957E+00 9.99999E+00 1.58489E+01 2.51189E+01 3.98107E+00 6.30957E+00 9.99999E+00 1.58489E+01 2.51189E+01 3.98107E+01 6.30957E+00 9.99999E+00 1.58489E+01 2.51189E+01 3.98107E+01 6.30957E+01 
90000 
2.19037E-04 
2.17722E-04 
5.22324E-04 
2.16454E-04 
5.20845E-04 
2.15237E-04 
5.20196E-04 
1.27980E-03 
2.14226E-04 
5.20120E-04 
1.28121E-03 
3.23446E-03 
2.13691E-04 
5.21011E-04 
1.28550E-03 
3.23759E-03 
2.14066E-04 
5.23583E-04 
1.29376E-03 
3.24594E-03 
8.20682E-03 
2.15378E-04 
5.27805E-04 
1.30576E-03 
3.26154E-03 
8.22881E-03 
2.15685E-04 
5.29699E-04 
1.31198E-03 
3.26682E-03 
8.22019E-03 
2.07773E-02 
2.10819E-04 
5.20478E-04 
1.29270E-03 
3.21953E-03 
8.08596E-03 
2.03863E-02 
5.19910E-02 
5.01371E-04 
1.25213E-03 
3.12861E-03 
7.85872E-03 
1.97970E-02 
5.02873E-02 
1.23197E-03 
3.08757E-03 
7.75546E-03 
1.95177E-02 
4.93896E-02 
1.27020E-01 
3.09571E-03 
7.77195E-03 
1.95342E-02 
4.92569E-02 
1.25355E-01 
3.27487E-01 
---
