PdfType: replica
Format: lhagrid1
---
4.34963E-04 7.77181E-04 7.77181E-04 1.38865E-03 1.38865E-03 2.48120E-03 2.48120E-03 2.48120E-03 4.43334E-03 4.43334E-03 4.43334E-03 4.43334E-03 7.92137E-03 7.92137E-03 7.92137E-03 7.92137E-03 1.41537E-02 1.41537E-02 1.41537E-02 1.41537E-02 1.41537E-02 2.52895E-02 2.52895E-02 2.52895E-02 2.52895E-02 2.52895E-02 4.51866E-02 4.51866E-02 4.51866E-02 4.51866E-02 4.51866E-02 4.51866E-02 8.07383E-02 8.07383E-02 8.07383E-02 8.07383E-02 8.07383E-02 8.07383E-02 8.07383E-02 1.44261E-01 1.44261E-01 1.44261E-01 1.44261E-01 1.44261E-01 1.44261E-01 2.57762E-01 2.57762E-01 2.57762E-01 2.57762E-01 2.57762E-01 2.57762E-01 4.60562E-01 4.60562E-01 4.60562E-01 4.60562E-01 4.60562E-01 4.60562E-01 
1.58489E+00 1.58489E+00 2.51189E+00 1.58489E+00 2.51189E+00 1.58489E+00 2.51189E+00 3.98107E+00 1.58489E+00 2.51189E+00 3.98107E+00 6.30957E+00 1.58489E+00 2.51189E+00 3.98107E+00 6.30957E+00 1.58489E+00 2.51189E+00 3.98107E+00 6.30957E+00 9.99999E+00 1.58489E+00 2.51189E+00 3.98107E+00 6.30957E+00 9.99999E+00 1.58489E+00 2.51189E+00 3.98107E+00 6.30957E+00 9.99999E+00 1.58489E+01 1.58489E+00 2.51189E+00 3.98107E+00 6.30957E+00 9.99999E+00 1.58489E+01 2.51189E+01 2.51189E+00 3.98107E+00 6.30957E+00 9.99999E+00 1.58489E+01 2.51189E+01 3.98107E+00 6.30957E+00 9.99999E+00 1.58489E+01 2.51189E+01 3.98107E+01 6.30957E+00 9.99999E+00 1.58489E+01 2.51189E+01 3.98107E+01 6.30957E+01 
90000 
2.19476E-04 
2.18219E-04 
5.23330E-04 
2.17003E-04 
5.21951E-04 
2.15832E-04 
5.21408E-04 
1.28224E-03 
2.14877E-04 
5.21447E-04 
1.28390E-03 
3.24037E-03 
2.14431E-04 
5.22480E-04 
1.28844E-03 
3.24395E-03 
2.14948E-04 
5.25194E-04 
1.29684E-03 
3.25229E-03 
8.21997E-03 
2.16306E-04 
5.29226E-04 
1.30808E-03 
3.26561E-03 
8.23597E-03 
2.15913E-04 
5.29457E-04 
1.31029E-03 
3.26150E-03 
8.20420E-03 
2.07313E-02 
2.09309E-04 
5.16710E-04 
1.28326E-03 
3.19674E-03 
8.02920E-03 
2.02443E-02 
5.16293E-02 
4.96290E-04 
1.23993E-03 
3.09897E-03 
7.78712E-03 
1.96225E-02 
4.98580E-02 
1.22062E-03 
3.05769E-03 
7.68011E-03 
1.93281E-02 
4.89176E-02 
1.25889E-01 
3.04453E-03 
7.63900E-03 
1.91935E-02 
4.83969E-02 
1.23250E-01 
3.22827E-01 
---
