PdfType: replica
Format: lhagrid1
---
4.34963E-04 7.77181E-04 7.77181E-04 1.38865E-03 1.38865E-03 2.48120E-03 2.48120E-03 2.48120E-03 4.43334E-03 4.43334E-03 4.43334E-03 4.43334E-03 7.92137E-03 7.92137E-03 7.92137E-03 7.92137E-03 1.41537E-02 1.41537E-02 1.41537E-02 1.41537E-02 1.41537E-02 2.52895E-02 2.52895E-02 2.52895E-02 2.52895E-02 2.52895E-02 4.51866E-02 4.51866E-02 4.51866E-02 4.51866E-02 4.51866E-02 4.51866E-02 8.07383E-02 8.07383E-02 8.07383E-02 8.07383E-02 8.07383E-02 8.07383E-02 8.07383E-02 1.44261E-01 1.44261E-01 1.44261E-01 1.44261E-01 1.44261E-01 1.44261E-01 2.57762E-01 2.57762E-01 2.57762E-01 2.57762E-01 2.57762E-01 2.57762E-01 4.60562E-01 4.60562E-01 4.60562E-01 4.60562E-01 4.60562E-01 4.60562E-01 
1.58489E+00 1.58489E+00 2.51189E+00 1.58489E+00 2.51189E+00 1.58489E+00 2.51189E+00 3.98107E+00 1.58489E+00 2.51189E+00 3.98107E+00 6.30957E+00 1.58489E+00 2.51189E+00 3.98107E+00 6.30957E+00 1.58489E+00 2.51189E+00 3.98107E+00 6.30957E+00 9.99999E+00 1.58489E+00 2.51189E+00 3.98107E+00 6.30957E+00 9.99999E+00 1.58489E+00 2.51189E+00 3.98107E+00 6.30957E+00 9.99999E+00 1.58489E+01 1.58489E+00 2.51189E+00 3.98107E+00 6.30957E+00 9.99999E+00 1.58489E+01 2.51189E+01 2.51189E+00 3.98107E+00 6.30957E+00 9.99999E+00 1.58489E+01 2.51189E+01 3.98107E+00 6.30957E+00 9.99999E+00 1.58489E+01 2.51189E+01 3.98107E+01 6.30957E+00 9.99999E+00 1.58489E+01 2.51189E+01 3.98107E+01 6.30957E+01 
90000 
2.20088E-04 
2.19000E-04 
5.24671E-04 
2.17976E-04 
5.23653E-04 
2.17022E-04 
5.23546E-04 
1.28641E-03 
2.16305E-04 
5.24105E-04 
1.28921E-03 
3.25163E-03 
2.16112E-04 
5.25726E-04 
1.29512E-03 
3.25844E-03 
2.16868E-04 
5.29043E-04 
1.30501E-03 
3.27040E-03 
8.26131E-03 
2.18445E-04 
5.33697E-04 
1.31795E-03 
3.28790E-03 
8.28827E-03 
2.18498E-04 
5.35080E-04 
1.32319E-03 
3.29095E-03 
8.27497E-03 
2.09065E-02 
2.12664E-04 
5.23989E-04 
1.29989E-03 
3.23462E-03 
8.11911E-03 
2.04625E-02 
5.21851E-02 
5.01652E-04 
1.25180E-03 
3.12612E-03 
7.84932E-03 
1.97688E-02 
5.02176E-02 
1.22542E-03 
3.07033E-03 
7.71103E-03 
1.94054E-02 
4.91130E-02 
1.26385E-01 
3.07302E-03 
7.71357E-03 
1.93866E-02 
4.88890E-02 
1.24472E-01 
3.25624E-01 
---
