PdfType: replica
Format: lhagrid1
---
4.34963E-04 7.77181E-04 7.77181E-04 1.38865E-03 1.38865E-03 2.48120E-03 2.48120E-03 2.48120E-03 4.43334E-03 4.43334E-03 4.43334E-03 4.43334E-03 7.92137E-03 7.92137E-03 7.92137E-03 7.92137E-03 1.41537E-02 1.41537E-02 1.41537E-02 1.41537E-02 1.41537E-02 2.52895E-02 2.52895E-02 2.52895E-02 2.52895E-02 2.52895E-02 4.51866E-02 4.51866E-02 4.51866E-02 4.51866E-02 4.51866E-02 4.51866E-02 8.07383E-02 8.07383E-02 8.07383E-02 8.07383E-02 8.07383E-02 8.07383E-02 8.07383E-02 1.44261E-01 1.44261E-01 1.44261E-01 1.44261E-01 1.44261E-01 1.44261E-01 2.57762E-01 2.57762E-01 2.57762E-01 2.57762E-01 2.57762E-01 2.57762E-01 4.60562E-01 4.60562E-01 4.60562E-01 4.60562E-01 4.60562E-01 4.60562E-01 
1.58489E+00 1.58489E+00 2.51189E+00 1.58489E+00 2.51189E+00 1.58489E+00 2.51189E+00 3.98107E+00 1.58489E+00 2.51189E+00 3.98107E+00 6.30957E+00 1.58489E+00 2.51189E+00 3.98107E+00 6.30957E+00 1.58489E+00 2.51189E+00 3.98107E+00 6.30957E+00 9.99999E+00 1.58489E+00 2.51189E+00 3.98107E+00 6.30957E+00 9.99999E+00 1.58489E+00 2.51189E+00 3.98107E+00 6.30957E+00 9.99999E+00 1.58489E+01 1.58489E+00 2.51189E+00 3.98107E+00 6.30957E+00 9.99999E+00 1.58489E+01 2.51189E+01 2.51189E+00 3.98107E+00 6.30957E+00 9.99999E+00 1.58489E+01 2.51189E+01 3.98107E+00 6.30957E+00 9.99999E+00 1.58489E+01 2.51189E+01 3.98107E+01 6.30957E+00 9.99999E+00 1.58489E+01 2.51189E+01 3.98107E+01 6.30957E+01 
90000 
2.19722E-04 
2.18537E-04 
5.23810E-04 
2.17401E-04 
5.22562E-04 
2.16305E-04 
5.22154E-04 
1.28363E-03 
2.15391E-04 
5.22287E-04 
1.28545E-03 
3.24393E-03 
2.14899E-04 
5.23258E-04 
1.28986E-03 
3.24724E-03 
2.15193E-04 
5.25573E-04 
1.29744E-03 
3.25378E-03 
8.22313E-03 
2.16175E-04 
5.28932E-04 
1.30741E-03 
3.26423E-03 
8.23348E-03 
2.15868E-04 
5.29506E-04 
1.31083E-03 
3.26284E-03 
8.21016E-03 
2.07510E-02 
2.10518E-04 
5.19548E-04 
1.29024E-03 
3.21306E-03 
8.06997E-03 
2.03465E-02 
5.18916E-02 
5.00085E-04 
1.24854E-03 
3.11920E-03 
7.83367E-03 
1.97317E-02 
5.01215E-02 
1.22439E-03 
3.06739E-03 
7.70383E-03 
1.93870E-02 
4.90634E-02 
1.26236E-01 
3.06479E-03 
7.69115E-03 
1.93273E-02 
4.87346E-02 
1.24073E-01 
3.24603E-01 
---
