PdfType: replica
Format: lhagrid1
---
4.34963E-04 7.77181E-04 7.77181E-04 1.38865E-03 1.38865E-03 2.48120E-03 2.48120E-03 2.48120E-03 4.43334E-03 4.43334E-03 4.43334E-03 4.43334E-03 7.92137E-03 7.92137E-03 7.92137E-03 7.92137E-03 1.41537E-02 1.41537E-02 1.41537E-02 1.41537E-02 1.41537E-02 2.52895E-02 2.52895E-02 2.52895E-02 2.52895E-02 2.52895E-02 4.51866E-02 4.51866E-02 4.51866E-02 4.51866E-02 4.51866E-02 4.51866E-02 8.07383E-02 8.07383E-02 8.07383E-02 8.07383E-02 8.07383E-02 8.07383E-02 8.07383E-02 1.44261E-01 1.44261E-01 1.44261E-01 1.44261E-01 1.44261E-01 1.44261E-01 2.57762E-01 2.57762E-01 2.57762E-01 2.57762E-01 2.57762E-01 2.57762E-01 4.60562E-01 4.60562E-01 4.60562E-01 4.60562E-01 4.60562E-01 4.60562E-01 
1.58489E+00 1.58489E+00 2.51189E+00 1.58489E+00 2.51189E+00 1.58489E+00 2.51189E+00 3.98107E+00 1.58489E+00 2.51189E+00 3.98107E+00 6.30957E+00 1.58489E+00 2.51189E+00 3.98107E+00 6.30957E+00 1.58489E+00 2.51189E+00 3.98107E+00 6.30957E+00 9.99999E+00 1.58489E+00 2.51189E+00 3.98107E+00 6.30957E+00 9.99999E+00 1.58489E+00 2.51189E+00 3.98107E+00 6.30957E+00 9.99999E+00 1.58489E+01 1.58489E+00 2.51189E+00 3.98107E+00 6.30957E+00 9.99999E+00 1.58489E+01 2.51189E+01 2.51189E+00 3.98107E+00 6.30957E+00 9.99999E+00 1.58489E+01 2.51189E+01 3.98107E+00 6.30957E+00 9.99999E+00 1.58489E+01 2.51189E+01 3.98107E+01 6.30957E+00 9.99999E+00 1.58489E+01 2.51189E+01 3.98107E+01 6.30957E+01 
90000 
2.19271E-04 
2.17956E-04 
5.22654E-04 
2.16674E-04 
5.21154E-04 
2.15438E-04 
5.20505E-04 
1.28030E-03 
2.14441E-04 
5.20496E-04 
1.28189E-03 
3.23602E-03 
2.14029E-04 
5.21642E-04 
1.28675E-03 
3.24011E-03 
2.14720E-04 
5.24774E-04 
1.29620E-03 
3.25056E-03 
8.21664E-03 
2.16363E-04 
5.29566E-04 
1.30935E-03 
3.26849E-03 
8.24326E-03 
2.16263E-04 
5.30714E-04 
1.31392E-03 
3.27068E-03 
8.22625E-03 
2.07834E-02 
2.10141E-04 
5.19042E-04 
1.28935E-03 
3.21196E-03 
8.06615E-03 
2.03334E-02 
5.18375E-02 
4.99696E-04 
1.24841E-03 
3.11989E-03 
7.83840E-03 
1.97480E-02 
5.01608E-02 
1.23035E-03 
3.08241E-03 
7.74060E-03 
1.94762E-02 
4.92761E-02 
1.26721E-01 
3.06924E-03 
7.70144E-03 
1.93491E-02 
4.87779E-02 
1.24142E-01 
3.24605E-01 
---
