PdfType: replica
Format: lhagrid1
---
4.34963E-04 7.77181E-04 7.77181E-04 1.38865E-03 1.38865E-03 2.48120E-03 2.48120E-03 2.48120E-03 4.43334E-03 4.43334E-03 4.43334E-03 4.43334E-03 7.92137E-03 7.92137E-03 7.92137E-03 7.92137E-03 1.41537E-02 1.41537E-02 1.41537E-02 1.41537E-02 1.41537E-02 2.52895E-02 2.52895E-02 2.52895E-02 2.52895E-02 2.52895E-02 4.51866E-02 4.51866E-02 4.51866E-02 4.51866E-02 4.51866E-02 4.51866E-02 8.07383E-02 8.07383E-02 8.07383E-02 8.07383E-02 8.07383E-02 8.07383E-02 8.07383E-02 1.44261E-01 1.44261E-01 1.44261E-01 1.44261E-01 1.44261E-01 1.44261E-01 2.57762E-01 2.57762E-01 2.57762E-01 2.57762E-01 2.57762E-01 2.57762E-01 4.60562E-01 4.60562E-01 4.60562E-01 4.60562E-01 4.60562E-01 4.60562E-01 
1.58489E+00 1.58489E+00 2.51189E+00 1.58489E+00 2.51189E+00 1.58489E+00 2.51189E+00 3.98107E+00 1.58489E+00 2.51189E+00 3.98107E+00 6.30957E+00 1.58489E+00 2.51189E+00 3.98107E+00 6.30957E+00 1.58489E+00 2.51189E+00 3.98107E+00 6.30957E+00 9.99999E+00 1.58489E+00 2.51189E+00 3.98107E+00 6.30957E+00 9.99999E+00 1.58489E+00 2.51189E+00 3.98107E+00 6.30957E+00 9.99999E+00 1.58489E+01 1.58489E+00 2.51189E+00 3.98107E+00 6.30957E+00 9.99999E+00 1.58489E+01 2.51189E+01 2.51189E+00 3.98107E+00 6.30957E+00 9.99999E+00 1.58489E+01 2.51189E+01 3.98107E+00 6.30957E+00 9.99999E+00 1.58489E+01 2.51189E+01 3.98107E+01 6.30957E+00 9.99999E+00 1.58489E+01 2.51189E+01 3.98107E+01 6.30957E+01 
90000 
2.19595E-04 
2.18523E-04 
5.23870E-04 
2.17559E-04 
5.22946E-04 
2.16708E-04 
5.23007E-04 
1.28555E-03 
2.16109E-04 
5.23764E-04 
1.28867E-03 
3.25065E-03 
2.15966E-04 
5.25460E-04 
1.29463E-03 
3.25730E-03 
2.16538E-04 
5.28407E-04 
1.30365E-03 
3.26723E-03 
8.25307E-03 
2.17578E-04 
5.32015E-04 
1.31435E-03 
3.27983E-03 
8.26854E-03 
2.17192E-04 
5.32605E-04 
1.31816E-03 
3.28004E-03 
8.25042E-03 
2.08449E-02 
2.12107E-04 
5.23333E-04 
1.29937E-03 
3.23497E-03 
8.12264E-03 
2.04729E-02 
5.21907E-02 
5.04231E-04 
1.25835E-03 
3.14271E-03 
7.88914E-03 
1.98630E-02 
5.04310E-02 
1.22923E-03 
3.07901E-03 
7.73074E-03 
1.94488E-02 
4.92011E-02 
1.26511E-01 
3.05910E-03 
7.67562E-03 
1.92846E-02 
4.86181E-02 
1.23759E-01 
3.23781E-01 
---
