PdfType: replica
Format: lhagrid1
---
4.34963E-04 7.77181E-04 7.77181E-04 1.38865E-03 1.38865E-03 2.48120E-03 2.48120E-03 2.48120E-03 4.43334E-03 4.43334E-03 4.43334E-03 4.43334E-03 7.92137E-03 7.92137E-03 7.92137E-03 7.92137E-03 1.41537E-02 1.41537E-02 1.41537E-02 1.41537E-02 1.41537E-02 2.52895E-02 2.52895E-02 2.52895E-02 2.52895E-02 2.52895E-02 4.51866E-02 4.51866E-02 4.51866E-02 4.51866E-02 4.51866E-02 4.51866E-02 8.07383E-02 8.07383E-02 8.07383E-02 8.07383E-02 8.07383E-02 8.07383E-02 8.07383E-02 1.44261E-01 1.44261E-01 1.44261E-01 1.44261E-01 1.44261E-01 1.44261E-01 2.57762E-01 2.57762E-01 2.57762E-01 2.57762E-01 2.57762E-01 2.57762E-01 4.60562E-01 4.60562E-01 4.60562E-01 4.60562E-01 4.60562E-01 4.60562E-01 
1.58489E+00 1.58489E+00 2.51189E+00 1.58489E+00 2.51189E+00 1.58489E+00 2.51189E+00 3.98107E+00 1.58489E+00 2.51189E+00 3.98107E+00 6.30957E+00 1.58489E+00 2.51189E+00 3.98107E+00 6.30957E+00 1.58489E+00 2.51189E+00 3.98107E+00 6.30957E+00 9.99999E+00 1.58489E+00 2.51189E+00 3.98107E+00 6.30957E+00 9.99999E+00 1.58489E+00 2.51189E+00 3.98107E+00 6.30957E+00 9.99999E+00 1.58489E+01 1.58489E+00 2.51189E+00 3.98107E+00 6.30957E+00 9.99999E+00 1.58489E+01 2.51189E+01 2.51189E+00 3.98107E+00 6.30957E+00 9.99999E+00 1.58489E+01 2.51189E+01 3.98107E+00 6.30957E+00 9.99999E+00 1.58489E+01 2.51189E+01 3.98107E+01 6.30957E+00 9.99999E+00 1.58489E+01 2.51189E+01 3.98107E+01 6.30957E+01 
90000 
2.19420E-04 
2.18159E-04 
5.23175E-04 
2.16920E-04 
5.21748E-04 
2.15698E-04 
5.21094E-04 
1.28137E-03 
2.14654E-04 
5.20939E-04 
1.28264E-03 
3.23660E-03 
2.14074E-04 
5.21667E-04 
1.28655E-03 
3.23900E-03 
2.14389E-04 
5.23934E-04 
1.29401E-03 
3.24530E-03 
8.20221E-03 
2.15445E-04 
5.27406E-04 
1.30416E-03 
3.25639E-03 
8.21444E-03 
2.14850E-04 
5.27431E-04 
1.30623E-03 
3.25247E-03 
8.18427E-03 
2.06865E-02 
2.08759E-04 
5.15865E-04 
1.28199E-03 
3.19444E-03 
8.02576E-03 
2.02411E-02 
5.16395E-02 
4.97288E-04 
1.24283E-03 
3.10678E-03 
7.80754E-03 
1.96761E-02 
5.00016E-02 
1.22741E-03 
3.07610E-03 
7.72703E-03 
1.94475E-02 
4.92174E-02 
1.26609E-01 
3.08507E-03 
7.74369E-03 
1.94614E-02 
4.90726E-02 
1.24897E-01 
3.26426E-01 
---
