PdfType: replica
Format: lhagrid1
---
4.34963E-04 7.77181E-04 7.77181E-04 1.38865E-03 1.38865E-03 2.48120E-03 2.48120E-03 2.48120E-03 4.43334E-03 4.43334E-03 4.43334E-03 4.43334E-03 7.92137E-03 7.92137E-03 7.92137E-03 7.92137E-03 1.41537E-02 1.41537E-02 1.41537E-02 1.41537E-02 1.41537E-02 2.52895E-02 2.52895E-02 2.52895E-02 2.52895E-02 2.52895E-02 4.51866E-02 4.51866E-02 4.51866E-02 4.51866E-02 4.51866E-02 4.51866E-02 8.07383E-02 8.07383E-02 8.07383E-02 8.07383E-02 8.07383E-02 8.07383E-02 8.07383E-02 1.44261E-01 1.44261E-01 1.44261E-01 1.44261E-01 1.44261E-01 1.44261E-01 2.57762E-01 2.57762E-01 2.57762E-01 2.57762E-01 2.57762E-01 2.57762E-01 4.60562E-01 4.60562E-01 4.60562E-01 4.60562E-01 4.60562E-01 4.60562E-01 
1.58489E+00 1.58489E+00 2.51189E+00 1.58489E+00 2.51189E+00 1.58489E+00 2.51189E+00 3.98107E+00 1.58489E+00 2.51189E+00 3.98107E+00 6.30957E+00 1.58489E+00 2.51189E+00 3.98107E+00 6.30957E+00 1.58489E+00 2.51189E+00 3.98107E+00 6.30957E+00 9.99999E+00 1.58489E+00 2.51189E+00 3.98107E+00 6.30957E+00 9.99999E+00 1.58489E+00 2.51189E+00 3.98107E+00 6.30957E+00 9.99999E+00 1.58489E+01 1.58489E+00 2.51189E+00 3.98107E+00 6.30957E+00 9.99999E+00 1.58489E+01 2.51189E+01 2.51189E+00 3.98107E+00 6.30957E+00 9.99999E+00 1.58489E+01 2.51189E+01 3.98107E+00 6.30957E+00 9.99999E+00 1.58489E+01 2.51189E+01 3.98107E+01 6.30957E+00 9.99999E+00 1.58489E+01 2.51189E+01 3.98107E+01 6.30957E+01 
90000 
2.21022E-04 
2.19727E-04 
5.25262E-04 
2.18459E-04 
5.23861E-04 
2.17212E-04 
5.23324E-04 
1.28547E-03 
2.16141E-04 
5.23338E-04 
1.28722E-03 
3.24674E-03 
2.15516E-04 
5.24261E-04 
1.29179E-03 
3.25058E-03 
2.15768E-04 
5.26764E-04 
1.30015E-03 
3.25935E-03 
8.23467E-03 
2.16927E-04 
5.30816E-04 
1.31206E-03 
3.27500E-03 
8.25809E-03 
2.17122E-04 
5.32645E-04 
1.31851E-03 
3.28129E-03 
8.25342E-03 
2.08513E-02 
2.12225E-04 
5.23603E-04 
1.29994E-03 
3.23643E-03 
8.12531E-03 
2.04774E-02 
5.21939E-02 
5.03784E-04 
1.25754E-03 
3.14127E-03 
7.88695E-03 
1.98601E-02 
5.04250E-02 
1.23230E-03 
3.08709E-03 
7.75205E-03 
1.95043E-02 
4.93441E-02 
1.26871E-01 
3.07776E-03 
7.72256E-03 
1.94032E-02 
4.89174E-02 
1.24507E-01 
3.25590E-01 
---
