PdfType: replica
Format: lhagrid1
---
4.34963E-04 7.77181E-04 7.77181E-04 1.38865E-03 1.38865E-03 2.48120E-03 2.48120E-03 2.48120E-03 4.43334E-03 4.43334E-03 4.43334E-03 4.43334E-03 7.92137E-03 7.92137E-03 7.92137E-03 7.92137E-03 1.41537E-02 1.41537E-02 1.41537E-02 1.41537E-02 1.41537E-02 2.52895E-02 2.52895E-02 2.52895E-02 2.52895E-02 2.52895E-02 4.51866E-02 4.51866E-02 4.51866E-02 4.51866E-02 4.51866E-02 4.51866E-02 8.07383E-02 8.07383E-02 8.07383E-02 8.07383E-02 8.07383E-02 8.07383E-02 8.07383E-02 1.44261E-01 1.44261E-01 1.44261E-01 1.44261E-01 1.44261E-01 1.44261E-01 2.57762E-01 2.57762E-01 2.57762E-01 2.57762E-01 2.57762E-01 2.57762E-01 4.60562E-01 4.60562E-01 4.60562E-01 4.60562E-01 4.60562E-01 4.60562E-01 
1.58489E+00 1.58489E+00 2.51189E+00 1.58489E+00 2.51189E+00 1.58489E+00 2.51189E+00 3.98107E+00 1.58489E+00 2.51189E+00 3.98107E+00 6.30957E+00 1.58489E+00 2.51189E+00 3.98107E+00 6.30957E+00 1.58489E+00 2.51189E+00 3.98107E+00 6.30957E+00 9.99999E+00 1.58489E+00 2.51189E+00 3.98107E+00 6.30957E+00 9.99999E+00 1.58489E+00 2.51189E+00 3.98107E+00 6.30957E+00 9.99999E+00 1.58489E+01 1.58489E+00 2.51189E+00 3.98107E+00 6.30957E+00 9.99999E+00 1.58489E+01 2.51189E+01 2.51189E+00 3.98107E+00 6.30957E+00 9.99999E+00 1.58489E+01 2.51189E+01 3.98107E+00 6.30957E+00 9.99999E+00 1.58489E+01 2.51189E+01 3.98107E+01 6.30957E+00 9.99999E+00 1.58489E+01 2.51189E+01 3.98107E+01 6.30957E+01 
90000 
2.19614E-04 
2.18346E-04 
5.23629E-04 
2.17065E-04 
5.22138E-04 
2.15752E-04 
5.21329E-04 
1.28201E-03 
2.14556E-04 
5.20904E-04 
1.28273E-03 
3.23745E-03 
2.13795E-04 
5.21326E-04 
1.28608E-03 
3.23869E-03 
2.14097E-04 
5.23658E-04 
1.29383E-03 
3.24575E-03 
8.20510E-03 
2.15759E-04 
5.28352E-04 
1.30666E-03 
3.26255E-03 
8.23035E-03 
2.16265E-04 
5.30321E-04 
1.31251E-03 
3.26636E-03 
8.21622E-03 
2.07622E-02 
2.09873E-04 
5.17884E-04 
1.28592E-03 
3.20255E-03 
8.04230E-03 
2.02753E-02 
5.17106E-02 
4.96674E-04 
1.24114E-03 
3.10252E-03 
7.79627E-03 
1.96466E-02 
4.99238E-02 
1.22489E-03 
3.06911E-03 
7.70868E-03 
1.94000E-02 
4.90979E-02 
1.26334E-01 
3.06484E-03 
7.69184E-03 
1.93286E-02 
4.87370E-02 
1.24085E-01 
3.24730E-01 
---
