PdfType: replica
Format: lhagrid1
---
4.34963E-04 7.77181E-04 7.77181E-04 1.38865E-03 1.38865E-03 2.48120E-03 2.48120E-03 2.48120E-03 4.43334E-03 4.43334E-03 4.43334E-03 4.43334E-03 7.92137E-03 7.92137E-03 7.92137E-03 7.92137E-03 1.41537E-02 1.41537E-02 1.41537E-02 1.41537E-02 1.41537E-02 2.52895E-02 2.52895E-02 2.52895E-02 2.52895E-02 2.52895E-02 4.51866E-02 4.51866E-02 4.51866E-02 4.51866E-02 4.51866E-02 4.51866E-02 8.07383E-02 8.07383E-02 8.07383E-02 8.07383E-02 8.07383E-02 8.07383E-02 8.07383E-02 1.44261E-01 1.44261E-01 1.44261E-01 1.44261E-01 1.44261E-01 1.44261E-01 2.57762E-01 2.57762E-01 2.57762E-01 2.57762E-01 2.57762E-01 2.57762E-01 4.60562E-01 4.60562E-01 4.60562E-01 4.60562E-01 4.60562E-01 4.60562E-01 
1.58489E+00 1.58489E+00 2.51189E+00 1.58489E+00 2.51189E+00 1.58489E+00 2.51189E+00 3.98107E+00 1.58489E+00 2.51189E+00 3.98107E+00 6.30957E+00 1.58489E+00 2.51189E+00 3.98107E+00 6.30957E+00 1.58489E+00 2.51189E+00 3.98107E+00 6.30957E+00 9.99999E+00 1.58489E+00 2.51189E+00 3.98107E+00 6.30957E+00 9.99999E+00 1.58489E+00 2.51189E+00 3.98107E+00 6.30957E+00 9.99999E+00 1.58489E+01 1.58489E+00 2.51189E+00 3.98107E+00 6.30957E+00 9.99999E+00 1.58489E+01 2.51189E+01 2.51189E+00 3.98107E+00 6.30957E+00 9.99999E+00 1.58489E+01 2.51189E+01 3.98107E+00 6.30957E+00 9.99999E+00 1.58489E+01 2.51189E+01 3.98107E+01 6.30957E+00 9.99999E+00 1.58489E+01 2.51189E+01 3.98107E+01 6.30957E+01 
90000 
2.20356E-04 
2.19053E-04 
5.24152E-04 
2.17771E-04 
5.22717E-04 
2.16507E-04 
5.22103E-04 
1.28301E-03 
2.15412E-04 
5.21992E-04 
1.28445E-03 
3.24062E-03 
2.14747E-04 
5.22707E-04 
1.28844E-03 
3.24311E-03 
2.14887E-04 
5.24777E-04 
1.29560E-03 
3.24876E-03 
8.21007E-03 
2.15662E-04 
5.27781E-04 
1.30483E-03 
3.25777E-03 
8.21727E-03 
2.14875E-04 
5.27418E-04 
1.30614E-03 
3.25210E-03 
8.18360E-03 
2.06845E-02 
2.08872E-04 
5.16128E-04 
1.28265E-03 
3.19622E-03 
8.03001E-03 
2.02507E-02 
5.16575E-02 
4.97678E-04 
1.24350E-03 
3.10840E-03 
7.80995E-03 
1.96785E-02 
4.99971E-02 
1.22493E-03 
3.06848E-03 
7.70686E-03 
1.93942E-02 
4.90759E-02 
1.26223E-01 
3.06059E-03 
7.68026E-03 
1.92978E-02 
4.86537E-02 
1.23841E-01 
3.23882E-01 
---
