PdfType: replica
Format: lhagrid1
---
4.34963E-04 7.77181E-04 7.77181E-04 1.38865E-03 1.38865E-03 2.48120E-03 2.48120E-03 2.48120E-03 4.43334E-03 4.43334E-03 4.43334E-03 4.43334E-03 7.92137E-03 7.92137E-03 7.92137E-03 7.92137E-03 1.41537E-02 1.41537E-02 1.41537E-02 1.41537E-02 1.41537E-02 2.52895E-02 2.52895E-02 2.52895E-02 2.52895E-02 2.52895E-02 4.51866E-02 4.51866E-02 4.51866E-02 4.51866E-02 4.51866E-02 4.51866E-02 8.07383E-02 8.07383E-02 8.07383E-02 8.07383E-02 8.07383E-02 8.07383E-02 8.07383E-02 1.44261E-01 1.44261E-01 1.44261E-01 1.44261E-01 1.44261E-01 1.44261E-01 2.57762E-01 2.57762E-01 2.57762E-01 2.57762E-01 2.57762E-01 2.57762E-01 4.60562E-01 4.60562E-01 4.60562E-01 4.60562E-01 4.60562E-01 4.60562E-01 
1.58489E+00 1.58489E+00 2.51189E+00 1.58489E+00 2.51189E+00 1.58489E+00 2.51189E+00 3.98107E+00 1.58489E+00 2.51189E+00 3.98107E+00 6.30957E+00 1.58489E+00 2.51189E+00 3.98107E+00 6.30957E+00 1.58489E+00 2.51189E+00 3.98107E+00 6.30957E+00 9.99999E+00 1.58489E+00 2.51189E+00 3.98107E+00 6.30957E+00 9.99999E+00 1.58489E+00 2.51189E+00 3.98107E+00 6.30957E+00 9.99999E+00 1.58489E+01 1.58489E+00 2.51189E+00 3.98107E+00 6.30957E+00 9.99999E+00 1.58489E+01 2.51189E+01 2.51189E+00 3.98107E+00 6.30957E+00 9.99999E+00 1.58489E+01 2.51189E+01 3.98107E+00 6.30957E+00 9.99999E+00 1.58489E+01 2.51189E+01 3.98107E+01 6.30957E+00 9.99999E+00 1.58489E+01 2.51189E+01 3.98107E+01 6.30957E+01 
90000 
2.19469E-04 
2.18256E-04 
5.23398E-04 
2.17100E-04 
5.22135E-04 
2.16010E-04 
5.21743E-04 
1.28292E-03 
2.15150E-04 
5.21958E-04 
1.28492E-03 
3.24250E-03 
2.14780E-04 
5.23112E-04 
1.28967E-03 
3.24651E-03 
2.15251E-04 
5.25700E-04 
1.29779E-03 
3.25417E-03 
8.22385E-03 
2.16334E-04 
5.29256E-04 
1.30820E-03 
3.26590E-03 
8.23723E-03 
2.15864E-04 
5.29686E-04 
1.31150E-03 
3.26500E-03 
8.21523E-03 
2.07633E-02 
2.10450E-04 
5.19727E-04 
1.29110E-03 
3.21599E-03 
8.07793E-03 
2.03678E-02 
5.19477E-02 
5.01432E-04 
1.25212E-03 
3.12819E-03 
7.85708E-03 
1.97919E-02 
5.02749E-02 
1.23012E-03 
3.08176E-03 
7.73888E-03 
1.94726E-02 
4.92725E-02 
1.26745E-01 
3.07301E-03 
7.71122E-03 
1.93754E-02 
4.88486E-02 
1.24336E-01 
3.25169E-01 
---
