PdfType: replica
Format: lhagrid1
---
4.34963E-04 7.77181E-04 7.77181E-04 1.38865E-03 1.38865E-03 2.48120E-03 2.48120E-03 2.48120E-03 4.43334E-03 4.43334E-03 4.43334E-03 4.43334E-03 7.92137E-03 7.92137E-03 7.92137E-03 7.92137E-03 1.41537E-02 1.41537E-02 1.41537E-02 1.41537E-02 1.41537E-02 2.52895E-02 2.52895E-02 2.52895E-02 2.52895E-02 2.52895E-02 4.51866E-02 4.51866E-02 4.51866E-02 4.51866E-02 4.51866E-02 4.51866E-02 8.07383E-02 8.07383E-02 8.07383E-02 8.07383E-02 8.07383E-02 8.07383E-02 8.07383E-02 1.44261E-01 1.44261E-01 1.44261E-01 1.44261E-01 1.44261E-01 1.44261E-01 2.57762E-01 2.57762E-01 2.57762E-01 2.57762E-01 2.57762E-01 2.57762E-01 4.60562E-01 4.60562E-01 4.60562E-01 4.60562E-01 4.60562E-01 4.60562E-01 
1.58489E+00 1.58489E+00 2.51189E+00 1.58489E+00 2.51189E+00 1.58489E+00 2.51189E+00 3.98107E+00 1.58489E+00 2.51189E+00 3.98107E+00 6.30957E+00 1.58489E+00 2.51189E+00 3.98107E+00 6.30957E+00 1.58489E+00 2.51189E+00 3.98107E+00 6.30957E+00 9.99999E+00 1.58489E+00 2.51189E+00 3.98107E+00 6.30957E+00 9.99999E+00 1.58489E+00 2.51189E+00 3.98107E+00 6.30957E+00 9.99999E+00 1.58489E+01 1.58489E+00 2.51189E+00 3.98107E+00 6.30957E+00 9.99999E+00 1.58489E+01 2.51189E+01 2.51189E+00 3.98107E+00 6.30957E+00 9.99999E+00 1.58489E+01 2.51189E+01 3.98107E+00 6.30957E+00 9.99999E+00 1.58489E+01 2.51189E+01 3.98107E+01 6.30957E+00 9.99999E+00 1.58489E+01 2.51189E+01 3.98107E+01 6.30957E+01 
90000 
2.21142E-04 
2.19874E-04 
5.25553E-04 
2.18592E-04 
5.24100E-04 
2.17256E-04 
5.23358E-04 
1.28528E-03 
2.15992E-04 
5.22965E-04 
1.28621E-03 
3.24379E-03 
2.15058E-04 
5.23270E-04 
1.28950E-03 
3.24531E-03 
2.14961E-04 
5.25065E-04 
1.29629E-03 
3.25081E-03 
8.21387E-03 
2.15863E-04 
5.28389E-04 
1.30622E-03 
3.26135E-03 
8.22499E-03 
2.15542E-04 
5.28553E-04 
1.30810E-03 
3.25552E-03 
8.19010E-03 
2.06963E-02 
2.09009E-04 
5.15784E-04 
1.28098E-03 
3.19043E-03 
8.01455E-03 
2.02100E-02 
5.15511E-02 
4.95350E-04 
1.23810E-03 
3.09575E-03 
7.77930E-03 
1.96043E-02 
4.98193E-02 
1.22095E-03 
3.05955E-03 
7.68558E-03 
1.93433E-02 
4.89563E-02 
1.25966E-01 
3.05350E-03 
7.66345E-03 
1.92574E-02 
4.85585E-02 
1.23633E-01 
3.23562E-01 
---
