PdfType: replica
Format: lhagrid1
---
4.34963E-04 7.77181E-04 7.77181E-04 1.38865E-03 1.38865E-03 2.48120E-03 2.48120E-03 2.48120E-03 4.43334E-03 4.43334E-03 4.43334E-03 4.43334E-03 7.92137E-03 7.92137E-03 7.92137E-03 7.92137E-03 1.41537E-02 1.41537E-02 1.41537E-02 1.41537E-02 1.41537E-02 2.52895E-02 2.52895E-02 2.52895E-02 2.52895E-02 2.52895E-02 4.51866E-02 4.51866E-02 4.51866E-02 4.51866E-02 4.51866E-02 4.51866E-02 8.07383E-02 8.07383E-02 8.07383E-02 8.07383E-02 8.07383E-02 8.07383E-02 8.07383E-02 1.44261E-01 1.44261E-01 1.44261E-01 1.44261E-01 1.44261E-01 1.44261E-01 2.57762E-01 2.57762E-01 2.57762E-01 2.57762E-01 2.57762E-01 2.57762E-01 4.60562E-01 4.60562E-01 4.60562E-01 4.60562E-01 4.60562E-01 4.60562E-01 
1.58489E+00 1.58489E+00 2.51189E+00 1.58489E+00 2.51189E+00 1.58489E+00 2.51189E+00 3.98107E+00 1.58489E+00 2.51189E+00 3.98107E+00 6.30957E+00 1.58489E+00 2.51189E+00 3.98107E+00 6.30957E+00 1.58489E+00 2.51189E+00 3.98107E+00 6.30957E+00 9.99999E+00 1.58489E+00 2.51189E+00 3.98107E+00 6.30957E+00 9.99999E+00 1.58489E+00 2.51189E+00 3.98107E+00 6.30957E+00 9.99999E+00 1.58489E+01 1.58489E+00 2.51189E+00 3.98107E+00 6.30957E+00 9.99999E+00 1.58489E+01 2.51189E+01 2.51189E+00 3.98107E+00 6.30957E+00 9.99999E+00 1.58489E+01 2.51189E+01 3.98107E+00 6.30957E+00 9.99999E+00 1.58489E+01 2.51189E+01 3.98107E+01 6.30957E+00 9.99999E+00 1.58489E+01 2.51189E+01 3.98107E+01 6.30957E+01 
90000 
2.19993E-04 
2.18861E-04 
5.24386E-04 
2.17745E-04 
5.23197E-04 
2.16628E-04 
5.22776E-04 
1.28473E-03 
2.15662E-04 
5.22847E-04 
1.28654E-03 
3.24563E-03 
2.15167E-04 
5.23880E-04 
1.29124E-03 
3.24995E-03 
2.15722E-04 
5.26789E-04 
1.30024E-03 
3.25981E-03 
8.23697E-03 
2.17398E-04 
5.31448E-04 
1.31285E-03 
3.27583E-03 
8.25954E-03 
2.17291E-04 
5.31989E-04 
1.31541E-03 
3.27163E-03 
8.22668E-03 
2.07853E-02 
2.09806E-04 
5.17315E-04 
1.28402E-03 
3.19699E-03 
8.02795E-03 
2.02395E-02 
5.16291E-02 
4.94775E-04 
1.23654E-03 
3.09142E-03 
7.76860E-03 
1.95780E-02 
4.97558E-02 
1.21937E-03 
3.05582E-03 
7.67644E-03 
1.93208E-02 
4.89010E-02 
1.25834E-01 
3.05393E-03 
7.66541E-03 
1.92636E-02 
4.85756E-02 
1.23678E-01 
3.23660E-01 
---
