PdfType: replica
Format: lhagrid1
---
4.34963E-04 7.77181E-04 7.77181E-04 1.38865E-03 1.38865E-03 2.48120E-03 2.48120E-03 2.48120E-03 4.43334E-03 4.43334E-03 4.43334E-03 4.43334E-03 7.92137E-03 7.92137E-03 7.92137E-03 7.92137E-03 1.41537E-02 1.41537E-02 1.41537E-02 1.41537E-02 1.41537E-02 2.52895E-02 2.52895E-02 2.52895E-02 2.52895E-02 2.52895E-02 4.51866E-02 4.51866E-02 4.51866E-02 4.51866E-02 4.51866E-02 4.51866E-02 8.07383E-02 8.07383E-02 8.07383E-02 8.07383E-02 8.07383E-02 8.07383E-02 8.07383E-02 1.44261E-01 1.44261E-01 1.44261E-01 1.44261E-01 1.44261E-01 1.44261E-01 2.57762E-01 2.57762E-01 2.57762E-01 2.57762E-01 2.57762E-01 2.57762E-01 4.60562E-01 4.60562E-01 4.60562E-01 4.60562E-01 4.60562E-01 4.60562E-01 
1.58489E+00 1.58489E+00 2.51189E+00 1.58489E+00 2.51189E+00 1.58489E+00 2.51189E+00 3.98107E+00 1.58489E+00 2.51189E+00 3.98107E+00 6.30957E+00 1.58489E+00 2.51189E+00 3.98107E+00 6.30957E+00 1.58489E+00 2.51189E+00 3.98107E+00 6.30957E+00 9.99999E+00 1.58489E+00 2.51189E+00 3.98107E+00 6.30957E+00 9.99999E+00 1.58489E+00 2.51189E+00 3.98107E+00 6.30957E+00 9.99999E+00 1.58489E+01 1.58489E+00 2.51189E+00 3.98107E+00 6.30957E+00 9.99999E+00 1.58489E+01 2.51189E+01 2.51189E+00 3.98107E+00 6.30957E+00 9.99999E+00 1.58489E+01 2.51189E+01 3.98107E+00 6.30957E+00 9.99999E+00 1.58489E+01 2.51189E+01 3.98107E+01 6.30957E+00 9.99999E+00 1.58489E+01 2.51189E+01 3.98107E+01 6.30957E+01 
90000 
2.19512E-04 
2.18198E-04 
5.23155E-04 
2.16881E-04 
5.21569E-04 
2.15550E-04 
5.20702E-04 
1.28068E-03 
2.14346E-04 
5.20247E-04 
1.28126E-03 
3.23544E-03 
2.13537E-04 
5.20567E-04 
1.28428E-03 
3.23559E-03 
2.13617E-04 
5.22468E-04 
1.29107E-03 
3.24015E-03 
8.19408E-03 
2.14804E-04 
5.26371E-04 
1.30245E-03 
3.25375E-03 
8.21212E-03 
2.15428E-04 
5.29054E-04 
1.31068E-03 
3.26364E-03 
8.21446E-03 
2.07658E-02 
2.11212E-04 
5.21483E-04 
1.29524E-03 
3.22570E-03 
8.10064E-03 
2.04207E-02 
5.20692E-02 
5.02565E-04 
1.25461E-03 
3.13395E-03 
7.86922E-03 
1.98172E-02 
5.03251E-02 
1.22916E-03 
3.07907E-03 
7.73133E-03 
1.94516E-02 
4.92154E-02 
1.26598E-01 
3.05917E-03 
7.67527E-03 
1.92832E-02 
4.86163E-02 
1.23778E-01 
3.24019E-01 
---
