PdfType: replica
Format: lhagrid1
---
4.34963E-04 7.77181E-04 7.77181E-04 1.38865E-03 1.38865E-03 2.48120E-03 2.48120E-03 2.48120E-03 4.43334E-03 4.43334E-03 4.43334E-03 4.43334E-03 7.92137E-03 7.92137E-03 7.92137E-03 7.92137E-03 1.41537E-02 1.41537E-02 1.41537E-02 1.41537E-02 1.41537E-02 2.52895E-02 2.52895E-02 2.52895E-02 2.52895E-02 2.52895E-02 4.51866E-02 4.51866E-02 4.51866E-02 4.51866E-02 4.51866E-02 4.51866E-02 8.07383E-02 8.07383E-02 8.07383E-02 8.07383E-02 8.07383E-02 8.07383E-02 8.07383E-02 1.44261E-01 1.44261E-01 1.44261E-01 1.44261E-01 1.44261E-01 1.44261E-01 2.57762E-01 2.57762E-01 2.57762E-01 2.57762E-01 2.57762E-01 2.57762E-01 4.60562E-01 4.60562E-01 4.60562E-01 4.60562E-01 4.60562E-01 4.60562E-01 
1.58489E+00 1.58489E+00 2.51189E+00 1.58489E+00 2.51189E+00 1.58489E+00 2.51189E+00 3.98107E+00 1.58489E+00 2.51189E+00 3.98107E+00 6.30957E+00 1.58489E+00 2.51189E+00 3.98107E+00 6.30957E+00 1.58489E+00 2.51189E+00 3.98107E+00 6.30957E+00 9.99999E+00 1.58489E+00 2.51189E+00 3.98107E+00 6.30957E+00 9.99999E+00 1.58489E+00 2.51189E+00 3.98107E+00 6.30957E+00 9.99999E+00 1.58489E+01 1.58489E+00 2.51189E+00 3.98107E+00 6.30957E+00 9.99999E+00 1.58489E+01 2.51189E+01 2.51189E+00 3.98107E+00 6.30957E+00 9.99999E+00 1.58489E+01 2.51189E+01 3.98107E+00 6.30957E+00 9.99999E+00 1.58489E+01 2.51189E+01 3.98107E+01 6.30957E+00 9.99999E+00 1.58489E+01 2.51189E+01 3.98107E+01 6.30957E+01 
90000 
2.19619E-04 
2.18533E-04 
5.23866E-04 
2.17517E-04 
5.22846E-04 
2.16557E-04 
5.22683E-04 
1.28458E-03 
2.15777E-04 
5.23051E-04 
1.28692E-03 
3.24546E-03 
2.15385E-04 
5.24198E-04 
1.29175E-03 
3.24999E-03 
2.15701E-04 
5.26590E-04 
1.29962E-03 
3.25769E-03 
8.22903E-03 
2.16616E-04 
5.29977E-04 
1.30990E-03 
3.26976E-03 
8.24486E-03 
2.16304E-04 
5.30766E-04 
1.31404E-03 
3.27101E-03 
8.22877E-03 
2.07931E-02 
2.11162E-04 
5.21142E-04 
1.29398E-03 
3.22230E-03 
8.09106E-03 
2.03960E-02 
5.20137E-02 
5.00911E-04 
1.25008E-03 
3.12223E-03 
7.84003E-03 
1.97456E-02 
5.01543E-02 
1.22299E-03 
3.06338E-03 
7.69377E-03 
1.93616E-02 
4.89978E-02 
1.26059E-01 
3.05914E-03 
7.67642E-03 
1.92896E-02 
4.86391E-02 
1.23836E-01 
3.24043E-01 
---
