PdfType: replica
Format: lhagrid1
---
4.34963E-04 7.77181E-04 7.77181E-04 1.38865E-03 1.38865E-03 2.48120E-03 2.48120E-03 2.48120E-03 4.43334E-03 4.43334E-03 4.43334E-03 4.43334E-03 7.92137E-03 7.92137E-03 7.92137E-03 7.92137E-03 1.41537E-02 1.41537E-02 1.41537E-02 1.41537E-02 1.41537E-02 2.52895E-02 2.52895E-02 2.52895E-02 2.52895E-02 2.52895E-02 4.51866E-02 4.51866E-02 4.51866E-02 4.51866E-02 4.51866E-02 4.51866E-02 8.07383E-02 8.07383E-02 8.07383E-02 8.07383E-02 8.07383E-02 8.07383E-02 8.07383E-02 1.44261E-01 1.44261E-01 1.44261E-01 1.44261E-01 1.44261E-01 1.44261E-01 2.57762E-01 2.57762E-01 2.57762E-01 2.57762E-01 2.57762E-01 2.57762E-01 4.60562E-01 4.60562E-01 4.60562E-01 4.60562E-01 4.60562E-01 4.60562E-01 
1.58489E+00 1.58489E+00 2.51189E+00 1.58489E+00 2.51189E+00 1.58489E+00 2.51189E+00 3.98107E+00 1.58489E+00 2.51189E+00 3.98107E+00 6.30957E+00 1.58489E+00 2.51189E+00 3.98107E+00 6.30957E+00 1.58489E+00 2.51189E+00 3.98107E+00 6.30957E+00 9.99999E+00 1.58489E+00 2.51189E+00 3.98107E+00 6.30957E+00 9.99999E+00 1.58489E+00 2.51189E+00 3.98107E+00 6.30957E+00 9.99999E+00 1.58489E+01 1.58489E+00 2.51189E+00 3.98107E+00 6.30957E+00 9.99999E+00 1.58489E+01 2.51189E+01 2.51189E+00 3.98107E+00 6.30957E+00 9.99999E+00 1.58489E+01 2.51189E+01 3.98107E+00 6.30957E+00 9.99999E+00 1.58489E+01 2.51189E+01 3.98107E+01 6.30957E+00 9.99999E+00 1.58489E+01 2.51189E+01 3.98107E+01 6.30957E+01 
90000 
2.19638E-04 
2.18441E-04 
5.23762E-04 
2.17291E-04 
5.22533E-04 
2.16199E-04 
5.22167E-04 
1.28389E-03 
2.15338E-04 
5.22417E-04 
1.28602E-03 
3.24494E-03 
2.14996E-04 
5.23680E-04 
1.29111E-03 
3.24964E-03 
2.15580E-04 
5.26583E-04 
1.30004E-03 
3.25928E-03 
8.23697E-03 
2.16922E-04 
5.30781E-04 
1.31199E-03 
3.27483E-03 
8.25864E-03 
2.16759E-04 
5.31858E-04 
1.31664E-03 
3.27730E-03 
8.24358E-03 
2.08318E-02 
2.11234E-04 
5.21445E-04 
1.29488E-03 
3.22485E-03 
8.09755E-03 
2.04125E-02 
5.20542E-02 
5.01647E-04 
1.25250E-03 
3.12900E-03 
7.85896E-03 
1.97962E-02 
5.02831E-02 
1.23064E-03 
3.08329E-03 
7.74365E-03 
1.94862E-02 
4.93090E-02 
1.26835E-01 
3.08084E-03 
7.73226E-03 
1.94306E-02 
4.89923E-02 
1.24710E-01 
3.26149E-01 
---
