PdfType: replica
Format: lhagrid1
---
4.34963E-04 7.77181E-04 7.77181E-04 1.38865E-03 1.38865E-03 2.48120E-03 2.48120E-03 2.48120E-03 4.43334E-03 4.43334E-03 4.43334E-03 4.43334E-03 7.92137E-03 7.92137E-03 7.92137E-03 7.92137E-03 1.41537E-02 1.41537E-02 1.41537E-02 1.41537E-02 1.41537E-02 2.52895E-02 2.52895E-02 2.52895E-02 2.52895E-02 2.52895E-02 4.51866E-02 4.51866E-02 4.51866E-02 4.51866E-02 4.51866E-02 4.51866E-02 8.07383E-02 8.07383E-02 8.07383E-02 8.07383E-02 8.07383E-02 8.07383E-02 8.07383E-02 1.44261E-01 1.44261E-01 1.44261E-01 1.44261E-01 1.44261E-01 1.44261E-01 2.57762E-01 2.57762E-01 2.57762E-01 2.57762E-01 2.57762E-01 2.57762E-01 4.60562E-01 4.60562E-01 4.60562E-01 4.60562E-01 4.60562E-01 4.60562E-01 
1.58489E+00 1.58489E+00 2.51189E+00 1.58489E+00 2.51189E+00 1.58489E+00 2.51189E+00 3.98107E+00 1.58489E+00 2.51189E+00 3.98107E+00 6.30957E+00 1.58489E+00 2.51189E+00 3.98107E+00 6.30957E+00 1.58489E+00 2.51189E+00 3.98107E+00 6.30957E+00 9.99999E+00 1.58489E+00 2.51189E+00 3.98107E+00 6.30957E+00 9.99999E+00 1.58489E+00 2.51189E+00 3.98107E+00 6.30957E+00 9.99999E+00 1.58489E+01 1.58489E+00 2.51189E+00 3.98107E+00 6.30957E+00 9.99999E+00 1.58489E+01 2.51189E+01 2.51189E+00 3.98107E+00 6.30957E+00 9.99999E+00 1.58489E+01 2.51189E+01 3.98107E+00 6.30957E+00 9.99999E+00 1.58489E+01 2.51189E+01 3.98107E+01 6.30957E+00 9.99999E+00 1.58489E+01 2.51189E+01 3.98107E+01 6.30957E+01 
90000 
2.19547E-04 
2.18421E-04 
5.23722E-04 
2.17369E-04 
5.22628E-04 
2.16375E-04 
5.22401E-04 
1.28415E-03 
2.15561E-04 
5.22706E-04 
1.28634E-03 
3.24487E-03 
2.15111E-04 
5.23749E-04 
1.29091E-03 
3.24875E-03 
2.15302E-04 
5.25881E-04 
1.29815E-03 
3.25495E-03 
8.22341E-03 
2.15989E-04 
5.28746E-04 
1.30719E-03 
3.26397E-03 
8.23157E-03 
2.15489E-04 
5.29042E-04 
1.31019E-03 
3.26217E-03 
8.20868E-03 
2.07464E-02 
2.10567E-04 
5.19897E-04 
1.29131E-03 
3.21613E-03 
8.07773E-03 
2.03663E-02 
5.19448E-02 
5.00974E-04 
1.25040E-03 
3.12314E-03 
7.84223E-03 
1.97507E-02 
5.01670E-02 
1.22238E-03 
3.06186E-03 
7.68906E-03 
1.93477E-02 
4.89598E-02 
1.25969E-01 
3.04556E-03 
7.64260E-03 
1.92038E-02 
4.84218E-02 
1.23298E-01 
3.22825E-01 
---
