PdfType: replica
Format: lhagrid1
---
4.34963E-04 7.77181E-04 7.77181E-04 1.38865E-03 1.38865E-03 2.48120E-03 2.48120E-03 2.48120E-03 4.43334E-03 4.43334E-03 4.43334E-03 4.43334E-03 7.92137E-03 7.92137E-03 7.92137E-03 7.92137E-03 1.41537E-02 1.41537E-02 1.41537E-02 1.41537E-02 1.41537E-02 2.52895E-02 2.52895E-02 2.52895E-02 2.52895E-02 2.52895E-02 4.51866E-02 4.51866E-02 4.51866E-02 4.51866E-02 4.51866E-02 4.51866E-02 8.07383E-02 8.07383E-02 8.07383E-02 8.07383E-02 8.07383E-02 8.07383E-02 8.07383E-02 1.44261E-01 1.44261E-01 1.44261E-01 1.44261E-01 1.44261E-01 1.44261E-01 2.57762E-01 2.57762E-01 2.57762E-01 2.57762E-01 2.57762E-01 2.57762E-01 4.60562E-01 4.60562E-01 4.60562E-01 4.60562E-01 4.60562E-01 4.60562E-01 
1.58489E+00 1.58489E+00 2.51189E+00 1.58489E+00 2.51189E+00 1.58489E+00 2.51189E+00 3.98107E+00 1.58489E+00 2.51189E+00 3.98107E+00 6.30957E+00 1.58489E+00 2.51189E+00 3.98107E+00 6.30957E+00 1.58489E+00 2.51189E+00 3.98107E+00 6.30957E+00 9.99999E+00 1.58489E+00 2.51189E+00 3.98107E+00 6.30957E+00 9.99999E+00 1.58489E+00 2.51189E+00 3.98107E+00 6.30957E+00 9.99999E+00 1.58489E+01 1.58489E+00 2.51189E+00 3.98107E+00 6.30957E+00 9.99999E+00 1.58489E+01 2.51189E+01 2.51189E+00 3.98107E+00 6.30957E+00 9.99999E+00 1.58489E+01 2.51189E+01 3.98107E+00 6.30957E+00 9.99999E+00 1.58489E+01 2.51189E+01 3.98107E+01 6.30957E+00 9.99999E+00 1.58489E+01 2.51189E+01 3.98107E+01 6.30957E+01 
90000 
2.19338E-04 
2.17999E-04 
5.22954E-04 
2.16659E-04 
5.21347E-04 
2.15319E-04 
5.20467E-04 
1.28033E-03 
2.14144E-04 
5.20047E-04 
1.28101E-03 
3.23430E-03 
2.13434E-04 
5.20511E-04 
1.28433E-03 
3.23526E-03 
2.13674E-04 
5.22674E-04 
1.29162E-03 
3.24119E-03 
8.19565E-03 
2.14908E-04 
5.26632E-04 
1.30297E-03 
3.25505E-03 
8.21382E-03 
2.15062E-04 
5.28255E-04 
1.30860E-03 
3.25884E-03 
8.20129E-03 
2.07311E-02 
2.09996E-04 
5.18662E-04 
1.28857E-03 
3.20963E-03 
8.06313E-03 
2.03322E-02 
5.18549E-02 
5.00413E-04 
1.25038E-03 
3.12493E-03 
7.85165E-03 
1.97830E-02 
5.02580E-02 
1.23475E-03 
3.09502E-03 
7.77357E-03 
1.95624E-02 
4.95032E-02 
1.27328E-01 
3.10319E-03 
7.78890E-03 
1.95742E-02 
4.93556E-02 
1.25617E-01 
3.28333E-01 
---
