PdfType: replica
Format: lhagrid1
---
4.34963E-04 7.77181E-04 7.77181E-04 1.38865E-03 1.38865E-03 2.48120E-03 2.48120E-03 2.48120E-03 4.43334E-03 4.43334E-03 4.43334E-03 4.43334E-03 7.92137E-03 7.92137E-03 7.92137E-03 7.92137E-03 1.41537E-02 1.41537E-02 1.41537E-02 1.41537E-02 1.41537E-02 2.52895E-02 2.52895E-02 2.52895E-02 2.52895E-02 2.52895E-02 4.51866E-02 4.51866E-02 4.51866E-02 4.51866E-02 4.51866E-02 4.51866E-02 8.07383E-02 8.07383E-02 8.07383E-02 8.07383E-02 8.07383E-02 8.07383E-02 8.07383E-02 1.44261E-01 1.44261E-01 1.44261E-01 1.44261E-01 1.44261E-01 1.44261E-01 2.57762E-01 2.57762E-01 2.57762E-01 2.57762E-01 2.57762E-01 2.57762E-01 4.60562E-01 4.60562E-01 4.60562E-01 4.60562E-01 4.60562E-01 4.60562E-01 
1.58489E+00 1.58489E+00 2.51189E+00 1.58489E+00 2.51189E+00 1.58489E+00 2.51189E+00 3.98107E+00 1.58489E+00 2.51189E+00 3.98107E+00 6.30957E+00 1.58489E+00 2.51189E+00 3.98107E+00 6.30957E+00 1.58489E+00 2.51189E+00 3.98107E+00 6.30957E+00 9.99999E+00 1.58489E+00 2.51189E+00 3.98107E+00 6.30957E+00 9.99999E+00 1.58489E+00 2.51189E+00 3.98107E+00 6.30957E+00 9.99999E+00 1.58489E+01 1.58489E+00 2.51189E+00 3.98107E+00 6.30957E+00 9.99999E+00 1.58489E+01 2.51189E+01 2.51189E+00 3.98107E+00 6.30957E+00 9.99999E+00 1.58489E+01 2.51189E+01 3.98107E+00 6.30957E+00 9.99999E+00 1.58489E+01 2.51189E+01 3.98107E+01 6.30957E+00 9.99999E+00 1.58489E+01 2.51189E+01 3.98107E+01 6.30957E+01 
90000 
2.19324E-04 
2.18127E-04 
5.23024E-04 
2.16996E-04 
5.21801E-04 
2.15929E-04 
5.21453E-04 
1.28210E-03 
2.15065E-04 
5.21676E-04 
1.28416E-03 
3.23985E-03 
2.14628E-04 
5.22730E-04 
1.28875E-03 
3.24364E-03 
2.14919E-04 
5.25001E-04 
1.29623E-03 
3.25001E-03 
8.21218E-03 
2.15715E-04 
5.28000E-04 
1.30548E-03 
3.25923E-03 
8.22069E-03 
2.15053E-04 
5.27998E-04 
1.30784E-03 
3.25646E-03 
8.19514E-03 
2.07147E-02 
2.09728E-04 
5.18236E-04 
1.28787E-03 
3.20904E-03 
8.06130E-03 
2.03285E-02 
5.18608E-02 
5.00325E-04 
1.24939E-03 
3.12209E-03 
7.84144E-03 
1.97529E-02 
5.01811E-02 
1.22644E-03 
3.07176E-03 
7.71436E-03 
1.94121E-02 
4.91215E-02 
1.26355E-01 
3.06101E-03 
7.68165E-03 
1.93019E-02 
4.86653E-02 
1.23881E-01 
3.24064E-01 
---
