PdfType: replica
Format: lhagrid1
---
4.34963E-04 7.77181E-04 7.77181E-04 1.38865E-03 1.38865E-03 2.48120E-03 2.48120E-03 2.48120E-03 4.43334E-03 4.43334E-03 4.43334E-03 4.43334E-03 7.92137E-03 7.92137E-03 7.92137E-03 7.92137E-03 1.41537E-02 1.41537E-02 1.41537E-02 1.41537E-02 1.41537E-02 2.52895E-02 2.52895E-02 2.52895E-02 2.52895E-02 2.52895E-02 4.51866E-02 4.51866E-02 4.51866E-02 4.51866E-02 4.51866E-02 4.51866E-02 8.07383E-02 8.07383E-02 8.07383E-02 8.07383E-02 8.07383E-02 8.07383E-02 8.07383E-02 1.44261E-01 1.44261E-01 1.44261E-01 1.44261E-01 1.44261E-01 1.44261E-01 2.57762E-01 2.57762E-01 2.57762E-01 2.57762E-01 2.57762E-01 2.57762E-01 4.60562E-01 4.60562E-01 4.60562E-01 4.60562E-01 4.60562E-01 4.60562E-01 
1.58489E+00 1.58489E+00 2.51189E+00 1.58489E+00 2.51189E+00 1.58489E+00 2.51189E+00 3.98107E+00 1.58489E+00 2.51189E+00 3.98107E+00 6.30957E+00 1.58489E+00 2.51189E+00 3.98107E+00 6.30957E+00 1.58489E+00 2.51189E+00 3.98107E+00 6.30957E+00 9.99999E+00 1.58489E+00 2.51189E+00 3.98107E+00 6.30957E+00 9.99999E+00 1.58489E+00 2.51189E+00 3.98107E+00 6.30957E+00 9.99999E+00 1.58489E+01 1.58489E+00 2.51189E+00 3.98107E+00 6.30957E+00 9.99999E+00 1.58489E+01 2.51189E+01 2.51189E+00 3.98107E+00 6.30957E+00 9.99999E+00 1.58489E+01 2.51189E+01 3.98107E+00 6.30957E+00 9.99999E+00 1.58489E+01 2.51189E+01 3.98107E+01 6.30957E+00 9.99999E+00 1.58489E+01 2.51189E+01 3.98107E+01 6.30957E+01 
90000 
2.19452E-04 
2.18355E-04 
5.23514E-04 
2.17364E-04 
5.22547E-04 
2.16480E-04 
5.22561E-04 
1.28457E-03 
2.15858E-04 
5.23304E-04 
1.28775E-03 
3.24807E-03 
2.15758E-04 
5.25152E-04 
1.29418E-03 
3.25601E-03 
2.16582E-04 
5.28715E-04 
1.30470E-03 
3.26960E-03 
8.25892E-03 
2.18271E-04 
5.33724E-04 
1.31854E-03 
3.28953E-03 
8.29184E-03 
2.18692E-04 
5.35861E-04 
1.32551E-03 
3.29695E-03 
8.28952E-03 
2.09389E-02 
2.13348E-04 
5.25852E-04 
1.30476E-03 
3.24736E-03 
8.14996E-03 
2.05356E-02 
5.23449E-02 
5.04208E-04 
1.25824E-03 
3.14298E-03 
7.88984E-03 
1.98654E-02 
5.04377E-02 
1.23083E-03 
3.08316E-03 
7.74296E-03 
1.94830E-02 
4.92915E-02 
1.26722E-01 
3.07618E-03 
7.72068E-03 
1.94012E-02 
4.89136E-02 
1.24480E-01 
3.25340E-01 
---
