PdfType: replica
Format: lhagrid1
---
4.34963E-04 7.77181E-04 7.77181E-04 1.38865E-03 1.38865E-03 2.48120E-03 2.48120E-03 2.48120E-03 4.43334E-03 4.43334E-03 4.43334E-03 4.43334E-03 7.92137E-03 7.92137E-03 7.92137E-03 7.92137E-03 1.41537E-02 1.41537E-02 1.41537E-02 1.41537E-02 1.41537E-02 2.52895E-02 2.52895E-02 2.52895E-02 2.52895E-02 2.52895E-02 4.51866E-02 4.51866E-02 4.51866E-02 4.51866E-02 4.51866E-02 4.51866E-02 8.07383E-02 8.07383E-02 8.07383E-02 8.07383E-02 8.07383E-02 8.07383E-02 8.07383E-02 1.44261E-01 1.44261E-01 1.44261E-01 1.44261E-01 1.44261E-01 1.44261E-01 2.57762E-01 2.57762E-01 2.57762E-01 2.57762E-01 2.57762E-01 2.57762E-01 4.60562E-01 4.60562E-01 4.60562E-01 4.60562E-01 4.60562E-01 4.60562E-01 
1.58489E+00 1.58489E+00 2.51189E+00 1.58489E+00 2.51189E+00 1.58489E+00 2.51189E+00 3.98107E+00 1.58489E+00 2.51189E+00 3.98107E+00 6.30957E+00 1.58489E+00 2.51189E+00 3.98107E+00 6.30957E+00 1.58489E+00 2.51189E+00 3.98107E+00 6.30957E+00 9.99999E+00 1.58489E+00 2.51189E+00 3.98107E+00 6.30957E+00 9.99999E+00 1.58489E+00 2.51189E+00 3.98107E+00 6.30957E+00 9.99999E+00 1.58489E+01 1.58489E+00 2.51189E+00 3.98107E+00 6.30957E+00 9.99999E+00 1.58489E+01 2.51189E+01 2.51189E+00 3.98107E+00 6.30957E+00 9.99999E+00 1.58489E+01 2.51189E+01 3.98107E+00 6.30957E+00 9.99999E+00 1.58489E+01 2.51189E+01 3.98107E+01 6.30957E+00 9.99999E+00 1.58489E+01 2.51189E+01 3.98107E+01 6.30957E+01 
90000 
2.19195E-04 
2.17887E-04 
5.22794E-04 
2.16636E-04 
5.21360E-04 
2.15466E-04 
5.20824E-04 
1.28143E-03 
2.14558E-04 
5.20966E-04 
1.28326E-03 
3.24017E-03 
2.14192E-04 
5.22175E-04 
1.28815E-03 
3.24417E-03 
2.14745E-04 
5.25008E-04 
1.29683E-03 
3.25295E-03 
8.22426E-03 
2.16045E-04 
5.29066E-04 
1.30835E-03 
3.26716E-03 
8.24169E-03 
2.15974E-04 
5.30280E-04 
1.31335E-03 
3.27025E-03 
8.22838E-03 
2.07947E-02 
2.10995E-04 
5.21296E-04 
1.29526E-03 
3.22709E-03 
8.10523E-03 
2.04322E-02 
5.20783E-02 
5.04254E-04 
1.25917E-03 
3.14597E-03 
7.90050E-03 
1.98959E-02 
5.05093E-02 
1.23664E-03 
3.09626E-03 
7.77304E-03 
1.95523E-02 
4.94543E-02 
1.27129E-01 
3.06195E-03 
7.67993E-03 
1.92903E-02 
4.86251E-02 
1.23778E-01 
3.23967E-01 
---
