PdfType: replica
Format: lhagrid1
---
4.34963E-04 7.77181E-04 7.77181E-04 1.38865E-03 1.38865E-03 2.48120E-03 2.48120E-03 2.48120E-03 4.43334E-03 4.43334E-03 4.43334E-03 4.43334E-03 7.92137E-03 7.92137E-03 7.92137E-03 7.92137E-03 1.41537E-02 1.41537E-02 1.41537E-02 1.41537E-02 1.41537E-02 2.52895E-02 2.52895E-02 2.52895E-02 2.52895E-02 2.52895E-02 4.51866E-02 4.51866E-02 4.51866E-02 4.51866E-02 4.51866E-02 4.51866E-02 8.07383E-02 8.07383E-02 8.07383E-02 8.07383E-02 8.07383E-02 8.07383E-02 8.07383E-02 1.44261E-01 1.44261E-01 1.44261E-01 1.44261E-01 1.44261E-01 1.44261E-01 2.57762E-01 2.57762E-01 2.57762E-01 2.57762E-01 2.57762E-01 2.57762E-01 4.60562E-01 4.60562E-01 4.60562E-01 4.60562E-01 4.60562E-01 4.60562E-01 
1.58489E+00 1.58489E+00 2.51189E+00 1.58489E+00 2.51189E+00 1.58489E+00 2.51189E+00 3.98107E+00 1.58489E+00 2.51189E+00 3.98107E+00 6.30957E+00 1.58489E+00 2.51189E+00 3.98107E+00 6.30957E+00 1.58489E+00 2.51189E+00 3.98107E+00 6.30957E+00 9.99999E+00 1.58489E+00 2.51189E+00 3.98107E+00 6.30957E+00 9.99999E+00 1.58489E+00 2.51189E+00 3.98107E+00 6.30957E+00 9.99999E+00 1.58489E+01 1.58489E+00 2.51189E+00 3.98107E+00 6.30957E+00 9.99999E+00 1.58489E+01 2.51189E+01 2.51189E+00 3.98107E+00 6.30957E+00 9.99999E+00 1.58489E+01 2.51189E+01 3.98107E+00 6.30957E+00 9.99999E+00 1.58489E+01 2.51189E+01 3.98107E+01 6.30957E+00 9.99999E+00 1.58489E+01 2.51189E+01 3.98107E+01 6.30957E+01 
90000 
2.19964E-04 
2.18761E-04 
5.24107E-04 
2.17571E-04 
5.22788E-04 
2.16400E-04 
5.22269E-04 
1.28371E-03 
2.15428E-04 
5.22309E-04 
1.28541E-03 
3.24346E-03 
2.14991E-04 
5.23382E-04 
1.29012E-03 
3.24729E-03 
2.15589E-04 
5.26289E-04 
1.29906E-03 
3.25667E-03 
8.23068E-03 
2.17067E-04 
5.30712E-04 
1.31139E-03 
3.27265E-03 
8.25293E-03 
2.16734E-04 
5.31323E-04 
1.31463E-03 
3.27125E-03 
8.22688E-03 
2.07881E-02 
2.10079E-04 
5.18276E-04 
1.28659E-03 
3.20348E-03 
8.04404E-03 
2.02795E-02 
5.17279E-02 
4.96265E-04 
1.23976E-03 
3.09810E-03 
7.78462E-03 
1.96167E-02 
4.98514E-02 
1.22147E-03 
3.06165E-03 
7.69091E-03 
1.93580E-02 
4.90007E-02 
1.26123E-01 
3.07123E-03 
7.70932E-03 
1.93769E-02 
4.88688E-02 
1.24435E-01 
3.25598E-01 
---
