PdfType: replica
Format: lhagrid1
---
4.34963E-04 7.77181E-04 7.77181E-04 1.38865E-03 1.38865E-03 2.48120E-03 2.48120E-03 2.48120E-03 4.43334E-03 4.43334E-03 4.43334E-03 4.43334E-03 7.92137E-03 7.92137E-03 7.92137E-03 7.92137E-03 1.41537E-02 1.41537E-02 1.41537E-02 1.41537E-02 1.41537E-02 2.52895E-02 2.52895E-02 2.52895E-02 2.52895E-02 2.52895E-02 4.51866E-02 4.51866E-02 4.51866E-02 4.51866E-02 4.51866E-02 4.51866E-02 8.07383E-02 8.07383E-02 8.07383E-02 8.07383E-02 8.07383E-02 8.07383E-02 8.07383E-02 1.44261E-01 1.44261E-01 1.44261E-01 1.44261E-01 1.44261E-01 1.44261E-01 2.57762E-01 2.57762E-01 2.57762E-01 2.57762E-01 2.57762E-01 2.57762E-01 4.60562E-01 4.60562E-01 4.60562E-01 4.60562E-01 4.60562E-01 4.60562E-01 
1.58489E+00 1.58489E+00 2.51189E+00 1.58489E+00 2.51189E+00 1.58489E+00 2.51189E+00 3.98107E+00 1.58489E+00 2.51189E+00 3.98107E+00 6.30957E+00 1.58489E+00 2.51189E+00 3.98107E+00 6.30957E+00 1.58489E+00 2.51189E+00 3.98107E+00 6.30957E+00 9.99999E+00 1.58489E+00 2.51189E+00 3.98107E+00 6.30957E+00 9.99999E+00 1.58489E+00 2.51189E+00 3.98107E+00 6.30957E+00 9.99999E+00 1.58489E+01 1.58489E+00 2.51189E+00 3.98107E+00 6.30957E+00 9.99999E+00 1.58489E+01 2.51189E+01 2.51189E+00 3.98107E+00 6.30957E+00 9.99999E+00 1.58489E+01 2.51189E+01 3.98107E+00 6.30957E+00 9.99999E+00 1.58489E+01 2.51189E+01 3.98107E+01 6.30957E+00 9.99999E+00 1.58489E+01 2.51189E+01 3.98107E+01 6.30957E+01 
90000 
2.19047E-04 
2.17724E-04 
5.22401E-04 
2.16436E-04 
5.20863E-04 
2.15182E-04 
5.20126E-04 
1.27970E-03 
2.14118E-04 
5.19921E-04 
1.28078E-03 
3.23390E-03 
2.13525E-04 
5.20653E-04 
1.28466E-03 
3.23600E-03 
2.13882E-04 
5.23093E-04 
1.29253E-03 
3.24301E-03 
8.20005E-03 
2.15226E-04 
5.27197E-04 
1.30408E-03 
3.25682E-03 
8.21746E-03 
2.15298E-04 
5.28472E-04 
1.30883E-03 
3.25846E-03 
8.19979E-03 
2.07255E-02 
2.09649E-04 
5.17959E-04 
1.28721E-03 
3.20717E-03 
8.05725E-03 
2.03173E-02 
5.18116E-02 
5.00136E-04 
1.25030E-03 
3.12639E-03 
7.85615E-03 
1.97957E-02 
5.02874E-02 
1.23757E-03 
3.10178E-03 
7.79152E-03 
1.96087E-02 
4.96173E-02 
1.27583E-01 
3.11159E-03 
7.81019E-03 
1.96273E-02 
4.94860E-02 
1.25927E-01 
3.28997E-01 
---
