PdfType: replica
Format: lhagrid1
---
4.34963E-04 7.77181E-04 7.77181E-04 1.38865E-03 1.38865E-03 2.48120E-03 2.48120E-03 2.48120E-03 4.43334E-03 4.43334E-03 4.43334E-03 4.43334E-03 7.92137E-03 7.92137E-03 7.92137E-03 7.92137E-03 1.41537E-02 1.41537E-02 1.41537E-02 1.41537E-02 1.41537E-02 2.52895E-02 2.52895E-02 2.52895E-02 2.52895E-02 2.52895E-02 4.51866E-02 4.51866E-02 4.51866E-02 4.51866E-02 4.51866E-02 4.51866E-02 8.07383E-02 8.07383E-02 8.07383E-02 8.07383E-02 8.07383E-02 8.07383E-02 8.07383E-02 1.44261E-01 1.44261E-01 1.44261E-01 1.44261E-01 1.44261E-01 1.44261E-01 2.57762E-01 2.57762E-01 2.57762E-01 2.57762E-01 2.57762E-01 2.57762E-01 4.60562E-01 4.60562E-01 4.60562E-01 4.60562E-01 4.60562E-01 4.60562E-01 
1.58489E+00 1.58489E+00 2.51189E+00 1.58489E+00 2.51189E+00 1.58489E+00 2.51189E+00 3.98107E+00 1.58489E+00 2.51189E+00 3.98107E+00 6.30957E+00 1.58489E+00 2.51189E+00 3.98107E+00 6.30957E+00 1.58489E+00 2.51189E+00 3.98107E+00 6.30957E+00 9.99999E+00 1.58489E+00 2.51189E+00 3.98107E+00 6.30957E+00 9.99999E+00 1.58489E+00 2.51189E+00 3.98107E+00 6.30957E+00 9.99999E+00 1.58489E+01 1.58489E+00 2.51189E+00 3.98107E+00 6.30957E+00 9.99999E+00 1.58489E+01 2.51189E+01 2.51189E+00 3.98107E+00 6.30957E+00 9.99999E+00 1.58489E+01 2.51189E+01 3.98107E+00 6.30957E+00 9.99999E+00 1.58489E+01 2.51189E+01 3.98107E+01 6.30957E+00 9.99999E+00 1.58489E+01 2.51189E+01 3.98107E+01 6.30957E+01 
90000 
2.19837E-04 
2.18807E-04 
5.24337E-04 
2.17893E-04 
5.23549E-04 
2.17115E-04 
5.23816E-04 
1.28700E-03 
2.16653E-04 
5.24927E-04 
1.29105E-03 
3.25467E-03 
2.16784E-04 
5.27254E-04 
1.29853E-03 
3.26500E-03 
2.17834E-04 
5.31190E-04 
1.30977E-03 
3.28007E-03 
8.28008E-03 
2.19378E-04 
5.35738E-04 
1.32240E-03 
3.29720E-03 
8.30632E-03 
2.18720E-04 
5.35632E-04 
1.32439E-03 
3.29363E-03 
8.27869E-03 
2.09053E-02 
2.11962E-04 
5.22801E-04 
1.29763E-03 
3.23061E-03 
8.10962E-03 
2.04373E-02 
5.20997E-02 
5.01440E-04 
1.25194E-03 
3.12786E-03 
7.85527E-03 
1.97857E-02 
5.02555E-02 
1.22874E-03 
3.07763E-03 
7.72925E-03 
1.94500E-02 
4.92178E-02 
1.26600E-01 
3.07225E-03 
7.71042E-03 
1.93753E-02 
4.88520E-02 
1.24349E-01 
3.25185E-01 
---
