PdfType: replica
Format: lhagrid1
---
4.34963E-04 7.77181E-04 7.77181E-04 1.38865E-03 1.38865E-03 2.48120E-03 2.48120E-03 2.48120E-03 4.43334E-03 4.43334E-03 4.43334E-03 4.43334E-03 7.92137E-03 7.92137E-03 7.92137E-03 7.92137E-03 1.41537E-02 1.41537E-02 1.41537E-02 1.41537E-02 1.41537E-02 2.52895E-02 2.52895E-02 2.52895E-02 2.52895E-02 2.52895E-02 4.51866E-02 4.51866E-02 4.51866E-02 4.51866E-02 4.51866E-02 4.51866E-02 8.07383E-02 8.07383E-02 8.07383E-02 8.07383E-02 8.07383E-02 8.07383E-02 8.07383E-02 1.44261E-01 1.44261E-01 1.44261E-01 1.44261E-01 1.44261E-01 1.44261E-01 2.57762E-01 2.57762E-01 2.57762E-01 2.57762E-01 2.57762E-01 2.57762E-01 4.60562E-01 4.60562E-01 4.60562E-01 4.60562E-01 4.60562E-01 4.60562E-01 
1.58489E+00 1.58489E+00 2.51189E+00 1.58489E+00 2.51189E+00 1.58489E+00 2.51189E+00 3.98107E+00 1.58489E+00 2.51189E+00 3.98107E+00 6.30957E+00 1.58489E+00 2.51189E+00 3.98107E+00 6.30957E+00 1.58489E+00 2.51189E+00 3.98107E+00 6.30957E+00 9.99999E+00 1.58489E+00 2.51189E+00 3.98107E+00 6.30957E+00 9.99999E+00 1.58489E+00 2.51189E+00 3.98107E+00 6.30957E+00 9.99999E+00 1.58489E+01 1.58489E+00 2.51189E+00 3.98107E+00 6.30957E+00 9.99999E+00 1.58489E+01 2.51189E+01 2.51189E+00 3.98107E+00 6.30957E+00 9.99999E+00 1.58489E+01 2.51189E+01 3.98107E+00 6.30957E+00 9.99999E+00 1.58489E+01 2.51189E+01 3.98107E+01 6.30957E+00 9.99999E+00 1.58489E+01 2.51189E+01 3.98107E+01 6.30957E+01 
90000 
2.19780E-04 
2.18566E-04 
5.23889E-04 
2.17387E-04 
5.22611E-04 
2.16266E-04 
5.22194E-04 
1.28381E-03 
2.15414E-04 
5.22460E-04 
1.28597E-03 
3.24523E-03 
2.15213E-04 
5.23989E-04 
1.29162E-03 
3.25117E-03 
2.16243E-04 
5.27740E-04 
1.30233E-03 
3.26453E-03 
8.24955E-03 
2.18362E-04 
5.33393E-04 
1.31723E-03 
3.28605E-03 
8.28402E-03 
2.18448E-04 
5.34775E-04 
1.32205E-03 
3.28775E-03 
8.26468E-03 
2.08743E-02 
2.11411E-04 
5.21020E-04 
1.29267E-03 
3.21699E-03 
8.07575E-03 
2.03529E-02 
5.18868E-02 
4.98316E-04 
1.24482E-03 
3.11040E-03 
7.81449E-03 
1.96889E-02 
5.00235E-02 
1.22615E-03 
3.07341E-03 
7.71905E-03 
1.94256E-02 
4.91649E-02 
1.26533E-01 
3.07175E-03 
7.71064E-03 
1.93780E-02 
4.88658E-02 
1.24420E-01 
3.25603E-01 
---
