PdfType: replica
Format: lhagrid1
---
4.34963E-04 7.77181E-04 7.77181E-04 1.38865E-03 1.38865E-03 2.48120E-03 2.48120E-03 2.48120E-03 4.43334E-03 4.43334E-03 4.43334E-03 4.43334E-03 7.92137E-03 7.92137E-03 7.92137E-03 7.92137E-03 1.41537E-02 1.41537E-02 1.41537E-02 1.41537E-02 1.41537E-02 2.52895E-02 2.52895E-02 2.52895E-02 2.52895E-02 2.52895E-02 4.51866E-02 4.51866E-02 4.51866E-02 4.51866E-02 4.51866E-02 4.51866E-02 8.07383E-02 8.07383E-02 8.07383E-02 8.07383E-02 8.07383E-02 8.07383E-02 8.07383E-02 1.44261E-01 1.44261E-01 1.44261E-01 1.44261E-01 1.44261E-01 1.44261E-01 2.57762E-01 2.57762E-01 2.57762E-01 2.57762E-01 2.57762E-01 2.57762E-01 4.60562E-01 4.60562E-01 4.60562E-01 4.60562E-01 4.60562E-01 4.60562E-01 
1.58489E+00 1.58489E+00 2.51189E+00 1.58489E+00 2.51189E+00 1.58489E+00 2.51189E+00 3.98107E+00 1.58489E+00 2.51189E+00 3.98107E+00 6.30957E+00 1.58489E+00 2.51189E+00 3.98107E+00 6.30957E+00 1.58489E+00 2.51189E+00 3.98107E+00 6.30957E+00 9.99999E+00 1.58489E+00 2.51189E+00 3.98107E+00 6.30957E+00 9.99999E+00 1.58489E+00 2.51189E+00 3.98107E+00 6.30957E+00 9.99999E+00 1.58489E+01 1.58489E+00 2.51189E+00 3.98107E+00 6.30957E+00 9.99999E+00 1.58489E+01 2.51189E+01 2.51189E+00 3.98107E+00 6.30957E+00 9.99999E+00 1.58489E+01 2.51189E+01 3.98107E+00 6.30957E+00 9.99999E+00 1.58489E+01 2.51189E+01 3.98107E+01 6.30957E+00 9.99999E+00 1.58489E+01 2.51189E+01 3.98107E+01 6.30957E+01 
90000 
2.19657E-04 
2.18451E-04 
5.23625E-04 
2.17243E-04 
5.22214E-04 
2.15992E-04 
5.21471E-04 
1.28195E-03 
2.14809E-04 
5.21038E-04 
1.28263E-03 
3.23659E-03 
2.13951E-04 
5.21297E-04 
1.28568E-03 
3.23722E-03 
2.13997E-04 
5.23279E-04 
1.29289E-03 
3.24335E-03 
8.19895E-03 
2.15352E-04 
5.27653E-04 
1.30533E-03 
3.25987E-03 
8.22404E-03 
2.15947E-04 
5.29872E-04 
1.31169E-03 
3.26479E-03 
8.21262E-03 
2.07540E-02 
2.09824E-04 
5.17637E-04 
1.28516E-03 
3.20028E-03 
8.03703E-03 
2.02636E-02 
5.16891E-02 
4.96194E-04 
1.24021E-03 
3.10051E-03 
7.79227E-03 
1.96390E-02 
4.99117E-02 
1.22644E-03 
3.07346E-03 
7.71986E-03 
1.94292E-02 
4.91752E-02 
1.26541E-01 
3.07891E-03 
7.72742E-03 
1.94190E-02 
4.89636E-02 
1.24624E-01 
3.25789E-01 
---
