PdfType: replica
Format: lhagrid1
---
4.34963E-04 7.77181E-04 7.77181E-04 1.38865E-03 1.38865E-03 2.48120E-03 2.48120E-03 2.48120E-03 4.43334E-03 4.43334E-03 4.43334E-03 4.43334E-03 7.92137E-03 7.92137E-03 7.92137E-03 7.92137E-03 1.41537E-02 1.41537E-02 1.41537E-02 1.41537E-02 1.41537E-02 2.52895E-02 2.52895E-02 2.52895E-02 2.52895E-02 2.52895E-02 4.51866E-02 4.51866E-02 4.51866E-02 4.51866E-02 4.51866E-02 4.51866E-02 8.07383E-02 8.07383E-02 8.07383E-02 8.07383E-02 8.07383E-02 8.07383E-02 8.07383E-02 1.44261E-01 1.44261E-01 1.44261E-01 1.44261E-01 1.44261E-01 1.44261E-01 2.57762E-01 2.57762E-01 2.57762E-01 2.57762E-01 2.57762E-01 2.57762E-01 4.60562E-01 4.60562E-01 4.60562E-01 4.60562E-01 4.60562E-01 4.60562E-01 
1.58489E+00 1.58489E+00 2.51189E+00 1.58489E+00 2.51189E+00 1.58489E+00 2.51189E+00 3.98107E+00 1.58489E+00 2.51189E+00 3.98107E+00 6.30957E+00 1.58489E+00 2.51189E+00 3.98107E+00 6.30957E+00 1.58489E+00 2.51189E+00 3.98107E+00 6.30957E+00 9.99999E+00 1.58489E+00 2.51189E+00 3.98107E+00 6.30957E+00 9.99999E+00 1.58489E+00 2.51189E+00 3.98107E+00 6.30957E+00 9.99999E+00 1.58489E+01 1.58489E+00 2.51189E+00 3.98107E+00 6.30957E+00 9.99999E+00 1.58489E+01 2.51189E+01 2.51189E+00 3.98107E+00 6.30957E+00 9.99999E+00 1.58489E+01 2.51189E+01 3.98107E+00 6.30957E+00 9.99999E+00 1.58489E+01 2.51189E+01 3.98107E+01 6.30957E+00 9.99999E+00 1.58489E+01 2.51189E+01 3.98107E+01 6.30957E+01 
90000 
2.19866E-04 
2.18732E-04 
5.24190E-04 
2.17642E-04 
5.22992E-04 
2.16570E-04 
5.22590E-04 
1.28439E-03 
2.15629E-04 
5.22631E-04 
1.28599E-03 
3.24453E-03 
2.15016E-04 
5.23350E-04 
1.28987E-03 
3.24682E-03 
2.15078E-04 
5.25263E-04 
1.29671E-03 
3.25200E-03 
8.21860E-03 
2.15841E-04 
5.28360E-04 
1.30636E-03 
3.26219E-03 
8.22923E-03 
2.15716E-04 
5.29472E-04 
1.31114E-03 
3.26419E-03 
8.21416E-03 
2.07629E-02 
2.10980E-04 
5.20652E-04 
1.29278E-03 
3.21904E-03 
8.08365E-03 
2.03790E-02 
5.19771E-02 
5.00444E-04 
1.24895E-03 
3.11937E-03 
7.83206E-03 
1.97238E-02 
5.00959E-02 
1.21959E-03 
3.05560E-03 
7.67442E-03 
1.93126E-02 
4.88736E-02 
1.25746E-01 
3.04433E-03 
7.64202E-03 
1.92058E-02 
4.84323E-02 
1.23333E-01 
3.22915E-01 
---
