PdfType: replica
Format: lhagrid1
---
4.34963E-04 7.77181E-04 7.77181E-04 1.38865E-03 1.38865E-03 2.48120E-03 2.48120E-03 2.48120E-03 4.43334E-03 4.43334E-03 4.43334E-03 4.43334E-03 7.92137E-03 7.92137E-03 7.92137E-03 7.92137E-03 1.41537E-02 1.41537E-02 1.41537E-02 1.41537E-02 1.41537E-02 2.52895E-02 2.52895E-02 2.52895E-02 2.52895E-02 2.52895E-02 4.51866E-02 4.51866E-02 4.51866E-02 4.51866E-02 4.51866E-02 4.51866E-02 8.07383E-02 8.07383E-02 8.07383E-02 8.07383E-02 8.07383E-02 8.07383E-02 8.07383E-02 1.44261E-01 1.44261E-01 1.44261E-01 1.44261E-01 1.44261E-01 1.44261E-01 2.57762E-01 2.57762E-01 2.57762E-01 2.57762E-01 2.57762E-01 2.57762E-01 4.60562E-01 4.60562E-01 4.60562E-01 4.60562E-01 4.60562E-01 4.60562E-01 
1.58489E+00 1.58489E+00 2.51189E+00 1.58489E+00 2.51189E+00 1.58489E+00 2.51189E+00 3.98107E+00 1.58489E+00 2.51189E+00 3.98107E+00 6.30957E+00 1.58489E+00 2.51189E+00 3.98107E+00 6.30957E+00 1.58489E+00 2.51189E+00 3.98107E+00 6.30957E+00 9.99999E+00 1.58489E+00 2.51189E+00 3.98107E+00 6.30957E+00 9.99999E+00 1.58489E+00 2.51189E+00 3.98107E+00 6.30957E+00 9.99999E+00 1.58489E+01 1.58489E+00 2.51189E+00 3.98107E+00 6.30957E+00 9.99999E+00 1.58489E+01 2.51189E+01 2.51189E+00 3.98107E+00 6.30957E+00 9.99999E+00 1.58489E+01 2.51189E+01 3.98107E+00 6.30957E+00 9.99999E+00 1.58489E+01 2.51189E+01 3.98107E+01 6.30957E+00 9.99999E+00 1.58489E+01 2.51189E+01 3.98107E+01 6.30957E+01 
90000 
2.19783E-04 
2.18699E-04 
5.24266E-04 
2.17696E-04 
5.23265E-04 
2.16770E-04 
5.23183E-04 
1.28595E-03 
2.16057E-04 
5.23726E-04 
1.28866E-03 
3.25069E-03 
2.15786E-04 
5.25201E-04 
1.29423E-03 
3.25651E-03 
2.16319E-04 
5.28141E-04 
1.30338E-03 
3.26688E-03 
8.25343E-03 
2.17605E-04 
5.32345E-04 
1.31550E-03 
3.28296E-03 
8.27689E-03 
2.17775E-04 
5.34028E-04 
1.32154E-03 
3.28833E-03 
8.26972E-03 
2.08919E-02 
2.12740E-04 
5.24592E-04 
1.30195E-03 
3.24100E-03 
8.13540E-03 
2.05008E-02 
5.22531E-02 
5.03976E-04 
1.25756E-03 
3.14082E-03 
7.88494E-03 
1.98534E-02 
5.04048E-02 
1.23060E-03 
3.08208E-03 
7.73934E-03 
1.94725E-02 
4.92652E-02 
1.26680E-01 
3.06940E-03 
7.70178E-03 
1.93511E-02 
4.87863E-02 
1.24179E-01 
3.24785E-01 
---
