PdfType: replica
Format: lhagrid1
---
4.34963E-04 7.77181E-04 7.77181E-04 1.38865E-03 1.38865E-03 2.48120E-03 2.48120E-03 2.48120E-03 4.43334E-03 4.43334E-03 4.43334E-03 4.43334E-03 7.92137E-03 7.92137E-03 7.92137E-03 7.92137E-03 1.41537E-02 1.41537E-02 1.41537E-02 1.41537E-02 1.41537E-02 2.52895E-02 2.52895E-02 2.52895E-02 2.52895E-02 2.52895E-02 4.51866E-02 4.51866E-02 4.51866E-02 4.51866E-02 4.51866E-02 4.51866E-02 8.07383E-02 8.07383E-02 8.07383E-02 8.07383E-02 8.07383E-02 8.07383E-02 8.07383E-02 1.44261E-01 1.44261E-01 1.44261E-01 1.44261E-01 1.44261E-01 1.44261E-01 2.57762E-01 2.57762E-01 2.57762E-01 2.57762E-01 2.57762E-01 2.57762E-01 4.60562E-01 4.60562E-01 4.60562E-01 4.60562E-01 4.60562E-01 4.60562E-01 
1.58489E+00 1.58489E+00 2.51189E+00 1.58489E+00 2.51189E+00 1.58489E+00 2.51189E+00 3.98107E+00 1.58489E+00 2.51189E+00 3.98107E+00 6.30957E+00 1.58489E+00 2.51189E+00 3.98107E+00 6.30957E+00 1.58489E+00 2.51189E+00 3.98107E+00 6.30957E+00 9.99999E+00 1.58489E+00 2.51189E+00 3.98107E+00 6.30957E+00 9.99999E+00 1.58489E+00 2.51189E+00 3.98107E+00 6.30957E+00 9.99999E+00 1.58489E+01 1.58489E+00 2.51189E+00 3.98107E+00 6.30957E+00 9.99999E+00 1.58489E+01 2.51189E+01 2.51189E+00 3.98107E+00 6.30957E+00 9.99999E+00 1.58489E+01 2.51189E+01 3.98107E+00 6.30957E+00 9.99999E+00 1.58489E+01 2.51189E+01 3.98107E+01 6.30957E+00 9.99999E+00 1.58489E+01 2.51189E+01 3.98107E+01 6.30957E+01 
90000 
2.19275E-04 
2.18057E-04 
5.22885E-04 
2.16920E-04 
5.21653E-04 
2.15878E-04 
5.21356E-04 
1.28208E-03 
2.15093E-04 
5.21733E-04 
1.28441E-03 
3.24155E-03 
2.14813E-04 
5.23102E-04 
1.28965E-03 
3.24645E-03 
2.15370E-04 
5.25944E-04 
1.29842E-03 
3.25555E-03 
8.22731E-03 
2.16574E-04 
5.29928E-04 
1.31004E-03 
3.27035E-03 
8.24833E-03 
2.16542E-04 
5.31528E-04 
1.31629E-03 
3.27694E-03 
8.24467E-03 
2.08352E-02 
2.12046E-04 
5.23578E-04 
1.30035E-03 
3.23841E-03 
8.13139E-03 
2.04959E-02 
5.22552E-02 
5.05166E-04 
1.26042E-03 
3.14727E-03 
7.90068E-03 
1.98922E-02 
5.05050E-02 
1.23133E-03 
3.08370E-03 
7.74214E-03 
1.94769E-02 
4.92721E-02 
1.26698E-01 
3.06399E-03 
7.68734E-03 
1.93133E-02 
4.86899E-02 
1.23946E-01 
3.24314E-01 
---
