PdfType: replica
Format: lhagrid1
---
4.34963E-04 7.77181E-04 7.77181E-04 1.38865E-03 1.38865E-03 2.48120E-03 2.48120E-03 2.48120E-03 4.43334E-03 4.43334E-03 4.43334E-03 4.43334E-03 7.92137E-03 7.92137E-03 7.92137E-03 7.92137E-03 1.41537E-02 1.41537E-02 1.41537E-02 1.41537E-02 1.41537E-02 2.52895E-02 2.52895E-02 2.52895E-02 2.52895E-02 2.52895E-02 4.51866E-02 4.51866E-02 4.51866E-02 4.51866E-02 4.51866E-02 4.51866E-02 8.07383E-02 8.07383E-02 8.07383E-02 8.07383E-02 8.07383E-02 8.07383E-02 8.07383E-02 1.44261E-01 1.44261E-01 1.44261E-01 1.44261E-01 1.44261E-01 1.44261E-01 2.57762E-01 2.57762E-01 2.57762E-01 2.57762E-01 2.57762E-01 2.57762E-01 4.60562E-01 4.60562E-01 4.60562E-01 4.60562E-01 4.60562E-01 4.60562E-01 
1.58489E+00 1.58489E+00 2.51189E+00 1.58489E+00 2.51189E+00 1.58489E+00 2.51189E+00 3.98107E+00 1.58489E+00 2.51189E+00 3.98107E+00 6.30957E+00 1.58489E+00 2.51189E+00 3.98107E+00 6.30957E+00 1.58489E+00 2.51189E+00 3.98107E+00 6.30957E+00 9.99999E+00 1.58489E+00 2.51189E+00 3.98107E+00 6.30957E+00 9.99999E+00 1.58489E+00 2.51189E+00 3.98107E+00 6.30957E+00 9.99999E+00 1.58489E+01 1.58489E+00 2.51189E+00 3.98107E+00 6.30957E+00 9.99999E+00 1.58489E+01 2.51189E+01 2.51189E+00 3.98107E+00 6.30957E+00 9.99999E+00 1.58489E+01 2.51189E+01 3.98107E+00 6.30957E+00 9.99999E+00 1.58489E+01 2.51189E+01 3.98107E+01 6.30957E+00 9.99999E+00 1.58489E+01 2.51189E+01 3.98107E+01 6.30957E+01 
90000 
2.19643E-04 
2.18374E-04 
5.23584E-04 
2.17111E-04 
5.22195E-04 
2.15877E-04 
5.21607E-04 
1.28273E-03 
2.14886E-04 
5.21632E-04 
1.28444E-03 
3.24196E-03 
2.14534E-04 
5.22849E-04 
1.28944E-03 
3.24648E-03 
2.15423E-04 
5.26258E-04 
1.29938E-03 
3.25809E-03 
8.23548E-03 
2.17474E-04 
5.31709E-04 
1.31381E-03 
3.27863E-03 
8.26812E-03 
2.17678E-04 
5.33346E-04 
1.31923E-03 
3.28192E-03 
8.25263E-03 
2.08516E-02 
2.11051E-04 
5.20469E-04 
1.29183E-03 
3.21586E-03 
8.07472E-03 
2.03553E-02 
5.19126E-02 
4.99183E-04 
1.24716E-03 
3.11664E-03 
7.83085E-03 
1.97315E-02 
5.01330E-02 
1.23107E-03 
3.08555E-03 
7.74915E-03 
1.95002E-02 
4.93463E-02 
1.26945E-01 
3.08748E-03 
7.74888E-03 
1.94722E-02 
4.90964E-02 
1.24964E-01 
3.26728E-01 
---
