PdfType: replica
Format: lhagrid1
---
4.34963E-04 7.77181E-04 7.77181E-04 1.38865E-03 1.38865E-03 2.48120E-03 2.48120E-03 2.48120E-03 4.43334E-03 4.43334E-03 4.43334E-03 4.43334E-03 7.92137E-03 7.92137E-03 7.92137E-03 7.92137E-03 1.41537E-02 1.41537E-02 1.41537E-02 1.41537E-02 1.41537E-02 2.52895E-02 2.52895E-02 2.52895E-02 2.52895E-02 2.52895E-02 4.51866E-02 4.51866E-02 4.51866E-02 4.51866E-02 4.51866E-02 4.51866E-02 8.07383E-02 8.07383E-02 8.07383E-02 8.07383E-02 8.07383E-02 8.07383E-02 8.07383E-02 1.44261E-01 1.44261E-01 1.44261E-01 1.44261E-01 1.44261E-01 1.44261E-01 2.57762E-01 2.57762E-01 2.57762E-01 2.57762E-01 2.57762E-01 2.57762E-01 4.60562E-01 4.60562E-01 4.60562E-01 4.60562E-01 4.60562E-01 4.60562E-01 
1.58489E+00 1.58489E+00 2.51189E+00 1.58489E+00 2.51189E+00 1.58489E+00 2.51189E+00 3.98107E+00 1.58489E+00 2.51189E+00 3.98107E+00 6.30957E+00 1.58489E+00 2.51189E+00 3.98107E+00 6.30957E+00 1.58489E+00 2.51189E+00 3.98107E+00 6.30957E+00 9.99999E+00 1.58489E+00 2.51189E+00 3.98107E+00 6.30957E+00 9.99999E+00 1.58489E+00 2.51189E+00 3.98107E+00 6.30957E+00 9.99999E+00 1.58489E+01 1.58489E+00 2.51189E+00 3.98107E+00 6.30957E+00 9.99999E+00 1.58489E+01 2.51189E+01 2.51189E+00 3.98107E+00 6.30957E+00 9.99999E+00 1.58489E+01 2.51189E+01 3.98107E+00 6.30957E+00 9.99999E+00 1.58489E+01 2.51189E+01 3.98107E+01 6.30957E+00 9.99999E+00 1.58489E+01 2.51189E+01 3.98107E+01 6.30957E+01 
90000 
2.21419E-04 
2.20103E-04 
5.25875E-04 
2.18801E-04 
5.24455E-04 
2.17518E-04 
5.23904E-04 
1.28660E-03 
2.16435E-04 
5.23944E-04 
1.28845E-03 
3.24963E-03 
2.15860E-04 
5.24986E-04 
1.29330E-03 
3.25405E-03 
2.16263E-04 
5.27750E-04 
1.30218E-03 
3.26389E-03 
8.24442E-03 
2.17628E-04 
5.32123E-04 
1.31471E-03 
3.28078E-03 
8.27083E-03 
2.17832E-04 
5.33965E-04 
1.32120E-03 
3.28723E-03 
8.26673E-03 
2.08788E-02 
2.12667E-04 
5.24514E-04 
1.30191E-03 
3.24095E-03 
8.13595E-03 
2.05020E-02 
5.22473E-02 
5.04760E-04 
1.25971E-03 
3.14598E-03 
7.89821E-03 
1.98881E-02 
5.04848E-02 
1.23286E-03 
3.08733E-03 
7.75043E-03 
1.94980E-02 
4.93097E-02 
1.26795E-01 
3.05735E-03 
7.66947E-03 
1.92680E-02 
4.85610E-02 
1.23623E-01 
3.23559E-01 
---
