PdfType: replica
Format: lhagrid1
---
4.34963E-04 7.77181E-04 7.77181E-04 1.38865E-03 1.38865E-03 2.48120E-03 2.48120E-03 2.48120E-03 4.43334E-03 4.43334E-03 4.43334E-03 4.43334E-03 7.92137E-03 7.92137E-03 7.92137E-03 7.92137E-03 1.41537E-02 1.41537E-02 1.41537E-02 1.41537E-02 1.41537E-02 2.52895E-02 2.52895E-02 2.52895E-02 2.52895E-02 2.52895E-02 4.51866E-02 4.51866E-02 4.51866E-02 4.51866E-02 4.51866E-02 4.51866E-02 8.07383E-02 8.07383E-02 8.07383E-02 8.07383E-02 8.07383E-02 8.07383E-02 8.07383E-02 1.44261E-01 1.44261E-01 1.44261E-01 1.44261E-01 1.44261E-01 1.44261E-01 2.57762E-01 2.57762E-01 2.57762E-01 2.57762E-01 2.57762E-01 2.57762E-01 4.60562E-01 4.60562E-01 4.60562E-01 4.60562E-01 4.60562E-01 4.60562E-01 
1.58489E+00 1.58489E+00 2.51189E+00 1.58489E+00 2.51189E+00 1.58489E+00 2.51189E+00 3.98107E+00 1.58489E+00 2.51189E+00 3.98107E+00 6.30957E+00 1.58489E+00 2.51189E+00 3.98107E+00 6.30957E+00 1.58489E+00 2.51189E+00 3.98107E+00 6.30957E+00 9.99999E+00 1.58489E+00 2.51189E+00 3.98107E+00 6.30957E+00 9.99999E+00 1.58489E+00 2.51189E+00 3.98107E+00 6.30957E+00 9.99999E+00 1.58489E+01 1.58489E+00 2.51189E+00 3.98107E+00 6.30957E+00 9.99999E+00 1.58489E+01 2.51189E+01 2.51189E+00 3.98107E+00 6.30957E+00 9.99999E+00 1.58489E+01 2.51189E+01 3.98107E+00 6.30957E+00 9.99999E+00 1.58489E+01 2.51189E+01 3.98107E+01 6.30957E+00 9.99999E+00 1.58489E+01 2.51189E+01 3.98107E+01 6.30957E+01 
90000 
2.19322E-04 
2.18002E-04 
5.22936E-04 
2.16693E-04 
5.21392E-04 
2.15394E-04 
5.20601E-04 
1.28052E-03 
2.14270E-04 
5.20291E-04 
1.28145E-03 
3.23464E-03 
2.13613E-04 
5.20850E-04 
1.28495E-03 
3.23604E-03 
2.13854E-04 
5.22933E-04 
1.29193E-03 
3.24116E-03 
8.19348E-03 
2.14833E-04 
5.26166E-04 
1.30138E-03 
3.25045E-03 
8.20064E-03 
2.14115E-04 
5.25767E-04 
1.30224E-03 
3.24317E-03 
8.16184E-03 
2.06314E-02 
2.07832E-04 
5.13634E-04 
1.27655E-03 
3.18110E-03 
7.99373E-03 
2.01627E-02 
5.14404E-02 
4.95144E-04 
1.23763E-03 
3.09374E-03 
7.77572E-03 
1.95973E-02 
4.98038E-02 
1.22167E-03 
3.06147E-03 
7.68941E-03 
1.93512E-02 
4.89741E-02 
1.26018E-01 
3.05584E-03 
7.66821E-03 
1.92679E-02 
4.85831E-02 
1.23695E-01 
3.23739E-01 
---
