PdfType: replica
Format: lhagrid1
---
4.34963E-04 7.77181E-04 7.77181E-04 1.38865E-03 1.38865E-03 2.48120E-03 2.48120E-03 2.48120E-03 4.43334E-03 4.43334E-03 4.43334E-03 4.43334E-03 7.92137E-03 7.92137E-03 7.92137E-03 7.92137E-03 1.41537E-02 1.41537E-02 1.41537E-02 1.41537E-02 1.41537E-02 2.52895E-02 2.52895E-02 2.52895E-02 2.52895E-02 2.52895E-02 4.51866E-02 4.51866E-02 4.51866E-02 4.51866E-02 4.51866E-02 4.51866E-02 8.07383E-02 8.07383E-02 8.07383E-02 8.07383E-02 8.07383E-02 8.07383E-02 8.07383E-02 1.44261E-01 1.44261E-01 1.44261E-01 1.44261E-01 1.44261E-01 1.44261E-01 2.57762E-01 2.57762E-01 2.57762E-01 2.57762E-01 2.57762E-01 2.57762E-01 4.60562E-01 4.60562E-01 4.60562E-01 4.60562E-01 4.60562E-01 4.60562E-01 
1.58489E+00 1.58489E+00 2.51189E+00 1.58489E+00 2.51189E+00 1.58489E+00 2.51189E+00 3.98107E+00 1.58489E+00 2.51189E+00 3.98107E+00 6.30957E+00 1.58489E+00 2.51189E+00 3.98107E+00 6.30957E+00 1.58489E+00 2.51189E+00 3.98107E+00 6.30957E+00 9.99999E+00 1.58489E+00 2.51189E+00 3.98107E+00 6.30957E+00 9.99999E+00 1.58489E+00 2.51189E+00 3.98107E+00 6.30957E+00 9.99999E+00 1.58489E+01 1.58489E+00 2.51189E+00 3.98107E+00 6.30957E+00 9.99999E+00 1.58489E+01 2.51189E+01 2.51189E+00 3.98107E+00 6.30957E+00 9.99999E+00 1.58489E+01 2.51189E+01 3.98107E+00 6.30957E+00 9.99999E+00 1.58489E+01 2.51189E+01 3.98107E+01 6.30957E+00 9.99999E+00 1.58489E+01 2.51189E+01 3.98107E+01 6.30957E+01 
90000 
2.19696E-04 
2.18478E-04 
5.23660E-04 
2.17281E-04 
5.22311E-04 
2.16101E-04 
5.21766E-04 
1.28279E-03 
2.15111E-04 
5.21783E-04 
1.28443E-03 
3.24210E-03 
2.14654E-04 
5.22875E-04 
1.28922E-03 
3.24628E-03 
2.15346E-04 
5.26084E-04 
1.29895E-03 
3.25759E-03 
8.23303E-03 
2.17402E-04 
5.31754E-04 
1.31415E-03 
3.27984E-03 
8.27092E-03 
2.18437E-04 
5.35048E-04 
1.32328E-03 
3.29113E-03 
8.27539E-03 
2.09032E-02 
2.12822E-04 
5.24241E-04 
1.30043E-03 
3.23550E-03 
8.12127E-03 
2.04646E-02 
5.21595E-02 
5.02311E-04 
1.25433E-03 
3.13353E-03 
7.86971E-03 
1.98214E-02 
5.03397E-02 
1.23394E-03 
3.09198E-03 
7.76325E-03 
1.95314E-02 
4.94160E-02 
1.27103E-01 
3.07973E-03 
7.72716E-03 
1.94134E-02 
4.89398E-02 
1.24552E-01 
3.25656E-01 
---
