PdfType: replica
Format: lhagrid1
---
4.34963E-04 7.77181E-04 7.77181E-04 1.38865E-03 1.38865E-03 2.48120E-03 2.48120E-03 2.48120E-03 4.43334E-03 4.43334E-03 4.43334E-03 4.43334E-03 7.92137E-03 7.92137E-03 7.92137E-03 7.92137E-03 1.41537E-02 1.41537E-02 1.41537E-02 1.41537E-02 1.41537E-02 2.52895E-02 2.52895E-02 2.52895E-02 2.52895E-02 2.52895E-02 4.51866E-02 4.51866E-02 4.51866E-02 4.51866E-02 4.51866E-02 4.51866E-02 8.07383E-02 8.07383E-02 8.07383E-02 8.07383E-02 8.07383E-02 8.07383E-02 8.07383E-02 1.44261E-01 1.44261E-01 1.44261E-01 1.44261E-01 1.44261E-01 1.44261E-01 2.57762E-01 2.57762E-01 2.57762E-01 2.57762E-01 2.57762E-01 2.57762E-01 4.60562E-01 4.60562E-01 4.60562E-01 4.60562E-01 4.60562E-01 4.60562E-01 
1.58489E+00 1.58489E+00 2.51189E+00 1.58489E+00 2.51189E+00 1.58489E+00 2.51189E+00 3.98107E+00 1.58489E+00 2.51189E+00 3.98107E+00 6.30957E+00 1.58489E+00 2.51189E+00 3.98107E+00 6.30957E+00 1.58489E+00 2.51189E+00 3.98107E+00 6.30957E+00 9.99999E+00 1.58489E+00 2.51189E+00 3.98107E+00 6.30957E+00 9.99999E+00 1.58489E+00 2.51189E+00 3.98107E+00 6.30957E+00 9.99999E+00 1.58489E+01 1.58489E+00 2.51189E+00 3.98107E+00 6.30957E+00 9.99999E+00 1.58489E+01 2.51189E+01 2.51189E+00 3.98107E+00 6.30957E+00 9.99999E+00 1.58489E+01 2.51189E+01 3.98107E+00 6.30957E+00 9.99999E+00 1.58489E+01 2.51189E+01 3.98107E+01 6.30957E+00 9.99999E+00 1.58489E+01 2.51189E+01 3.98107E+01 6.30957E+01 
90000 
2.19737E-04 
2.18540E-04 
5.23797E-04 
2.17382E-04 
5.22553E-04 
2.16272E-04 
5.22150E-04 
1.28374E-03 
2.15379E-04 
5.22331E-04 
1.28568E-03 
3.24454E-03 
2.14988E-04 
5.23475E-04 
1.29044E-03 
3.24835E-03 
2.15503E-04 
5.26162E-04 
1.29876E-03 
3.25621E-03 
8.23024E-03 
2.16685E-04 
5.29852E-04 
1.30933E-03 
3.26787E-03 
8.24186E-03 
2.15996E-04 
5.29641E-04 
1.31086E-03 
3.26251E-03 
8.20726E-03 
2.07426E-02 
2.09464E-04 
5.17200E-04 
1.28467E-03 
3.20011E-03 
8.03743E-03 
2.02655E-02 
5.16923E-02 
4.96848E-04 
1.24132E-03 
3.10253E-03 
7.79516E-03 
1.96416E-02 
4.99079E-02 
1.22181E-03 
3.06187E-03 
7.69173E-03 
1.93596E-02 
4.90003E-02 
1.26092E-01 
3.06394E-03 
7.69113E-03 
1.93297E-02 
4.87437E-02 
1.24093E-01 
3.24595E-01 
---
