PdfType: replica
Format: lhagrid1
---
4.34963E-04 7.77181E-04 7.77181E-04 1.38865E-03 1.38865E-03 2.48120E-03 2.48120E-03 2.48120E-03 4.43334E-03 4.43334E-03 4.43334E-03 4.43334E-03 7.92137E-03 7.92137E-03 7.92137E-03 7.92137E-03 1.41537E-02 1.41537E-02 1.41537E-02 1.41537E-02 1.41537E-02 2.52895E-02 2.52895E-02 2.52895E-02 2.52895E-02 2.52895E-02 4.51866E-02 4.51866E-02 4.51866E-02 4.51866E-02 4.51866E-02 4.51866E-02 8.07383E-02 8.07383E-02 8.07383E-02 8.07383E-02 8.07383E-02 8.07383E-02 8.07383E-02 1.44261E-01 1.44261E-01 1.44261E-01 1.44261E-01 1.44261E-01 1.44261E-01 2.57762E-01 2.57762E-01 2.57762E-01 2.57762E-01 2.57762E-01 2.57762E-01 4.60562E-01 4.60562E-01 4.60562E-01 4.60562E-01 4.60562E-01 4.60562E-01 
1.58489E+00 1.58489E+00 2.51189E+00 1.58489E+00 2.51189E+00 1.58489E+00 2.51189E+00 3.98107E+00 1.58489E+00 2.51189E+00 3.98107E+00 6.30957E+00 1.58489E+00 2.51189E+00 3.98107E+00 6.30957E+00 1.58489E+00 2.51189E+00 3.98107E+00 6.30957E+00 9.99999E+00 1.58489E+00 2.51189E+00 3.98107E+00 6.30957E+00 9.99999E+00 1.58489E+00 2.51189E+00 3.98107E+00 6.30957E+00 9.99999E+00 1.58489E+01 1.58489E+00 2.51189E+00 3.98107E+00 6.30957E+00 9.99999E+00 1.58489E+01 2.51189E+01 2.51189E+00 3.98107E+00 6.30957E+00 9.99999E+00 1.58489E+01 2.51189E+01 3.98107E+00 6.30957E+00 9.99999E+00 1.58489E+01 2.51189E+01 3.98107E+01 6.30957E+00 9.99999E+00 1.58489E+01 2.51189E+01 3.98107E+01 6.30957E+01 
90000 
2.19830E-04 
2.18687E-04 
5.24223E-04 
2.17608E-04 
5.23074E-04 
2.16592E-04 
5.22814E-04 
1.28506E-03 
2.15791E-04 
5.23154E-04 
1.28730E-03 
3.24763E-03 
2.15447E-04 
5.24380E-04 
1.29222E-03 
3.25187E-03 
2.15891E-04 
5.26919E-04 
1.30024E-03 
3.25916E-03 
8.23448E-03 
2.16870E-04 
5.30223E-04 
1.31010E-03 
3.26942E-03 
8.24430E-03 
2.16174E-04 
5.30141E-04 
1.31227E-03 
3.26601E-03 
8.21629E-03 
2.07622E-02 
2.10345E-04 
5.19363E-04 
1.29001E-03 
3.21323E-03 
8.06923E-03 
2.03419E-02 
5.18712E-02 
4.99891E-04 
1.24794E-03 
3.11770E-03 
7.82899E-03 
1.97177E-02 
5.00791E-02 
1.22166E-03 
3.05921E-03 
7.68161E-03 
1.93273E-02 
4.89040E-02 
1.25812E-01 
3.03472E-03 
7.61330E-03 
1.91272E-02 
4.82259E-02 
1.22809E-01 
3.21670E-01 
---
