PdfType: replica
Format: lhagrid1
---
4.34963E-04 7.77181E-04 7.77181E-04 1.38865E-03 1.38865E-03 2.48120E-03 2.48120E-03 2.48120E-03 4.43334E-03 4.43334E-03 4.43334E-03 4.43334E-03 7.92137E-03 7.92137E-03 7.92137E-03 7.92137E-03 1.41537E-02 1.41537E-02 1.41537E-02 1.41537E-02 1.41537E-02 2.52895E-02 2.52895E-02 2.52895E-02 2.52895E-02 2.52895E-02 4.51866E-02 4.51866E-02 4.51866E-02 4.51866E-02 4.51866E-02 4.51866E-02 8.07383E-02 8.07383E-02 8.07383E-02 8.07383E-02 8.07383E-02 8.07383E-02 8.07383E-02 1.44261E-01 1.44261E-01 1.44261E-01 1.44261E-01 1.44261E-01 1.44261E-01 2.57762E-01 2.57762E-01 2.57762E-01 2.57762E-01 2.57762E-01 2.57762E-01 4.60562E-01 4.60562E-01 4.60562E-01 4.60562E-01 4.60562E-01 4.60562E-01 
1.58489E+00 1.58489E+00 2.51189E+00 1.58489E+00 2.51189E+00 1.58489E+00 2.51189E+00 3.98107E+00 1.58489E+00 2.51189E+00 3.98107E+00 6.30957E+00 1.58489E+00 2.51189E+00 3.98107E+00 6.30957E+00 1.58489E+00 2.51189E+00 3.98107E+00 6.30957E+00 9.99999E+00 1.58489E+00 2.51189E+00 3.98107E+00 6.30957E+00 9.99999E+00 1.58489E+00 2.51189E+00 3.98107E+00 6.30957E+00 9.99999E+00 1.58489E+01 1.58489E+00 2.51189E+00 3.98107E+00 6.30957E+00 9.99999E+00 1.58489E+01 2.51189E+01 2.51189E+00 3.98107E+00 6.30957E+00 9.99999E+00 1.58489E+01 2.51189E+01 3.98107E+00 6.30957E+00 9.99999E+00 1.58489E+01 2.51189E+01 3.98107E+01 6.30957E+00 9.99999E+00 1.58489E+01 2.51189E+01 3.98107E+01 6.30957E+01 
90000 
2.19451E-04 
2.18284E-04 
5.23324E-04 
2.17200E-04 
5.22190E-04 
2.16206E-04 
5.21988E-04 
1.28333E-03 
2.15469E-04 
5.22475E-04 
1.28594E-03 
3.24440E-03 
2.15262E-04 
5.24037E-04 
1.29167E-03 
3.25064E-03 
2.15981E-04 
5.27279E-04 
1.30137E-03 
3.26208E-03 
8.24205E-03 
2.17482E-04 
5.31830E-04 
1.31409E-03 
3.27918E-03 
8.26774E-03 
2.17495E-04 
5.33155E-04 
1.31917E-03 
3.28209E-03 
8.25391E-03 
2.08528E-02 
2.11805E-04 
5.22334E-04 
1.29645E-03 
3.22730E-03 
8.10201E-03 
2.04200E-02 
5.20632E-02 
5.01183E-04 
1.25110E-03 
3.12526E-03 
7.84813E-03 
1.97664E-02 
5.02034E-02 
1.22739E-03 
3.07527E-03 
7.72333E-03 
1.94352E-02 
4.91814E-02 
1.26515E-01 
3.07521E-03 
7.71801E-03 
1.93956E-02 
4.89073E-02 
1.24509E-01 
3.25709E-01 
---
