PdfType: replica
Format: lhagrid1
---
4.34963E-04 7.77181E-04 7.77181E-04 1.38865E-03 1.38865E-03 2.48120E-03 2.48120E-03 2.48120E-03 4.43334E-03 4.43334E-03 4.43334E-03 4.43334E-03 7.92137E-03 7.92137E-03 7.92137E-03 7.92137E-03 1.41537E-02 1.41537E-02 1.41537E-02 1.41537E-02 1.41537E-02 2.52895E-02 2.52895E-02 2.52895E-02 2.52895E-02 2.52895E-02 4.51866E-02 4.51866E-02 4.51866E-02 4.51866E-02 4.51866E-02 4.51866E-02 8.07383E-02 8.07383E-02 8.07383E-02 8.07383E-02 8.07383E-02 8.07383E-02 8.07383E-02 1.44261E-01 1.44261E-01 1.44261E-01 1.44261E-01 1.44261E-01 1.44261E-01 2.57762E-01 2.57762E-01 2.57762E-01 2.57762E-01 2.57762E-01 2.57762E-01 4.60562E-01 4.60562E-01 4.60562E-01 4.60562E-01 4.60562E-01 4.60562E-01 
1.58489E+00 1.58489E+00 2.51189E+00 1.58489E+00 2.51189E+00 1.58489E+00 2.51189E+00 3.98107E+00 1.58489E+00 2.51189E+00 3.98107E+00 6.30957E+00 1.58489E+00 2.51189E+00 3.98107E+00 6.30957E+00 1.58489E+00 2.51189E+00 3.98107E+00 6.30957E+00 9.99999E+00 1.58489E+00 2.51189E+00 3.98107E+00 6.30957E+00 9.99999E+00 1.58489E+00 2.51189E+00 3.98107E+00 6.30957E+00 9.99999E+00 1.58489E+01 1.58489E+00 2.51189E+00 3.98107E+00 6.30957E+00 9.99999E+00 1.58489E+01 2.51189E+01 2.51189E+00 3.98107E+00 6.30957E+00 9.99999E+00 1.58489E+01 2.51189E+01 3.98107E+00 6.30957E+00 9.99999E+00 1.58489E+01 2.51189E+01 3.98107E+01 6.30957E+00 9.99999E+00 1.58489E+01 2.51189E+01 3.98107E+01 6.30957E+01 
90000 
2.19562E-04 
2.18443E-04 
5.23605E-04 
2.17411E-04 
5.22502E-04 
2.16453E-04 
5.22301E-04 
1.28378E-03 
2.15686E-04 
5.22661E-04 
1.28600E-03 
3.24450E-03 
2.15280E-04 
5.23760E-04 
1.29061E-03 
3.24814E-03 
2.15468E-04 
5.25871E-04 
1.29777E-03 
3.25383E-03 
8.22111E-03 
2.16017E-04 
5.28524E-04 
1.30644E-03 
3.26191E-03 
8.22667E-03 
2.15267E-04 
5.28523E-04 
1.30903E-03 
3.25957E-03 
8.20261E-03 
2.07294E-02 
2.10382E-04 
5.19645E-04 
1.29096E-03 
3.21572E-03 
8.07723E-03 
2.03640E-02 
5.19215E-02 
5.01486E-04 
1.25173E-03 
3.12640E-03 
7.85049E-03 
1.97703E-02 
5.02059E-02 
1.22404E-03 
3.06577E-03 
7.69864E-03 
1.93709E-02 
4.90141E-02 
1.26080E-01 
3.05052E-03 
7.65296E-03 
1.92277E-02 
4.84798E-02 
1.23444E-01 
3.23211E-01 
---
