PdfType: replica
Format: lhagrid1
---
4.34963E-04 7.77181E-04 7.77181E-04 1.38865E-03 1.38865E-03 2.48120E-03 2.48120E-03 2.48120E-03 4.43334E-03 4.43334E-03 4.43334E-03 4.43334E-03 7.92137E-03 7.92137E-03 7.92137E-03 7.92137E-03 1.41537E-02 1.41537E-02 1.41537E-02 1.41537E-02 1.41537E-02 2.52895E-02 2.52895E-02 2.52895E-02 2.52895E-02 2.52895E-02 4.51866E-02 4.51866E-02 4.51866E-02 4.51866E-02 4.51866E-02 4.51866E-02 8.07383E-02 8.07383E-02 8.07383E-02 8.07383E-02 8.07383E-02 8.07383E-02 8.07383E-02 1.44261E-01 1.44261E-01 1.44261E-01 1.44261E-01 1.44261E-01 1.44261E-01 2.57762E-01 2.57762E-01 2.57762E-01 2.57762E-01 2.57762E-01 2.57762E-01 4.60562E-01 4.60562E-01 4.60562E-01 4.60562E-01 4.60562E-01 4.60562E-01 
1.58489E+00 1.58489E+00 2.51189E+00 1.58489E+00 2.51189E+00 1.58489E+00 2.51189E+00 3.98107E+00 1.58489E+00 2.51189E+00 3.98107E+00 6.30957E+00 1.58489E+00 2.51189E+00 3.98107E+00 6.30957E+00 1.58489E+00 2.51189E+00 3.98107E+00 6.30957E+00 9.99999E+00 1.58489E+00 2.51189E+00 3.98107E+00 6.30957E+00 9.99999E+00 1.58489E+00 2.51189E+00 3.98107E+00 6.30957E+00 9.99999E+00 1.58489E+01 1.58489E+00 2.51189E+00 3.98107E+00 6.30957E+00 9.99999E+00 1.58489E+01 2.51189E+01 2.51189E+00 3.98107E+00 6.30957E+00 9.99999E+00 1.58489E+01 2.51189E+01 3.98107E+00 6.30957E+00 9.99999E+00 1.58489E+01 2.51189E+01 3.98107E+01 6.30957E+00 9.99999E+00 1.58489E+01 2.51189E+01 3.98107E+01 6.30957E+01 
90000 
2.19740E-04 
2.18606E-04 
5.24091E-04 
2.17543E-04 
5.23020E-04 
2.16568E-04 
5.22885E-04 
1.28527E-03 
2.15870E-04 
5.23466E-04 
1.28810E-03 
3.24924E-03 
2.15763E-04 
5.25190E-04 
1.29415E-03 
3.25613E-03 
2.16664E-04 
5.28644E-04 
1.30416E-03 
3.26800E-03 
8.25477E-03 
2.18244E-04 
5.33121E-04 
1.31649E-03 
3.28396E-03 
8.27761E-03 
2.17709E-04 
5.33330E-04 
1.31917E-03 
3.28177E-03 
8.25190E-03 
2.08451E-02 
2.11097E-04 
5.20912E-04 
1.29335E-03 
3.22073E-03 
8.08690E-03 
2.03844E-02 
5.19743E-02 
5.00475E-04 
1.25000E-03 
3.12340E-03 
7.84611E-03 
1.97663E-02 
5.02118E-02 
1.22970E-03 
3.08123E-03 
7.73893E-03 
1.94750E-02 
4.92814E-02 
1.26765E-01 
3.07914E-03 
7.72738E-03 
1.94175E-02 
4.89574E-02 
1.24611E-01 
3.25818E-01 
---
