PdfType: replica
Format: lhagrid1
---
4.34963E-04 7.77181E-04 7.77181E-04 1.38865E-03 1.38865E-03 2.48120E-03 2.48120E-03 2.48120E-03 4.43334E-03 4.43334E-03 4.43334E-03 4.43334E-03 7.92137E-03 7.92137E-03 7.92137E-03 7.92137E-03 1.41537E-02 1.41537E-02 1.41537E-02 1.41537E-02 1.41537E-02 2.52895E-02 2.52895E-02 2.52895E-02 2.52895E-02 2.52895E-02 4.51866E-02 4.51866E-02 4.51866E-02 4.51866E-02 4.51866E-02 4.51866E-02 8.07383E-02 8.07383E-02 8.07383E-02 8.07383E-02 8.07383E-02 8.07383E-02 8.07383E-02 1.44261E-01 1.44261E-01 1.44261E-01 1.44261E-01 1.44261E-01 1.44261E-01 2.57762E-01 2.57762E-01 2.57762E-01 2.57762E-01 2.57762E-01 2.57762E-01 4.60562E-01 4.60562E-01 4.60562E-01 4.60562E-01 4.60562E-01 4.60562E-01 
1.58489E+00 1.58489E+00 2.51189E+00 1.58489E+00 2.51189E+00 1.58489E+00 2.51189E+00 3.98107E+00 1.58489E+00 2.51189E+00 3.98107E+00 6.30957E+00 1.58489E+00 2.51189E+00 3.98107E+00 6.30957E+00 1.58489E+00 2.51189E+00 3.98107E+00 6.30957E+00 9.99999E+00 1.58489E+00 2.51189E+00 3.98107E+00 6.30957E+00 9.99999E+00 1.58489E+00 2.51189E+00 3.98107E+00 6.30957E+00 9.99999E+00 1.58489E+01 1.58489E+00 2.51189E+00 3.98107E+00 6.30957E+00 9.99999E+00 1.58489E+01 2.51189E+01 2.51189E+00 3.98107E+00 6.30957E+00 9.99999E+00 1.58489E+01 2.51189E+01 3.98107E+00 6.30957E+00 9.99999E+00 1.58489E+01 2.51189E+01 3.98107E+01 6.30957E+00 9.99999E+00 1.58489E+01 2.51189E+01 3.98107E+01 6.30957E+01 
90000 
2.19640E-04 
2.18508E-04 
5.23778E-04 
2.17437E-04 
5.22650E-04 
2.16423E-04 
5.22388E-04 
1.28409E-03 
2.15625E-04 
5.22739E-04 
1.28642E-03 
3.24540E-03 
2.15331E-04 
5.24131E-04 
1.29180E-03 
3.25098E-03 
2.15997E-04 
5.27272E-04 
1.30128E-03 
3.26196E-03 
8.24197E-03 
2.17490E-04 
5.31736E-04 
1.31365E-03 
3.27805E-03 
8.26445E-03 
2.17173E-04 
5.32186E-04 
1.31647E-03 
3.27530E-03 
8.23625E-03 
2.08074E-02 
2.10488E-04 
5.19250E-04 
1.28909E-03 
3.20987E-03 
8.06034E-03 
2.03191E-02 
5.18130E-02 
4.98353E-04 
1.24495E-03 
3.11128E-03 
7.81668E-03 
1.96945E-02 
5.00370E-02 
1.22591E-03 
3.07149E-03 
7.71404E-03 
1.94120E-02 
4.91253E-02 
1.26397E-01 
3.06279E-03 
7.68535E-03 
1.93104E-02 
4.86891E-02 
1.23965E-01 
3.24465E-01 
---
