PdfType: replica
Format: lhagrid1
---
4.34963E-04 7.77181E-04 7.77181E-04 1.38865E-03 1.38865E-03 2.48120E-03 2.48120E-03 2.48120E-03 4.43334E-03 4.43334E-03 4.43334E-03 4.43334E-03 7.92137E-03 7.92137E-03 7.92137E-03 7.92137E-03 1.41537E-02 1.41537E-02 1.41537E-02 1.41537E-02 1.41537E-02 2.52895E-02 2.52895E-02 2.52895E-02 2.52895E-02 2.52895E-02 4.51866E-02 4.51866E-02 4.51866E-02 4.51866E-02 4.51866E-02 4.51866E-02 8.07383E-02 8.07383E-02 8.07383E-02 8.07383E-02 8.07383E-02 8.07383E-02 8.07383E-02 1.44261E-01 1.44261E-01 1.44261E-01 1.44261E-01 1.44261E-01 1.44261E-01 2.57762E-01 2.57762E-01 2.57762E-01 2.57762E-01 2.57762E-01 2.57762E-01 4.60562E-01 4.60562E-01 4.60562E-01 4.60562E-01 4.60562E-01 4.60562E-01 
1.58489E+00 1.58489E+00 2.51189E+00 1.58489E+00 2.51189E+00 1.58489E+00 2.51189E+00 3.98107E+00 1.58489E+00 2.51189E+00 3.98107E+00 6.30957E+00 1.58489E+00 2.51189E+00 3.98107E+00 6.30957E+00 1.58489E+00 2.51189E+00 3.98107E+00 6.30957E+00 9.99999E+00 1.58489E+00 2.51189E+00 3.98107E+00 6.30957E+00 9.99999E+00 1.58489E+00 2.51189E+00 3.98107E+00 6.30957E+00 9.99999E+00 1.58489E+01 1.58489E+00 2.51189E+00 3.98107E+00 6.30957E+00 9.99999E+00 1.58489E+01 2.51189E+01 2.51189E+00 3.98107E+00 6.30957E+00 9.99999E+00 1.58489E+01 2.51189E+01 3.98107E+00 6.30957E+00 9.99999E+00 1.58489E+01 2.51189E+01 3.98107E+01 6.30957E+00 9.99999E+00 1.58489E+01 2.51189E+01 3.98107E+01 6.30957E+01 
90000 
2.20701E-04 
2.19407E-04 
5.24838E-04 
2.18173E-04 
5.23495E-04 
2.17012E-04 
5.23102E-04 
1.28526E-03 
2.16083E-04 
5.23342E-04 
1.28739E-03 
3.24753E-03 
2.15601E-04 
5.24437E-04 
1.29216E-03 
3.25126E-03 
2.15796E-04 
5.26655E-04 
1.29968E-03 
3.25776E-03 
8.23042E-03 
2.16333E-04 
5.29379E-04 
1.30862E-03 
3.26700E-03 
8.23827E-03 
2.15434E-04 
5.29244E-04 
1.31114E-03 
3.26549E-03 
8.21654E-03 
2.07626E-02 
2.10594E-04 
5.20606E-04 
1.29386E-03 
3.22410E-03 
8.09856E-03 
2.04179E-02 
5.20555E-02 
5.04110E-04 
1.25838E-03 
3.14307E-03 
7.89261E-03 
1.98764E-02 
5.04725E-02 
1.23199E-03 
3.08536E-03 
7.74721E-03 
1.94915E-02 
4.93134E-02 
1.26815E-01 
3.07266E-03 
7.71204E-03 
1.93813E-02 
4.88718E-02 
1.24411E-01 
3.25367E-01 
---
