PdfType: replica
Format: lhagrid1
---
4.34963E-04 7.77181E-04 7.77181E-04 1.38865E-03 1.38865E-03 2.48120E-03 2.48120E-03 2.48120E-03 4.43334E-03 4.43334E-03 4.43334E-03 4.43334E-03 7.92137E-03 7.92137E-03 7.92137E-03 7.92137E-03 1.41537E-02 1.41537E-02 1.41537E-02 1.41537E-02 1.41537E-02 2.52895E-02 2.52895E-02 2.52895E-02 2.52895E-02 2.52895E-02 4.51866E-02 4.51866E-02 4.51866E-02 4.51866E-02 4.51866E-02 4.51866E-02 8.07383E-02 8.07383E-02 8.07383E-02 8.07383E-02 8.07383E-02 8.07383E-02 8.07383E-02 1.44261E-01 1.44261E-01 1.44261E-01 1.44261E-01 1.44261E-01 1.44261E-01 2.57762E-01 2.57762E-01 2.57762E-01 2.57762E-01 2.57762E-01 2.57762E-01 4.60562E-01 4.60562E-01 4.60562E-01 4.60562E-01 4.60562E-01 4.60562E-01 
1.58489E+00 1.58489E+00 2.51189E+00 1.58489E+00 2.51189E+00 1.58489E+00 2.51189E+00 3.98107E+00 1.58489E+00 2.51189E+00 3.98107E+00 6.30957E+00 1.58489E+00 2.51189E+00 3.98107E+00 6.30957E+00 1.58489E+00 2.51189E+00 3.98107E+00 6.30957E+00 9.99999E+00 1.58489E+00 2.51189E+00 3.98107E+00 6.30957E+00 9.99999E+00 1.58489E+00 2.51189E+00 3.98107E+00 6.30957E+00 9.99999E+00 1.58489E+01 1.58489E+00 2.51189E+00 3.98107E+00 6.30957E+00 9.99999E+00 1.58489E+01 2.51189E+01 2.51189E+00 3.98107E+00 6.30957E+00 9.99999E+00 1.58489E+01 2.51189E+01 3.98107E+00 6.30957E+00 9.99999E+00 1.58489E+01 2.51189E+01 3.98107E+01 6.30957E+00 9.99999E+00 1.58489E+01 2.51189E+01 3.98107E+01 6.30957E+01 
90000 
2.18941E-04 
2.17639E-04 
5.22192E-04 
2.16399E-04 
5.20770E-04 
2.15229E-04 
5.20213E-04 
1.27985E-03 
2.14287E-04 
5.20255E-04 
1.28146E-03 
3.23502E-03 
2.13822E-04 
5.21225E-04 
1.28583E-03 
3.23808E-03 
2.14184E-04 
5.23648E-04 
1.29363E-03 
3.24510E-03 
8.20347E-03 
2.15213E-04 
5.27211E-04 
1.30414E-03 
3.25731E-03 
8.21780E-03 
2.14951E-04 
5.28099E-04 
1.30840E-03 
3.25881E-03 
8.20113E-03 
2.07293E-02 
2.09994E-04 
5.18952E-04 
1.28958E-03 
3.21316E-03 
8.07150E-03 
2.03520E-02 
5.19018E-02 
5.01269E-04 
1.25183E-03 
3.12762E-03 
7.85604E-03 
1.97891E-02 
5.02624E-02 
1.22975E-03 
3.08032E-03 
7.73495E-03 
1.94611E-02 
4.92369E-02 
1.26620E-01 
3.06228E-03 
7.68292E-03 
1.93016E-02 
4.86581E-02 
1.23852E-01 
3.23987E-01 
---
