PdfType: replica
Format: lhagrid1
---
4.34963E-04 7.77181E-04 7.77181E-04 1.38865E-03 1.38865E-03 2.48120E-03 2.48120E-03 2.48120E-03 4.43334E-03 4.43334E-03 4.43334E-03 4.43334E-03 7.92137E-03 7.92137E-03 7.92137E-03 7.92137E-03 1.41537E-02 1.41537E-02 1.41537E-02 1.41537E-02 1.41537E-02 2.52895E-02 2.52895E-02 2.52895E-02 2.52895E-02 2.52895E-02 4.51866E-02 4.51866E-02 4.51866E-02 4.51866E-02 4.51866E-02 4.51866E-02 8.07383E-02 8.07383E-02 8.07383E-02 8.07383E-02 8.07383E-02 8.07383E-02 8.07383E-02 1.44261E-01 1.44261E-01 1.44261E-01 1.44261E-01 1.44261E-01 1.44261E-01 2.57762E-01 2.57762E-01 2.57762E-01 2.57762E-01 2.57762E-01 2.57762E-01 4.60562E-01 4.60562E-01 4.60562E-01 4.60562E-01 4.60562E-01 4.60562E-01 
1.58489E+00 1.58489E+00 2.51189E+00 1.58489E+00 2.51189E+00 1.58489E+00 2.51189E+00 3.98107E+00 1.58489E+00 2.51189E+00 3.98107E+00 6.30957E+00 1.58489E+00 2.51189E+00 3.98107E+00 6.30957E+00 1.58489E+00 2.51189E+00 3.98107E+00 6.30957E+00 9.99999E+00 1.58489E+00 2.51189E+00 3.98107E+00 6.30957E+00 9.99999E+00 1.58489E+00 2.51189E+00 3.98107E+00 6.30957E+00 9.99999E+00 1.58489E+01 1.58489E+00 2.51189E+00 3.98107E+00 6.30957E+00 9.99999E+00 1.58489E+01 2.51189E+01 2.51189E+00 3.98107E+00 6.30957E+00 9.99999E+00 1.58489E+01 2.51189E+01 3.98107E+00 6.30957E+00 9.99999E+00 1.58489E+01 2.51189E+01 3.98107E+01 6.30957E+00 9.99999E+00 1.58489E+01 2.51189E+01 3.98107E+01 6.30957E+01 
90000 
2.19537E-04 
2.18384E-04 
5.23673E-04 
2.17311E-04 
5.22579E-04 
2.16327E-04 
5.22416E-04 
1.28443E-03 
2.15587E-04 
5.22912E-04 
1.28705E-03 
3.24722E-03 
2.15320E-04 
5.24344E-04 
1.29246E-03 
3.25262E-03 
2.15811E-04 
5.27057E-04 
1.30091E-03 
3.26113E-03 
8.23944E-03 
2.16770E-04 
5.30396E-04 
1.31089E-03 
3.27200E-03 
8.25050E-03 
2.16146E-04 
5.30426E-04 
1.31331E-03 
3.26914E-03 
8.22458E-03 
2.07843E-02 
2.10766E-04 
5.20504E-04 
1.29306E-03 
3.22077E-03 
8.08942E-03 
2.03951E-02 
5.20103E-02 
5.02474E-04 
1.25463E-03 
3.13450E-03 
7.87167E-03 
1.98258E-02 
5.03531E-02 
1.23147E-03 
3.08467E-03 
7.74542E-03 
1.94873E-02 
4.93046E-02 
1.26807E-01 
3.07058E-03 
7.70449E-03 
1.93573E-02 
4.88012E-02 
1.24220E-01 
3.24936E-01 
---
