PdfType: replica
Format: lhagrid1
---
4.34963E-04 7.77181E-04 7.77181E-04 1.38865E-03 1.38865E-03 2.48120E-03 2.48120E-03 2.48120E-03 4.43334E-03 4.43334E-03 4.43334E-03 4.43334E-03 7.92137E-03 7.92137E-03 7.92137E-03 7.92137E-03 1.41537E-02 1.41537E-02 1.41537E-02 1.41537E-02 1.41537E-02 2.52895E-02 2.52895E-02 2.52895E-02 2.52895E-02 2.52895E-02 4.51866E-02 4.51866E-02 4.51866E-02 4.51866E-02 4.51866E-02 4.51866E-02 8.07383E-02 8.07383E-02 8.07383E-02 8.07383E-02 8.07383E-02 8.07383E-02 8.07383E-02 1.44261E-01 1.44261E-01 1.44261E-01 1.44261E-01 1.44261E-01 1.44261E-01 2.57762E-01 2.57762E-01 2.57762E-01 2.57762E-01 2.57762E-01 2.57762E-01 4.60562E-01 4.60562E-01 4.60562E-01 4.60562E-01 4.60562E-01 4.60562E-01 
1.58489E+00 1.58489E+00 2.51189E+00 1.58489E+00 2.51189E+00 1.58489E+00 2.51189E+00 3.98107E+00 1.58489E+00 2.51189E+00 3.98107E+00 6.30957E+00 1.58489E+00 2.51189E+00 3.98107E+00 6.30957E+00 1.58489E+00 2.51189E+00 3.98107E+00 6.30957E+00 9.99999E+00 1.58489E+00 2.51189E+00 3.98107E+00 6.30957E+00 9.99999E+00 1.58489E+00 2.51189E+00 3.98107E+00 6.30957E+00 9.99999E+00 1.58489E+01 1.58489E+00 2.51189E+00 3.98107E+00 6.30957E+00 9.99999E+00 1.58489E+01 2.51189E+01 2.51189E+00 3.98107E+00 6.30957E+00 9.99999E+00 1.58489E+01 2.51189E+01 3.98107E+00 6.30957E+00 9.99999E+00 1.58489E+01 2.51189E+01 3.98107E+01 6.30957E+00 9.99999E+00 1.58489E+01 2.51189E+01 3.98107E+01 6.30957E+01 
90000 
2.20026E-04 
2.18910E-04 
5.24472E-04 
2.17866E-04 
5.23391E-04 
2.16906E-04 
5.23250E-04 
1.28580E-03 
2.16203E-04 
5.23812E-04 
1.28856E-03 
3.25034E-03 
2.16040E-04 
5.25461E-04 
1.29446E-03 
3.25691E-03 
2.16791E-04 
5.28728E-04 
1.30418E-03 
3.26827E-03 
8.25626E-03 
2.18170E-04 
5.32991E-04 
1.31622E-03 
3.28378E-03 
8.27785E-03 
2.17741E-04 
5.33470E-04 
1.31951E-03 
3.28260E-03 
8.25442E-03 
2.08533E-02 
2.11632E-04 
5.21811E-04 
1.29498E-03 
3.22338E-03 
8.09257E-03 
2.03972E-02 
5.20085E-02 
5.00398E-04 
1.24906E-03 
3.11969E-03 
7.83482E-03 
1.97344E-02 
5.01273E-02 
1.22467E-03 
3.06877E-03 
7.70733E-03 
1.93957E-02 
4.90841E-02 
1.26279E-01 
3.06884E-03 
7.70338E-03 
1.93606E-02 
4.88216E-02 
1.24291E-01 
3.25075E-01 
---
