PdfType: replica
Format: lhagrid1
---
4.34963E-04 7.77181E-04 7.77181E-04 1.38865E-03 1.38865E-03 2.48120E-03 2.48120E-03 2.48120E-03 4.43334E-03 4.43334E-03 4.43334E-03 4.43334E-03 7.92137E-03 7.92137E-03 7.92137E-03 7.92137E-03 1.41537E-02 1.41537E-02 1.41537E-02 1.41537E-02 1.41537E-02 2.52895E-02 2.52895E-02 2.52895E-02 2.52895E-02 2.52895E-02 4.51866E-02 4.51866E-02 4.51866E-02 4.51866E-02 4.51866E-02 4.51866E-02 8.07383E-02 8.07383E-02 8.07383E-02 8.07383E-02 8.07383E-02 8.07383E-02 8.07383E-02 1.44261E-01 1.44261E-01 1.44261E-01 1.44261E-01 1.44261E-01 1.44261E-01 2.57762E-01 2.57762E-01 2.57762E-01 2.57762E-01 2.57762E-01 2.57762E-01 4.60562E-01 4.60562E-01 4.60562E-01 4.60562E-01 4.60562E-01 4.60562E-01 
1.58489E+00 1.58489E+00 2.51189E+00 1.58489E+00 2.51189E+00 1.58489E+00 2.51189E+00 3.98107E+00 1.58489E+00 2.51189E+00 3.98107E+00 6.30957E+00 1.58489E+00 2.51189E+00 3.98107E+00 6.30957E+00 1.58489E+00 2.51189E+00 3.98107E+00 6.30957E+00 9.99999E+00 1.58489E+00 2.51189E+00 3.98107E+00 6.30957E+00 9.99999E+00 1.58489E+00 2.51189E+00 3.98107E+00 6.30957E+00 9.99999E+00 1.58489E+01 1.58489E+00 2.51189E+00 3.98107E+00 6.30957E+00 9.99999E+00 1.58489E+01 2.51189E+01 2.51189E+00 3.98107E+00 6.30957E+00 9.99999E+00 1.58489E+01 2.51189E+01 3.98107E+00 6.30957E+00 9.99999E+00 1.58489E+01 2.51189E+01 3.98107E+01 6.30957E+00 9.99999E+00 1.58489E+01 2.51189E+01 3.98107E+01 6.30957E+01 
90000 
2.19391E-04 
2.18255E-04 
5.23303E-04 
2.17214E-04 
5.22221E-04 
2.16266E-04 
5.22078E-04 
1.28344E-03 
2.15557E-04 
5.22600E-04 
1.28610E-03 
3.24446E-03 
2.15321E-04 
5.24103E-04 
1.29169E-03 
3.25054E-03 
2.15913E-04 
5.27093E-04 
1.30083E-03 
3.26080E-03 
8.23801E-03 
2.17194E-04 
5.31164E-04 
1.31247E-03 
3.27536E-03 
8.25834E-03 
2.17048E-04 
5.32106E-04 
1.31676E-03 
3.27636E-03 
8.24087E-03 
2.08218E-02 
2.11456E-04 
5.21652E-04 
1.29510E-03 
3.22469E-03 
8.09645E-03 
2.04081E-02 
5.20405E-02 
5.01300E-04 
1.25132E-03 
3.12622E-03 
7.84927E-03 
1.97674E-02 
5.02066E-02 
1.22459E-03 
3.06656E-03 
7.69999E-03 
1.93739E-02 
4.90231E-02 
1.26119E-01 
3.04481E-03 
7.63802E-03 
1.91887E-02 
4.83785E-02 
1.23176E-01 
3.22467E-01 
---
