PdfType: replica
Format: lhagrid1
---
4.34963E-04 7.77181E-04 7.77181E-04 1.38865E-03 1.38865E-03 2.48120E-03 2.48120E-03 2.48120E-03 4.43334E-03 4.43334E-03 4.43334E-03 4.43334E-03 7.92137E-03 7.92137E-03 7.92137E-03 7.92137E-03 1.41537E-02 1.41537E-02 1.41537E-02 1.41537E-02 1.41537E-02 2.52895E-02 2.52895E-02 2.52895E-02 2.52895E-02 2.52895E-02 4.51866E-02 4.51866E-02 4.51866E-02 4.51866E-02 4.51866E-02 4.51866E-02 8.07383E-02 8.07383E-02 8.07383E-02 8.07383E-02 8.07383E-02 8.07383E-02 8.07383E-02 1.44261E-01 1.44261E-01 1.44261E-01 1.44261E-01 1.44261E-01 1.44261E-01 2.57762E-01 2.57762E-01 2.57762E-01 2.57762E-01 2.57762E-01 2.57762E-01 4.60562E-01 4.60562E-01 4.60562E-01 4.60562E-01 4.60562E-01 4.60562E-01 
1.58489E+00 1.58489E+00 2.51189E+00 1.58489E+00 2.51189E+00 1.58489E+00 2.51189E+00 3.98107E+00 1.58489E+00 2.51189E+00 3.98107E+00 6.30957E+00 1.58489E+00 2.51189E+00 3.98107E+00 6.30957E+00 1.58489E+00 2.51189E+00 3.98107E+00 6.30957E+00 9.99999E+00 1.58489E+00 2.51189E+00 3.98107E+00 6.30957E+00 9.99999E+00 1.58489E+00 2.51189E+00 3.98107E+00 6.30957E+00 9.99999E+00 1.58489E+01 1.58489E+00 2.51189E+00 3.98107E+00 6.30957E+00 9.99999E+00 1.58489E+01 2.51189E+01 2.51189E+00 3.98107E+00 6.30957E+00 9.99999E+00 1.58489E+01 2.51189E+01 3.98107E+00 6.30957E+00 9.99999E+00 1.58489E+01 2.51189E+01 3.98107E+01 6.30957E+00 9.99999E+00 1.58489E+01 2.51189E+01 3.98107E+01 6.30957E+01 
90000 
2.19392E-04 
2.18137E-04 
5.22966E-04 
2.16930E-04 
5.21576E-04 
2.15769E-04 
5.21021E-04 
1.28126E-03 
2.14799E-04 
5.21011E-04 
1.28277E-03 
3.23789E-03 
2.14263E-04 
5.21875E-04 
1.28696E-03 
3.24063E-03 
2.14549E-04 
5.24236E-04 
1.29476E-03 
3.24770E-03 
8.21044E-03 
2.15641E-04 
5.28064E-04 
1.30603E-03 
3.26158E-03 
8.22881E-03 
2.15759E-04 
5.29784E-04 
1.31218E-03 
3.26699E-03 
8.22083E-03 
2.07794E-02 
2.11096E-04 
5.21071E-04 
1.29400E-03 
3.22220E-03 
8.09152E-03 
2.03985E-02 
5.20236E-02 
5.01477E-04 
1.25169E-03 
3.12631E-03 
7.85041E-03 
1.97717E-02 
5.02201E-02 
1.22644E-03 
3.07272E-03 
7.71619E-03 
1.94159E-02 
4.91313E-02 
1.26397E-01 
3.06505E-03 
7.69283E-03 
1.93315E-02 
4.87428E-02 
1.24084E-01 
3.24595E-01 
---
