PdfType: replica
Format: lhagrid1
---
4.34963E-04 7.77181E-04 7.77181E-04 1.38865E-03 1.38865E-03 2.48120E-03 2.48120E-03 2.48120E-03 4.43334E-03 4.43334E-03 4.43334E-03 4.43334E-03 7.92137E-03 7.92137E-03 7.92137E-03 7.92137E-03 1.41537E-02 1.41537E-02 1.41537E-02 1.41537E-02 1.41537E-02 2.52895E-02 2.52895E-02 2.52895E-02 2.52895E-02 2.52895E-02 4.51866E-02 4.51866E-02 4.51866E-02 4.51866E-02 4.51866E-02 4.51866E-02 8.07383E-02 8.07383E-02 8.07383E-02 8.07383E-02 8.07383E-02 8.07383E-02 8.07383E-02 1.44261E-01 1.44261E-01 1.44261E-01 1.44261E-01 1.44261E-01 1.44261E-01 2.57762E-01 2.57762E-01 2.57762E-01 2.57762E-01 2.57762E-01 2.57762E-01 4.60562E-01 4.60562E-01 4.60562E-01 4.60562E-01 4.60562E-01 4.60562E-01 
1.58489E+00 1.58489E+00 2.51189E+00 1.58489E+00 2.51189E+00 1.58489E+00 2.51189E+00 3.98107E+00 1.58489E+00 2.51189E+00 3.98107E+00 6.30957E+00 1.58489E+00 2.51189E+00 3.98107E+00 6.30957E+00 1.58489E+00 2.51189E+00 3.98107E+00 6.30957E+00 9.99999E+00 1.58489E+00 2.51189E+00 3.98107E+00 6.30957E+00 9.99999E+00 1.58489E+00 2.51189E+00 3.98107E+00 6.30957E+00 9.99999E+00 1.58489E+01 1.58489E+00 2.51189E+00 3.98107E+00 6.30957E+00 9.99999E+00 1.58489E+01 2.51189E+01 2.51189E+00 3.98107E+00 6.30957E+00 9.99999E+00 1.58489E+01 2.51189E+01 3.98107E+00 6.30957E+00 9.99999E+00 1.58489E+01 2.51189E+01 3.98107E+01 6.30957E+00 9.99999E+00 1.58489E+01 2.51189E+01 3.98107E+01 6.30957E+01 
90000 
2.19675E-04 
2.18501E-04 
5.23756E-04 
2.17387E-04 
5.22582E-04 
2.16345E-04 
5.22321E-04 
1.28395E-03 
2.15558E-04 
5.22752E-04 
1.28650E-03 
3.24578E-03 
2.15343E-04 
5.24311E-04 
1.29225E-03 
3.25215E-03 
2.16154E-04 
5.27657E-04 
1.30210E-03 
3.26370E-03 
8.24481E-03 
2.17800E-04 
5.32301E-04 
1.31483E-03 
3.28038E-03 
8.26974E-03 
2.17648E-04 
5.33188E-04 
1.31888E-03 
3.28082E-03 
8.25023E-03 
2.08417E-02 
2.11395E-04 
5.21421E-04 
1.29438E-03 
3.22254E-03 
8.09106E-03 
2.03941E-02 
5.19991E-02 
5.00761E-04 
1.25047E-03 
3.12423E-03 
7.84689E-03 
1.97658E-02 
5.02074E-02 
1.22886E-03 
3.07866E-03 
7.73111E-03 
1.94532E-02 
4.92242E-02 
1.26625E-01 
3.07071E-03 
7.70525E-03 
1.93604E-02 
4.88129E-02 
1.24259E-01 
3.25070E-01 
---
