PdfType: replica
Format: lhagrid1
---
4.34963E-04 7.77181E-04 7.77181E-04 1.38865E-03 1.38865E-03 2.48120E-03 2.48120E-03 2.48120E-03 4.43334E-03 4.43334E-03 4.43334E-03 4.43334E-03 7.92137E-03 7.92137E-03 7.92137E-03 7.92137E-03 1.41537E-02 1.41537E-02 1.41537E-02 1.41537E-02 1.41537E-02 2.52895E-02 2.52895E-02 2.52895E-02 2.52895E-02 2.52895E-02 4.51866E-02 4.51866E-02 4.51866E-02 4.51866E-02 4.51866E-02 4.51866E-02 8.07383E-02 8.07383E-02 8.07383E-02 8.07383E-02 8.07383E-02 8.07383E-02 8.07383E-02 1.44261E-01 1.44261E-01 1.44261E-01 1.44261E-01 1.44261E-01 1.44261E-01 2.57762E-01 2.57762E-01 2.57762E-01 2.57762E-01 2.57762E-01 2.57762E-01 4.60562E-01 4.60562E-01 4.60562E-01 4.60562E-01 4.60562E-01 4.60562E-01 
1.58489E+00 1.58489E+00 2.51189E+00 1.58489E+00 2.51189E+00 1.58489E+00 2.51189E+00 3.98107E+00 1.58489E+00 2.51189E+00 3.98107E+00 6.30957E+00 1.58489E+00 2.51189E+00 3.98107E+00 6.30957E+00 1.58489E+00 2.51189E+00 3.98107E+00 6.30957E+00 9.99999E+00 1.58489E+00 2.51189E+00 3.98107E+00 6.30957E+00 9.99999E+00 1.58489E+00 2.51189E+00 3.98107E+00 6.30957E+00 9.99999E+00 1.58489E+01 1.58489E+00 2.51189E+00 3.98107E+00 6.30957E+00 9.99999E+00 1.58489E+01 2.51189E+01 2.51189E+00 3.98107E+00 6.30957E+00 9.99999E+00 1.58489E+01 2.51189E+01 3.98107E+00 6.30957E+00 9.99999E+00 1.58489E+01 2.51189E+01 3.98107E+01 6.30957E+00 9.99999E+00 1.58489E+01 2.51189E+01 3.98107E+01 6.30957E+01 
90000 
2.19510E-04 
2.18298E-04 
5.23325E-04 
2.17130E-04 
5.22058E-04 
2.16015E-04 
5.21648E-04 
1.28252E-03 
2.15140E-04 
5.21871E-04 
1.28459E-03 
3.24171E-03 
2.14837E-04 
5.23188E-04 
1.28976E-03 
3.24671E-03 
2.15599E-04 
5.26357E-04 
1.29916E-03 
3.25709E-03 
8.23007E-03 
2.17266E-04 
5.31013E-04 
1.31186E-03 
3.27359E-03 
8.25445E-03 
2.17094E-04 
5.31914E-04 
1.31589E-03 
3.27389E-03 
8.23379E-03 
2.08023E-02 
2.10674E-04 
5.19765E-04 
1.29044E-03 
3.21311E-03 
8.06845E-03 
2.03395E-02 
5.18650E-02 
4.99144E-04 
1.24678E-03 
3.11539E-03 
7.82645E-03 
1.97179E-02 
5.00938E-02 
1.22753E-03 
3.07582E-03 
7.72454E-03 
1.94380E-02 
4.91894E-02 
1.26551E-01 
3.07222E-03 
7.70919E-03 
1.93709E-02 
4.88410E-02 
1.24333E-01 
3.25248E-01 
---
