PdfType: replica
Format: lhagrid1
---
4.34963E-04 7.77181E-04 7.77181E-04 1.38865E-03 1.38865E-03 2.48120E-03 2.48120E-03 2.48120E-03 4.43334E-03 4.43334E-03 4.43334E-03 4.43334E-03 7.92137E-03 7.92137E-03 7.92137E-03 7.92137E-03 1.41537E-02 1.41537E-02 1.41537E-02 1.41537E-02 1.41537E-02 2.52895E-02 2.52895E-02 2.52895E-02 2.52895E-02 2.52895E-02 4.51866E-02 4.51866E-02 4.51866E-02 4.51866E-02 4.51866E-02 4.51866E-02 8.07383E-02 8.07383E-02 8.07383E-02 8.07383E-02 8.07383E-02 8.07383E-02 8.07383E-02 1.44261E-01 1.44261E-01 1.44261E-01 1.44261E-01 1.44261E-01 1.44261E-01 2.57762E-01 2.57762E-01 2.57762E-01 2.57762E-01 2.57762E-01 2.57762E-01 4.60562E-01 4.60562E-01 4.60562E-01 4.60562E-01 4.60562E-01 4.60562E-01 
1.58489E+00 1.58489E+00 2.51189E+00 1.58489E+00 2.51189E+00 1.58489E+00 2.51189E+00 3.98107E+00 1.58489E+00 2.51189E+00 3.98107E+00 6.30957E+00 1.58489E+00 2.51189E+00 3.98107E+00 6.30957E+00 1.58489E+00 2.51189E+00 3.98107E+00 6.30957E+00 9.99999E+00 1.58489E+00 2.51189E+00 3.98107E+00 6.30957E+00 9.99999E+00 1.58489E+00 2.51189E+00 3.98107E+00 6.30957E+00 9.99999E+00 1.58489E+01 1.58489E+00 2.51189E+00 3.98107E+00 6.30957E+00 9.99999E+00 1.58489E+01 2.51189E+01 2.51189E+00 3.98107E+00 6.30957E+00 9.99999E+00 1.58489E+01 2.51189E+01 3.98107E+00 6.30957E+00 9.99999E+00 1.58489E+01 2.51189E+01 3.98107E+01 6.30957E+00 9.99999E+00 1.58489E+01 2.51189E+01 3.98107E+01 6.30957E+01 
90000 
2.19288E-04 
2.18050E-04 
5.23072E-04 
2.16847E-04 
5.21673E-04 
2.15653E-04 
5.21016E-04 
1.28144E-03 
2.14568E-04 
5.20725E-04 
1.28228E-03 
3.23673E-03 
2.13752E-04 
5.20959E-04 
1.28500E-03 
3.23632E-03 
2.13483E-04 
5.22095E-04 
1.28998E-03 
3.23715E-03 
8.18461E-03 
2.13752E-04 
5.24071E-04 
1.29703E-03 
3.24119E-03 
8.18077E-03 
2.13246E-04 
5.24358E-04 
1.30005E-03 
3.23908E-03 
8.15697E-03 
2.06280E-02 
2.09057E-04 
5.16906E-04 
1.28519E-03 
3.20281E-03 
8.04886E-03 
2.03019E-02 
5.17951E-02 
5.01036E-04 
1.25128E-03 
3.12684E-03 
7.85270E-03 
1.97792E-02 
5.02423E-02 
1.22722E-03 
3.07396E-03 
7.71880E-03 
1.94210E-02 
4.91411E-02 
1.26412E-01 
3.05350E-03 
7.66184E-03 
1.92504E-02 
4.85339E-02 
1.23559E-01 
3.23366E-01 
---
