PdfType: replica
Format: lhagrid1
---
4.34963E-04 7.77181E-04 7.77181E-04 1.38865E-03 1.38865E-03 2.48120E-03 2.48120E-03 2.48120E-03 4.43334E-03 4.43334E-03 4.43334E-03 4.43334E-03 7.92137E-03 7.92137E-03 7.92137E-03 7.92137E-03 1.41537E-02 1.41537E-02 1.41537E-02 1.41537E-02 1.41537E-02 2.52895E-02 2.52895E-02 2.52895E-02 2.52895E-02 2.52895E-02 4.51866E-02 4.51866E-02 4.51866E-02 4.51866E-02 4.51866E-02 4.51866E-02 8.07383E-02 8.07383E-02 8.07383E-02 8.07383E-02 8.07383E-02 8.07383E-02 8.07383E-02 1.44261E-01 1.44261E-01 1.44261E-01 1.44261E-01 1.44261E-01 1.44261E-01 2.57762E-01 2.57762E-01 2.57762E-01 2.57762E-01 2.57762E-01 2.57762E-01 4.60562E-01 4.60562E-01 4.60562E-01 4.60562E-01 4.60562E-01 4.60562E-01 
1.58489E+00 1.58489E+00 2.51189E+00 1.58489E+00 2.51189E+00 1.58489E+00 2.51189E+00 3.98107E+00 1.58489E+00 2.51189E+00 3.98107E+00 6.30957E+00 1.58489E+00 2.51189E+00 3.98107E+00 6.30957E+00 1.58489E+00 2.51189E+00 3.98107E+00 6.30957E+00 9.99999E+00 1.58489E+00 2.51189E+00 3.98107E+00 6.30957E+00 9.99999E+00 1.58489E+00 2.51189E+00 3.98107E+00 6.30957E+00 9.99999E+00 1.58489E+01 1.58489E+00 2.51189E+00 3.98107E+00 6.30957E+00 9.99999E+00 1.58489E+01 2.51189E+01 2.51189E+00 3.98107E+00 6.30957E+00 9.99999E+00 1.58489E+01 2.51189E+01 3.98107E+00 6.30957E+00 9.99999E+00 1.58489E+01 2.51189E+01 3.98107E+01 6.30957E+00 9.99999E+00 1.58489E+01 2.51189E+01 3.98107E+01 6.30957E+01 
90000 
2.19462E-04 
2.18285E-04 
5.23355E-04 
2.17161E-04 
5.22165E-04 
2.16086E-04 
5.21816E-04 
1.28298E-03 
2.15208E-04 
5.22027E-04 
1.28503E-03 
3.24227E-03 
2.14786E-04 
5.23154E-04 
1.28984E-03 
3.24661E-03 
2.15230E-04 
5.25830E-04 
1.29833E-03 
3.25547E-03 
8.22696E-03 
2.16493E-04 
5.29888E-04 
1.30996E-03 
3.27024E-03 
8.24760E-03 
2.16500E-04 
5.31171E-04 
1.31490E-03 
3.27277E-03 
8.23285E-03 
2.08054E-02 
2.11064E-04 
5.20834E-04 
1.29316E-03 
3.22000E-03 
8.08522E-03 
2.03816E-02 
5.19801E-02 
5.00213E-04 
1.24888E-03 
3.11996E-03 
7.83552E-03 
1.97362E-02 
5.01325E-02 
1.22469E-03 
3.06835E-03 
7.70598E-03 
1.93913E-02 
4.90704E-02 
1.26240E-01 
3.06056E-03 
7.68006E-03 
1.92979E-02 
4.86582E-02 
1.23883E-01 
3.24199E-01 
---
