PdfType: replica
Format: lhagrid1
---
4.34963E-04 7.77181E-04 7.77181E-04 1.38865E-03 1.38865E-03 2.48120E-03 2.48120E-03 2.48120E-03 4.43334E-03 4.43334E-03 4.43334E-03 4.43334E-03 7.92137E-03 7.92137E-03 7.92137E-03 7.92137E-03 1.41537E-02 1.41537E-02 1.41537E-02 1.41537E-02 1.41537E-02 2.52895E-02 2.52895E-02 2.52895E-02 2.52895E-02 2.52895E-02 4.51866E-02 4.51866E-02 4.51866E-02 4.51866E-02 4.51866E-02 4.51866E-02 8.07383E-02 8.07383E-02 8.07383E-02 8.07383E-02 8.07383E-02 8.07383E-02 8.07383E-02 1.44261E-01 1.44261E-01 1.44261E-01 1.44261E-01 1.44261E-01 1.44261E-01 2.57762E-01 2.57762E-01 2.57762E-01 2.57762E-01 2.57762E-01 2.57762E-01 4.60562E-01 4.60562E-01 4.60562E-01 4.60562E-01 4.60562E-01 4.60562E-01 
1.58489E+00 1.58489E+00 2.51189E+00 1.58489E+00 2.51189E+00 1.58489E+00 2.51189E+00 3.98107E+00 1.58489E+00 2.51189E+00 3.98107E+00 6.30957E+00 1.58489E+00 2.51189E+00 3.98107E+00 6.30957E+00 1.58489E+00 2.51189E+00 3.98107E+00 6.30957E+00 9.99999E+00 1.58489E+00 2.51189E+00 3.98107E+00 6.30957E+00 9.99999E+00 1.58489E+00 2.51189E+00 3.98107E+00 6.30957E+00 9.99999E+00 1.58489E+01 1.58489E+00 2.51189E+00 3.98107E+00 6.30957E+00 9.99999E+00 1.58489E+01 2.51189E+01 2.51189E+00 3.98107E+00 6.30957E+00 9.99999E+00 1.58489E+01 2.51189E+01 3.98107E+00 6.30957E+00 9.99999E+00 1.58489E+01 2.51189E+01 3.98107E+01 6.30957E+00 9.99999E+00 1.58489E+01 2.51189E+01 3.98107E+01 6.30957E+01 
90000 
2.21192E-04 
2.19989E-04 
5.25821E-04 
2.18857E-04 
5.24715E-04 
2.17829E-04 
5.24651E-04 
1.28831E-03 
2.17119E-04 
5.25423E-04 
1.29174E-03 
3.25673E-03 
2.17057E-04 
5.27492E-04 
1.29879E-03 
3.26588E-03 
2.18054E-04 
5.31451E-04 
1.31024E-03 
3.28144E-03 
8.28506E-03 
2.19765E-04 
5.36524E-04 
1.32418E-03 
3.30175E-03 
8.31789E-03 
2.19405E-04 
5.37141E-04 
1.32776E-03 
3.30157E-03 
8.29727E-03 
2.09503E-02 
2.12744E-04 
5.24349E-04 
1.30090E-03 
3.23741E-03 
8.12585E-03 
2.04765E-02 
5.21955E-02 
5.02784E-04 
1.25508E-03 
3.13458E-03 
7.87156E-03 
1.98252E-02 
5.03531E-02 
1.22946E-03 
3.08043E-03 
7.73510E-03 
1.94623E-02 
4.92455E-02 
1.26678E-01 
3.07396E-03 
7.71815E-03 
1.94011E-02 
4.89293E-02 
1.24567E-01 
3.25746E-01 
---
