PdfType: replica
Format: lhagrid1
---
4.34963E-04 7.77181E-04 7.77181E-04 1.38865E-03 1.38865E-03 2.48120E-03 2.48120E-03 2.48120E-03 4.43334E-03 4.43334E-03 4.43334E-03 4.43334E-03 7.92137E-03 7.92137E-03 7.92137E-03 7.92137E-03 1.41537E-02 1.41537E-02 1.41537E-02 1.41537E-02 1.41537E-02 2.52895E-02 2.52895E-02 2.52895E-02 2.52895E-02 2.52895E-02 4.51866E-02 4.51866E-02 4.51866E-02 4.51866E-02 4.51866E-02 4.51866E-02 8.07383E-02 8.07383E-02 8.07383E-02 8.07383E-02 8.07383E-02 8.07383E-02 8.07383E-02 1.44261E-01 1.44261E-01 1.44261E-01 1.44261E-01 1.44261E-01 1.44261E-01 2.57762E-01 2.57762E-01 2.57762E-01 2.57762E-01 2.57762E-01 2.57762E-01 4.60562E-01 4.60562E-01 4.60562E-01 4.60562E-01 4.60562E-01 4.60562E-01 
1.58489E+00 1.58489E+00 2.51189E+00 1.58489E+00 2.51189E+00 1.58489E+00 2.51189E+00 3.98107E+00 1.58489E+00 2.51189E+00 3.98107E+00 6.30957E+00 1.58489E+00 2.51189E+00 3.98107E+00 6.30957E+00 1.58489E+00 2.51189E+00 3.98107E+00 6.30957E+00 9.99999E+00 1.58489E+00 2.51189E+00 3.98107E+00 6.30957E+00 9.99999E+00 1.58489E+00 2.51189E+00 3.98107E+00 6.30957E+00 9.99999E+00 1.58489E+01 1.58489E+00 2.51189E+00 3.98107E+00 6.30957E+00 9.99999E+00 1.58489E+01 2.51189E+01 2.51189E+00 3.98107E+00 6.30957E+00 9.99999E+00 1.58489E+01 2.51189E+01 3.98107E+00 6.30957E+00 9.99999E+00 1.58489E+01 2.51189E+01 3.98107E+01 6.30957E+00 9.99999E+00 1.58489E+01 2.51189E+01 3.98107E+01 6.30957E+01 
90000 
2.19742E-04 
2.18582E-04 
5.23916E-04 
2.17457E-04 
5.22675E-04 
2.16346E-04 
5.22210E-04 
1.28371E-03 
2.15353E-04 
5.22153E-04 
1.28508E-03 
3.24309E-03 
2.14657E-04 
5.22681E-04 
1.28851E-03 
3.24413E-03 
2.14544E-04 
5.24194E-04 
1.29444E-03 
3.24705E-03 
8.20763E-03 
2.14978E-04 
5.26654E-04 
1.30282E-03 
3.25446E-03 
8.21191E-03 
2.14675E-04 
5.27666E-04 
1.30783E-03 
3.25774E-03 
8.20111E-03 
2.07342E-02 
2.10894E-04 
5.21133E-04 
1.29497E-03 
3.22588E-03 
8.10283E-03 
2.04295E-02 
5.20992E-02 
5.04250E-04 
1.25803E-03 
3.14115E-03 
7.88455E-03 
1.98503E-02 
5.03993E-02 
1.22640E-03 
3.07075E-03 
7.70878E-03 
1.93922E-02 
4.90606E-02 
1.26192E-01 
3.04483E-03 
7.63869E-03 
1.91911E-02 
4.83858E-02 
1.23209E-01 
3.22668E-01 
---
