PdfType: replica
Format: lhagrid1
---
4.34963E-04 7.77181E-04 7.77181E-04 1.38865E-03 1.38865E-03 2.48120E-03 2.48120E-03 2.48120E-03 4.43334E-03 4.43334E-03 4.43334E-03 4.43334E-03 7.92137E-03 7.92137E-03 7.92137E-03 7.92137E-03 1.41537E-02 1.41537E-02 1.41537E-02 1.41537E-02 1.41537E-02 2.52895E-02 2.52895E-02 2.52895E-02 2.52895E-02 2.52895E-02 4.51866E-02 4.51866E-02 4.51866E-02 4.51866E-02 4.51866E-02 4.51866E-02 8.07383E-02 8.07383E-02 8.07383E-02 8.07383E-02 8.07383E-02 8.07383E-02 8.07383E-02 1.44261E-01 1.44261E-01 1.44261E-01 1.44261E-01 1.44261E-01 1.44261E-01 2.57762E-01 2.57762E-01 2.57762E-01 2.57762E-01 2.57762E-01 2.57762E-01 4.60562E-01 4.60562E-01 4.60562E-01 4.60562E-01 4.60562E-01 4.60562E-01 
1.58489E+00 1.58489E+00 2.51189E+00 1.58489E+00 2.51189E+00 1.58489E+00 2.51189E+00 3.98107E+00 1.58489E+00 2.51189E+00 3.98107E+00 6.30957E+00 1.58489E+00 2.51189E+00 3.98107E+00 6.30957E+00 1.58489E+00 2.51189E+00 3.98107E+00 6.30957E+00 9.99999E+00 1.58489E+00 2.51189E+00 3.98107E+00 6.30957E+00 9.99999E+00 1.58489E+00 2.51189E+00 3.98107E+00 6.30957E+00 9.99999E+00 1.58489E+01 1.58489E+00 2.51189E+00 3.98107E+00 6.30957E+00 9.99999E+00 1.58489E+01 2.51189E+01 2.51189E+00 3.98107E+00 6.30957E+00 9.99999E+00 1.58489E+01 2.51189E+01 3.98107E+00 6.30957E+00 9.99999E+00 1.58489E+01 2.51189E+01 3.98107E+01 6.30957E+00 9.99999E+00 1.58489E+01 2.51189E+01 3.98107E+01 6.30957E+01 
90000 
2.19317E-04 
2.18121E-04 
5.23039E-04 
2.17005E-04 
5.21828E-04 
2.15973E-04 
5.21547E-04 
1.28252E-03 
2.15185E-04 
5.21939E-04 
1.28488E-03 
3.24306E-03 
2.14905E-04 
5.23378E-04 
1.29032E-03 
3.24858E-03 
2.15562E-04 
5.26513E-04 
1.29980E-03 
3.25931E-03 
8.23656E-03 
2.17174E-04 
5.31280E-04 
1.31307E-03 
3.27729E-03 
8.26478E-03 
2.17793E-04 
5.33906E-04 
1.32130E-03 
3.28741E-03 
8.26891E-03 
2.08909E-02 
2.13181E-04 
5.25701E-04 
1.30485E-03 
3.24814E-03 
8.15318E-03 
2.05442E-02 
5.23557E-02 
5.05829E-04 
1.26196E-03 
3.15161E-03 
7.90950E-03 
1.99098E-02 
5.05353E-02 
1.23110E-03 
3.08244E-03 
7.73827E-03 
1.94655E-02 
4.92372E-02 
1.26579E-01 
3.05153E-03 
7.65569E-03 
1.92328E-02 
4.84856E-02 
1.23432E-01 
3.23056E-01 
---
