PdfType: replica
Format: lhagrid1
---
4.34963E-04 7.77181E-04 7.77181E-04 1.38865E-03 1.38865E-03 2.48120E-03 2.48120E-03 2.48120E-03 4.43334E-03 4.43334E-03 4.43334E-03 4.43334E-03 7.92137E-03 7.92137E-03 7.92137E-03 7.92137E-03 1.41537E-02 1.41537E-02 1.41537E-02 1.41537E-02 1.41537E-02 2.52895E-02 2.52895E-02 2.52895E-02 2.52895E-02 2.52895E-02 4.51866E-02 4.51866E-02 4.51866E-02 4.51866E-02 4.51866E-02 4.51866E-02 8.07383E-02 8.07383E-02 8.07383E-02 8.07383E-02 8.07383E-02 8.07383E-02 8.07383E-02 1.44261E-01 1.44261E-01 1.44261E-01 1.44261E-01 1.44261E-01 1.44261E-01 2.57762E-01 2.57762E-01 2.57762E-01 2.57762E-01 2.57762E-01 2.57762E-01 4.60562E-01 4.60562E-01 4.60562E-01 4.60562E-01 4.60562E-01 4.60562E-01 
1.58489E+00 1.58489E+00 2.51189E+00 1.58489E+00 2.51189E+00 1.58489E+00 2.51189E+00 3.98107E+00 1.58489E+00 2.51189E+00 3.98107E+00 6.30957E+00 1.58489E+00 2.51189E+00 3.98107E+00 6.30957E+00 1.58489E+00 2.51189E+00 3.98107E+00 6.30957E+00 9.99999E+00 1.58489E+00 2.51189E+00 3.98107E+00 6.30957E+00 9.99999E+00 1.58489E+00 2.51189E+00 3.98107E+00 6.30957E+00 9.99999E+00 1.58489E+01 1.58489E+00 2.51189E+00 3.98107E+00 6.30957E+00 9.99999E+00 1.58489E+01 2.51189E+01 2.51189E+00 3.98107E+00 6.30957E+00 9.99999E+00 1.58489E+01 2.51189E+01 3.98107E+00 6.30957E+00 9.99999E+00 1.58489E+01 2.51189E+01 3.98107E+01 6.30957E+00 9.99999E+00 1.58489E+01 2.51189E+01 3.98107E+01 6.30957E+01 
90000 
2.19543E-04 
2.18387E-04 
5.23671E-04 
2.17303E-04 
5.22524E-04 
2.16289E-04 
5.22268E-04 
1.28397E-03 
2.15487E-04 
5.22609E-04 
1.28624E-03 
3.24515E-03 
2.15125E-04 
5.23836E-04 
1.29122E-03 
3.24983E-03 
2.15548E-04 
5.26443E-04 
1.29950E-03 
3.25821E-03 
8.23233E-03 
2.16664E-04 
5.30181E-04 
1.31049E-03 
3.27144E-03 
8.24999E-03 
2.16627E-04 
5.31467E-04 
1.31572E-03 
3.27480E-03 
8.23874E-03 
2.08193E-02 
2.11779E-04 
5.22581E-04 
1.29754E-03 
3.23073E-03 
8.11225E-03 
2.04483E-02 
5.21383E-02 
5.03170E-04 
1.25573E-03 
3.13622E-03 
7.87392E-03 
1.98274E-02 
5.03478E-02 
1.22842E-03 
3.07710E-03 
7.72690E-03 
1.94415E-02 
4.91890E-02 
1.26494E-01 
3.06705E-03 
7.69607E-03 
1.93376E-02 
4.87546E-02 
1.24103E-01 
3.24539E-01 
---
