PdfType: replica
Format: lhagrid1
---
4.34963E-04 7.77181E-04 7.77181E-04 1.38865E-03 1.38865E-03 2.48120E-03 2.48120E-03 2.48120E-03 4.43334E-03 4.43334E-03 4.43334E-03 4.43334E-03 7.92137E-03 7.92137E-03 7.92137E-03 7.92137E-03 1.41537E-02 1.41537E-02 1.41537E-02 1.41537E-02 1.41537E-02 2.52895E-02 2.52895E-02 2.52895E-02 2.52895E-02 2.52895E-02 4.51866E-02 4.51866E-02 4.51866E-02 4.51866E-02 4.51866E-02 4.51866E-02 8.07383E-02 8.07383E-02 8.07383E-02 8.07383E-02 8.07383E-02 8.07383E-02 8.07383E-02 1.44261E-01 1.44261E-01 1.44261E-01 1.44261E-01 1.44261E-01 1.44261E-01 2.57762E-01 2.57762E-01 2.57762E-01 2.57762E-01 2.57762E-01 2.57762E-01 4.60562E-01 4.60562E-01 4.60562E-01 4.60562E-01 4.60562E-01 4.60562E-01 
1.58489E+00 1.58489E+00 2.51189E+00 1.58489E+00 2.51189E+00 1.58489E+00 2.51189E+00 3.98107E+00 1.58489E+00 2.51189E+00 3.98107E+00 6.30957E+00 1.58489E+00 2.51189E+00 3.98107E+00 6.30957E+00 1.58489E+00 2.51189E+00 3.98107E+00 6.30957E+00 9.99999E+00 1.58489E+00 2.51189E+00 3.98107E+00 6.30957E+00 9.99999E+00 1.58489E+00 2.51189E+00 3.98107E+00 6.30957E+00 9.99999E+00 1.58489E+01 1.58489E+00 2.51189E+00 3.98107E+00 6.30957E+00 9.99999E+00 1.58489E+01 2.51189E+01 2.51189E+00 3.98107E+00 6.30957E+00 9.99999E+00 1.58489E+01 2.51189E+01 3.98107E+00 6.30957E+00 9.99999E+00 1.58489E+01 2.51189E+01 3.98107E+01 6.30957E+00 9.99999E+00 1.58489E+01 2.51189E+01 3.98107E+01 6.30957E+01 
90000 
2.19781E-04 
2.18615E-04 
5.24222E-04 
2.17515E-04 
5.23046E-04 
2.16490E-04 
5.22782E-04 
1.28512E-03 
2.15713E-04 
5.23181E-04 
1.28752E-03 
3.24817E-03 
2.15464E-04 
5.24610E-04 
1.29291E-03 
3.25365E-03 
2.16136E-04 
5.27626E-04 
1.30199E-03 
3.26359E-03 
8.24440E-03 
2.17531E-04 
5.31785E-04 
1.31373E-03 
3.27826E-03 
8.26491E-03 
2.17328E-04 
5.32680E-04 
1.31801E-03 
3.27944E-03 
8.24800E-03 
2.08371E-02 
2.11676E-04 
5.22205E-04 
1.29644E-03 
3.22778E-03 
8.10461E-03 
2.04279E-02 
5.20774E-02 
5.02407E-04 
1.25427E-03 
3.13308E-03 
7.86809E-03 
1.98165E-02 
5.03267E-02 
1.23097E-03 
3.08407E-03 
7.74462E-03 
1.94866E-02 
4.93058E-02 
1.26818E-01 
3.07592E-03 
7.71878E-03 
1.93948E-02 
4.88992E-02 
1.24474E-01 
3.25592E-01 
---
