PdfType: replica
Format: lhagrid1
---
4.34963E-04 7.77181E-04 7.77181E-04 1.38865E-03 1.38865E-03 2.48120E-03 2.48120E-03 2.48120E-03 4.43334E-03 4.43334E-03 4.43334E-03 4.43334E-03 7.92137E-03 7.92137E-03 7.92137E-03 7.92137E-03 1.41537E-02 1.41537E-02 1.41537E-02 1.41537E-02 1.41537E-02 2.52895E-02 2.52895E-02 2.52895E-02 2.52895E-02 2.52895E-02 4.51866E-02 4.51866E-02 4.51866E-02 4.51866E-02 4.51866E-02 4.51866E-02 8.07383E-02 8.07383E-02 8.07383E-02 8.07383E-02 8.07383E-02 8.07383E-02 8.07383E-02 1.44261E-01 1.44261E-01 1.44261E-01 1.44261E-01 1.44261E-01 1.44261E-01 2.57762E-01 2.57762E-01 2.57762E-01 2.57762E-01 2.57762E-01 2.57762E-01 4.60562E-01 4.60562E-01 4.60562E-01 4.60562E-01 4.60562E-01 4.60562E-01 
1.58489E+00 1.58489E+00 2.51189E+00 1.58489E+00 2.51189E+00 1.58489E+00 2.51189E+00 3.98107E+00 1.58489E+00 2.51189E+00 3.98107E+00 6.30957E+00 1.58489E+00 2.51189E+00 3.98107E+00 6.30957E+00 1.58489E+00 2.51189E+00 3.98107E+00 6.30957E+00 9.99999E+00 1.58489E+00 2.51189E+00 3.98107E+00 6.30957E+00 9.99999E+00 1.58489E+00 2.51189E+00 3.98107E+00 6.30957E+00 9.99999E+00 1.58489E+01 1.58489E+00 2.51189E+00 3.98107E+00 6.30957E+00 9.99999E+00 1.58489E+01 2.51189E+01 2.51189E+00 3.98107E+00 6.30957E+00 9.99999E+00 1.58489E+01 2.51189E+01 3.98107E+00 6.30957E+00 9.99999E+00 1.58489E+01 2.51189E+01 3.98107E+01 6.30957E+00 9.99999E+00 1.58489E+01 2.51189E+01 3.98107E+01 6.30957E+01 
90000 
2.19503E-04 
2.18350E-04 
5.23407E-04 
2.17241E-04 
5.22202E-04 
2.16155E-04 
5.21784E-04 
1.28273E-03 
2.15214E-04 
5.21822E-04 
1.28434E-03 
3.24060E-03 
2.14634E-04 
5.22588E-04 
1.28832E-03 
3.24295E-03 
2.14763E-04 
5.24592E-04 
1.29529E-03 
3.24821E-03 
8.20943E-03 
2.15472E-04 
5.27499E-04 
1.30435E-03 
3.25697E-03 
8.21559E-03 
2.14704E-04 
5.27183E-04 
1.30570E-03 
3.25136E-03 
8.18151E-03 
2.06792E-02 
2.08782E-04 
5.15856E-04 
1.28180E-03 
3.19388E-03 
8.02338E-03 
2.02327E-02 
5.16113E-02 
4.96576E-04 
1.24057E-03 
3.10061E-03 
7.79006E-03 
1.96281E-02 
4.98725E-02 
1.21940E-03 
3.05475E-03 
7.67252E-03 
1.93084E-02 
4.88651E-02 
1.25738E-01 
3.03959E-03 
7.62717E-03 
1.91643E-02 
4.83224E-02 
1.23051E-01 
3.22240E-01 
---
