PdfType: replica
Format: lhagrid1
---
4.34963E-04 7.77181E-04 7.77181E-04 1.38865E-03 1.38865E-03 2.48120E-03 2.48120E-03 2.48120E-03 4.43334E-03 4.43334E-03 4.43334E-03 4.43334E-03 7.92137E-03 7.92137E-03 7.92137E-03 7.92137E-03 1.41537E-02 1.41537E-02 1.41537E-02 1.41537E-02 1.41537E-02 2.52895E-02 2.52895E-02 2.52895E-02 2.52895E-02 2.52895E-02 4.51866E-02 4.51866E-02 4.51866E-02 4.51866E-02 4.51866E-02 4.51866E-02 8.07383E-02 8.07383E-02 8.07383E-02 8.07383E-02 8.07383E-02 8.07383E-02 8.07383E-02 1.44261E-01 1.44261E-01 1.44261E-01 1.44261E-01 1.44261E-01 1.44261E-01 2.57762E-01 2.57762E-01 2.57762E-01 2.57762E-01 2.57762E-01 2.57762E-01 4.60562E-01 4.60562E-01 4.60562E-01 4.60562E-01 4.60562E-01 4.60562E-01 
1.58489E+00 1.58489E+00 2.51189E+00 1.58489E+00 2.51189E+00 1.58489E+00 2.51189E+00 3.98107E+00 1.58489E+00 2.51189E+00 3.98107E+00 6.30957E+00 1.58489E+00 2.51189E+00 3.98107E+00 6.30957E+00 1.58489E+00 2.51189E+00 3.98107E+00 6.30957E+00 9.99999E+00 1.58489E+00 2.51189E+00 3.98107E+00 6.30957E+00 9.99999E+00 1.58489E+00 2.51189E+00 3.98107E+00 6.30957E+00 9.99999E+00 1.58489E+01 1.58489E+00 2.51189E+00 3.98107E+00 6.30957E+00 9.99999E+00 1.58489E+01 2.51189E+01 2.51189E+00 3.98107E+00 6.30957E+00 9.99999E+00 1.58489E+01 2.51189E+01 3.98107E+00 6.30957E+00 9.99999E+00 1.58489E+01 2.51189E+01 3.98107E+01 6.30957E+00 9.99999E+00 1.58489E+01 2.51189E+01 3.98107E+01 6.30957E+01 
90000 
2.19795E-04 
2.18589E-04 
5.23915E-04 
2.17420E-04 
5.22652E-04 
2.16297E-04 
5.22227E-04 
1.28385E-03 
2.15389E-04 
5.22388E-04 
1.28580E-03 
3.24445E-03 
2.14979E-04 
5.23518E-04 
1.29060E-03 
3.24856E-03 
2.15471E-04 
5.26239E-04 
1.29912E-03 
3.25728E-03 
8.23228E-03 
2.16702E-04 
5.30205E-04 
1.31051E-03 
3.27136E-03 
8.25035E-03 
2.16423E-04 
5.30947E-04 
1.31423E-03 
3.27104E-03 
8.22801E-03 
2.07940E-02 
2.10645E-04 
5.19760E-04 
1.29038E-03 
3.21282E-03 
8.06732E-03 
2.03374E-02 
5.18743E-02 
4.98501E-04 
1.24461E-03 
3.10902E-03 
7.80895E-03 
1.96718E-02 
4.99793E-02 
1.22089E-03 
3.05937E-03 
7.68382E-03 
1.93373E-02 
4.89427E-02 
1.25965E-01 
3.05711E-03 
7.67261E-03 
1.92817E-02 
4.86232E-02 
1.23811E-01 
3.24077E-01 
---
