PdfType: replica
Format: lhagrid1
---
4.34963E-04 7.77181E-04 7.77181E-04 1.38865E-03 1.38865E-03 2.48120E-03 2.48120E-03 2.48120E-03 4.43334E-03 4.43334E-03 4.43334E-03 4.43334E-03 7.92137E-03 7.92137E-03 7.92137E-03 7.92137E-03 1.41537E-02 1.41537E-02 1.41537E-02 1.41537E-02 1.41537E-02 2.52895E-02 2.52895E-02 2.52895E-02 2.52895E-02 2.52895E-02 4.51866E-02 4.51866E-02 4.51866E-02 4.51866E-02 4.51866E-02 4.51866E-02 8.07383E-02 8.07383E-02 8.07383E-02 8.07383E-02 8.07383E-02 8.07383E-02 8.07383E-02 1.44261E-01 1.44261E-01 1.44261E-01 1.44261E-01 1.44261E-01 1.44261E-01 2.57762E-01 2.57762E-01 2.57762E-01 2.57762E-01 2.57762E-01 2.57762E-01 4.60562E-01 4.60562E-01 4.60562E-01 4.60562E-01 4.60562E-01 4.60562E-01 
1.58489E+00 1.58489E+00 2.51189E+00 1.58489E+00 2.51189E+00 1.58489E+00 2.51189E+00 3.98107E+00 1.58489E+00 2.51189E+00 3.98107E+00 6.30957E+00 1.58489E+00 2.51189E+00 3.98107E+00 6.30957E+00 1.58489E+00 2.51189E+00 3.98107E+00 6.30957E+00 9.99999E+00 1.58489E+00 2.51189E+00 3.98107E+00 6.30957E+00 9.99999E+00 1.58489E+00 2.51189E+00 3.98107E+00 6.30957E+00 9.99999E+00 1.58489E+01 1.58489E+00 2.51189E+00 3.98107E+00 6.30957E+00 9.99999E+00 1.58489E+01 2.51189E+01 2.51189E+00 3.98107E+00 6.30957E+00 9.99999E+00 1.58489E+01 2.51189E+01 3.98107E+00 6.30957E+00 9.99999E+00 1.58489E+01 2.51189E+01 3.98107E+01 6.30957E+00 9.99999E+00 1.58489E+01 2.51189E+01 3.98107E+01 6.30957E+01 
90000 
2.19734E-04 
2.18468E-04 
5.23848E-04 
2.17210E-04 
5.22455E-04 
2.15980E-04 
5.21884E-04 
1.28340E-03 
2.14999E-04 
5.21968E-04 
1.28526E-03 
3.24410E-03 
2.14691E-04 
5.23345E-04 
1.29067E-03 
3.24959E-03 
2.15744E-04 
5.27153E-04 
1.30155E-03 
3.26328E-03 
8.24709E-03 
2.18223E-04 
5.33428E-04 
1.31778E-03 
3.28759E-03 
8.28872E-03 
2.19001E-04 
5.36129E-04 
1.32552E-03 
3.29601E-03 
8.28551E-03 
2.09264E-02 
2.12430E-04 
5.23539E-04 
1.29898E-03 
3.23262E-03 
8.11389E-03 
2.04459E-02 
5.21108E-02 
5.01399E-04 
1.25267E-03 
3.13047E-03 
7.86391E-03 
1.98101E-02 
5.03140E-02 
1.23559E-03 
3.09764E-03 
7.78010E-03 
1.95781E-02 
4.95389E-02 
1.27400E-01 
3.10291E-03 
7.78968E-03 
1.95774E-02 
4.93639E-02 
1.25636E-01 
3.28363E-01 
---
