PdfType: replica
Format: lhagrid1
---
4.34963E-04 7.77181E-04 7.77181E-04 1.38865E-03 1.38865E-03 2.48120E-03 2.48120E-03 2.48120E-03 4.43334E-03 4.43334E-03 4.43334E-03 4.43334E-03 7.92137E-03 7.92137E-03 7.92137E-03 7.92137E-03 1.41537E-02 1.41537E-02 1.41537E-02 1.41537E-02 1.41537E-02 2.52895E-02 2.52895E-02 2.52895E-02 2.52895E-02 2.52895E-02 4.51866E-02 4.51866E-02 4.51866E-02 4.51866E-02 4.51866E-02 4.51866E-02 8.07383E-02 8.07383E-02 8.07383E-02 8.07383E-02 8.07383E-02 8.07383E-02 8.07383E-02 1.44261E-01 1.44261E-01 1.44261E-01 1.44261E-01 1.44261E-01 1.44261E-01 2.57762E-01 2.57762E-01 2.57762E-01 2.57762E-01 2.57762E-01 2.57762E-01 4.60562E-01 4.60562E-01 4.60562E-01 4.60562E-01 4.60562E-01 4.60562E-01 
1.58489E+00 1.58489E+00 2.51189E+00 1.58489E+00 2.51189E+00 1.58489E+00 2.51189E+00 3.98107E+00 1.58489E+00 2.51189E+00 3.98107E+00 6.30957E+00 1.58489E+00 2.51189E+00 3.98107E+00 6.30957E+00 1.58489E+00 2.51189E+00 3.98107E+00 6.30957E+00 9.99999E+00 1.58489E+00 2.51189E+00 3.98107E+00 6.30957E+00 9.99999E+00 1.58489E+00 2.51189E+00 3.98107E+00 6.30957E+00 9.99999E+00 1.58489E+01 1.58489E+00 2.51189E+00 3.98107E+00 6.30957E+00 9.99999E+00 1.58489E+01 2.51189E+01 2.51189E+00 3.98107E+00 6.30957E+00 9.99999E+00 1.58489E+01 2.51189E+01 3.98107E+00 6.30957E+00 9.99999E+00 1.58489E+01 2.51189E+01 3.98107E+01 6.30957E+00 9.99999E+00 1.58489E+01 2.51189E+01 3.98107E+01 6.30957E+01 
90000 
2.20125E-04 
2.18949E-04 
5.24762E-04 
2.17757E-04 
5.23413E-04 
2.16525E-04 
5.22763E-04 
1.28483E-03 
2.15410E-04 
5.22537E-04 
1.28604E-03 
3.24463E-03 
2.14779E-04 
5.23301E-04 
1.29025E-03 
3.24782E-03 
2.15371E-04 
5.26335E-04 
1.29973E-03 
3.25888E-03 
8.23538E-03 
2.17576E-04 
5.32265E-04 
1.31546E-03 
3.28252E-03 
8.27665E-03 
2.18616E-04 
5.35397E-04 
1.32389E-03 
3.29235E-03 
8.27623E-03 
2.09034E-02 
2.11918E-04 
5.22215E-04 
1.29553E-03 
3.22423E-03 
8.09241E-03 
2.03926E-02 
5.19880E-02 
4.98983E-04 
1.24674E-03 
3.11596E-03 
7.82857E-03 
1.97245E-02 
5.01113E-02 
1.22993E-03 
3.08238E-03 
7.74124E-03 
1.94803E-02 
4.92968E-02 
1.26832E-01 
3.07870E-03 
7.72693E-03 
1.94163E-02 
4.89534E-02 
1.24600E-01 
3.25816E-01 
---
