PdfType: replica
Format: lhagrid1
---
4.34963E-04 7.77181E-04 7.77181E-04 1.38865E-03 1.38865E-03 2.48120E-03 2.48120E-03 2.48120E-03 4.43334E-03 4.43334E-03 4.43334E-03 4.43334E-03 7.92137E-03 7.92137E-03 7.92137E-03 7.92137E-03 1.41537E-02 1.41537E-02 1.41537E-02 1.41537E-02 1.41537E-02 2.52895E-02 2.52895E-02 2.52895E-02 2.52895E-02 2.52895E-02 4.51866E-02 4.51866E-02 4.51866E-02 4.51866E-02 4.51866E-02 4.51866E-02 8.07383E-02 8.07383E-02 8.07383E-02 8.07383E-02 8.07383E-02 8.07383E-02 8.07383E-02 1.44261E-01 1.44261E-01 1.44261E-01 1.44261E-01 1.44261E-01 1.44261E-01 2.57762E-01 2.57762E-01 2.57762E-01 2.57762E-01 2.57762E-01 2.57762E-01 4.60562E-01 4.60562E-01 4.60562E-01 4.60562E-01 4.60562E-01 4.60562E-01 
1.58489E+00 1.58489E+00 2.51189E+00 1.58489E+00 2.51189E+00 1.58489E+00 2.51189E+00 3.98107E+00 1.58489E+00 2.51189E+00 3.98107E+00 6.30957E+00 1.58489E+00 2.51189E+00 3.98107E+00 6.30957E+00 1.58489E+00 2.51189E+00 3.98107E+00 6.30957E+00 9.99999E+00 1.58489E+00 2.51189E+00 3.98107E+00 6.30957E+00 9.99999E+00 1.58489E+00 2.51189E+00 3.98107E+00 6.30957E+00 9.99999E+00 1.58489E+01 1.58489E+00 2.51189E+00 3.98107E+00 6.30957E+00 9.99999E+00 1.58489E+01 2.51189E+01 2.51189E+00 3.98107E+00 6.30957E+00 9.99999E+00 1.58489E+01 2.51189E+01 3.98107E+00 6.30957E+00 9.99999E+00 1.58489E+01 2.51189E+01 3.98107E+01 6.30957E+00 9.99999E+00 1.58489E+01 2.51189E+01 3.98107E+01 6.30957E+01 
90000 
2.19283E-04 
2.17821E-04 
5.22514E-04 
2.16274E-04 
5.20493E-04 
2.14602E-04 
5.18941E-04 
1.27708E-03 
2.12922E-04 
5.17485E-04 
1.27552E-03 
3.22289E-03 
2.11502E-04 
5.16509E-04 
1.27579E-03 
3.21685E-03 
2.10960E-04 
5.17190E-04 
1.28009E-03 
3.21594E-03 
8.13996E-03 
2.11947E-04 
5.20898E-04 
1.29123E-03 
3.22949E-03 
8.15764E-03 
2.13099E-04 
5.24603E-04 
1.30121E-03 
3.24322E-03 
8.16624E-03 
2.06498E-02 
2.09019E-04 
5.16697E-04 
1.28424E-03 
3.20018E-03 
8.04031E-03 
2.02757E-02 
5.17070E-02 
4.99225E-04 
1.24770E-03 
3.11856E-03 
7.83684E-03 
1.97475E-02 
5.01684E-02 
1.23343E-03 
3.09005E-03 
7.75830E-03 
1.95187E-02 
4.93855E-02 
1.27046E-01 
3.06927E-03 
7.70089E-03 
1.93466E-02 
4.87713E-02 
1.24141E-01 
3.24759E-01 
---
