PdfType: replica
Format: lhagrid1
---
4.34963E-04 7.77181E-04 7.77181E-04 1.38865E-03 1.38865E-03 2.48120E-03 2.48120E-03 2.48120E-03 4.43334E-03 4.43334E-03 4.43334E-03 4.43334E-03 7.92137E-03 7.92137E-03 7.92137E-03 7.92137E-03 1.41537E-02 1.41537E-02 1.41537E-02 1.41537E-02 1.41537E-02 2.52895E-02 2.52895E-02 2.52895E-02 2.52895E-02 2.52895E-02 4.51866E-02 4.51866E-02 4.51866E-02 4.51866E-02 4.51866E-02 4.51866E-02 8.07383E-02 8.07383E-02 8.07383E-02 8.07383E-02 8.07383E-02 8.07383E-02 8.07383E-02 1.44261E-01 1.44261E-01 1.44261E-01 1.44261E-01 1.44261E-01 1.44261E-01 2.57762E-01 2.57762E-01 2.57762E-01 2.57762E-01 2.57762E-01 2.57762E-01 4.60562E-01 4.60562E-01 4.60562E-01 4.60562E-01 4.60562E-01 4.60562E-01 
1.58489E+00 1.58489E+00 2.51189E+00 1.58489E+00 2.51189E+00 1.58489E+00 2.51189E+00 3.98107E+00 1.58489E+00 2.51189E+00 3.98107E+00 6.30957E+00 1.58489E+00 2.51189E+00 3.98107E+00 6.30957E+00 1.58489E+00 2.51189E+00 3.98107E+00 6.30957E+00 9.99999E+00 1.58489E+00 2.51189E+00 3.98107E+00 6.30957E+00 9.99999E+00 1.58489E+00 2.51189E+00 3.98107E+00 6.30957E+00 9.99999E+00 1.58489E+01 1.58489E+00 2.51189E+00 3.98107E+00 6.30957E+00 9.99999E+00 1.58489E+01 2.51189E+01 2.51189E+00 3.98107E+00 6.30957E+00 9.99999E+00 1.58489E+01 2.51189E+01 3.98107E+00 6.30957E+00 9.99999E+00 1.58489E+01 2.51189E+01 3.98107E+01 6.30957E+00 9.99999E+00 1.58489E+01 2.51189E+01 3.98107E+01 6.30957E+01 
90000 
2.19493E-04 
2.18302E-04 
5.23295E-04 
2.17178E-04 
5.22097E-04 
2.16127E-04 
5.21802E-04 
1.28280E-03 
2.15321E-04 
5.22174E-04 
1.28522E-03 
3.24235E-03 
2.15055E-04 
5.23625E-04 
1.29073E-03 
3.24820E-03 
2.15754E-04 
5.26769E-04 
1.30013E-03 
3.25880E-03 
8.23299E-03 
2.17159E-04 
5.30900E-04 
1.31155E-03 
3.27249E-03 
8.24988E-03 
2.16370E-04 
5.30207E-04 
1.31157E-03 
3.26322E-03 
8.20597E-03 
2.07312E-02 
2.08827E-04 
5.15395E-04 
1.27987E-03 
3.18789E-03 
8.00658E-03 
2.01879E-02 
5.14977E-02 
4.93694E-04 
1.23392E-03 
3.08495E-03 
7.75328E-03 
1.95416E-02 
4.96699E-02 
1.21694E-03 
3.04987E-03 
7.66265E-03 
1.92891E-02 
4.88304E-02 
1.25691E-01 
3.05790E-03 
7.67661E-03 
1.92953E-02 
4.86642E-02 
1.23922E-01 
3.24321E-01 
---
