PdfType: replica
Format: lhagrid1
---
4.34963E-04 7.77181E-04 7.77181E-04 1.38865E-03 1.38865E-03 2.48120E-03 2.48120E-03 2.48120E-03 4.43334E-03 4.43334E-03 4.43334E-03 4.43334E-03 7.92137E-03 7.92137E-03 7.92137E-03 7.92137E-03 1.41537E-02 1.41537E-02 1.41537E-02 1.41537E-02 1.41537E-02 2.52895E-02 2.52895E-02 2.52895E-02 2.52895E-02 2.52895E-02 4.51866E-02 4.51866E-02 4.51866E-02 4.51866E-02 4.51866E-02 4.51866E-02 8.07383E-02 8.07383E-02 8.07383E-02 8.07383E-02 8.07383E-02 8.07383E-02 8.07383E-02 1.44261E-01 1.44261E-01 1.44261E-01 1.44261E-01 1.44261E-01 1.44261E-01 2.57762E-01 2.57762E-01 2.57762E-01 2.57762E-01 2.57762E-01 2.57762E-01 4.60562E-01 4.60562E-01 4.60562E-01 4.60562E-01 4.60562E-01 4.60562E-01 
1.58489E+00 1.58489E+00 2.51189E+00 1.58489E+00 2.51189E+00 1.58489E+00 2.51189E+00 3.98107E+00 1.58489E+00 2.51189E+00 3.98107E+00 6.30957E+00 1.58489E+00 2.51189E+00 3.98107E+00 6.30957E+00 1.58489E+00 2.51189E+00 3.98107E+00 6.30957E+00 9.99999E+00 1.58489E+00 2.51189E+00 3.98107E+00 6.30957E+00 9.99999E+00 1.58489E+00 2.51189E+00 3.98107E+00 6.30957E+00 9.99999E+00 1.58489E+01 1.58489E+00 2.51189E+00 3.98107E+00 6.30957E+00 9.99999E+00 1.58489E+01 2.51189E+01 2.51189E+00 3.98107E+00 6.30957E+00 9.99999E+00 1.58489E+01 2.51189E+01 3.98107E+00 6.30957E+00 9.99999E+00 1.58489E+01 2.51189E+01 3.98107E+01 6.30957E+00 9.99999E+00 1.58489E+01 2.51189E+01 3.98107E+01 6.30957E+01 
90000 
2.19861E-04 
2.18450E-04 
5.23893E-04 
2.16929E-04 
5.21953E-04 
2.15266E-04 
5.20448E-04 
1.28028E-03 
2.13597E-04 
5.19008E-04 
1.27876E-03 
3.22969E-03 
2.12216E-04 
5.18016E-04 
1.27889E-03 
3.22355E-03 
2.11714E-04 
5.18539E-04 
1.28257E-03 
3.22119E-03 
8.15172E-03 
2.12488E-04 
5.21449E-04 
1.29150E-03 
3.22914E-03 
8.15558E-03 
2.12568E-04 
5.22693E-04 
1.29570E-03 
3.22875E-03 
8.12997E-03 
2.05627E-02 
2.06862E-04 
5.11354E-04 
1.27111E-03 
3.16774E-03 
7.96215E-03 
2.00878E-02 
5.12642E-02 
4.92631E-04 
1.23223E-03 
3.08156E-03 
7.74891E-03 
1.95379E-02 
4.96727E-02 
1.22337E-03 
3.06804E-03 
7.70912E-03 
1.94086E-02 
4.91402E-02 
1.26512E-01 
3.09852E-03 
7.78306E-03 
1.95719E-02 
4.93775E-02 
1.25742E-01 
3.28832E-01 
---
