PdfType: replica
Format: lhagrid1
---
4.34963E-04 7.77181E-04 7.77181E-04 1.38865E-03 1.38865E-03 2.48120E-03 2.48120E-03 2.48120E-03 4.43334E-03 4.43334E-03 4.43334E-03 4.43334E-03 7.92137E-03 7.92137E-03 7.92137E-03 7.92137E-03 1.41537E-02 1.41537E-02 1.41537E-02 1.41537E-02 1.41537E-02 2.52895E-02 2.52895E-02 2.52895E-02 2.52895E-02 2.52895E-02 4.51866E-02 4.51866E-02 4.51866E-02 4.51866E-02 4.51866E-02 4.51866E-02 8.07383E-02 8.07383E-02 8.07383E-02 8.07383E-02 8.07383E-02 8.07383E-02 8.07383E-02 1.44261E-01 1.44261E-01 1.44261E-01 1.44261E-01 1.44261E-01 1.44261E-01 2.57762E-01 2.57762E-01 2.57762E-01 2.57762E-01 2.57762E-01 2.57762E-01 4.60562E-01 4.60562E-01 4.60562E-01 4.60562E-01 4.60562E-01 4.60562E-01 
1.58489E+00 1.58489E+00 2.51189E+00 1.58489E+00 2.51189E+00 1.58489E+00 2.51189E+00 3.98107E+00 1.58489E+00 2.51189E+00 3.98107E+00 6.30957E+00 1.58489E+00 2.51189E+00 3.98107E+00 6.30957E+00 1.58489E+00 2.51189E+00 3.98107E+00 6.30957E+00 9.99999E+00 1.58489E+00 2.51189E+00 3.98107E+00 6.30957E+00 9.99999E+00 1.58489E+00 2.51189E+00 3.98107E+00 6.30957E+00 9.99999E+00 1.58489E+01 1.58489E+00 2.51189E+00 3.98107E+00 6.30957E+00 9.99999E+00 1.58489E+01 2.51189E+01 2.51189E+00 3.98107E+00 6.30957E+00 9.99999E+00 1.58489E+01 2.51189E+01 3.98107E+00 6.30957E+00 9.99999E+00 1.58489E+01 2.51189E+01 3.98107E+01 6.30957E+00 9.99999E+00 1.58489E+01 2.51189E+01 3.98107E+01 6.30957E+01 
90000 
2.19846E-04 
2.18576E-04 
5.23867E-04 
2.17309E-04 
5.22416E-04 
2.16055E-04 
5.21757E-04 
1.28281E-03 
2.15008E-04 
5.21662E-04 
1.28424E-03 
3.24140E-03 
2.14528E-04 
5.22644E-04 
1.28874E-03 
3.24486E-03 
2.15185E-04 
5.25634E-04 
1.29784E-03 
3.25459E-03 
8.22650E-03 
2.16975E-04 
5.30628E-04 
1.31140E-03 
3.27318E-03 
8.25537E-03 
2.17264E-04 
5.32520E-04 
1.31752E-03 
3.27821E-03 
8.24459E-03 
2.08322E-02 
2.11210E-04 
5.20841E-04 
1.29263E-03 
3.21770E-03 
8.07841E-03 
2.03625E-02 
5.19273E-02 
4.98967E-04 
1.24603E-03 
3.11284E-03 
7.81943E-03 
1.96992E-02 
5.00465E-02 
1.22510E-03 
3.07018E-03 
7.71051E-03 
1.94031E-02 
4.91040E-02 
1.26354E-01 
3.06683E-03 
7.69589E-03 
1.93384E-02 
4.87633E-02 
1.24164E-01 
3.25007E-01 
---
