PdfType: replica
Format: lhagrid1
---
4.34963E-04 7.77181E-04 7.77181E-04 1.38865E-03 1.38865E-03 2.48120E-03 2.48120E-03 2.48120E-03 4.43334E-03 4.43334E-03 4.43334E-03 4.43334E-03 7.92137E-03 7.92137E-03 7.92137E-03 7.92137E-03 1.41537E-02 1.41537E-02 1.41537E-02 1.41537E-02 1.41537E-02 2.52895E-02 2.52895E-02 2.52895E-02 2.52895E-02 2.52895E-02 4.51866E-02 4.51866E-02 4.51866E-02 4.51866E-02 4.51866E-02 4.51866E-02 8.07383E-02 8.07383E-02 8.07383E-02 8.07383E-02 8.07383E-02 8.07383E-02 8.07383E-02 1.44261E-01 1.44261E-01 1.44261E-01 1.44261E-01 1.44261E-01 1.44261E-01 2.57762E-01 2.57762E-01 2.57762E-01 2.57762E-01 2.57762E-01 2.57762E-01 4.60562E-01 4.60562E-01 4.60562E-01 4.60562E-01 4.60562E-01 4.60562E-01 
1.58489E+00 1.58489E+00 2.51189E+00 1.58489E+00 2.51189E+00 1.58489E+00 2.51189E+00 3.98107E+00 1.58489E+00 2.51189E+00 3.98107E+00 6.30957E+00 1.58489E+00 2.51189E+00 3.98107E+00 6.30957E+00 1.58489E+00 2.51189E+00 3.98107E+00 6.30957E+00 9.99999E+00 1.58489E+00 2.51189E+00 3.98107E+00 6.30957E+00 9.99999E+00 1.58489E+00 2.51189E+00 3.98107E+00 6.30957E+00 9.99999E+00 1.58489E+01 1.58489E+00 2.51189E+00 3.98107E+00 6.30957E+00 9.99999E+00 1.58489E+01 2.51189E+01 2.51189E+00 3.98107E+00 6.30957E+00 9.99999E+00 1.58489E+01 2.51189E+01 3.98107E+00 6.30957E+00 9.99999E+00 1.58489E+01 2.51189E+01 3.98107E+01 6.30957E+00 9.99999E+00 1.58489E+01 2.51189E+01 3.98107E+01 6.30957E+01 
90000 
2.19776E-04 
2.18578E-04 
5.23756E-04 
2.17395E-04 
5.22419E-04 
2.16197E-04 
5.21794E-04 
1.28278E-03 
2.15081E-04 
5.21481E-04 
1.28359E-03 
3.23974E-03 
2.14196E-04 
5.21602E-04 
1.28610E-03 
3.23864E-03 
2.13785E-04 
5.22473E-04 
1.29058E-03 
3.23816E-03 
8.18833E-03 
2.13787E-04 
5.24025E-04 
1.29690E-03 
3.24082E-03 
8.18119E-03 
2.13066E-04 
5.24159E-04 
1.29991E-03 
3.23947E-03 
8.15907E-03 
2.06398E-02 
2.09250E-04 
5.17496E-04 
1.28663E-03 
3.20656E-03 
8.05751E-03 
2.03247E-02 
5.18730E-02 
5.01195E-04 
1.25080E-03 
3.12411E-03 
7.84395E-03 
1.97544E-02 
5.01794E-02 
1.22091E-03 
3.05848E-03 
7.68169E-03 
1.93319E-02 
4.89257E-02 
1.25887E-01 
3.05895E-03 
7.68033E-03 
1.93066E-02 
4.86946E-02 
1.24000E-01 
3.24487E-01 
---
