PdfType: replica
Format: lhagrid1
---
4.34963E-04 7.77181E-04 7.77181E-04 1.38865E-03 1.38865E-03 2.48120E-03 2.48120E-03 2.48120E-03 4.43334E-03 4.43334E-03 4.43334E-03 4.43334E-03 7.92137E-03 7.92137E-03 7.92137E-03 7.92137E-03 1.41537E-02 1.41537E-02 1.41537E-02 1.41537E-02 1.41537E-02 2.52895E-02 2.52895E-02 2.52895E-02 2.52895E-02 2.52895E-02 4.51866E-02 4.51866E-02 4.51866E-02 4.51866E-02 4.51866E-02 4.51866E-02 8.07383E-02 8.07383E-02 8.07383E-02 8.07383E-02 8.07383E-02 8.07383E-02 8.07383E-02 1.44261E-01 1.44261E-01 1.44261E-01 1.44261E-01 1.44261E-01 1.44261E-01 2.57762E-01 2.57762E-01 2.57762E-01 2.57762E-01 2.57762E-01 2.57762E-01 4.60562E-01 4.60562E-01 4.60562E-01 4.60562E-01 4.60562E-01 4.60562E-01 
1.58489E+00 1.58489E+00 2.51189E+00 1.58489E+00 2.51189E+00 1.58489E+00 2.51189E+00 3.98107E+00 1.58489E+00 2.51189E+00 3.98107E+00 6.30957E+00 1.58489E+00 2.51189E+00 3.98107E+00 6.30957E+00 1.58489E+00 2.51189E+00 3.98107E+00 6.30957E+00 9.99999E+00 1.58489E+00 2.51189E+00 3.98107E+00 6.30957E+00 9.99999E+00 1.58489E+00 2.51189E+00 3.98107E+00 6.30957E+00 9.99999E+00 1.58489E+01 1.58489E+00 2.51189E+00 3.98107E+00 6.30957E+00 9.99999E+00 1.58489E+01 2.51189E+01 2.51189E+00 3.98107E+00 6.30957E+00 9.99999E+00 1.58489E+01 2.51189E+01 3.98107E+00 6.30957E+00 9.99999E+00 1.58489E+01 2.51189E+01 3.98107E+01 6.30957E+00 9.99999E+00 1.58489E+01 2.51189E+01 3.98107E+01 6.30957E+01 
90000 
2.19766E-04 
2.18602E-04 
5.23790E-04 
2.17470E-04 
5.22573E-04 
2.16362E-04 
5.22150E-04 
1.28337E-03 
2.15429E-04 
5.22225E-04 
1.28509E-03 
3.24222E-03 
2.14944E-04 
5.23146E-04 
1.28938E-03 
3.24519E-03 
2.15318E-04 
5.25521E-04 
1.29703E-03 
3.25164E-03 
8.21741E-03 
2.16343E-04 
5.28865E-04 
1.30678E-03 
3.26146E-03 
8.22553E-03 
2.15332E-04 
5.27897E-04 
1.30636E-03 
3.25141E-03 
8.17930E-03 
2.06725E-02 
2.07988E-04 
5.13539E-04 
1.27555E-03 
3.17782E-03 
7.98268E-03 
2.01321E-02 
5.13755E-02 
4.92020E-04 
1.22966E-03 
3.07405E-03 
7.72653E-03 
1.94760E-02 
4.95112E-02 
1.21208E-03 
3.03727E-03 
7.63065E-03 
1.92083E-02 
4.86281E-02 
1.25197E-01 
3.03978E-03 
7.62898E-03 
1.91726E-02 
4.83523E-02 
1.23145E-01 
3.22486E-01 
---
