PdfType: replica
Format: lhagrid1
---
4.34963E-04 7.77181E-04 7.77181E-04 1.38865E-03 1.38865E-03 2.48120E-03 2.48120E-03 2.48120E-03 4.43334E-03 4.43334E-03 4.43334E-03 4.43334E-03 7.92137E-03 7.92137E-03 7.92137E-03 7.92137E-03 1.41537E-02 1.41537E-02 1.41537E-02 1.41537E-02 1.41537E-02 2.52895E-02 2.52895E-02 2.52895E-02 2.52895E-02 2.52895E-02 4.51866E-02 4.51866E-02 4.51866E-02 4.51866E-02 4.51866E-02 4.51866E-02 8.07383E-02 8.07383E-02 8.07383E-02 8.07383E-02 8.07383E-02 8.07383E-02 8.07383E-02 1.44261E-01 1.44261E-01 1.44261E-01 1.44261E-01 1.44261E-01 1.44261E-01 2.57762E-01 2.57762E-01 2.57762E-01 2.57762E-01 2.57762E-01 2.57762E-01 4.60562E-01 4.60562E-01 4.60562E-01 4.60562E-01 4.60562E-01 4.60562E-01 
1.58489E+00 1.58489E+00 2.51189E+00 1.58489E+00 2.51189E+00 1.58489E+00 2.51189E+00 3.98107E+00 1.58489E+00 2.51189E+00 3.98107E+00 6.30957E+00 1.58489E+00 2.51189E+00 3.98107E+00 6.30957E+00 1.58489E+00 2.51189E+00 3.98107E+00 6.30957E+00 9.99999E+00 1.58489E+00 2.51189E+00 3.98107E+00 6.30957E+00 9.99999E+00 1.58489E+00 2.51189E+00 3.98107E+00 6.30957E+00 9.99999E+00 1.58489E+01 1.58489E+00 2.51189E+00 3.98107E+00 6.30957E+00 9.99999E+00 1.58489E+01 2.51189E+01 2.51189E+00 3.98107E+00 6.30957E+00 9.99999E+00 1.58489E+01 2.51189E+01 3.98107E+00 6.30957E+00 9.99999E+00 1.58489E+01 2.51189E+01 3.98107E+01 6.30957E+00 9.99999E+00 1.58489E+01 2.51189E+01 3.98107E+01 6.30957E+01 
90000 
7.66434E-08 
5.55892E-08 
2.20067E-07 
3.87238E-08 
1.40645E-07 
2.04482E-08 
7.20803E-08 
3.37748E-07 
-7.01633E-09 
-1.31470E-08 
1.91003E-08 
2.98345E-07 
-5.70085E-08 
-1.55261E-07 
-4.25789E-07 
-1.24483E-06 
-1.53893E-07 
-4.24182E-07 
-1.20226E-06 
-3.60298E-06 
-1.38466E-05 
-3.39955E-07 
-9.39905E-07 
-2.64384E-06 
-7.72507E-06 
-2.61886E-05 
-6.75084E-07 
-1.87611E-06 
-5.22513E-06 
-1.48619E-05 
-4.58879E-05 
-1.67688E-04 
-1.22063E-06 
-3.40722E-06 
-9.39574E-06 
-2.60803E-05 
-7.51995E-05 
-2.38307E-04 
-9.04702E-04 
-5.60666E-06 
-1.52166E-05 
-4.13298E-05 
-1.14092E-04 
-3.30857E-04 
-1.06896E-03 
-2.19378E-05 
-5.87017E-05 
-1.59108E-04 
-4.47082E-04 
-1.35991E-03 
-4.84667E-03 
-7.59158E-05 
-2.04198E-04 
-5.65096E-04 
-1.66533E-03 
-5.58027E-03 
-2.31729E-02 
---
