PdfType: replica
Format: lhagrid1
---
4.34963E-04 7.77181E-04 7.77181E-04 1.38865E-03 1.38865E-03 2.48120E-03 2.48120E-03 2.48120E-03 4.43334E-03 4.43334E-03 4.43334E-03 4.43334E-03 7.92137E-03 7.92137E-03 7.92137E-03 7.92137E-03 1.41537E-02 1.41537E-02 1.41537E-02 1.41537E-02 1.41537E-02 2.52895E-02 2.52895E-02 2.52895E-02 2.52895E-02 2.52895E-02 4.51866E-02 4.51866E-02 4.51866E-02 4.51866E-02 4.51866E-02 4.51866E-02 8.07383E-02 8.07383E-02 8.07383E-02 8.07383E-02 8.07383E-02 8.07383E-02 8.07383E-02 1.44261E-01 1.44261E-01 1.44261E-01 1.44261E-01 1.44261E-01 1.44261E-01 2.57762E-01 2.57762E-01 2.57762E-01 2.57762E-01 2.57762E-01 2.57762E-01 4.60562E-01 4.60562E-01 4.60562E-01 4.60562E-01 4.60562E-01 4.60562E-01 
1.58489E+00 1.58489E+00 2.51189E+00 1.58489E+00 2.51189E+00 1.58489E+00 2.51189E+00 3.98107E+00 1.58489E+00 2.51189E+00 3.98107E+00 6.30957E+00 1.58489E+00 2.51189E+00 3.98107E+00 6.30957E+00 1.58489E+00 2.51189E+00 3.98107E+00 6.30957E+00 9.99999E+00 1.58489E+00 2.51189E+00 3.98107E+00 6.30957E+00 9.99999E+00 1.58489E+00 2.51189E+00 3.98107E+00 6.30957E+00 9.99999E+00 1.58489E+01 1.58489E+00 2.51189E+00 3.98107E+00 6.30957E+00 9.99999E+00 1.58489E+01 2.51189E+01 2.51189E+00 3.98107E+00 6.30957E+00 9.99999E+00 1.58489E+01 2.51189E+01 3.98107E+00 6.30957E+00 9.99999E+00 1.58489E+01 2.51189E+01 3.98107E+01 6.30957E+00 9.99999E+00 1.58489E+01 2.51189E+01 3.98107E+01 6.30957E+01 
90000 
5.44006E-08 
3.74380E-08 
1.70382E-07 
2.16485E-08 
9.74815E-08 
2.64618E-09 
2.91173E-08 
2.17886E-07 
-2.56134E-08 
-5.58961E-08 
-9.97804E-08 
-1.98807E-07 
-7.28318E-08 
-1.86654E-07 
-5.07496E-07 
-1.64855E-06 
-1.55058E-07 
-4.10230E-07 
-1.14884E-06 
-3.60234E-06 
-1.43702E-05 
-2.97367E-07 
-8.03060E-07 
-2.24884E-06 
-6.74629E-06 
-2.38238E-05 
-5.34122E-07 
-1.47861E-06 
-4.14662E-06 
-1.20633E-05 
-3.88295E-05 
-1.53302E-04 
-9.12424E-07 
-2.59383E-06 
-7.30349E-06 
-2.08400E-05 
-6.28800E-05 
-2.16656E-04 
-9.39574E-04 
-4.41077E-06 
-1.23951E-05 
-3.48165E-05 
-1.00521E-04 
-3.14027E-04 
-1.15227E-03 
-2.08721E-05 
-5.77338E-05 
-1.61671E-04 
-4.72655E-04 
-1.52498E-03 
-5.93509E-03 
-1.06666E-04 
-2.93966E-04 
-8.25177E-04 
-2.43460E-03 
-8.04926E-03 
-3.28079E-02 
---
