PdfType: replica
Format: lhagrid1
---
4.34963E-04 7.77181E-04 7.77181E-04 1.38865E-03 1.38865E-03 2.48120E-03 2.48120E-03 2.48120E-03 4.43334E-03 4.43334E-03 4.43334E-03 4.43334E-03 7.92137E-03 7.92137E-03 7.92137E-03 7.92137E-03 1.41537E-02 1.41537E-02 1.41537E-02 1.41537E-02 1.41537E-02 2.52895E-02 2.52895E-02 2.52895E-02 2.52895E-02 2.52895E-02 4.51866E-02 4.51866E-02 4.51866E-02 4.51866E-02 4.51866E-02 4.51866E-02 8.07383E-02 8.07383E-02 8.07383E-02 8.07383E-02 8.07383E-02 8.07383E-02 8.07383E-02 1.44261E-01 1.44261E-01 1.44261E-01 1.44261E-01 1.44261E-01 1.44261E-01 2.57762E-01 2.57762E-01 2.57762E-01 2.57762E-01 2.57762E-01 2.57762E-01 4.60562E-01 4.60562E-01 4.60562E-01 4.60562E-01 4.60562E-01 4.60562E-01 
1.58489E+00 1.58489E+00 2.51189E+00 1.58489E+00 2.51189E+00 1.58489E+00 2.51189E+00 3.98107E+00 1.58489E+00 2.51189E+00 3.98107E+00 6.30957E+00 1.58489E+00 2.51189E+00 3.98107E+00 6.30957E+00 1.58489E+00 2.51189E+00 3.98107E+00 6.30957E+00 9.99999E+00 1.58489E+00 2.51189E+00 3.98107E+00 6.30957E+00 9.99999E+00 1.58489E+00 2.51189E+00 3.98107E+00 6.30957E+00 9.99999E+00 1.58489E+01 1.58489E+00 2.51189E+00 3.98107E+00 6.30957E+00 9.99999E+00 1.58489E+01 2.51189E+01 2.51189E+00 3.98107E+00 6.30957E+00 9.99999E+00 1.58489E+01 2.51189E+01 3.98107E+00 6.30957E+00 9.99999E+00 1.58489E+01 2.51189E+01 3.98107E+01 6.30957E+00 9.99999E+00 1.58489E+01 2.51189E+01 3.98107E+01 6.30957E+01 
90000 
4.93905E-09 
2.85533E-09 
3.50493E-08 
4.43688E-11 
1.59856E-08 
-4.46631E-09 
-4.11741E-09 
5.85866E-08 
-1.23786E-08 
-3.19623E-08 
-6.90156E-08 
-1.19430E-07 
-2.72473E-08 
-8.08149E-08 
-2.47582E-07 
-8.70487E-07 
-5.79214E-08 
-1.83703E-07 
-5.87758E-07 
-2.02613E-06 
-7.70448E-06 
-1.29443E-07 
-4.28833E-07 
-1.36339E-06 
-4.42482E-06 
-1.55946E-05 
-3.13087E-07 
-1.04140E-06 
-3.22754E-06 
-9.91072E-06 
-3.20365E-05 
-1.21358E-04 
-7.85901E-07 
-2.50714E-06 
-7.46478E-06 
-2.18219E-05 
-6.55109E-05 
-2.17133E-04 
-8.81536E-04 
-5.55350E-06 
-1.56878E-05 
-4.37436E-05 
-1.23607E-04 
-3.69581E-04 
-1.26077E-03 
-2.74489E-05 
-7.35003E-05 
-1.98861E-04 
-5.56757E-04 
-1.69078E-03 
-6.08098E-03 
-9.17417E-05 
-2.42772E-04 
-6.62164E-04 
-1.93057E-03 
-6.45557E-03 
-2.71066E-02 
---
