PdfType: replica
Format: lhagrid1
---
4.34963E-04 7.77181E-04 7.77181E-04 1.38865E-03 1.38865E-03 2.48120E-03 2.48120E-03 2.48120E-03 4.43334E-03 4.43334E-03 4.43334E-03 4.43334E-03 7.92137E-03 7.92137E-03 7.92137E-03 7.92137E-03 1.41537E-02 1.41537E-02 1.41537E-02 1.41537E-02 1.41537E-02 2.52895E-02 2.52895E-02 2.52895E-02 2.52895E-02 2.52895E-02 4.51866E-02 4.51866E-02 4.51866E-02 4.51866E-02 4.51866E-02 4.51866E-02 8.07383E-02 8.07383E-02 8.07383E-02 8.07383E-02 8.07383E-02 8.07383E-02 8.07383E-02 1.44261E-01 1.44261E-01 1.44261E-01 1.44261E-01 1.44261E-01 1.44261E-01 2.57762E-01 2.57762E-01 2.57762E-01 2.57762E-01 2.57762E-01 2.57762E-01 4.60562E-01 4.60562E-01 4.60562E-01 4.60562E-01 4.60562E-01 4.60562E-01 
1.58489E+00 1.58489E+00 2.51189E+00 1.58489E+00 2.51189E+00 1.58489E+00 2.51189E+00 3.98107E+00 1.58489E+00 2.51189E+00 3.98107E+00 6.30957E+00 1.58489E+00 2.51189E+00 3.98107E+00 6.30957E+00 1.58489E+00 2.51189E+00 3.98107E+00 6.30957E+00 9.99999E+00 1.58489E+00 2.51189E+00 3.98107E+00 6.30957E+00 9.99999E+00 1.58489E+00 2.51189E+00 3.98107E+00 6.30957E+00 9.99999E+00 1.58489E+01 1.58489E+00 2.51189E+00 3.98107E+00 6.30957E+00 9.99999E+00 1.58489E+01 2.51189E+01 2.51189E+00 3.98107E+00 6.30957E+00 9.99999E+00 1.58489E+01 2.51189E+01 3.98107E+00 6.30957E+00 9.99999E+00 1.58489E+01 2.51189E+01 3.98107E+01 6.30957E+00 9.99999E+00 1.58489E+01 2.51189E+01 3.98107E+01 6.30957E+01 
90000 
7.71638E-09 
9.67255E-10 
4.66041E-08 
-9.07882E-09 
1.21006E-08 
-2.48340E-08 
-3.38116E-08 
5.58517E-08 
-4.99490E-08 
-1.01885E-07 
-1.73206E-07 
-1.57442E-09 
-9.01883E-08 
-2.08788E-07 
-4.93619E-07 
-1.17077E-06 
-1.54743E-07 
-3.82239E-07 
-9.90579E-07 
-2.74797E-06 
-8.39933E-06 
-2.57675E-07 
-6.69181E-07 
-1.81078E-06 
-5.20031E-06 
-1.65361E-05 
-4.19495E-07 
-1.14870E-06 
-3.21021E-06 
-9.31590E-06 
-2.92594E-05 
-1.10214E-04 
-6.78467E-07 
-1.96588E-06 
-5.64442E-06 
-1.64248E-05 
-5.03213E-05 
-1.75552E-04 
-7.68820E-04 
-3.46337E-06 
-1.00701E-05 
-2.90953E-05 
-8.62461E-05 
-2.77044E-04 
-1.04757E-03 
-1.92486E-05 
-5.47329E-05 
-1.56476E-04 
-4.63764E-04 
-1.50225E-03 
-5.79662E-03 
-1.31344E-04 
-3.66099E-04 
-1.02398E-03 
-2.92508E-03 
-8.86654E-03 
-3.07589E-02 
---
