PdfType: replica
Format: lhagrid1
---
1.00000E-06 1.28121E-06 1.64152E-06 2.10317E-06 2.69463E-06 3.45242E-06 4.42329E-06 5.66715E-06 7.26076E-06 9.30241E-06 1.19180E-05 1.52689E-05 1.95617E-05 2.50609E-05 3.21053E-05 4.11287E-05 5.26863E-05 6.74889E-05 8.64459E-05 1.10720E-04 1.41800E-04 1.81585E-04 2.32503E-04 2.97652E-04 3.80981E-04 4.87518E-04 6.26039E-04 8.00452E-04 1.02297E-03 1.30657E-03 1.66759E-03 2.12729E-03 2.71054E-03 3.44865E-03 4.37927E-03 5.54908E-03 7.01192E-03 8.83064E-03 1.10763E-02 1.38266E-02 1.71641E-02 2.11717E-02 2.59364E-02 3.15062E-02 3.79623E-02 4.53425E-02 5.36750E-02 6.29705E-02 7.32221E-02 8.44039E-02 9.64793E-02 1.09332E-01 1.23067E-01 1.37507E-01 1.52639E-01 1.68416E-01 1.84794E-01 2.01731E-01 2.19016E-01 2.36948E-01 2.55242E-01 2.73927E-01 2.92954E-01 3.12340E-01 3.32036E-01 3.52019E-01 3.72282E-01 3.92772E-01 4.13533E-01 4.34326E-01 4.55495E-01 4.76836E-01 4.98342E-01 5.20006E-01 5.41818E-01 5.63773E-01 5.85861E-01 6.08077E-01 6.30459E-01 6.52800E-01 6.75387E-01 6.98063E-01 7.20830E-01 7.43683E-01 7.66623E-01 7.89636E-01 8.12791E-01 8.35940E-01 8.59175E-01 8.82485E-01 9.05866E-01 9.29311E-01 9.52817E-01 9.76387E-01 1.00000E+00 
1.14018E+00 1.22539E+00 1.32482E+00 1.44156E+00 1.57954E+00 1.74381E+00 1.94091E+00 2.12132E+00 2.17945E+00 2.49622E+00 2.89383E+00 3.39925E+00 4.05063E+00 4.90286E+00 6.03623E+00 7.57063E+00 9.68869E+00 1.26749E+01 1.69835E+01 2.33578E+01 3.30501E+01 4.82334E+01 7.28041E+01 1.13998E+02 1.85779E+02 3.16228E+02 
900 901 902 903 904 905 906 907 908 909 910 
7.52551E-01 4.37075E-02 7.92257E-01 4.60041E-02 2.37794E+03 1.14898E+00 6.67148E-02 1.25435E+03 7.52556E-01 4.37078E-02 2.72745E-01 
7.67088E-01 5.21068E-02 8.07703E-01 5.48184E-02 2.42193E+03 1.17116E+00 7.94707E-02 1.27685E+03 7.67094E-01 5.21072E-02 3.20729E-01 
7.98396E-01 6.71464E-02 8.36572E-01 6.83450E-02 2.46608E+03 1.21139E+00 9.83044E-02 1.29940E+03 7.98403E-01 6.71470E-02 3.81285E-01 
8.56016E-01 9.01736E-02 8.85122E-01 8.74629E-02 2.51037E+03 1.27744E+00 1.24302E-01 1.32198E+03 8.56024E-01 9.01744E-02 4.59510E-01 
9.33704E-01 1.18046E-01 9.50825E-01 1.10737E-01 2.55588E+03 1.36696E+00 1.55986E-01 1.34519E+03 9.33716E-01 1.18047E-01 5.60931E-01 
1.03554E+00 1.51591E-01 1.03726E+00 1.38911E-01 2.60160E+03 1.48484E+00 1.94379E-01 1.36847E+03 1.03556E+00 1.51593E-01 6.96249E-01 
1.16511E+00 1.91448E-01 1.14753E+00 1.72538E-01 2.64903E+03 1.63528E+00 2.40226E-01 1.39266E+03 1.16513E+00 1.91451E-01 8.77028E-01 
1.28695E+00 2.27097E-01 1.25143E+00 2.02715E-01 2.68664E+03 1.77705E+00 2.81376E-01 1.41186E+03 1.28698E+00 2.27102E-01 1.06073E+00 
1.32668E+00 2.38408E-01 1.28534E+00 2.12308E-01 2.69653E+03 1.82331E+00 2.94460E-01 1.41687E+03 1.32671E+00 2.38413E-01 1.12385E+00 
1.54305E+00 2.97975E-01 1.47028E+00 2.62922E-01 2.75009E+03 2.07561E+00 3.63475E-01 1.44424E+03 1.54309E+00 2.97984E-01 1.50189E+00 
1.81044E+00 3.67820E-01 1.69934E+00 3.22502E-01 2.80436E+03 2.38798E+00 4.44706E-01 1.47200E+03 1.81051E+00 3.67833E-01 2.05933E+00 
2.13559E+00 4.48178E-01 1.97821E+00 3.90919E-01 2.85937E+03 2.76797E+00 5.37788E-01 1.50021E+03 2.13570E+00 4.48202E-01 2.89079E+00 
2.52825E+00 5.40816E-01 2.31615E+00 4.70687E-01 2.91557E+03 3.22828E+00 6.46506E-01 1.52909E+03 2.52845E+00 5.40857E-01 4.17176E+00 
2.99738E+00 6.98589E-01 2.77335E+00 6.70474E-01 2.97207E+03 3.87238E+00 9.45411E-01 1.55822E+03 2.99774E+00 6.98677E-01 6.22202E+00 
3.55707E+00 8.29217E-01 3.32034E+00 7.99033E-01 3.02980E+03 4.64238E+00 1.12673E+00 1.58810E+03 3.55776E+00 8.29380E-01 9.56569E+00 
4.23671E+00 9.74686E-01 3.98533E+00 9.41459E-01 3.08935E+03 5.57721E+00 1.32689E+00 1.61908E+03 4.23806E+00 9.75005E-01 1.52795E+01 
5.05478E+00 1.13605E+00 4.78729E+00 1.09995E+00 3.15032E+03 6.70295E+00 1.54925E+00 1.65099E+03 5.05765E+00 1.13671E+00 2.53845E+01 
6.03300E+00 1.31352E+00 5.74828E+00 1.27471E+00 3.21287E+03 8.04979E+00 1.79393E+00 1.68396E+03 6.03955E+00 1.31497E+00 4.38007E+01 
7.20128E+00 1.50731E+00 6.89869E+00 1.46618E+00 3.27699E+03 9.65930E+00 2.06140E+00 1.71798E+03 7.21785E+00 1.51084E+00 7.89124E+01 
8.60496E+00 1.71678E+00 8.28399E+00 1.67386E+00 3.34263E+03 1.15940E+01 2.35081E+00 1.75304E+03 8.65238E+00 1.72638E+00 1.47577E+02 
9.82392E+00 1.94156E+00 9.49988E+00 1.89747E+00 3.40978E+03 1.32874E+01 2.66169E+00 1.78905E+03 9.97004E+00 1.97079E+00 2.83287E+02 
1.19888E+01 2.18087E+00 1.16397E+01 2.13613E+00 3.47861E+03 1.62687E+01 2.99292E+00 1.82589E+03 1.25107E+01 2.27681E+00 5.44914E+02 
1.42134E+01 2.43341E+00 1.38448E+01 2.38786E+00 3.54912E+03 1.93395E+01 3.34238E+00 1.86301E+03 1.59578E+01 2.73477E+00 9.94902E+02 
1.67828E+01 2.69760E+00 1.63791E+01 2.64906E+00 3.62125E+03 2.28802E+01 3.70688E+00 1.89909E+03 2.15144E+01 3.46401E+00 1.60115E+03 
1.97528E+01 2.97153E+00 1.92667E+01 2.91356E+00 3.69503E+03 2.69524E+01 4.08169E+00 1.93188E+03 2.91055E+01 4.38766E+00 2.16625E+03 
2.31779E+01 3.25332E+00 2.25132E+01 3.17403E+00 3.77050E+03 3.16076E+01 4.46155E+00 1.95903E+03 3.71758E+01 5.22902E+00 2.52335E+03 
1.47653E+00 8.53218E-02 1.55443E+00 8.98112E-02 4.26501E+03 2.25433E+00 1.30246E-01 2.25379E+03 1.47654E+00 8.53224E-02 4.88865E-01 
1.50548E+00 1.01954E-01 1.58531E+00 1.07338E-01 4.34466E+03 2.29872E+00 1.55635E-01 2.29447E+03 1.50550E+00 1.01955E-01 5.75003E-01 
1.56867E+00 1.32157E-01 1.64354E+00 1.34473E-01 4.42422E+03 2.37985E+00 1.93406E-01 2.33502E+03 1.56869E+00 1.32158E-01 6.83947E-01 
1.68322E+00 1.77977E-01 1.74003E+00 1.72511E-01 4.50393E+03 2.51114E+00 2.45132E-01 2.37558E+03 1.68324E+00 1.77979E-01 8.23970E-01 
1.83767E+00 2.33412E-01 1.87069E+00 2.18828E-01 4.58538E+03 2.68918E+00 3.08196E-01 2.41701E+03 1.83769E+00 2.33415E-01 1.00647E+00 
2.03895E+00 2.99865E-01 2.04155E+00 2.74652E-01 4.66851E+03 2.92220E+00 3.84270E-01 2.45929E+03 2.03898E+00 2.99869E-01 1.24808E+00 
2.29453E+00 3.78761E-01 2.25907E+00 3.41221E-01 4.75334E+03 3.21897E+00 4.75034E-01 2.50246E+03 2.29457E+00 3.78767E-01 1.57286E+00 
2.53488E+00 4.49266E-01 2.46403E+00 4.00908E-01 4.82040E+03 3.49862E+00 5.56429E-01 2.53660E+03 2.53493E+00 4.49275E-01 1.90379E+00 
2.61291E+00 4.71557E-01 2.53064E+00 4.19813E-01 4.83978E+03 3.58951E+00 5.82210E-01 2.54646E+03 2.61297E+00 4.71567E-01 2.01728E+00 
3.03757E+00 5.88824E-01 2.89362E+00 5.19464E-01 4.93492E+03 4.08469E+00 7.18093E-01 2.59495E+03 3.03766E+00 5.88840E-01 2.69476E+00 
3.56007E+00 7.25655E-01 3.34117E+00 6.36126E-01 5.03198E+03 4.69500E+00 8.77121E-01 2.64449E+03 3.56021E+00 7.25682E-01 3.68798E+00 
4.19585E+00 8.83495E-01 3.88676E+00 7.70958E-01 5.13101E+03 5.43853E+00 1.06075E+00 2.69515E+03 4.19608E+00 8.83540E-01 5.18091E+00 
4.96219E+00 1.06385E+00 4.54584E+00 9.25561E-01 5.23167E+03 6.33602E+00 1.27116E+00 2.74678E+03 4.96258E+00 1.06393E+00 7.48356E+00 
5.87748E+00 1.37287E+00 5.43832E+00 1.31872E+00 5.33323E+03 7.59351E+00 1.85989E+00 2.79902E+03 5.87819E+00 1.37305E+00 1.11534E+01 
6.96899E+00 1.62523E+00 6.50489E+00 1.56590E+00 5.43680E+03 9.09479E+00 2.20803E+00 2.85249E+03 6.97032E+00 1.62555E+00 1.71708E+01 
8.28924E+00 1.90629E+00 7.79683E+00 1.84128E+00 5.54334E+03 1.09109E+01 2.59510E+00 2.90780E+03 8.29188E+00 1.90692E+00 2.74144E+01 
9.87485E+00 2.21717E+00 9.35134E+00 2.14665E+00 5.65259E+03 1.30930E+01 3.02349E+00 2.96485E+03 9.88044E+00 2.21846E+00 4.54944E+01 
1.17683E+01 2.55822E+00 1.12117E+01 2.48258E+00 5.76450E+03 1.57001E+01 3.49379E+00 3.02369E+03 1.17811E+01 2.56105E+00 7.85681E+01 
1.40224E+01 2.92923E+00 1.34315E+01 2.84923E+00 5.87934E+03 1.88058E+01 4.00589E+00 3.08448E+03 1.40546E+01 2.93607E+00 1.41441E+02 
1.67241E+01 3.32942E+00 1.60983E+01 3.24611E+00 5.99693E+03 2.25299E+01 4.55888E+00 3.14714E+03 1.68160E+01 3.34798E+00 2.64496E+02 
1.91238E+01 3.75752E+00 1.84907E+01 3.67212E+00 6.11731E+03 2.58619E+01 5.15105E+00 3.21154E+03 1.94078E+01 3.81403E+00 5.08300E+02 
2.32445E+01 4.21155E+00 2.25649E+01 4.12507E+00 6.24058E+03 3.15376E+01 5.77959E+00 3.27736E+03 2.42557E+01 4.39676E+00 9.77731E+02 
2.75044E+01 4.68907E+00 2.67881E+01 4.60121E+00 6.36674E+03 3.74184E+01 6.44045E+00 3.34360E+03 3.08784E+01 5.26961E+00 1.78474E+03 
3.24175E+01 5.18698E+00 3.16343E+01 5.09355E+00 6.49592E+03 4.41890E+01 7.12747E+00 3.40804E+03 4.15537E+01 6.66032E+00 2.87197E+03 
3.80883E+01 5.70171E+00 3.71471E+01 5.59040E+00 6.62810E+03 5.19640E+01 7.83169E+00 3.46658E+03 5.61211E+01 8.41914E+00 3.88622E+03 
4.46156E+01 6.22926E+00 4.33320E+01 6.07735E+00 6.76332E+03 6.08349E+01 8.54253E+00 3.51499E+03 7.15577E+01 1.00122E+01 4.52638E+03 
1.41029E+00 8.09033E-02 1.48465E+00 8.51573E-02 3.61458E+03 2.15311E+00 1.23496E-01 1.90004E+03 1.41030E+00 8.09039E-02 4.14276E-01 
1.43902E+00 9.71884E-02 1.51531E+00 1.02347E-01 3.68157E+03 2.19722E+00 1.48407E-01 1.93402E+03 1.43903E+00 9.71891E-02 4.87144E-01 
1.50153E+00 1.26844E-01 1.57289E+00 1.28986E-01 3.74921E+03 2.27746E+00 1.85486E-01 1.96830E+03 1.50155E+00 1.26845E-01 5.79651E-01 
1.61323E+00 1.71500E-01 1.66700E+00 1.66076E-01 3.81623E+03 2.40552E+00 2.35932E-01 2.00219E+03 1.61324E+00 1.71502E-01 6.98101E-01 
1.76322E+00 2.25406E-01 1.79393E+00 2.11139E-01 3.88493E+03 2.57851E+00 2.97298E-01 2.03692E+03 1.76324E+00 2.25409E-01 8.52609E-01 
1.95780E+00 2.89847E-01 1.95913E+00 2.65287E-01 3.95550E+03 2.80382E+00 3.71096E-01 2.07262E+03 1.95783E+00 2.89851E-01 1.05729E+00 
2.20360E+00 3.66063E-01 2.16833E+00 3.29604E-01 4.02654E+03 3.08924E+00 4.58793E-01 2.10853E+03 2.20364E+00 3.66069E-01 1.33198E+00 
2.43427E+00 4.34012E-01 2.36504E+00 3.87134E-01 4.08266E+03 3.35764E+00 5.37248E-01 2.13693E+03 2.43432E+00 4.34020E-01 1.61233E+00 
2.50901E+00 4.55456E-01 2.42885E+00 4.05319E-01 4.09985E+03 3.44470E+00 5.62048E-01 2.14565E+03 2.50907E+00 4.55465E-01 1.70876E+00 
2.91492E+00 5.67979E-01 2.77581E+00 5.00945E-01 4.17983E+03 3.91802E+00 6.92441E-01 2.18616E+03 2.91501E+00 5.67994E-01 2.28274E+00 
3.41233E+00 6.98679E-01 3.20186E+00 6.12363E-01 4.26127E+03 4.49900E+00 8.44311E-01 2.22748E+03 3.41247E+00 6.98705E-01 3.12238E+00 
4.01596E+00 8.48994E-01 3.71996E+00 7.40909E-01 4.34465E+03 5.20508E+00 1.01943E+00 2.26989E+03 4.01618E+00 8.49039E-01 4.38622E+00 
4.74145E+00 1.01978E+00 4.34385E+00 8.87202E-01 4.42934E+03 6.05457E+00 1.21847E+00 2.31309E+03 4.74182E+00 1.01986E+00 6.33579E+00 
5.60875E+00 1.31264E+00 5.18970E+00 1.26119E+00 4.51471E+03 7.24637E+00 1.77888E+00 2.35675E+03 5.60942E+00 1.31280E+00 9.43796E+00 
6.64077E+00 1.54910E+00 6.19815E+00 1.49251E+00 4.60187E+03 8.66578E+00 2.10455E+00 2.40152E+03 6.64204E+00 1.54941E+00 1.45339E+01 
7.88480E+00 1.81165E+00 7.41564E+00 1.74984E+00 4.69139E+03 1.03772E+01 2.46620E+00 2.44774E+03 7.88731E+00 1.81225E+00 2.32001E+01 
9.37454E+00 2.10090E+00 8.87632E+00 2.03402E+00 4.78322E+03 1.24274E+01 2.86483E+00 2.49545E+03 9.37984E+00 2.10212E+00 3.84897E+01 
1.11484E+01 2.41679E+00 1.06194E+01 2.34526E+00 4.87735E+03 1.48701E+01 3.30051E+00 2.54469E+03 1.11605E+01 2.41946E+00 6.64836E+01 
1.32544E+01 2.75892E+00 1.26937E+01 2.68349E+00 4.97385E+03 1.77718E+01 3.77284E+00 2.59553E+03 1.32848E+01 2.76537E+00 1.19639E+02 
1.57753E+01 3.12643E+00 1.51822E+01 3.04810E+00 5.07262E+03 2.12468E+01 4.28075E+00 2.64790E+03 1.58618E+01 3.14384E+00 2.23641E+02 
1.79424E+01 3.51778E+00 1.73453E+01 3.43772E+00 5.17390E+03 2.42587E+01 4.82220E+00 2.70183E+03 1.82087E+01 3.57067E+00 4.29870E+02 
2.18030E+01 3.93096E+00 2.11619E+01 3.85013E+00 5.27755E+03 2.95753E+01 5.39432E+00 2.75691E+03 2.27511E+01 4.10379E+00 8.26798E+02 
2.57405E+01 4.36347E+00 2.50659E+01 4.28159E+00 5.38367E+03 3.50112E+01 5.99302E+00 2.81236E+03 2.88979E+01 4.90375E+00 1.50903E+03 
3.02662E+01 4.81228E+00 2.95303E+01 4.72548E+00 5.49230E+03 4.12482E+01 6.61237E+00 2.86626E+03 3.87939E+01 6.17906E+00 2.42774E+03 
3.54757E+01 5.27407E+00 3.45941E+01 5.17098E+00 5.60351E+03 4.83906E+01 7.24406E+00 2.91520E+03 5.22689E+01 7.78770E+00 3.28490E+03 
4.14556E+01 5.74494E+00 4.02574E+01 5.60470E+00 5.71735E+03 5.65163E+01 7.87811E+00 2.95560E+03 6.64852E+01 9.23365E+00 3.82550E+03 
1.33611E+00 7.60647E-02 1.40649E+00 8.00556E-02 3.03519E+03 2.03975E+00 1.16094E-01 1.58722E+03 1.33612E+00 7.60652E-02 3.47962E-01 
1.36475E+00 9.20231E-02 1.43701E+00 9.68828E-02 3.09132E+03 2.08366E+00 1.40475E-01 1.61556E+03 1.36476E+00 9.20238E-02 4.09106E-01 
1.42563E+00 1.20749E-01 1.49313E+00 1.22724E-01 3.14717E+03 2.16189E+00 1.76460E-01 1.64370E+03 1.42564E+00 1.20750E-01 4.86493E-01 
1.53404E+00 1.64008E-01 1.58450E+00 1.58673E-01 3.20340E+03 2.28625E+00 2.25362E-01 1.67200E+03 1.53405E+00 1.64010E-01 5.85974E-01 
1.67846E+00 2.16022E-01 1.70673E+00 2.02168E-01 3.26042E+03 2.45283E+00 2.84600E-01 1.70067E+03 1.67848E+00 2.16025E-01 7.15400E-01 
1.86491E+00 2.78012E-01 1.86502E+00 2.54268E-01 3.31876E+03 2.66874E+00 3.55612E-01 1.73001E+03 1.86493E+00 2.78016E-01 8.87102E-01 
2.09974E+00 3.51119E-01 2.06490E+00 3.15973E-01 3.37836E+03 2.94146E+00 4.39752E-01 1.75999E+03 2.09978E+00 3.51125E-01 1.11792E+00 
2.31901E+00 4.16014E-01 2.25190E+00 3.70922E-01 3.42474E+03 3.19660E+00 5.14689E-01 1.78332E+03 2.31906E+00 4.16022E-01 1.35251E+00 
2.38996E+00 4.36453E-01 2.31247E+00 3.88257E-01 3.43912E+03 3.27924E+00 5.38329E-01 1.79059E+03 2.39001E+00 4.36462E-01 1.43321E+00 
2.77451E+00 5.43499E-01 2.64118E+00 4.79230E-01 3.50562E+03 3.72766E+00 6.62375E-01 1.82410E+03 2.77459E+00 5.43513E-01 1.91446E+00 
3.24424E+00 6.67329E-01 3.04352E+00 5.84798E-01 3.57343E+03 4.27629E+00 8.06269E-01 1.85832E+03 3.24437E+00 6.67354E-01 2.61898E+00 
3.81219E+00 8.09073E-01 3.53102E+00 7.06019E-01 3.64261E+03 4.94063E+00 9.71401E-01 1.89332E+03 3.81240E+00 8.09115E-01 3.67738E+00 
4.49306E+00 9.69705E-01 4.11677E+00 8.43928E-01 3.71326E+03 5.73824E+00 1.15915E+00 1.92918E+03 4.49342E+00 9.69778E-01 5.31283E+00 
5.30756E+00 1.24445E+00 4.91105E+00 1.19589E+00 3.78393E+03 6.85733E+00 1.68684E+00 1.96514E+03 5.30820E+00 1.24461E+00 7.90925E+00 
6.27461E+00 1.46408E+00 5.85608E+00 1.41063E+00 3.85660E+03 8.18740E+00 1.98910E+00 2.00228E+03 6.27581E+00 1.46437E+00 1.21817E+01 
7.43619E+00 1.70702E+00 6.99300E+00 1.64875E+00 3.93098E+03 9.78548E+00 2.32372E+00 2.04049E+03 7.43856E+00 1.70757E+00 1.94401E+01 
8.82265E+00 1.97345E+00 8.35258E+00 1.91057E+00 4.00732E+03 1.16937E+01 2.69095E+00 2.07997E+03 8.82764E+00 1.97459E+00 3.22421E+01 
---
