PdfType: replica
Format: lhagrid1
---
1.00000E-06 1.28121E-06 1.64152E-06 2.10317E-06 2.69463E-06 3.45242E-06 4.42329E-06 5.66715E-06 7.26076E-06 9.30241E-06 1.19180E-05 1.52689E-05 1.95617E-05 2.50609E-05 3.21053E-05 4.11287E-05 5.26863E-05 6.74889E-05 8.64459E-05 1.10720E-04 1.41800E-04 1.81585E-04 2.32503E-04 2.97652E-04 3.80981E-04 4.87518E-04 6.26039E-04 8.00452E-04 1.02297E-03 1.30657E-03 1.66759E-03 2.12729E-03 2.71054E-03 3.44865E-03 4.37927E-03 5.54908E-03 7.01192E-03 8.83064E-03 1.10763E-02 1.38266E-02 1.71641E-02 2.11717E-02 2.59364E-02 3.15062E-02 3.79623E-02 4.53425E-02 5.36750E-02 6.29705E-02 7.32221E-02 8.44039E-02 9.64793E-02 1.09332E-01 1.23067E-01 1.37507E-01 1.52639E-01 1.68416E-01 1.84794E-01 2.01731E-01 2.19016E-01 2.36948E-01 2.55242E-01 2.73927E-01 2.92954E-01 3.12340E-01 3.32036E-01 3.52019E-01 3.72282E-01 3.92772E-01 4.13533E-01 4.34326E-01 4.55495E-01 4.76836E-01 4.98342E-01 5.20006E-01 5.41818E-01 5.63773E-01 5.85861E-01 6.08077E-01 6.30459E-01 6.52800E-01 6.75387E-01 6.98063E-01 7.20830E-01 7.43683E-01 7.66623E-01 7.89636E-01 8.12791E-01 8.35940E-01 8.59175E-01 8.82485E-01 9.05866E-01 9.29311E-01 9.52817E-01 9.76387E-01 1.00000E+00 
1.14018E+00 1.22539E+00 1.32482E+00 1.44156E+00 1.57954E+00 1.74381E+00 1.94091E+00 2.12132E+00 2.17945E+00 2.49622E+00 2.89383E+00 3.39925E+00 4.05063E+00 4.90286E+00 6.03623E+00 7.57063E+00 9.68869E+00 1.26749E+01 1.69835E+01 2.33578E+01 3.30501E+01 4.82334E+01 7.28041E+01 1.13998E+02 1.85779E+02 3.16228E+02 
900 901 902 903 904 905 906 907 908 909 910 
7.80590E-01 4.58816E-02 8.21757E-01 4.82906E-02 2.60934E+03 1.19176E+00 7.00301E-02 1.33209E+03 7.80595E-01 4.58819E-02 2.99288E-01 
7.95162E-01 5.44286E-02 8.37244E-01 5.72597E-02 2.65609E+03 1.21399E+00 8.30095E-02 1.35533E+03 7.95168E-01 5.44290E-02 3.51737E-01 
8.26762E-01 6.97901E-02 8.66318E-01 7.10582E-02 2.70293E+03 1.25447E+00 1.02215E-01 1.37859E+03 8.26769E-01 6.97907E-02 4.17906E-01 
8.84789E-01 9.32885E-02 9.15158E-01 9.05511E-02 2.74988E+03 1.32089E+00 1.28715E-01 1.40188E+03 8.84799E-01 9.32894E-02 5.03348E-01 
9.62953E-01 1.21705E-01 9.81207E-01 1.14264E-01 2.79810E+03 1.41084E+00 1.60988E-01 1.42580E+03 9.62965E-01 1.21706E-01 6.14086E-01 
1.06532E+00 1.55866E-01 1.06803E+00 1.42940E-01 2.84642E+03 1.52921E+00 2.00057E-01 1.44975E+03 1.06533E+00 1.55868E-01 7.61782E-01 
1.19545E+00 1.96408E-01 1.17873E+00 1.77129E-01 2.89661E+03 1.68020E+00 2.46664E-01 1.47468E+03 1.19548E+00 1.96411E-01 9.58991E-01 
1.31776E+00 2.32631E-01 1.28298E+00 2.07780E-01 2.93639E+03 1.82241E+00 2.88455E-01 1.49446E+03 1.31778E+00 2.32636E-01 1.15933E+00 
1.35761E+00 2.44116E-01 1.31699E+00 2.17517E-01 2.94675E+03 1.86880E+00 3.01733E-01 1.49958E+03 1.35764E+00 2.44121E-01 1.22813E+00 
1.57462E+00 3.04553E-01 1.50241E+00 2.68855E-01 3.00335E+03 2.12171E+00 3.71727E-01 1.52776E+03 1.57467E+00 3.04562E-01 1.64020E+00 
1.84262E+00 3.75322E-01 1.73192E+00 3.29208E-01 3.06062E+03 2.43466E+00 4.54005E-01 1.55633E+03 1.84270E+00 3.75336E-01 2.24756E+00 
2.16829E+00 4.56635E-01 2.01118E+00 3.98423E-01 3.11864E+03 2.81512E+00 5.48163E-01 1.58535E+03 2.16841E+00 4.56658E-01 3.15289E+00 
2.56135E+00 5.50258E-01 2.34940E+00 4.79028E-01 3.17785E+03 3.27574E+00 6.58013E-01 1.61508E+03 2.56155E+00 5.50299E-01 4.54703E+00 
3.03098E+00 7.09790E-01 2.80703E+00 6.81283E-01 3.23731E+03 3.92041E+00 9.60674E-01 1.64504E+03 3.03135E+00 7.09879E-01 6.77725E+00 
3.59087E+00 8.41484E-01 3.35420E+00 8.10901E-01 3.29802E+03 4.69060E+00 1.14348E+00 1.67578E+03 3.59156E+00 8.41650E-01 1.04122E+01 
4.27006E+00 9.87981E-01 4.01875E+00 9.54338E-01 3.36060E+03 5.62476E+00 1.34506E+00 1.70767E+03 4.27143E+00 9.88304E-01 1.66209E+01 
5.08655E+00 1.15032E+00 4.81919E+00 1.11379E+00 3.42465E+03 6.74830E+00 1.56877E+00 1.74053E+03 5.08944E+00 1.15099E+00 2.75945E+01 
6.06093E+00 1.32869E+00 5.77647E+00 1.28946E+00 3.49033E+03 8.08987E+00 1.81470E+00 1.77449E+03 6.06751E+00 1.33016E+00 4.75819E+01 
7.21959E+00 1.52330E+00 6.91762E+00 1.48175E+00 3.55762E+03 9.68633E+00 2.08329E+00 1.80955E+03 7.23621E+00 1.52687E+00 8.56667E+01 
8.58796E+00 1.73347E+00 8.26882E+00 1.69014E+00 3.62648E+03 1.15733E+01 2.37368E+00 1.84569E+03 8.63530E+00 1.74316E+00 1.60094E+02 
1.01974E+01 1.95881E+00 9.86199E+00 1.91434E+00 3.69688E+03 1.37943E+01 2.68535E+00 1.88282E+03 1.03491E+01 1.98831E+00 3.07083E+02 
1.20840E+01 2.19854E+00 1.17330E+01 2.15344E+00 3.76902E+03 1.63994E+01 3.01718E+00 1.92082E+03 1.26101E+01 2.29526E+00 5.90205E+02 
1.42858E+01 2.45134E+00 1.39160E+01 2.40546E+00 3.84289E+03 1.94392E+01 3.36701E+00 1.95907E+03 1.60392E+01 2.75493E+00 1.07661E+03 
1.68451E+01 2.71563E+00 1.64405E+01 2.66676E+00 3.91843E+03 2.29661E+01 3.73165E+00 1.99617E+03 2.15945E+01 3.48716E+00 1.73097E+03 
1.98078E+01 2.98948E+00 1.93207E+01 2.93115E+00 3.99566E+03 2.70282E+01 4.10633E+00 2.02967E+03 2.91867E+01 4.41416E+00 2.33979E+03 
2.32258E+01 3.27101E+00 2.25600E+01 3.19129E+00 4.07463E+03 3.16736E+01 4.48580E+00 2.05705E+03 3.72529E+01 5.25746E+00 2.72358E+03 
1.52872E+00 8.92450E-02 1.60933E+00 9.39363E-02 4.67104E+03 2.33394E+00 1.36227E-01 2.38681E+03 1.52873E+00 8.92456E-02 5.35405E-01 
1.55781E+00 1.06184E-01 1.64036E+00 1.11788E-01 4.75563E+03 2.37853E+00 1.62085E-01 2.42876E+03 1.55782E+00 1.06185E-01 6.29393E-01 
1.62174E+00 1.37056E-01 1.69912E+00 1.39489E-01 4.84000E+03 2.46034E+00 2.00630E-01 2.47054E+03 1.62175E+00 1.37058E-01 7.48222E-01 
1.73725E+00 1.83827E-01 1.79633E+00 1.78287E-01 4.92443E+03 2.59253E+00 2.53376E-01 2.51230E+03 1.73727E+00 1.83829E-01 9.00898E-01 
1.89281E+00 2.40353E-01 1.92783E+00 2.25487E-01 5.01065E+03 2.77165E+00 3.17630E-01 2.55494E+03 1.89284E+00 2.40356E-01 1.09982E+00 
2.09534E+00 3.08035E-01 2.09964E+00 2.82316E-01 5.09858E+03 3.00590E+00 3.95062E-01 2.59845E+03 2.09538E+00 3.08040E-01 1.36306E+00 
2.35229E+00 3.88292E-01 2.31820E+00 3.50006E-01 5.18826E+03 3.30402E+00 4.87340E-01 2.64285E+03 2.35233E+00 3.88298E-01 1.71677E+00 
2.59374E+00 4.59931E-01 2.52401E+00 4.10633E-01 5.25913E+03 3.58478E+00 5.70007E-01 2.67798E+03 2.59380E+00 4.59940E-01 2.07707E+00 
2.67210E+00 4.82566E-01 2.59088E+00 4.29823E-01 5.27957E+03 3.67599E+00 5.96174E-01 2.68810E+03 2.67216E+00 4.82576E-01 2.20059E+00 
3.09834E+00 6.01539E-01 2.95508E+00 5.30897E-01 5.38003E+03 4.17276E+00 7.33983E-01 2.73797E+03 3.09843E+00 6.01556E-01 2.93781E+00 
3.62242E+00 7.40170E-01 3.40385E+00 6.49066E-01 5.48244E+03 4.78464E+00 8.95050E-01 2.78891E+03 3.62256E+00 7.40197E-01 4.01813E+00 
4.25967E+00 8.99867E-01 3.95058E+00 7.85461E-01 5.58688E+03 5.52962E+00 1.08079E+00 2.84101E+03 4.25991E+00 8.99914E-01 5.64119E+00 
5.02730E+00 1.08211E+00 4.61064E+00 9.41658E-01 5.69295E+03 6.42832E+00 1.29335E+00 2.89410E+03 5.02770E+00 1.08219E+00 8.14337E+00 
5.94418E+00 1.39454E+00 5.50461E+00 1.33963E+00 5.79986E+03 7.68782E+00 1.88942E+00 2.94782E+03 5.94490E+00 1.39471E+00 1.21292E+01 
7.03678E+00 1.64890E+00 6.57220E+00 1.58877E+00 5.90878E+03 9.19045E+00 2.24032E+00 3.00282E+03 7.03813E+00 1.64923E+00 1.86613E+01 
8.35703E+00 1.93188E+00 7.86414E+00 1.86606E+00 6.02079E+03 1.10065E+01 2.63004E+00 3.05972E+03 8.35970E+00 1.93252E+00 2.97753E+01 
9.94067E+00 2.24458E+00 9.41676E+00 2.17322E+00 6.13559E+03 1.31858E+01 3.06094E+00 3.11845E+03 9.94630E+00 2.24588E+00 4.93809E+01 
1.18282E+01 2.58728E+00 1.12713E+01 2.51082E+00 6.25314E+03 1.57847E+01 3.53353E+00 3.17903E+03 1.18410E+01 2.59014E+00 8.52257E+01 
1.40660E+01 2.95975E+00 1.34756E+01 2.87894E+00 6.37371E+03 1.88683E+01 4.04767E+00 3.24167E+03 1.40983E+01 2.96667E+00 1.53326E+02 
1.67055E+01 3.36118E+00 1.60823E+01 3.27708E+00 6.49713E+03 2.25082E+01 4.60238E+00 3.30625E+03 1.67973E+01 3.37991E+00 2.86530E+02 
1.98048E+01 3.79024E+00 1.91507E+01 3.70410E+00 6.62341E+03 2.67856E+01 5.19591E+00 3.37266E+03 2.00990E+01 3.84725E+00 5.50253E+02 
2.34286E+01 4.24495E+00 2.27449E+01 4.15778E+00 6.75267E+03 3.17897E+01 5.82542E+00 3.44054E+03 2.44479E+01 4.43163E+00 1.05760E+03 
2.76488E+01 4.72283E+00 2.69297E+01 4.63433E+00 6.88491E+03 3.76166E+01 6.48681E+00 3.50881E+03 3.10406E+01 5.30756E+00 1.92881E+03 
3.25449E+01 5.22079E+00 3.17593E+01 5.12673E+00 7.02026E+03 4.43639E+01 7.17390E+00 3.57506E+03 4.17172E+01 6.70372E+00 3.10086E+03 
3.82035E+01 5.73522E+00 3.72600E+01 5.62324E+00 7.15871E+03 5.21221E+01 7.87769E+00 3.63491E+03 5.62911E+01 8.46861E+00 4.19234E+03 
4.47191E+01 6.26216E+00 4.34328E+01 6.10942E+00 7.30028E+03 6.09766E+01 8.58760E+00 3.68376E+03 7.17239E+01 1.00650E+01 4.87966E+03 
1.45292E+00 8.41932E-02 1.52947E+00 8.86148E-02 3.94536E+03 2.21810E+00 1.28508E-01 2.00602E+03 1.45292E+00 8.41937E-02 4.52187E-01 
1.48185E+00 1.00804E-01 1.56036E+00 1.06149E-01 4.01636E+03 2.26253E+00 1.53918E-01 2.04103E+03 1.48186E+00 1.00805E-01 5.31444E-01 
1.54520E+00 1.31153E-01 1.61856E+00 1.33376E-01 4.08801E+03 2.34356E+00 1.91803E-01 2.07634E+03 1.54521E+00 1.31155E-01 6.32033E-01 
1.65783E+00 1.76754E-01 1.71337E+00 1.71229E-01 4.15889E+03 2.47253E+00 2.43275E-01 2.11120E+03 1.65785E+00 1.76756E-01 7.60785E-01 
1.80887E+00 2.31739E-01 1.84110E+00 2.17170E-01 4.23152E+03 2.64654E+00 3.05828E-01 2.14694E+03 1.80889E+00 2.31741E-01 9.28674E-01 
2.00457E+00 2.97384E-01 2.00714E+00 2.72309E-01 4.30612E+03 2.87295E+00 3.80966E-01 2.18368E+03 2.00460E+00 2.97388E-01 1.15100E+00 
2.25152E+00 3.74922E-01 2.21722E+00 3.37719E-01 4.38110E+03 3.15951E+00 4.70143E-01 2.22059E+03 2.25156E+00 3.74929E-01 1.44926E+00 
2.48308E+00 4.43966E-01 2.41461E+00 3.96159E-01 4.44033E+03 3.42879E+00 5.49830E-01 2.24979E+03 2.48313E+00 4.43975E-01 1.75359E+00 
2.55809E+00 4.65741E-01 2.47862E+00 4.14621E-01 4.45852E+03 3.51612E+00 5.75004E-01 2.25878E+03 2.55815E+00 4.65751E-01 1.85824E+00 
2.96519E+00 5.79895E-01 2.82650E+00 5.11610E-01 4.54287E+03 3.99061E+00 7.07245E-01 2.30044E+03 2.96528E+00 5.79911E-01 2.48100E+00 
3.46370E+00 7.12298E-01 3.25337E+00 6.24458E-01 4.62871E+03 4.57262E+00 8.61050E-01 2.34293E+03 3.46383E+00 7.12325E-01 3.39161E+00 
4.06822E+00 8.64357E-01 3.77213E+00 7.54475E-01 4.71657E+03 5.27950E+00 1.03816E+00 2.38655E+03 4.06844E+00 8.64402E-01 4.76169E+00 
4.79429E+00 1.03689E+00 4.39641E+00 9.02245E-01 4.80576E+03 6.12942E+00 1.23919E+00 2.43098E+03 4.79467E+00 1.03697E+00 6.87420E+00 
5.66235E+00 1.33292E+00 5.24294E+00 1.28075E+00 4.89556E+03 7.32211E+00 1.80648E+00 2.47591E+03 5.66303E+00 1.33309E+00 1.02341E+01 
6.69446E+00 1.57118E+00 6.25144E+00 1.51384E+00 4.98718E+03 8.74150E+00 2.13464E+00 2.52197E+03 6.69574E+00 1.57149E+00 1.57508E+01 
7.93732E+00 1.83545E+00 7.46777E+00 1.77286E+00 5.08125E+03 1.04512E+01 2.49866E+00 2.56956E+03 7.93985E+00 1.83605E+00 2.51278E+01 
9.42371E+00 2.12629E+00 8.92521E+00 2.05862E+00 5.17770E+03 1.24968E+01 2.89950E+00 2.61870E+03 9.42904E+00 2.12752E+00 4.16634E+01 
1.11900E+01 2.44360E+00 1.06609E+01 2.37130E+00 5.27654E+03 1.49290E+01 3.33715E+00 2.66944E+03 1.12021E+01 2.44631E+00 7.19230E+01 
1.32777E+01 2.78697E+00 1.27176E+01 2.71077E+00 5.37782E+03 1.78060E+01 3.81120E+00 2.72186E+03 1.33082E+01 2.79348E+00 1.29350E+02 
1.57336E+01 3.15547E+00 1.51434E+01 3.07641E+00 5.48143E+03 2.11929E+01 4.32050E+00 2.77589E+03 1.58199E+01 3.17304E+00 2.41642E+02 
1.86095E+01 3.54756E+00 1.79912E+01 3.46680E+00 5.58765E+03 2.51624E+01 4.86300E+00 2.83155E+03 1.88858E+01 3.60089E+00 4.64164E+02 
2.19629E+01 3.96120E+00 2.13178E+01 3.87972E+00 5.69631E+03 2.97935E+01 5.43578E+00 2.88842E+03 2.29180E+01 4.13535E+00 8.92102E+02 
2.58576E+01 4.39386E+00 2.51804E+01 4.31139E+00 5.80751E+03 3.51713E+01 6.03473E+00 2.94563E+03 2.90294E+01 4.93790E+00 1.62686E+03 
3.03634E+01 4.84253E+00 2.96254E+01 4.75515E+00 5.92130E+03 4.13811E+01 6.65389E+00 3.00113E+03 3.89186E+01 6.21789E+00 2.61496E+03 
3.55577E+01 5.30387E+00 3.46741E+01 5.20017E+00 6.03775E+03 4.85025E+01 7.28494E+00 3.05125E+03 5.23898E+01 7.83168E+00 3.53536E+03 
4.15229E+01 5.77400E+00 4.03225E+01 5.63302E+00 6.15692E+03 5.66077E+01 7.91791E+00 3.09214E+03 6.65930E+01 9.28033E+00 4.11461E+03 
1.37090E+00 7.87455E-02 1.44305E+00 8.28710E-02 3.30244E+03 2.09275E+00 1.20175E-01 1.67097E+03 1.37091E+00 7.87460E-02 3.78602E-01 
1.39983E+00 9.50526E-02 1.47389E+00 1.00066E-01 3.36189E+03 2.13712E+00 1.45089E-01 1.70015E+03 1.39984E+00 9.50533E-02 4.44912E-01 
1.46165E+00 1.24492E-01 1.53072E+00 1.26514E-01 3.42096E+03 2.21626E+00 1.81905E-01 1.72911E+03 1.46167E+00 1.24493E-01 5.28815E-01 
1.57105E+00 1.68688E-01 1.62284E+00 1.63225E-01 3.48040E+03 2.34161E+00 2.31836E-01 1.75822E+03 1.57107E+00 1.68690E-01 6.36642E-01 
1.71653E+00 2.21762E-01 1.74588E+00 2.07589E-01 3.54062E+03 2.50926E+00 2.92249E-01 1.78771E+03 1.71656E+00 2.21764E-01 7.76878E-01 
1.90409E+00 2.84925E-01 1.90503E+00 2.60659E-01 3.60221E+03 2.72628E+00 3.64576E-01 1.81788E+03 1.90412E+00 2.84929E-01 9.62866E-01 
2.14005E+00 3.59310E-01 2.10579E+00 3.23425E-01 3.66510E+03 3.00013E+00 4.50154E-01 1.84873E+03 2.14009E+00 3.59316E-01 1.21281E+00 
2.36017E+00 4.25253E-01 2.29344E+00 3.79248E-01 3.71399E+03 3.25613E+00 5.26277E-01 1.87270E+03 2.36022E+00 4.25261E-01 1.46674E+00 
2.43136E+00 4.46007E-01 2.35420E+00 3.96847E-01 3.72920E+03 3.33902E+00 5.50275E-01 1.88020E+03 2.43142E+00 4.46016E-01 1.55409E+00 
2.81704E+00 5.54599E-01 2.68377E+00 4.89116E-01 3.79929E+03 3.78854E+00 6.76079E-01 1.91466E+03 2.81712E+00 5.54614E-01 2.07484E+00 
3.28774E+00 6.80027E-01 3.08685E+00 5.96029E-01 3.87073E+03 4.33810E+00 8.21795E-01 1.94987E+03 3.28788E+00 6.80053E-01 2.83688E+00 
3.85647E+00 8.23390E-01 3.57490E+00 7.18619E-01 3.94359E+03 5.00313E+00 9.88779E-01 1.98588E+03 3.85668E+00 8.23433E-01 3.98123E+00 
4.53780E+00 9.85629E-01 4.16094E+00 8.57893E-01 4.01797E+03 5.80104E+00 1.17838E+00 2.02279E+03 4.53816E+00 9.85703E-01 5.74879E+00 
5.35288E+00 1.26329E+00 4.95576E+00 1.21403E+00 4.09227E+03 6.92081E+00 1.71246E+00 2.05979E+03 5.35352E+00 1.26345E+00 8.55370E+00 
6.31984E+00 1.48453E+00 5.90066E+00 1.43036E+00 4.16864E+03 8.25063E+00 2.01692E+00 2.09805E+03 6.32104E+00 1.48482E+00 1.31672E+01 
7.48009E+00 1.72897E+00 7.03627E+00 1.66997E+00 4.24677E+03 9.84678E+00 2.35363E+00 2.13742E+03 7.48248E+00 1.72953E+00 2.10016E+01 
8.86314E+00 1.99678E+00 8.39254E+00 1.93316E+00 4.32693E+03 1.17503E+01 2.72276E+00 2.17811E+03 8.86815E+00 1.99793E+00 3.48131E+01 
---
