PdfType: replica
Format: lhagrid1
---
1.00000E-06 1.28121E-06 1.64152E-06 2.10317E-06 2.69463E-06 3.45242E-06 4.42329E-06 5.66715E-06 7.26076E-06 9.30241E-06 1.19180E-05 1.52689E-05 1.95617E-05 2.50609E-05 3.21053E-05 4.11287E-05 5.26863E-05 6.74889E-05 8.64459E-05 1.10720E-04 1.41800E-04 1.81585E-04 2.32503E-04 2.97652E-04 3.80981E-04 4.87518E-04 6.26039E-04 8.00452E-04 1.02297E-03 1.30657E-03 1.66759E-03 2.12729E-03 2.71054E-03 3.44865E-03 4.37927E-03 5.54908E-03 7.01192E-03 8.83064E-03 1.10763E-02 1.38266E-02 1.71641E-02 2.11717E-02 2.59364E-02 3.15062E-02 3.79623E-02 4.53425E-02 5.36750E-02 6.29705E-02 7.32221E-02 8.44039E-02 9.64793E-02 1.09332E-01 1.23067E-01 1.37507E-01 1.52639E-01 1.68416E-01 1.84794E-01 2.01731E-01 2.19016E-01 2.36948E-01 2.55242E-01 2.73927E-01 2.92954E-01 3.12340E-01 3.32036E-01 3.52019E-01 3.72282E-01 3.92772E-01 4.13533E-01 4.34326E-01 4.55495E-01 4.76836E-01 4.98342E-01 5.20006E-01 5.41818E-01 5.63773E-01 5.85861E-01 6.08077E-01 6.30459E-01 6.52800E-01 6.75387E-01 6.98063E-01 7.20830E-01 7.43683E-01 7.66623E-01 7.89636E-01 8.12791E-01 8.35940E-01 8.59175E-01 8.82485E-01 9.05866E-01 9.29311E-01 9.52817E-01 9.76387E-01 1.00000E+00 
1.14018E+00 1.22539E+00 1.32482E+00 1.44156E+00 1.57954E+00 1.74381E+00 1.94091E+00 2.12132E+00 2.17945E+00 2.49622E+00 2.89383E+00 3.39925E+00 4.05063E+00 4.90286E+00 6.03623E+00 7.57063E+00 9.68869E+00 1.26749E+01 1.69835E+01 2.33578E+01 3.30501E+01 4.82334E+01 7.28041E+01 1.13998E+02 1.85779E+02 3.16228E+02 
900 901 902 903 904 905 906 907 908 909 910 
7.37702E-01 4.25211E-02 7.76993E-01 4.47884E-02 1.89126E+03 1.12696E+00 6.49626E-02 5.92196E+02 7.37707E-01 4.25214E-02 2.16920E-01 
7.52900E-01 5.11741E-02 7.93130E-01 5.38671E-02 1.92794E+03 1.15015E+00 7.81014E-02 6.05610E+02 7.52906E-01 5.11745E-02 2.55311E-01 
7.85302E-01 6.66226E-02 8.22993E-01 6.77692E-02 1.96484E+03 1.19177E+00 9.74618E-02 6.19212E+02 7.85308E-01 6.66231E-02 3.03788E-01 
8.44396E-01 9.02066E-02 8.72818E-01 8.73692E-02 2.00196E+03 1.25959E+00 1.24124E-01 6.32996E+02 8.44404E-01 9.02074E-02 3.66449E-01 
9.23828E-01 1.18742E-01 9.40024E-01 1.11217E-01 2.04013E+03 1.35118E+00 1.56598E-01 6.47232E+02 9.23839E-01 1.18743E-01 4.47743E-01 
1.02770E+00 1.53062E-01 1.02822E+00 1.40060E-01 2.07860E+03 1.47148E+00 1.95910E-01 6.61744E+02 1.02772E+00 1.53064E-01 5.56267E-01 
1.15961E+00 1.93804E-01 1.14051E+00 1.74450E-01 2.11848E+03 1.62470E+00 2.42805E-01 6.76784E+02 1.15963E+00 1.93807E-01 7.01376E-01 
1.28349E+00 2.30211E-01 1.24617E+00 2.05280E-01 2.15014E+03 1.76888E+00 2.84854E-01 6.88778E+02 1.28352E+00 2.30216E-01 8.48912E-01 
1.32385E+00 2.41755E-01 1.28062E+00 2.15075E-01 2.15855E+03 1.81590E+00 2.98214E-01 6.92082E+02 1.32388E+00 2.41760E-01 8.99635E-01 
1.54350E+00 3.02509E-01 1.46838E+00 2.66713E-01 2.20372E+03 2.07207E+00 3.68632E-01 7.09347E+02 1.54354E+00 3.02517E-01 1.20349E+00 
1.81460E+00 3.73652E-01 1.70064E+00 3.27415E-01 2.24960E+03 2.38884E+00 4.51399E-01 7.27075E+02 1.81468E+00 3.73665E-01 1.65188E+00 
2.14390E+00 4.55397E-01 1.98309E+00 3.97026E-01 2.29618E+03 2.77372E+00 5.46113E-01 7.45233E+02 2.14402E+00 4.55421E-01 2.32136E+00 
2.54117E+00 5.49515E-01 2.32501E+00 4.78081E-01 2.34384E+03 3.23948E+00 6.56590E-01 7.64004E+02 2.54137E+00 5.49556E-01 3.35359E+00 
3.01572E+00 7.09704E-01 2.78756E+00 6.81055E-01 2.39197E+03 3.89117E+00 9.60300E-01 7.83265E+02 3.01608E+00 7.09793E-01 5.00737E+00 
3.58120E+00 8.42054E-01 3.34023E+00 8.11322E-01 2.44125E+03 4.66918E+00 1.14403E+00 8.03230E+02 3.58189E+00 8.42220E-01 7.70713E+00 
4.26702E+00 9.89277E-01 4.01129E+00 9.55474E-01 2.49217E+03 5.61256E+00 1.34662E+00 8.24106E+02 4.26838E+00 9.89601E-01 1.23245E+01 
5.09127E+00 1.15241E+00 4.81935E+00 1.11571E+00 2.54440E+03 6.74689E+00 1.57143E+00 8.45799E+02 5.09415E+00 1.15308E+00 2.04982E+01 
6.07468E+00 1.33164E+00 5.78553E+00 1.29222E+00 2.59809E+03 8.10102E+00 1.81855E+00 8.68400E+02 6.08127E+00 1.33311E+00 3.54077E+01 
7.24383E+00 1.52717E+00 6.93702E+00 1.48542E+00 2.65323E+03 9.71205E+00 2.08843E+00 8.91948E+02 7.26050E+00 1.53074E+00 6.38528E+01 
8.62430E+00 1.73831E+00 8.30018E+00 1.69478E+00 2.70979E+03 1.16158E+01 2.38016E+00 9.16414E+02 8.67182E+00 1.74802E+00 1.19505E+02 
1.02476E+01 1.96467E+00 9.90711E+00 1.91999E+00 2.76778E+03 1.38560E+01 2.69325E+00 9.41774E+02 1.04000E+01 1.99425E+00 2.29465E+02 
1.21501E+01 2.20544E+00 1.17939E+01 2.16014E+00 2.82735E+03 1.64832E+01 3.02654E+00 9.67918E+02 1.26789E+01 2.30246E+00 4.41122E+02 
1.43700E+01 2.45933E+00 1.39949E+01 2.41323E+00 2.88851E+03 1.95481E+01 3.37788E+00 9.94403E+02 1.61332E+01 2.76389E+00 8.03948E+02 
1.69498E+01 2.72471E+00 1.65396E+01 2.67562E+00 2.95121E+03 2.31034E+01 3.74403E+00 1.02018E+03 2.17275E+01 3.49880E+00 1.29061E+03 
1.99356E+01 2.99966E+00 1.94424E+01 2.94108E+00 3.01550E+03 2.71973E+01 4.12023E+00 1.04342E+03 2.93733E+01 4.42916E+00 1.74352E+03 
2.33795E+01 3.28228E+00 2.27065E+01 3.20224E+00 3.08143E+03 3.18782E+01 4.50117E+00 1.06219E+03 3.74973E+01 5.27553E+00 2.03248E+03 
1.44737E+00 8.29214E-02 1.52452E+00 8.73553E-02 3.39527E+03 2.21120E+00 1.26707E-01 1.08626E+03 1.44738E+00 8.29219E-02 3.89172E-01 
1.47768E+00 1.00079E-01 1.55682E+00 1.05432E-01 3.46187E+03 2.25767E+00 1.52893E-01 1.11092E+03 1.47769E+00 1.00080E-01 4.58167E-01 
1.54317E+00 1.31138E-01 1.61713E+00 1.33350E-01 3.52853E+03 2.34171E+00 1.91761E-01 1.13579E+03 1.54319E+00 1.31139E-01 5.45479E-01 
1.66076E+00 1.78100E-01 1.71624E+00 1.72376E-01 3.59549E+03 2.47662E+00 2.44848E-01 1.16095E+03 1.66077E+00 1.78102E-01 6.57775E-01 
1.81877E+00 2.34886E-01 1.84999E+00 2.19859E-01 3.66400E+03 2.65892E+00 3.09519E-01 1.18684E+03 1.81880E+00 2.34889E-01 8.04229E-01 
2.02420E+00 3.02901E-01 2.02442E+00 2.77032E-01 3.73401E+03 2.89686E+00 3.87449E-01 1.21342E+03 2.02423E+00 3.02905E-01 9.98243E-01 
2.28454E+00 3.83570E-01 2.24604E+00 3.45130E-01 3.80554E+03 3.19927E+00 4.80313E-01 1.24074E+03 2.28458E+00 3.83576E-01 1.25923E+00 
2.52901E+00 4.55587E-01 2.45455E+00 4.06121E-01 3.86213E+03 3.48381E+00 5.63498E-01 1.26245E+03 2.52906E+00 4.55596E-01 1.52532E+00 
2.60832E+00 4.78343E-01 2.52226E+00 4.25427E-01 3.87853E+03 3.57621E+00 5.89829E-01 1.26879E+03 2.60838E+00 4.78353E-01 1.61661E+00 
3.03958E+00 5.97953E-01 2.89092E+00 5.27101E-01 3.95898E+03 4.07919E+00 7.28486E-01 1.29993E+03 3.03967E+00 5.97970E-01 2.16181E+00 
3.56953E+00 7.37330E-01 3.34489E+00 6.45962E-01 4.04118E+03 4.69831E+00 8.90524E-01 1.33198E+03 3.56967E+00 7.37358E-01 2.96176E+00 
4.21363E+00 8.97887E-01 3.89766E+00 7.83142E-01 4.12518E+03 5.45167E+00 1.07736E+00 1.36503E+03 4.21386E+00 8.97934E-01 4.16522E+00 
4.98921E+00 1.08110E+00 4.56472E+00 9.40221E-01 4.21074E+03 6.36006E+00 1.29115E+00 1.39903E+03 4.98961E+00 1.08118E+00 6.02297E+00 
5.91536E+00 1.39485E+00 5.46795E+00 1.33966E+00 4.29738E+03 7.63280E+00 1.88937E+00 1.43397E+03 5.91607E+00 1.39502E+00 8.98672E+00 
7.01851E+00 1.65049E+00 6.54592E+00 1.59007E+00 4.38597E+03 9.15017E+00 2.24206E+00 1.47016E+03 7.01985E+00 1.65081E+00 1.38510E+01 
8.35118E+00 1.93488E+00 7.85006E+00 1.86874E+00 4.47723E+03 1.09835E+01 2.63374E+00 1.50786E+03 8.35384E+00 1.93551E+00 2.21395E+01 
9.94936E+00 2.24910E+00 9.41697E+00 2.17741E+00 4.57100E+03 1.31830E+01 3.06676E+00 1.54710E+03 9.95498E+00 2.25040E+00 3.67825E+01 
1.18537E+01 2.59345E+00 1.12882E+01 2.51663E+00 4.66726E+03 1.58054E+01 3.54165E+00 1.58794E+03 1.18666E+01 2.59632E+00 6.35924E+01 
1.41111E+01 2.96768E+00 1.35117E+01 2.88649E+00 4.76621E+03 1.89162E+01 4.05823E+00 1.63049E+03 1.41436E+01 2.97461E+00 1.14595E+02 
1.67732E+01 3.37095E+00 1.61407E+01 3.28647E+00 4.86775E+03 2.25874E+01 4.61550E+00 1.67473E+03 1.68653E+01 3.38974E+00 2.14462E+02 
1.98983E+01 3.80194E+00 1.92347E+01 3.71540E+00 4.97193E+03 2.69006E+01 5.21172E+00 1.72060E+03 2.01937E+01 3.85912E+00 4.12280E+02 
2.35515E+01 4.25864E+00 2.28582E+01 4.17107E+00 5.07885E+03 3.19456E+01 5.84399E+00 1.76784E+03 2.45759E+01 4.44590E+00 7.92622E+02 
2.78052E+01 4.73854E+00 2.70762E+01 4.64964E+00 5.18853E+03 3.78189E+01 6.50820E+00 1.81567E+03 3.12153E+01 5.32519E+00 1.44441E+03 
3.27392E+01 5.23854E+00 3.19433E+01 5.14407E+00 5.30109E+03 4.46187E+01 7.19812E+00 1.86228E+03 4.19643E+01 6.72648E+00 2.31885E+03 
3.84404E+01 5.75502E+00 3.74857E+01 5.64256E+00 5.41656E+03 5.24357E+01 7.90473E+00 1.90435E+03 5.66370E+01 8.49778E+00 3.13344E+03 
4.50040E+01 6.28396E+00 4.37042E+01 6.13062E+00 5.53499E+03 6.13557E+01 8.61736E+00 1.93842E+03 7.21767E+01 1.01000E+01 3.65256E+03 
1.38130E+00 7.85158E-02 1.45495E+00 8.27188E-02 2.89089E+03 2.11032E+00 1.19984E-01 9.36350E+02 1.38131E+00 7.85163E-02 3.31331E-01 
1.41142E+00 9.53473E-02 1.48708E+00 1.00481E-01 2.94715E+03 2.15656E+00 1.45724E-01 9.57347E+02 1.41143E+00 9.53481E-02 3.89964E-01 
1.47629E+00 1.25896E-01 1.54678E+00 1.27932E-01 3.00401E+03 2.23976E+00 1.83940E-01 9.78646E+02 1.47631E+00 1.25897E-01 4.64438E-01 
1.59100E+00 1.71711E-01 1.64349E+00 1.66024E-01 3.06055E+03 2.37142E+00 2.35767E-01 1.00004E+03 1.59101E+00 1.71713E-01 5.59862E-01 
1.74450E+00 2.26972E-01 1.77345E+00 2.12257E-01 3.11854E+03 2.54858E+00 2.98744E-01 1.02205E+03 1.74452E+00 2.26975E-01 6.84409E-01 
1.94310E+00 2.92964E-01 1.94211E+00 2.67744E-01 3.17814E+03 2.77867E+00 3.74383E-01 1.04476E+03 1.94313E+00 2.92968E-01 8.49503E-01 
2.19347E+00 3.70921E-01 2.15525E+00 3.33563E-01 3.23830E+03 3.06951E+00 4.64143E-01 1.06789E+03 2.19351E+00 3.70927E-01 1.07122E+00 
2.42806E+00 4.40343E-01 2.35535E+00 3.92363E-01 3.28586E+03 3.34257E+00 5.44342E-01 1.08626E+03 2.42812E+00 4.40352E-01 1.29764E+00 
2.50403E+00 4.62237E-01 2.42021E+00 4.10937E-01 3.30039E+03 3.43107E+00 5.69675E-01 1.09183E+03 2.50408E+00 4.62247E-01 1.37553E+00 
2.91616E+00 5.77020E-01 2.77254E+00 5.08514E-01 3.36825E+03 3.91177E+00 7.02743E-01 1.11822E+03 2.91625E+00 5.77036E-01 1.83949E+00 
3.42055E+00 7.10151E-01 3.20460E+00 6.22031E-01 3.43748E+03 4.50099E+00 8.57487E-01 1.14538E+03 3.42068E+00 7.10177E-01 2.51873E+00 
4.03192E+00 8.63039E-01 3.72938E+00 7.52803E-01 3.50844E+03 5.21622E+00 1.03565E+00 1.17342E+03 4.03214E+00 8.63084E-01 3.54193E+00 
4.76591E+00 1.03650E+00 4.36062E+00 9.01414E-01 3.58066E+03 6.07577E+00 1.23785E+00 1.20225E+03 4.76629E+00 1.03658E+00 5.12166E+00 
5.64321E+00 1.33381E+00 5.21637E+00 1.28138E+00 3.65375E+03 7.28163E+00 1.80729E+00 1.23187E+03 5.64389E+00 1.33398E+00 7.63778E+00 
6.68583E+00 1.57328E+00 6.23522E+00 1.51566E+00 3.72856E+03 8.71570E+00 2.13713E+00 1.26257E+03 6.68711E+00 1.57359E+00 1.17749E+01 
7.94102E+00 1.83887E+00 7.46367E+00 1.77598E+00 3.80552E+03 1.04426E+01 2.50299E+00 1.29453E+03 7.94355E+00 1.83947E+00 1.88172E+01 
9.44177E+00 2.13113E+00 8.93524E+00 2.06314E+00 3.88463E+03 1.25081E+01 2.90580E+00 1.32780E+03 9.44710E+00 2.13236E+00 3.12532E+01 
1.12247E+01 2.44996E+00 1.06873E+01 2.37732E+00 3.96589E+03 1.49634E+01 3.34557E+00 1.36245E+03 1.12368E+01 2.45267E+00 5.40425E+01 
1.33316E+01 2.79494E+00 1.27630E+01 2.71839E+00 4.04936E+03 1.78671E+01 3.82185E+00 1.39854E+03 1.33622E+01 2.80147E+00 9.73479E+01 
1.58094E+01 3.16513E+00 1.52104E+01 3.08570E+00 4.13499E+03 2.12845E+01 4.33351E+00 1.43606E+03 1.58961E+01 3.18275E+00 1.82113E+02 
1.87104E+01 3.55896E+00 1.80831E+01 3.47784E+00 4.22299E+03 2.52888E+01 4.87843E+00 1.47502E+03 1.89881E+01 3.61246E+00 3.50168E+02 
2.20923E+01 3.97439E+00 2.14381E+01 3.89255E+00 4.31327E+03 2.99595E+01 5.45370E+00 1.51513E+03 2.30528E+01 4.14911E+00 6.73189E+02 
2.60193E+01 4.40887E+00 2.53328E+01 4.32602E+00 4.40592E+03 3.53821E+01 6.05518E+00 1.55578E+03 2.92101E+01 4.95475E+00 1.22673E+03 
3.05615E+01 4.85936E+00 2.98138E+01 4.77159E+00 4.50100E+03 4.16423E+01 6.67686E+00 1.59539E+03 3.91707E+01 6.23947E+00 1.96918E+03 
3.57966E+01 5.32249E+00 3.49024E+01 5.21836E+00 4.59860E+03 4.88200E+01 7.31040E+00 1.63119E+03 5.27389E+01 7.85914E+00 2.66103E+03 
4.18074E+01 5.79438E+00 4.05943E+01 5.65285E+00 4.69878E+03 5.69875E+01 7.94575E+00 1.66023E+03 6.70457E+01 9.31304E+00 3.10156E+03 
1.30799E+00 7.37137E-02 1.37775E+00 7.76590E-02 2.43850E+03 1.99835E+00 1.12644E-01 7.99772E+02 1.30799E+00 7.37142E-02 2.79555E-01 
1.33804E+00 9.02393E-02 1.40976E+00 9.50795E-02 2.48575E+03 2.04443E+00 1.37885E-01 8.17461E+02 1.33805E+00 9.02400E-02 3.28964E-01 
1.40133E+00 1.19885E-01 1.46803E+00 1.21754E-01 2.53288E+03 2.12566E+00 1.75034E-01 8.35243E+02 1.40135E+00 1.19886E-01 3.91533E-01 
1.51273E+00 1.64312E-01 1.56198E+00 1.58712E-01 2.58040E+03 2.25359E+00 2.25326E-01 8.53273E+02 1.51275E+00 1.64313E-01 4.72013E-01 
1.66060E+00 2.17674E-01 1.68718E+00 2.03370E-01 2.62868E+03 2.42428E+00 2.86165E-01 8.71705E+02 1.66062E+00 2.17676E-01 5.76785E-01 
1.85096E+00 2.81189E-01 1.84885E+00 2.56786E-01 2.67813E+03 2.64483E+00 3.58988E-01 8.90680E+02 1.85099E+00 2.81192E-01 7.15856E-01 
2.09021E+00 3.55992E-01 2.05254E+00 3.19954E-01 2.72870E+03 2.92279E+00 4.45136E-01 9.10171E+02 2.09024E+00 3.55997E-01 9.02938E-01 
2.31325E+00 4.22307E-01 2.24279E+00 3.76129E-01 2.76813E+03 3.18241E+00 5.21756E-01 9.25493E+02 2.31330E+00 4.22316E-01 1.09319E+00 
2.38535E+00 4.43178E-01 2.30436E+00 3.93836E-01 2.78030E+03 3.26642E+00 5.45907E-01 9.30176E+02 2.38541E+00 4.43187E-01 1.15865E+00 
2.77584E+00 5.52381E-01 2.63819E+00 4.86671E-01 2.83690E+03 3.72187E+00 6.72506E-01 9.52300E+02 2.77592E+00 5.52396E-01 1.54925E+00 
3.25216E+00 6.78509E-01 3.04622E+00 5.94225E-01 2.89470E+03 4.27831E+00 8.19118E-01 9.75071E+02 3.25229E+00 6.78534E-01 2.12150E+00 
3.82739E+00 8.22662E-01 3.54000E+00 7.17530E-01 2.95376E+03 4.95125E+00 9.87099E-01 9.98535E+02 3.82760E+00 8.22705E-01 2.98188E+00 
4.51623E+00 9.85781E-01 4.13263E+00 8.57598E-01 3.01417E+03 5.75828E+00 1.17780E+00 1.02275E+03 4.51659E+00 9.85855E-01 4.31246E+00 
5.34007E+00 1.26468E+00 4.93618E+00 1.21517E+00 3.07489E+03 6.89051E+00 1.71399E+00 1.04751E+03 5.34072E+00 1.26483E+00 6.42691E+00 
6.31699E+00 1.48703E+00 5.89088E+00 1.43260E+00 3.13745E+03 8.23423E+00 2.02002E+00 1.07331E+03 6.31819E+00 1.48733E+00 9.90947E+00 
7.48886E+00 1.73269E+00 7.03792E+00 1.67341E+00 3.20163E+03 9.84657E+00 2.35842E+00 1.10011E+03 7.49124E+00 1.73326E+00 1.58315E+01 
8.88538E+00 2.00181E+00 8.40745E+00 1.93789E+00 3.26763E+03 1.17688E+01 2.72938E+00 1.12803E+03 8.89040E+00 2.00297E+00 2.62861E+01 
---
