PdfType: replica
Format: lhagrid1
---
1.00000E-06 1.28121E-06 1.64152E-06 2.10317E-06 2.69463E-06 3.45242E-06 4.42329E-06 5.66715E-06 7.26076E-06 9.30241E-06 1.19180E-05 1.52689E-05 1.95617E-05 2.50609E-05 3.21053E-05 4.11287E-05 5.26863E-05 6.74889E-05 8.64459E-05 1.10720E-04 1.41800E-04 1.81585E-04 2.32503E-04 2.97652E-04 3.80981E-04 4.87518E-04 6.26039E-04 8.00452E-04 1.02297E-03 1.30657E-03 1.66759E-03 2.12729E-03 2.71054E-03 3.44865E-03 4.37927E-03 5.54908E-03 7.01192E-03 8.83064E-03 1.10763E-02 1.38266E-02 1.71641E-02 2.11717E-02 2.59364E-02 3.15062E-02 3.79623E-02 4.53425E-02 5.36750E-02 6.29705E-02 7.32221E-02 8.44039E-02 9.64793E-02 1.09332E-01 1.23067E-01 1.37507E-01 1.52639E-01 1.68416E-01 1.84794E-01 2.01731E-01 2.19016E-01 2.36948E-01 2.55242E-01 2.73927E-01 2.92954E-01 3.12340E-01 3.32036E-01 3.52019E-01 3.72282E-01 3.92772E-01 4.13533E-01 4.34326E-01 4.55495E-01 4.76836E-01 4.98342E-01 5.20006E-01 5.41818E-01 5.63773E-01 5.85861E-01 6.08077E-01 6.30459E-01 6.52800E-01 6.75387E-01 6.98063E-01 7.20830E-01 7.43683E-01 7.66623E-01 7.89636E-01 8.12791E-01 8.35940E-01 8.59175E-01 8.82485E-01 9.05866E-01 9.29311E-01 9.52817E-01 9.76387E-01 1.00000E+00 
1.14018E+00 1.22539E+00 1.32482E+00 1.44156E+00 1.57954E+00 1.74381E+00 1.94091E+00 2.12132E+00 2.17945E+00 2.49622E+00 2.89383E+00 3.39925E+00 4.05063E+00 4.90286E+00 6.03623E+00 7.57063E+00 9.68869E+00 1.26749E+01 1.69835E+01 2.33578E+01 3.30501E+01 4.82334E+01 7.28041E+01 1.13998E+02 1.85779E+02 3.16228E+02 
900 901 902 903 904 905 906 907 908 909 910 
7.63510E-01 4.45730E-02 8.03842E-01 4.69192E-02 1.75371E+03 1.16580E+00 6.80434E-02 8.72603E+02 7.63515E-01 4.45733E-02 2.01139E-01 
7.78140E-01 5.30700E-02 8.19387E-01 5.58358E-02 1.79092E+03 1.18812E+00 8.09470E-02 8.90775E+02 7.78146E-01 5.30704E-02 2.37169E-01 
8.09736E-01 6.83176E-02 8.48491E-01 6.95432E-02 1.82860E+03 1.22866E+00 1.00030E-01 9.09154E+02 8.09743E-01 6.83182E-02 2.82724E-01 
8.67799E-01 9.16653E-02 8.97393E-01 8.89223E-02 1.86673E+03 1.29518E+00 1.26380E-01 9.27735E+02 8.67808E-01 9.16662E-02 3.41703E-01 
9.46047E-01 1.19927E-01 9.63545E-01 1.12517E-01 1.90606E+03 1.38530E+00 1.58499E-01 9.46908E+02 9.46058E-01 1.19928E-01 4.18329E-01 
1.04856E+00 1.53934E-01 1.05053E+00 1.41075E-01 1.94600E+03 1.50391E+00 1.97412E-01 9.66369E+02 1.04858E+00 1.53936E-01 5.20758E-01 
1.17894E+00 1.94327E-01 1.16147E+00 1.75150E-01 1.98738E+03 1.65524E+00 2.43869E-01 9.86564E+02 1.17896E+00 1.94331E-01 6.57986E-01 
1.30149E+00 2.30443E-01 1.26595E+00 2.05719E-01 2.02032E+03 1.79780E+00 2.85552E-01 1.00265E+03 1.30152E+00 2.30448E-01 7.97680E-01 
1.34144E+00 2.41898E-01 1.30004E+00 2.15434E-01 2.02928E+03 1.84431E+00 2.98801E-01 1.00701E+03 1.34147E+00 2.41903E-01 8.45786E-01 
1.55897E+00 3.02208E-01 1.48594E+00 2.66674E-01 2.07649E+03 2.09790E+00 3.68669E-01 1.03011E+03 1.55901E+00 3.02217E-01 1.13402E+00 
1.82768E+00 3.72879E-01 1.71610E+00 3.26955E-01 2.12472E+03 2.41175E+00 4.50853E-01 1.05374E+03 1.82775E+00 3.72893E-01 1.56009E+00 
2.15428E+00 4.54134E-01 1.99619E+00 3.96131E-01 2.17388E+03 2.79337E+00 5.44965E-01 1.07788E+03 2.15440E+00 4.54157E-01 2.19778E+00 
2.54854E+00 5.47743E-01 2.33547E+00 4.76732E-01 2.22439E+03 3.25548E+00 6.54816E-01 1.10277E+03 2.54874E+00 5.47784E-01 3.18278E+00 
3.01957E+00 7.07165E-01 2.79451E+00 6.78711E-01 2.27572E+03 3.90217E+00 9.57027E-01 1.12814E+03 3.01994E+00 7.07254E-01 4.76427E+00 
3.58120E+00 8.38967E-01 3.34338E+00 8.08431E-01 2.32848E+03 4.67479E+00 1.13998E+00 1.15434E+03 3.58188E+00 8.39133E-01 7.35200E+00 
4.26265E+00 9.85648E-01 4.01016E+00 9.52046E-01 2.38318E+03 5.61210E+00 1.34181E+00 1.18163E+03 4.26401E+00 9.85971E-01 1.17866E+01 
5.08200E+00 1.14826E+00 4.81340E+00 1.11176E+00 2.43946E+03 6.73962E+00 1.56589E+00 1.20990E+03 5.08489E+00 1.14892E+00 1.96561E+01 
6.05994E+00 1.32697E+00 5.77418E+00 1.28776E+00 2.49750E+03 8.08615E+00 1.81230E+00 1.23923E+03 6.06652E+00 1.32844E+00 3.40465E+01 
7.22300E+00 1.52202E+00 6.91965E+00 1.48048E+00 2.55730E+03 9.68870E+00 2.08150E+00 1.26966E+03 7.23963E+00 1.52558E+00 6.15736E+01 
8.59672E+00 1.73273E+00 8.27612E+00 1.68940E+00 2.61882E+03 1.15830E+01 2.37262E+00 1.30117E+03 8.64410E+00 1.74241E+00 1.15603E+02 
1.02126E+01 1.95869E+00 9.87565E+00 1.91421E+00 2.68209E+03 1.38130E+01 2.68516E+00 1.33372E+03 1.03645E+01 1.98819E+00 2.22768E+02 
1.21069E+01 2.19914E+00 1.17543E+01 2.15401E+00 2.74726E+03 1.64288E+01 3.01797E+00 1.36722E+03 1.26339E+01 2.29588E+00 4.30103E+02 
1.43179E+01 2.45274E+00 1.39464E+01 2.40681E+00 2.81435E+03 1.94813E+01 3.36891E+00 1.40125E+03 1.60750E+01 2.75650E+00 7.88088E+02 
1.68880E+01 2.71790E+00 1.64815E+01 2.66898E+00 2.88331E+03 2.30231E+01 3.73476E+00 1.43475E+03 2.16491E+01 3.49007E+00 1.27277E+03 
1.98633E+01 2.99270E+00 1.93741E+01 2.93430E+00 2.95419E+03 2.71025E+01 4.11074E+00 1.46592E+03 2.92680E+01 4.41891E+00 1.72834E+03 
2.32959E+01 3.27523E+00 2.26275E+01 3.19540E+00 3.02705E+03 3.17680E+01 4.49158E+00 1.49285E+03 3.73649E+01 5.26423E+00 2.02140E+03 
1.49639E+00 8.68120E-02 1.57544E+00 9.13880E-02 3.17978E+03 2.28482E+00 1.32535E-01 1.58418E+03 1.49640E+00 8.68126E-02 3.64474E-01 
1.52557E+00 1.03650E-01 1.60655E+00 1.09131E-01 3.24786E+03 2.32956E+00 1.58238E-01 1.61737E+03 1.52559E+00 1.03651E-01 4.29845E-01 
1.58944E+00 1.34288E-01 1.66534E+00 1.36645E-01 3.31645E+03 2.41144E+00 1.96531E-01 1.65078E+03 1.58946E+00 1.34289E-01 5.12695E-01 
1.70498E+00 1.80760E-01 1.76262E+00 1.75217E-01 3.38579E+03 2.54378E+00 2.48979E-01 1.68451E+03 1.70500E+00 1.80761E-01 6.19414E-01 
1.86066E+00 2.36982E-01 1.89428E+00 2.22185E-01 3.45701E+03 2.72316E+00 3.12926E-01 1.71916E+03 1.86068E+00 2.36985E-01 7.58792E-01 
2.06342E+00 3.04363E-01 2.06635E+00 2.78782E-01 3.53004E+03 2.95780E+00 3.90053E-01 1.75471E+03 2.06345E+00 3.04367E-01 9.43713E-01 
2.32076E+00 3.84332E-01 2.28532E+00 3.46250E-01 3.60494E+03 3.25651E+00 4.82039E-01 1.79119E+03 2.32080E+00 3.84339E-01 1.19286E+00 
2.56265E+00 4.55766E-01 2.49155E+00 4.06718E-01 3.66436E+03 3.53789E+00 5.64497E-01 1.82016E+03 2.56271E+00 4.55775E-01 1.44722E+00 
2.64117E+00 4.78346E-01 2.55856E+00 4.25865E-01 3.68167E+03 3.62931E+00 5.90608E-01 1.82860E+03 2.64123E+00 4.78355E-01 1.53457E+00 
3.06833E+00 5.97079E-01 2.92362E+00 5.26758E-01 3.76655E+03 4.12729E+00 7.28180E-01 1.87004E+03 3.06842E+00 5.97096E-01 2.05676E+00 
3.59367E+00 7.35532E-01 3.37354E+00 6.44795E-01 3.85361E+03 4.74080E+00 8.89080E-01 1.91263E+03 3.59381E+00 7.35559E-01 2.82434E+00 
4.23262E+00 8.95130E-01 3.92178E+00 7.81125E-01 3.94292E+03 5.48789E+00 1.07474E+00 1.95642E+03 4.23285E+00 8.95177E-01 3.98128E+00 
5.00243E+00 1.07737E+00 4.58377E+00 9.37335E-01 4.03427E+03 6.38930E+00 1.28733E+00 2.00136E+03 5.00282E+00 1.07745E+00 5.77071E+00 
5.92186E+00 1.38961E+00 5.48030E+00 1.33480E+00 4.12729E+03 7.65248E+00 1.88257E+00 2.04727E+03 5.92257E+00 1.38978E+00 8.63138E+00 
7.01765E+00 1.64421E+00 6.55104E+00 1.58418E+00 4.22282E+03 9.15959E+00 2.23381E+00 2.09462E+03 7.01899E+00 1.64454E+00 1.33366E+01 
8.34205E+00 1.92758E+00 7.84704E+00 1.86184E+00 4.32152E+03 1.09814E+01 2.62406E+00 2.14381E+03 8.34470E+00 1.92821E+00 2.13716E+01 
9.93097E+00 2.24082E+00 9.40484E+00 2.16952E+00 4.42326E+03 1.31680E+01 3.05570E+00 2.19482E+03 9.93658E+00 2.24211E+00 3.55994E+01 
1.18250E+01 2.58423E+00 1.12659E+01 2.50781E+00 4.52803E+03 1.57761E+01 3.52928E+00 2.24770E+03 1.18379E+01 2.58709E+00 6.17122E+01 
1.40710E+01 2.95758E+00 1.34781E+01 2.87679E+00 4.63604E+03 1.88710E+01 4.04463E+00 2.30258E+03 1.41033E+01 2.96450E+00 1.11520E+02 
1.67204E+01 3.36007E+00 1.60946E+01 3.27596E+00 4.74720E+03 2.25247E+01 4.60079E+00 2.35944E+03 1.68123E+01 3.37879E+00 2.09342E+02 
1.98317E+01 3.79036E+00 1.91748E+01 3.70419E+00 4.86159E+03 2.68186E+01 5.19602E+00 2.41820E+03 2.01262E+01 3.84737E+00 4.03831E+02 
2.34698E+01 4.24647E+00 2.27832E+01 4.15925E+00 4.97928E+03 3.18425E+01 5.82746E+00 2.47862E+03 2.44908E+01 4.43321E+00 7.79650E+02 
2.77070E+01 4.72591E+00 2.69848E+01 4.63733E+00 5.10033E+03 3.76929E+01 6.49100E+00 2.53993E+03 3.11057E+01 5.31101E+00 1.42820E+03 
3.26231E+01 5.22556E+00 3.18342E+01 5.13140E+00 5.22485E+03 4.44679E+01 7.18042E+00 2.60033E+03 4.18169E+01 6.70984E+00 2.30619E+03 
3.83051E+01 5.74181E+00 3.73578E+01 5.62968E+00 5.35288E+03 5.22583E+01 7.88671E+00 2.65652E+03 5.64400E+01 8.47833E+00 3.13199E+03 
4.48480E+01 6.27066E+00 4.35567E+01 6.11770E+00 5.48448E+03 6.11501E+01 8.59924E+00 2.70499E+03 7.19296E+01 1.00787E+01 3.66249E+03 
1.42499E+00 8.20466E-02 1.50022E+00 8.63691E-02 2.73413E+03 2.17573E+00 1.25256E-01 1.35622E+03 1.42500E+00 8.20471E-02 3.13368E-01 
1.45400E+00 9.85525E-02 1.53118E+00 1.03792E-01 2.79219E+03 2.22027E+00 1.50505E-01 1.38439E+03 1.45401E+00 9.85533E-02 3.69461E-01 
1.51726E+00 1.28663E-01 1.58937E+00 1.30828E-01 2.85113E+03 2.30133E+00 1.88132E-01 1.41297E+03 1.51727E+00 1.28664E-01 4.40801E-01 
1.62993E+00 1.73975E-01 1.68428E+00 1.68458E-01 2.91021E+03 2.43046E+00 2.39311E-01 1.44158E+03 1.62995E+00 1.73977E-01 5.32358E-01 
1.78112E+00 2.28667E-01 1.81219E+00 2.14174E-01 2.97099E+03 2.60476E+00 3.01566E-01 1.47102E+03 1.78114E+00 2.28670E-01 6.52028E-01 
1.97711E+00 2.94027E-01 1.97854E+00 2.69092E-01 3.03361E+03 2.83162E+00 3.76411E-01 1.50137E+03 1.97714E+00 2.94031E-01 8.10881E-01 
2.22453E+00 3.71296E-01 2.18907E+00 3.34293E-01 3.09720E+03 3.11884E+00 4.65311E-01 1.53221E+03 2.22457E+00 3.71302E-01 1.02455E+00 
2.45660E+00 4.40150E-01 2.38694E+00 3.92586E-01 3.14762E+03 3.38881E+00 5.44806E-01 1.55667E+03 2.45665E+00 4.40158E-01 1.24306E+00 
2.53179E+00 4.61873E-01 2.45111E+00 4.11008E-01 3.16294E+03 3.47636E+00 5.69928E-01 1.56412E+03 2.53184E+00 4.61883E-01 1.31825E+00 
2.93993E+00 5.75813E-01 2.79994E+00 5.07834E-01 3.23516E+03 3.95219E+00 7.01956E-01 1.59923E+03 2.94002E+00 5.75829E-01 1.76682E+00 
3.43983E+00 7.08065E-01 3.22806E+00 6.20571E-01 3.30913E+03 4.53597E+00 8.55620E-01 1.63527E+03 3.43997E+00 7.08091E-01 2.42473E+00 
4.04619E+00 8.60051E-01 3.74846E+00 7.50543E-01 3.38519E+03 5.24513E+00 1.03268E+00 1.67242E+03 4.04642E+00 8.60096E-01 3.41756E+00 
4.77461E+00 1.03261E+00 4.37480E+00 8.98348E-01 3.46293E+03 6.09794E+00 1.23377E+00 1.71051E+03 4.77499E+00 1.03268E+00 4.95338E+00 
5.64542E+00 1.32850E+00 5.22408E+00 1.27642E+00 3.54202E+03 7.29457E+00 1.80035E+00 1.74941E+03 5.64610E+00 1.32867E+00 7.40454E+00 
6.68094E+00 1.56703E+00 6.23594E+00 1.50977E+00 3.62332E+03 8.71873E+00 2.12887E+00 1.78957E+03 6.68222E+00 1.56734E+00 1.14432E+01 
7.92817E+00 1.83170E+00 7.45657E+00 1.76917E+00 3.70721E+03 1.04345E+01 2.49345E+00 1.83123E+03 7.93070E+00 1.83230E+00 1.83328E+01 
9.42006E+00 2.12309E+00 8.91940E+00 2.05547E+00 3.79370E+03 1.24877E+01 2.89504E+00 1.87446E+03 9.42538E+00 2.12431E+00 3.05261E+01 
1.11931E+01 2.44110E+00 1.06618E+01 2.36883E+00 3.88280E+03 1.49294E+01 3.33366E+00 1.91929E+03 1.12053E+01 2.44380E+00 5.29241E+01 
1.32892E+01 2.78533E+00 1.27267E+01 2.70914E+00 3.97458E+03 1.78179E+01 3.80889E+00 1.96580E+03 1.33197E+01 2.79183E+00 9.55961E+01 
1.57550E+01 3.15485E+00 1.51623E+01 3.07578E+00 4.06902E+03 2.12187E+01 4.31961E+00 2.01397E+03 1.58415E+01 3.17242E+00 1.79365E+02 
1.86430E+01 3.54812E+00 1.80220E+01 3.46733E+00 4.16630E+03 2.52048E+01 4.86373E+00 2.06382E+03 1.89197E+01 3.60146E+00 3.46046E+02 
2.20107E+01 3.96309E+00 2.13628E+01 3.88156E+00 4.26636E+03 2.98557E+01 5.43834E+00 2.11506E+03 2.29678E+01 4.13732E+00 6.67988E+02 
2.59222E+01 4.39721E+00 2.52420E+01 4.31466E+00 4.36929E+03 3.52568E+01 6.03930E+00 2.16706E+03 2.91017E+01 4.94167E+00 1.22343E+03 
3.04477E+01 4.84747E+00 2.97065E+01 4.75999E+00 4.47515E+03 4.14939E+01 6.66065E+00 2.21826E+03 3.90262E+01 6.22423E+00 1.97497E+03 
3.56650E+01 5.31048E+00 3.47776E+01 5.20665E+00 4.58404E+03 4.86469E+01 7.29402E+00 2.26587E+03 5.25471E+01 7.84145E+00 2.68183E+03 
4.16567E+01 5.78237E+00 4.04514E+01 5.64119E+00 4.69601E+03 5.67882E+01 7.92938E+00 2.30689E+03 6.68067E+01 9.29378E+00 3.13545E+03 
1.34672E+00 7.68786E-02 1.41776E+00 8.09210E-02 2.32959E+03 2.05613E+00 1.17352E-01 1.15057E+03 1.34673E+00 7.68791E-02 2.67067E-01 
1.37570E+00 9.30758E-02 1.44864E+00 9.79995E-02 2.37872E+03 2.10056E+00 1.42097E-01 1.17432E+03 1.37571E+00 9.30765E-02 3.14799E-01 
1.43739E+00 1.22271E-01 1.50543E+00 1.24252E-01 2.42806E+03 2.17969E+00 1.78651E-01 1.19814E+03 1.43740E+00 1.22272E-01 3.75333E-01 
1.54682E+00 1.66189E-01 1.59763E+00 1.60748E-01 2.47808E+03 2.30517E+00 2.28296E-01 1.22228E+03 1.54684E+00 1.66191E-01 4.53301E-01 
1.69245E+00 2.18984E-01 1.72085E+00 2.04894E-01 2.52914E+03 2.47309E+00 2.88421E-01 1.24691E+03 1.69247E+00 2.18986E-01 5.54956E-01 
1.88029E+00 2.81877E-01 1.88029E+00 2.57753E-01 2.58164E+03 2.69055E+00 3.60467E-01 1.27225E+03 1.88032E+00 2.81881E-01 6.90065E-01 
2.11672E+00 3.56011E-01 2.08149E+00 3.20323E-01 2.63548E+03 2.96505E+00 4.45785E-01 1.29827E+03 2.11676E+00 3.56017E-01 8.72088E-01 
2.33735E+00 4.21780E-01 2.26962E+00 3.76012E-01 2.67767E+03 3.22172E+00 5.21731E-01 1.31867E+03 2.33740E+00 4.21789E-01 1.05747E+00 
2.40871E+00 4.42488E-01 2.33053E+00 3.93574E-01 2.69061E+03 3.30483E+00 5.45681E-01 1.32494E+03 2.40877E+00 4.42497E-01 1.12128E+00 
2.79541E+00 5.50890E-01 2.66103E+00 4.85698E-01 2.75136E+03 3.75566E+00 6.71296E-01 1.35436E+03 2.79549E+00 5.50905E-01 1.50255E+00 
3.26750E+00 6.76193E-01 3.06535E+00 5.92520E-01 2.81364E+03 4.30696E+00 8.16897E-01 1.38459E+03 3.26763E+00 6.76218E-01 2.06210E+00 
3.83801E+00 8.19509E-01 3.55499E+00 7.15084E-01 2.87750E+03 4.97420E+00 9.83856E-01 1.41567E+03 3.83823E+00 8.19551E-01 2.90494E+00 
4.52162E+00 9.81793E-01 4.14304E+00 8.54410E-01 2.94302E+03 5.77490E+00 1.17354E+00 1.44768E+03 4.52198E+00 9.81867E-01 4.21078E+00 
5.33938E+00 1.25937E+00 4.94053E+00 1.21020E+00 3.00933E+03 6.89849E+00 1.70702E+00 1.48018E+03 5.34002E+00 1.25952E+00 6.29013E+00 
6.30966E+00 1.48088E+00 5.88869E+00 1.42679E+00 3.07782E+03 8.23296E+00 2.01187E+00 1.51391E+03 6.31086E+00 1.48118E+00 9.72167E+00 
7.47414E+00 1.72573E+00 7.02845E+00 1.66680E+00 3.14833E+03 9.83499E+00 2.34914E+00 1.54883E+03 7.47652E+00 1.72630E+00 1.55694E+01 
8.86245E+00 1.99409E+00 8.38990E+00 1.93052E+00 3.22105E+03 1.17458E+01 2.71903E+00 1.58507E+03 8.86746E+00 1.99524E+00 2.59153E+01 
---
