PdfType: replica
Format: lhagrid1
---
1.00000E-06 1.28121E-06 1.64152E-06 2.10317E-06 2.69463E-06 3.45242E-06 4.42329E-06 5.66715E-06 7.26076E-06 9.30241E-06 1.19180E-05 1.52689E-05 1.95617E-05 2.50609E-05 3.21053E-05 4.11287E-05 5.26863E-05 6.74889E-05 8.64459E-05 1.10720E-04 1.41800E-04 1.81585E-04 2.32503E-04 2.97652E-04 3.80981E-04 4.87518E-04 6.26039E-04 8.00452E-04 1.02297E-03 1.30657E-03 1.66759E-03 2.12729E-03 2.71054E-03 3.44865E-03 4.37927E-03 5.54908E-03 7.01192E-03 8.83064E-03 1.10763E-02 1.38266E-02 1.71641E-02 2.11717E-02 2.59364E-02 3.15062E-02 3.79623E-02 4.53425E-02 5.36750E-02 6.29705E-02 7.32221E-02 8.44039E-02 9.64793E-02 1.09332E-01 1.23067E-01 1.37507E-01 1.52639E-01 1.68416E-01 1.84794E-01 2.01731E-01 2.19016E-01 2.36948E-01 2.55242E-01 2.73927E-01 2.92954E-01 3.12340E-01 3.32036E-01 3.52019E-01 3.72282E-01 3.92772E-01 4.13533E-01 4.34326E-01 4.55495E-01 4.76836E-01 4.98342E-01 5.20006E-01 5.41818E-01 5.63773E-01 5.85861E-01 6.08077E-01 6.30459E-01 6.52800E-01 6.75387E-01 6.98063E-01 7.20830E-01 7.43683E-01 7.66623E-01 7.89636E-01 8.12791E-01 8.35940E-01 8.59175E-01 8.82485E-01 9.05866E-01 9.29311E-01 9.52817E-01 9.76387E-01 1.00000E+00 
1.14018E+00 1.22539E+00 1.32482E+00 1.44156E+00 1.57954E+00 1.74381E+00 1.94091E+00 2.12132E+00 2.17945E+00 2.49622E+00 2.89383E+00 3.39925E+00 4.05063E+00 4.90286E+00 6.03623E+00 7.57063E+00 9.68869E+00 1.26749E+01 1.69835E+01 2.33578E+01 3.30501E+01 4.82334E+01 7.28041E+01 1.13998E+02 1.85779E+02 3.16228E+02 
900 901 902 903 904 905 906 907 908 909 910 
7.30988E-01 4.25566E-02 7.69483E-01 4.47858E-02 2.77609E+03 1.11593E+00 6.49458E-02 1.32262E+03 7.30993E-01 4.25569E-02 3.18421E-01 
7.46161E-01 5.11866E-02 7.85590E-01 5.38421E-02 2.82284E+03 1.13907E+00 7.80527E-02 1.34484E+03 7.46166E-01 5.11870E-02 3.73817E-01 
7.78342E-01 6.65930E-02 8.15266E-01 6.77070E-02 2.86945E+03 1.18044E+00 9.73614E-02 1.36700E+03 7.78348E-01 6.65936E-02 4.43652E-01 
8.36918E-01 9.01084E-02 8.64683E-01 8.72501E-02 2.91596E+03 1.24771E+00 1.23946E-01 1.38912E+03 8.36927E-01 9.01093E-02 5.33744E-01 
9.15621E-01 1.18556E-01 9.31300E-01 1.11024E-01 2.96364E+03 1.33851E+00 1.56319E-01 1.41183E+03 9.15632E-01 1.18557E-01 6.50407E-01 
1.01852E+00 1.52763E-01 1.01869E+00 1.39772E-01 3.01112E+03 1.45773E+00 1.95503E-01 1.43446E+03 1.01854E+00 1.52765E-01 8.05884E-01 
1.14918E+00 1.93367E-01 1.12995E+00 1.74046E-01 3.06049E+03 1.60955E+00 2.42239E-01 1.45804E+03 1.14920E+00 1.93370E-01 1.01324E+00 
1.27189E+00 2.29648E-01 1.23462E+00 2.04769E-01 3.09955E+03 1.75240E+00 2.84141E-01 1.47674E+03 1.27192E+00 2.29652E-01 1.22373E+00 
1.31187E+00 2.41151E-01 1.26876E+00 2.14530E-01 3.10951E+03 1.79898E+00 2.97454E-01 1.48151E+03 1.31190E+00 2.41156E-01 1.29594E+00 
1.52945E+00 3.01689E-01 1.45478E+00 2.65983E-01 3.16487E+03 2.05280E+00 3.67621E-01 1.50808E+03 1.52949E+00 3.01697E-01 1.72841E+00 
1.79803E+00 3.72574E-01 1.68490E+00 3.26465E-01 3.22064E+03 2.36666E+00 4.50089E-01 1.53494E+03 1.79810E+00 3.72588E-01 2.36516E+00 
2.12430E+00 4.54022E-01 1.96478E+00 3.95823E-01 3.27698E+03 2.74805E+00 5.44456E-01 1.56219E+03 2.12442E+00 4.54045E-01 3.31295E+00 
2.51799E+00 5.47794E-01 2.30364E+00 4.76580E-01 3.33428E+03 3.20965E+00 6.54528E-01 1.59004E+03 2.51818E+00 5.47836E-01 4.77084E+00 
2.98823E+00 7.07418E-01 2.76196E+00 6.78848E-01 3.39154E+03 3.85537E+00 9.57182E-01 1.61805E+03 2.98859E+00 7.07507E-01 7.10002E+00 
3.54868E+00 8.39296E-01 3.30968E+00 8.08651E-01 3.44981E+03 4.62640E+00 1.14026E+00 1.64673E+03 3.54936E+00 8.39461E-01 1.08910E+01 
4.22850E+00 9.85995E-01 3.97485E+00 9.52291E-01 3.50972E+03 5.56149E+00 1.34212E+00 1.67645E+03 4.22985E+00 9.86318E-01 1.73582E+01 
5.04570E+00 1.14856E+00 4.77598E+00 1.11196E+00 3.57088E+03 6.68607E+00 1.56615E+00 1.70705E+03 5.04856E+00 1.14922E+00 2.87719E+01 
6.02089E+00 1.32716E+00 5.73404E+00 1.28786E+00 3.63344E+03 8.02882E+00 1.81241E+00 1.73864E+03 6.02742E+00 1.32862E+00 4.95302E+01 
7.18048E+00 1.52201E+00 6.87608E+00 1.48039E+00 3.69736E+03 9.62662E+00 2.08135E+00 1.77123E+03 7.19700E+00 1.52557E+00 8.90251E+01 
8.54992E+00 1.73243E+00 8.22831E+00 1.68904E+00 3.76262E+03 1.15151E+01 2.37209E+00 1.80480E+03 8.59702E+00 1.74211E+00 1.66074E+02 
1.01605E+01 1.95803E+00 9.82266E+00 1.91349E+00 3.82916E+03 1.37378E+01 2.68414E+00 1.83923E+03 1.03116E+01 1.98751E+00 3.17959E+02 
1.20486E+01 2.19802E+00 1.16950E+01 2.15286E+00 3.89717E+03 1.63449E+01 3.01633E+00 1.87439E+03 1.25729E+01 2.29471E+00 6.09882E+02 
1.42520E+01 2.45109E+00 1.38797E+01 2.40514E+00 3.96667E+03 1.93871E+01 3.36654E+00 1.90967E+03 1.60007E+01 2.75463E+00 1.11004E+03 
1.68131E+01 2.71564E+00 1.64059E+01 2.66671E+00 4.03757E+03 2.29166E+01 3.73156E+00 1.94360E+03 2.15522E+01 3.48715E+00 1.78054E+03 
1.97779E+01 2.98975E+00 1.92883E+01 2.93137E+00 4.10990E+03 2.69816E+01 4.10661E+00 1.97368E+03 2.91407E+01 4.41453E+00 2.40148E+03 
2.31982E+01 3.27154E+00 2.25301E+01 3.19176E+00 4.18370E+03 3.16304E+01 4.48644E+00 1.99735E+03 3.72062E+01 5.25827E+00 2.79016E+03 
1.43546E+00 8.30087E-02 1.51104E+00 8.73619E-02 4.95271E+03 2.19134E+00 1.26689E-01 2.36101E+03 1.43547E+00 8.30093E-02 5.67690E-01 
1.46572E+00 1.00120E-01 1.54327E+00 1.05393E-01 5.03693E+03 2.23772E+00 1.52810E-01 2.40100E+03 1.46573E+00 1.00120E-01 6.66621E-01 
1.53078E+00 1.31092E-01 1.60322E+00 1.33234E-01 5.12053E+03 2.32126E+00 1.91571E-01 2.44070E+03 1.53079E+00 1.31093E-01 7.91590E-01 
1.64739E+00 1.77915E-01 1.70156E+00 1.72145E-01 5.20380E+03 2.45514E+00 2.44502E-01 2.48026E+03 1.64741E+00 1.77917E-01 9.52005E-01 
1.80404E+00 2.34522E-01 1.83419E+00 2.19479E-01 5.28858E+03 2.63594E+00 3.08968E-01 2.52058E+03 1.80406E+00 2.34525E-01 1.16083E+00 
2.00764E+00 3.02312E-01 2.00712E+00 2.76462E-01 5.37481E+03 2.87185E+00 3.86640E-01 2.56165E+03 2.00767E+00 3.02316E-01 1.43691E+00 
2.26565E+00 3.82705E-01 2.22681E+00 3.44327E-01 5.46252E+03 3.17164E+00 4.79186E-01 2.60349E+03 2.26569E+00 3.82711E-01 1.80752E+00 
2.50793E+00 4.54469E-01 2.43348E+00 4.05104E-01 5.53169E+03 3.45369E+00 5.62079E-01 2.63655E+03 2.50798E+00 4.54478E-01 2.18471E+00 
2.58653E+00 4.77144E-01 2.50060E+00 4.24341E-01 5.55155E+03 3.54529E+00 5.88316E-01 2.64605E+03 2.58659E+00 4.77154E-01 2.31395E+00 
3.01394E+00 5.96326E-01 2.86603E+00 5.25651E-01 5.64923E+03 4.04388E+00 7.26475E-01 2.69287E+03 3.01403E+00 5.96342E-01 3.08480E+00 
3.53922E+00 7.35196E-01 3.31604E+00 6.44079E-01 5.74850E+03 4.65761E+00 8.87924E-01 2.74062E+03 3.53936E+00 7.35223E-01 4.21312E+00 
4.17772E+00 8.95164E-01 3.86404E+00 7.80757E-01 5.84945E+03 5.40449E+00 1.07408E+00 2.78938E+03 4.17795E+00 8.95211E-01 5.90627E+00 
4.94664E+00 1.07771E+00 4.52541E+00 9.37258E-01 5.95162E+03 6.30516E+00 1.28708E+00 2.83897E+03 4.94703E+00 1.07779E+00 8.51334E+00 
5.86480E+00 1.39034E+00 5.42079E+00 1.33530E+00 6.05412E+03 7.56681E+00 1.88321E+00 2.88903E+03 5.86550E+00 1.39051E+00 1.26608E+01 
6.95860E+00 1.64506E+00 6.48957E+00 1.58481E+00 6.15816E+03 9.07123E+00 2.23464E+00 2.94018E+03 6.95993E+00 1.64539E+00 1.94486E+01 
8.28018E+00 1.92844E+00 7.78282E+00 1.86250E+00 6.26491E+03 1.08892E+01 2.62492E+00 2.99306E+03 8.28282E+00 1.92907E+00 3.09820E+01 
9.86532E+00 2.24155E+00 9.33689E+00 2.17008E+00 6.37403E+03 1.30707E+01 3.05643E+00 3.04758E+03 9.87090E+00 2.24285E+00 5.12982E+01 
1.17545E+01 2.58470E+00 1.11931E+01 2.50812E+00 6.48545E+03 1.56721E+01 3.52966E+00 3.10377E+03 1.17672E+01 2.58756E+00 8.83874E+01 
1.39943E+01 2.95764E+00 1.33992E+01 2.87670E+00 6.59946E+03 1.87584E+01 4.04446E+00 3.16182E+03 1.40264E+01 2.96455E+00 1.58742E+02 
1.66360E+01 3.35954E+00 1.60080E+01 3.27532E+00 6.71587E+03 2.24015E+01 4.59984E+00 3.22161E+03 1.67273E+01 3.37826E+00 2.96125E+02 
1.97377E+01 3.78909E+00 1.90789E+01 3.70282E+00 6.83468E+03 2.66824E+01 5.19406E+00 3.28302E+03 2.00308E+01 3.84608E+00 5.67616E+02 
2.33643E+01 4.24430E+00 2.26759E+01 4.15700E+00 6.95601E+03 3.16906E+01 5.82427E+00 3.34566E+03 2.43805E+01 4.43093E+00 1.08876E+03 
2.75878E+01 4.72267E+00 2.68638E+01 4.63405E+00 7.07985E+03 3.75220E+01 6.48637E+00 3.40844E+03 3.09711E+01 5.30735E+00 1.98122E+03 
3.24875E+01 5.22112E+00 3.16971E+01 5.12694E+00 7.20632E+03 4.42745E+01 7.17415E+00 3.46887E+03 4.16414E+01 6.70410E+00 3.17761E+03 
3.81502E+01 5.73603E+00 3.72020E+01 5.62393E+00 7.33542E+03 5.20386E+01 7.87862E+00 3.52248E+03 5.62089E+01 8.46974E+00 4.28658E+03 
4.46704E+01 6.26343E+00 4.33796E+01 6.11057E+00 7.46715E+03 6.08997E+01 8.58919E+00 3.56462E+03 7.16412E+01 1.00670E+01 4.97997E+03 
1.36928E+00 7.86207E-02 1.44132E+00 8.27402E-02 4.15656E+03 2.09022E+00 1.19986E-01 1.97694E+03 1.36929E+00 7.86212E-02 4.76390E-01 
1.39933E+00 9.54038E-02 1.47336E+00 1.00455E-01 4.22673E+03 2.13635E+00 1.45659E-01 2.01014E+03 1.39934E+00 9.54045E-02 5.59281E-01 
1.46375E+00 1.25865E-01 1.53267E+00 1.27829E-01 4.29735E+03 2.21901E+00 1.83767E-01 2.04356E+03 1.46376E+00 1.25866E-01 6.64398E-01 
1.57745E+00 1.71541E-01 1.62859E+00 1.65806E-01 4.36676E+03 2.34961E+00 2.35437E-01 2.07642E+03 1.57746E+00 1.71543E-01 7.98813E-01 
1.72953E+00 2.26625E-01 1.75740E+00 2.11890E-01 4.43774E+03 2.52523E+00 2.98212E-01 2.11005E+03 1.72955E+00 2.26627E-01 9.73933E-01 
1.92628E+00 2.92394E-01 1.92453E+00 2.67190E-01 4.51051E+03 2.75325E+00 3.73597E-01 2.14459E+03 1.92630E+00 2.92398E-01 1.20563E+00 
2.17428E+00 3.70081E-01 2.13570E+00 3.32781E-01 4.58330E+03 3.04143E+00 4.63045E-01 2.17919E+03 2.17432E+00 3.70087E-01 1.51615E+00 
2.40666E+00 4.39256E-01 2.33395E+00 3.91372E-01 4.64068E+03 3.31197E+00 5.42958E-01 2.20651E+03 2.40671E+00 4.39265E-01 1.83271E+00 
2.48191E+00 4.61072E-01 2.39820E+00 4.09880E-01 4.65838E+03 3.39966E+00 5.68201E-01 2.21496E+03 2.48196E+00 4.61082E-01 1.94155E+00 
2.89018E+00 5.75439E-01 2.74728E+00 5.07103E-01 4.73985E+03 3.87594E+00 7.00786E-01 2.25387E+03 2.89027E+00 5.75455E-01 2.58857E+00 
3.38989E+00 7.08082E-01 3.17538E+00 6.20204E-01 4.82250E+03 4.45978E+00 8.54962E-01 2.29349E+03 3.39002E+00 7.08108E-01 3.53357E+00 
3.99566E+00 8.60406E-01 3.69541E+00 7.50494E-01 4.90688E+03 5.16854E+00 1.03246E+00 2.33411E+03 3.99588E+00 8.60451E-01 4.95382E+00 
4.72304E+00 1.03323E+00 4.32100E+00 8.98556E-01 4.99226E+03 6.02042E+00 1.23392E+00 2.37541E+03 4.72342E+00 1.03331E+00 7.14094E+00 
5.59241E+00 1.32948E+00 5.16896E+00 1.27719E+00 5.07783E+03 7.21526E+00 1.80137E+00 2.41707E+03 5.59308E+00 1.32965E+00 1.06150E+01 
6.62577E+00 1.56809E+00 6.17870E+00 1.51063E+00 5.16482E+03 8.63650E+00 2.13002E+00 2.45970E+03 6.62704E+00 1.56840E+00 1.63117E+01 
7.87002E+00 1.83273E+00 7.39640E+00 1.77002E+00 5.25391E+03 1.03482E+01 2.49458E+00 2.50371E+03 7.87253E+00 1.83333E+00 2.59812E+01 
9.35797E+00 2.12396E+00 8.85535E+00 2.05617E+00 5.34503E+03 1.23961E+01 2.89597E+00 2.54910E+03 9.36325E+00 2.12519E+00 4.30087E+01 
1.11260E+01 2.44168E+00 1.05928E+01 2.36925E+00 5.43817E+03 1.48308E+01 3.33421E+00 2.59594E+03 1.11380E+01 2.44438E+00 7.41224E+01 
1.32157E+01 2.78546E+00 1.26514E+01 2.70915E+00 5.53337E+03 1.77106E+01 3.80885E+00 2.64428E+03 1.32460E+01 2.79197E+00 1.33079E+02 
1.56737E+01 3.15440E+00 1.50793E+01 3.07521E+00 5.63052E+03 2.11007E+01 4.31877E+00 2.69405E+03 1.57597E+01 3.17196E+00 2.48173E+02 
1.85522E+01 3.54692E+00 1.79295E+01 3.46605E+00 5.72990E+03 2.50737E+01 4.86189E+00 2.74528E+03 1.88275E+01 3.60024E+00 4.75830E+02 
2.19084E+01 3.96100E+00 2.12589E+01 3.87941E+00 5.83132E+03 2.97088E+01 5.43530E+00 2.79752E+03 2.28608E+01 4.13514E+00 9.12699E+02 
2.58062E+01 4.39410E+00 2.51246E+01 4.31151E+00 5.93489E+03 3.50911E+01 6.03486E+00 2.84989E+03 2.89708E+01 4.93816E+00 1.66077E+03 
3.03156E+01 4.84320E+00 2.95732E+01 4.75571E+00 6.04064E+03 4.13060E+01 6.65463E+00 2.90029E+03 3.88553E+01 6.21872E+00 2.66330E+03 
3.55139E+01 5.30496E+00 3.46259E+01 5.20115E+00 6.14866E+03 4.84331E+01 7.28628E+00 2.94500E+03 5.23219E+01 7.83324E+00 3.59288E+03 
4.14835E+01 5.77549E+00 4.02789E+01 5.63440E+00 6.25898E+03 5.65446E+01 7.91981E+00 2.98014E+03 6.65256E+01 9.28266E+00 4.17382E+03 
1.29682E+00 7.38336E-02 1.36498E+00 7.76930E-02 3.45695E+03 1.97949E+00 1.12663E-01 1.64030E+03 1.29683E+00 7.38341E-02 3.96316E-01 
1.32679E+00 9.03095E-02 1.39689E+00 9.50653E-02 3.51538E+03 2.02543E+00 1.37836E-01 1.66786E+03 1.32680E+00 9.03102E-02 4.65226E-01 
1.38962E+00 1.19868E-01 1.45476E+00 1.21662E-01 3.57315E+03 2.10612E+00 1.74877E-01 1.69511E+03 1.38964E+00 1.19869E-01 5.52340E-01 
1.50003E+00 1.64157E-01 1.54793E+00 1.58506E-01 3.63105E+03 2.23299E+00 2.25013E-01 1.72243E+03 1.50005E+00 1.64158E-01 6.64197E-01 
1.64652E+00 2.17344E-01 1.67201E+00 2.03017E-01 3.68950E+03 2.40218E+00 2.85653E-01 1.75003E+03 1.64654E+00 2.17346E-01 8.09537E-01 
1.83509E+00 2.80641E-01 1.83220E+00 2.56251E-01 3.74911E+03 2.62074E+00 3.58226E-01 1.77823E+03 1.83511E+00 2.80645E-01 1.00213E+00 
2.07206E+00 3.55181E-01 2.03400E+00 3.19196E-01 3.80985E+03 2.89613E+00 4.44071E-01 1.80701E+03 2.07210E+00 3.55187E-01 1.26071E+00 
2.29299E+00 4.21258E-01 2.22248E+00 3.75170E-01 3.85685E+03 3.15335E+00 5.20416E-01 1.82932E+03 2.29304E+00 4.21267E-01 1.52315E+00 
2.36442E+00 4.42054E-01 2.28347E+00 3.92813E-01 3.87158E+03 3.23659E+00 5.44479E-01 1.83632E+03 2.36447E+00 4.42063E-01 1.61342E+00 
2.75123E+00 5.50857E-01 2.61421E+00 4.85308E-01 3.93884E+03 3.68784E+00 6.70615E-01 1.86835E+03 2.75132E+00 5.50872E-01 2.15104E+00 
3.22313E+00 6.76519E-01 3.01849E+00 5.92465E-01 4.00719E+03 4.23918E+00 8.16685E-01 1.90101E+03 3.22325E+00 6.76545E-01 2.93690E+00 
3.79309E+00 8.20137E-01 3.50779E+00 7.15313E-01 4.07670E+03 4.90603E+00 9.84043E-01 1.93436E+03 3.79330E+00 8.20180E-01 4.11561E+00 
4.47571E+00 9.82650E-01 4.09512E+00 8.54860E-01 4.14748E+03 5.70585E+00 1.17403E+00 1.96850E+03 4.47607E+00 9.82724E-01 5.93406E+00 
5.29210E+00 1.26055E+00 4.89134E+00 1.21117E+00 4.21777E+03 6.82773E+00 1.70834E+00 2.00262E+03 5.29274E+00 1.26071E+00 8.81597E+00 
6.26033E+00 1.48211E+00 5.83750E+00 1.42782E+00 4.28988E+03 8.15941E+00 2.01327E+00 2.03786E+03 6.26153E+00 1.48240E+00 1.35500E+01 
7.42199E+00 1.72689E+00 6.97449E+00 1.66777E+00 4.36341E+03 9.75762E+00 2.35046E+00 2.07408E+03 7.42436E+00 1.72745E+00 2.15781E+01 
8.80660E+00 1.99505E+00 8.33230E+00 1.93132E+00 4.43868E+03 1.16634E+01 2.72011E+00 2.11148E+03 8.81157E+00 1.99620E+00 3.57111E+01 
---
