PdfType: replica
Format: lhagrid1
---
4.34963E-04 7.77181E-04 7.77181E-04 1.38865E-03 1.38865E-03 2.48120E-03 2.48120E-03 2.48120E-03 4.43334E-03 4.43334E-03 4.43334E-03 4.43334E-03 7.92137E-03 7.92137E-03 7.92137E-03 7.92137E-03 1.41537E-02 1.41537E-02 1.41537E-02 1.41537E-02 1.41537E-02 2.52895E-02 2.52895E-02 2.52895E-02 2.52895E-02 2.52895E-02 4.51866E-02 4.51866E-02 4.51866E-02 4.51866E-02 4.51866E-02 4.51866E-02 8.07383E-02 8.07383E-02 8.07383E-02 8.07383E-02 8.07383E-02 8.07383E-02 8.07383E-02 1.44261E-01 1.44261E-01 1.44261E-01 1.44261E-01 1.44261E-01 1.44261E-01 2.57762E-01 2.57762E-01 2.57762E-01 2.57762E-01 2.57762E-01 2.57762E-01 4.60562E-01 4.60562E-01 4.60562E-01 4.60562E-01 4.60562E-01 4.60562E-01 
1.58489E+00 1.58489E+00 2.51189E+00 1.58489E+00 2.51189E+00 1.58489E+00 2.51189E+00 3.98107E+00 1.58489E+00 2.51189E+00 3.98107E+00 6.30957E+00 1.58489E+00 2.51189E+00 3.98107E+00 6.30957E+00 1.58489E+00 2.51189E+00 3.98107E+00 6.30957E+00 9.99999E+00 1.58489E+00 2.51189E+00 3.98107E+00 6.30957E+00 9.99999E+00 1.58489E+00 2.51189E+00 3.98107E+00 6.30957E+00 9.99999E+00 1.58489E+01 1.58489E+00 2.51189E+00 3.98107E+00 6.30957E+00 9.99999E+00 1.58489E+01 2.51189E+01 2.51189E+00 3.98107E+00 6.30957E+00 9.99999E+00 1.58489E+01 2.51189E+01 3.98107E+00 6.30957E+00 9.99999E+00 1.58489E+01 2.51189E+01 3.98107E+01 6.30957E+00 9.99999E+00 1.58489E+01 2.51189E+01 3.98107E+01 6.30957E+01 
90000 
1.53768E-04 
1.52905E-04 
3.66539E-04 
1.52060E-04 
3.65565E-04 
1.51231E-04 
3.65154E-04 
8.97782E-04 
1.50534E-04 
3.65124E-04 
8.98806E-04 
2.26864E-03 
1.50186E-04 
3.65786E-04 
9.01891E-04 
2.27089E-03 
1.50555E-04 
3.67752E-04 
9.08054E-04 
2.27729E-03 
5.75618E-03 
1.51696E-04 
3.71148E-04 
9.17511E-04 
2.29037E-03 
5.77708E-03 
1.52089E-04 
3.72985E-04 
9.23171E-04 
2.29728E-03 
5.77841E-03 
1.46004E-02 
1.48501E-04 
3.66283E-04 
9.09213E-04 
2.26333E-03 
5.68223E-03 
1.43211E-02 
3.65088E-02 
3.52060E-04 
8.78997E-04 
2.19573E-03 
5.51418E-03 
1.38880E-02 
3.52693E-02 
8.64049E-04 
2.16470E-03 
5.43506E-03 
1.36738E-02 
3.45940E-02 
8.89622E-02 
2.15726E-03 
5.41193E-03 
1.35960E-02 
3.42733E-02 
8.72199E-02 
2.28009E-01 
---
