PdfType: replica
Format: lhagrid1
---
4.34963E-04 7.77181E-04 7.77181E-04 1.38865E-03 1.38865E-03 2.48120E-03 2.48120E-03 2.48120E-03 4.43334E-03 4.43334E-03 4.43334E-03 4.43334E-03 7.92137E-03 7.92137E-03 7.92137E-03 7.92137E-03 1.41537E-02 1.41537E-02 1.41537E-02 1.41537E-02 1.41537E-02 2.52895E-02 2.52895E-02 2.52895E-02 2.52895E-02 2.52895E-02 4.51866E-02 4.51866E-02 4.51866E-02 4.51866E-02 4.51866E-02 4.51866E-02 8.07383E-02 8.07383E-02 8.07383E-02 8.07383E-02 8.07383E-02 8.07383E-02 8.07383E-02 1.44261E-01 1.44261E-01 1.44261E-01 1.44261E-01 1.44261E-01 1.44261E-01 2.57762E-01 2.57762E-01 2.57762E-01 2.57762E-01 2.57762E-01 2.57762E-01 4.60562E-01 4.60562E-01 4.60562E-01 4.60562E-01 4.60562E-01 4.60562E-01 
1.58489E+00 1.58489E+00 2.51189E+00 1.58489E+00 2.51189E+00 1.58489E+00 2.51189E+00 3.98107E+00 1.58489E+00 2.51189E+00 3.98107E+00 6.30957E+00 1.58489E+00 2.51189E+00 3.98107E+00 6.30957E+00 1.58489E+00 2.51189E+00 3.98107E+00 6.30957E+00 9.99999E+00 1.58489E+00 2.51189E+00 3.98107E+00 6.30957E+00 9.99999E+00 1.58489E+00 2.51189E+00 3.98107E+00 6.30957E+00 9.99999E+00 1.58489E+01 1.58489E+00 2.51189E+00 3.98107E+00 6.30957E+00 9.99999E+00 1.58489E+01 2.51189E+01 2.51189E+00 3.98107E+00 6.30957E+00 9.99999E+00 1.58489E+01 2.51189E+01 3.98107E+00 6.30957E+00 9.99999E+00 1.58489E+01 2.51189E+01 3.98107E+01 6.30957E+00 9.99999E+00 1.58489E+01 2.51189E+01 3.98107E+01 6.30957E+01 
90000 
1.53661E-04 
1.52873E-04 
3.66297E-04 
1.52153E-04 
3.65573E-04 
1.51512E-04 
3.65549E-04 
8.98472E-04 
1.51073E-04 
3.66068E-04 
9.00678E-04 
2.27236E-03 
1.51041E-04 
3.67412E-04 
9.05236E-04 
2.27786E-03 
1.51700E-04 
3.69990E-04 
9.12691E-04 
2.28717E-03 
5.77735E-03 
1.52889E-04 
3.73444E-04 
9.22202E-04 
2.30042E-03 
5.79860E-03 
1.52902E-04 
3.74484E-04 
9.26171E-04 
2.30366E-03 
5.79222E-03 
1.46301E-02 
1.48870E-04 
3.66987E-04 
9.10634E-04 
2.26652E-03 
5.68909E-03 
1.43361E-02 
3.65428E-02 
3.52162E-04 
8.78756E-04 
2.19448E-03 
5.50967E-03 
1.38741E-02 
3.52307E-02 
8.60129E-04 
2.15421E-03 
5.40879E-03 
1.36079E-02 
3.44283E-02 
8.85450E-02 
2.14280E-03 
5.37599E-03 
1.35064E-02 
3.40508E-02 
8.66807E-02 
2.26799E-01 
---
