PdfType: replica
Format: lhagrid1
---
4.34963E-04 7.77181E-04 7.77181E-04 1.38865E-03 1.38865E-03 2.48120E-03 2.48120E-03 2.48120E-03 4.43334E-03 4.43334E-03 4.43334E-03 4.43334E-03 7.92137E-03 7.92137E-03 7.92137E-03 7.92137E-03 1.41537E-02 1.41537E-02 1.41537E-02 1.41537E-02 1.41537E-02 2.52895E-02 2.52895E-02 2.52895E-02 2.52895E-02 2.52895E-02 4.51866E-02 4.51866E-02 4.51866E-02 4.51866E-02 4.51866E-02 4.51866E-02 8.07383E-02 8.07383E-02 8.07383E-02 8.07383E-02 8.07383E-02 8.07383E-02 8.07383E-02 1.44261E-01 1.44261E-01 1.44261E-01 1.44261E-01 1.44261E-01 1.44261E-01 2.57762E-01 2.57762E-01 2.57762E-01 2.57762E-01 2.57762E-01 2.57762E-01 4.60562E-01 4.60562E-01 4.60562E-01 4.60562E-01 4.60562E-01 4.60562E-01 
1.58489E+00 1.58489E+00 2.51189E+00 1.58489E+00 2.51189E+00 1.58489E+00 2.51189E+00 3.98107E+00 1.58489E+00 2.51189E+00 3.98107E+00 6.30957E+00 1.58489E+00 2.51189E+00 3.98107E+00 6.30957E+00 1.58489E+00 2.51189E+00 3.98107E+00 6.30957E+00 9.99999E+00 1.58489E+00 2.51189E+00 3.98107E+00 6.30957E+00 9.99999E+00 1.58489E+00 2.51189E+00 3.98107E+00 6.30957E+00 9.99999E+00 1.58489E+01 1.58489E+00 2.51189E+00 3.98107E+00 6.30957E+00 9.99999E+00 1.58489E+01 2.51189E+01 2.51189E+00 3.98107E+00 6.30957E+00 9.99999E+00 1.58489E+01 2.51189E+01 3.98107E+00 6.30957E+00 9.99999E+00 1.58489E+01 2.51189E+01 3.98107E+01 6.30957E+00 9.99999E+00 1.58489E+01 2.51189E+01 3.98107E+01 6.30957E+01 
90000 
1.53889E-04 
1.53087E-04 
3.66941E-04 
1.52316E-04 
3.66096E-04 
1.51564E-04 
3.65823E-04 
8.99152E-04 
1.50921E-04 
3.65896E-04 
9.00385E-04 
2.27158E-03 
1.50552E-04 
3.66521E-04 
9.03368E-04 
2.27373E-03 
1.50722E-04 
3.68075E-04 
9.08565E-04 
2.27815E-03 
5.75648E-03 
1.51377E-04 
3.70371E-04 
9.15436E-04 
2.28532E-03 
5.76350E-03 
1.51062E-04 
3.70536E-04 
9.17220E-04 
2.28307E-03 
5.74388E-03 
1.45152E-02 
1.46968E-04 
3.62762E-04 
9.00892E-04 
2.24385E-03 
5.63533E-03 
1.42074E-02 
3.62324E-02 
3.48520E-04 
8.70340E-04 
2.17488E-03 
5.46296E-03 
1.37621E-02 
3.49616E-02 
8.53931E-04 
2.13913E-03 
5.37303E-03 
1.35222E-02 
3.42226E-02 
8.80599E-02 
2.13152E-03 
5.34902E-03 
1.34411E-02 
3.38933E-02 
8.63101E-02 
2.26011E-01 
---
