PdfType: replica
Format: lhagrid1
---
4.34963E-04 7.77181E-04 7.77181E-04 1.38865E-03 1.38865E-03 2.48120E-03 2.48120E-03 2.48120E-03 4.43334E-03 4.43334E-03 4.43334E-03 4.43334E-03 7.92137E-03 7.92137E-03 7.92137E-03 7.92137E-03 1.41537E-02 1.41537E-02 1.41537E-02 1.41537E-02 1.41537E-02 2.52895E-02 2.52895E-02 2.52895E-02 2.52895E-02 2.52895E-02 4.51866E-02 4.51866E-02 4.51866E-02 4.51866E-02 4.51866E-02 4.51866E-02 8.07383E-02 8.07383E-02 8.07383E-02 8.07383E-02 8.07383E-02 8.07383E-02 8.07383E-02 1.44261E-01 1.44261E-01 1.44261E-01 1.44261E-01 1.44261E-01 1.44261E-01 2.57762E-01 2.57762E-01 2.57762E-01 2.57762E-01 2.57762E-01 2.57762E-01 4.60562E-01 4.60562E-01 4.60562E-01 4.60562E-01 4.60562E-01 4.60562E-01 
1.58489E+00 1.58489E+00 2.51189E+00 1.58489E+00 2.51189E+00 1.58489E+00 2.51189E+00 3.98107E+00 1.58489E+00 2.51189E+00 3.98107E+00 6.30957E+00 1.58489E+00 2.51189E+00 3.98107E+00 6.30957E+00 1.58489E+00 2.51189E+00 3.98107E+00 6.30957E+00 9.99999E+00 1.58489E+00 2.51189E+00 3.98107E+00 6.30957E+00 9.99999E+00 1.58489E+00 2.51189E+00 3.98107E+00 6.30957E+00 9.99999E+00 1.58489E+01 1.58489E+00 2.51189E+00 3.98107E+00 6.30957E+00 9.99999E+00 1.58489E+01 2.51189E+01 2.51189E+00 3.98107E+00 6.30957E+00 9.99999E+00 1.58489E+01 2.51189E+01 3.98107E+00 6.30957E+00 9.99999E+00 1.58489E+01 2.51189E+01 3.98107E+01 6.30957E+00 9.99999E+00 1.58489E+01 2.51189E+01 3.98107E+01 6.30957E+01 
90000 
1.53940E-04 
1.53124E-04 
3.67062E-04 
1.52326E-04 
3.66205E-04 
1.51549E-04 
3.65928E-04 
8.99457E-04 
1.50922E-04 
3.66065E-04 
9.00886E-04 
2.27272E-03 
1.50687E-04 
3.66957E-04 
9.04490E-04 
2.27618E-03 
1.51219E-04 
3.69199E-04 
9.11198E-04 
2.28388E-03 
5.77001E-03 
1.52444E-04 
3.72634E-04 
9.20569E-04 
2.29683E-03 
5.79036E-03 
1.52437E-04 
3.73527E-04 
9.23960E-04 
2.29857E-03 
5.77935E-03 
1.45984E-02 
1.47958E-04 
3.64914E-04 
9.05738E-04 
2.25480E-03 
5.66088E-03 
1.42678E-02 
3.63747E-02 
3.50140E-04 
8.74444E-04 
2.18469E-03 
5.48802E-03 
1.38255E-02 
3.51198E-02 
8.61026E-04 
2.15716E-03 
5.41655E-03 
1.36285E-02 
3.44838E-02 
8.87036E-02 
2.15110E-03 
5.39669E-03 
1.35583E-02 
3.41806E-02 
8.69961E-02 
2.27498E-01 
---
