PdfType: replica
Format: lhagrid1
---
4.34963E-04 7.77181E-04 7.77181E-04 1.38865E-03 1.38865E-03 2.48120E-03 2.48120E-03 2.48120E-03 4.43334E-03 4.43334E-03 4.43334E-03 4.43334E-03 7.92137E-03 7.92137E-03 7.92137E-03 7.92137E-03 1.41537E-02 1.41537E-02 1.41537E-02 1.41537E-02 1.41537E-02 2.52895E-02 2.52895E-02 2.52895E-02 2.52895E-02 2.52895E-02 4.51866E-02 4.51866E-02 4.51866E-02 4.51866E-02 4.51866E-02 4.51866E-02 8.07383E-02 8.07383E-02 8.07383E-02 8.07383E-02 8.07383E-02 8.07383E-02 8.07383E-02 1.44261E-01 1.44261E-01 1.44261E-01 1.44261E-01 1.44261E-01 1.44261E-01 2.57762E-01 2.57762E-01 2.57762E-01 2.57762E-01 2.57762E-01 2.57762E-01 4.60562E-01 4.60562E-01 4.60562E-01 4.60562E-01 4.60562E-01 4.60562E-01 
1.58489E+00 1.58489E+00 2.51189E+00 1.58489E+00 2.51189E+00 1.58489E+00 2.51189E+00 3.98107E+00 1.58489E+00 2.51189E+00 3.98107E+00 6.30957E+00 1.58489E+00 2.51189E+00 3.98107E+00 6.30957E+00 1.58489E+00 2.51189E+00 3.98107E+00 6.30957E+00 9.99999E+00 1.58489E+00 2.51189E+00 3.98107E+00 6.30957E+00 9.99999E+00 1.58489E+00 2.51189E+00 3.98107E+00 6.30957E+00 9.99999E+00 1.58489E+01 1.58489E+00 2.51189E+00 3.98107E+00 6.30957E+00 9.99999E+00 1.58489E+01 2.51189E+01 2.51189E+00 3.98107E+00 6.30957E+00 9.99999E+00 1.58489E+01 2.51189E+01 3.98107E+00 6.30957E+00 9.99999E+00 1.58489E+01 2.51189E+01 3.98107E+01 6.30957E+00 9.99999E+00 1.58489E+01 2.51189E+01 3.98107E+01 6.30957E+01 
90000 
1.54117E-04 
1.53405E-04 
3.67464E-04 
1.52747E-04 
3.66846E-04 
1.52139E-04 
3.66872E-04 
9.01254E-04 
1.51678E-04 
3.67336E-04 
9.03351E-04 
2.27779E-03 
1.51526E-04 
3.68441E-04 
9.07399E-04 
2.28234E-03 
1.51904E-04 
3.70453E-04 
9.13595E-04 
2.28907E-03 
5.78138E-03 
1.52619E-04 
3.72845E-04 
9.20622E-04 
2.29656E-03 
5.78874E-03 
1.52019E-04 
3.72327E-04 
9.20844E-04 
2.29057E-03 
5.76050E-03 
1.45551E-02 
1.47340E-04 
3.63326E-04 
9.01869E-04 
2.24541E-03 
5.63838E-03 
1.42148E-02 
3.62609E-02 
3.48214E-04 
8.69492E-04 
2.17285E-03 
5.45737E-03 
1.37482E-02 
3.49327E-02 
8.52569E-04 
2.13609E-03 
5.36573E-03 
1.35050E-02 
3.41834E-02 
8.79774E-02 
2.13194E-03 
5.35142E-03 
1.34493E-02 
3.39175E-02 
8.63743E-02 
2.26150E-01 
---
