PdfType: central
Format: lhagrid1
---
4.34963E-04 7.77181E-04 7.77181E-04 1.38865E-03 1.38865E-03 2.48120E-03 2.48120E-03 2.48120E-03 4.43334E-03 4.43334E-03 4.43334E-03 4.43334E-03 7.92137E-03 7.92137E-03 7.92137E-03 7.92137E-03 1.41537E-02 1.41537E-02 1.41537E-02 1.41537E-02 1.41537E-02 2.52895E-02 2.52895E-02 2.52895E-02 2.52895E-02 2.52895E-02 4.51866E-02 4.51866E-02 4.51866E-02 4.51866E-02 4.51866E-02 4.51866E-02 8.07383E-02 8.07383E-02 8.07383E-02 8.07383E-02 8.07383E-02 8.07383E-02 8.07383E-02 1.44261E-01 1.44261E-01 1.44261E-01 1.44261E-01 1.44261E-01 1.44261E-01 2.57762E-01 2.57762E-01 2.57762E-01 2.57762E-01 2.57762E-01 2.57762E-01 4.60562E-01 4.60562E-01 4.60562E-01 4.60562E-01 4.60562E-01 4.60562E-01 
1.58489E+00 1.58489E+00 2.51189E+00 1.58489E+00 2.51189E+00 1.58489E+00 2.51189E+00 3.98107E+00 1.58489E+00 2.51189E+00 3.98107E+00 6.30957E+00 1.58489E+00 2.51189E+00 3.98107E+00 6.30957E+00 1.58489E+00 2.51189E+00 3.98107E+00 6.30957E+00 9.99999E+00 1.58489E+00 2.51189E+00 3.98107E+00 6.30957E+00 9.99999E+00 1.58489E+00 2.51189E+00 3.98107E+00 6.30957E+00 9.99999E+00 1.58489E+01 1.58489E+00 2.51189E+00 3.98107E+00 6.30957E+00 9.99999E+00 1.58489E+01 2.51189E+01 2.51189E+00 3.98107E+00 6.30957E+00 9.99999E+00 1.58489E+01 2.51189E+01 3.98107E+00 6.30957E+00 9.99999E+00 1.58489E+01 2.51189E+01 3.98107E+01 6.30957E+00 9.99999E+00 1.58489E+01 2.51189E+01 3.98107E+01 6.30957E+01 
90000 
1.53766E-04 
1.52939E-04 
3.66629E-04 
1.52146E-04 
3.65765E-04 
1.51385E-04 
3.65494E-04 
8.98532E-04 
1.50758E-04 
3.65612E-04 
8.99876E-04 
2.27062E-03 
1.50442E-04 
3.66344E-04 
9.03100E-04 
2.27321E-03 
1.50702E-04 
3.68088E-04 
9.08735E-04 
2.27857E-03 
5.75815E-03 
1.51472E-04 
3.70690E-04 
9.16391E-04 
2.28775E-03 
5.76996E-03 
1.51361E-04 
3.71449E-04 
9.19714E-04 
2.28947E-03 
5.76002E-03 
1.45564E-02 
1.47763E-04 
3.64784E-04 
9.05954E-04 
2.25624E-03 
5.66594E-03 
1.42834E-02 
3.64220E-02 
3.51364E-04 
8.77177E-04 
2.19125E-03 
5.50275E-03 
1.38592E-02 
3.51988E-02 
8.60022E-04 
2.15452E-03 
5.41062E-03 
1.36146E-02 
3.44501E-02 
8.86145E-02 
2.14965E-03 
5.39504E-03 
1.35577E-02 
3.41872E-02 
8.70409E-02 
2.27769E-01 
---
