PdfType: replica
Format: lhagrid1
---
4.34963E-04 7.77181E-04 7.77181E-04 1.38865E-03 1.38865E-03 2.48120E-03 2.48120E-03 2.48120E-03 4.43334E-03 4.43334E-03 4.43334E-03 4.43334E-03 7.92137E-03 7.92137E-03 7.92137E-03 7.92137E-03 1.41537E-02 1.41537E-02 1.41537E-02 1.41537E-02 1.41537E-02 2.52895E-02 2.52895E-02 2.52895E-02 2.52895E-02 2.52895E-02 4.51866E-02 4.51866E-02 4.51866E-02 4.51866E-02 4.51866E-02 4.51866E-02 8.07383E-02 8.07383E-02 8.07383E-02 8.07383E-02 8.07383E-02 8.07383E-02 8.07383E-02 1.44261E-01 1.44261E-01 1.44261E-01 1.44261E-01 1.44261E-01 1.44261E-01 2.57762E-01 2.57762E-01 2.57762E-01 2.57762E-01 2.57762E-01 2.57762E-01 4.60562E-01 4.60562E-01 4.60562E-01 4.60562E-01 4.60562E-01 4.60562E-01 
1.58489E+00 1.58489E+00 2.51189E+00 1.58489E+00 2.51189E+00 1.58489E+00 2.51189E+00 3.98107E+00 1.58489E+00 2.51189E+00 3.98107E+00 6.30957E+00 1.58489E+00 2.51189E+00 3.98107E+00 6.30957E+00 1.58489E+00 2.51189E+00 3.98107E+00 6.30957E+00 9.99999E+00 1.58489E+00 2.51189E+00 3.98107E+00 6.30957E+00 9.99999E+00 1.58489E+00 2.51189E+00 3.98107E+00 6.30957E+00 9.99999E+00 1.58489E+01 1.58489E+00 2.51189E+00 3.98107E+00 6.30957E+00 9.99999E+00 1.58489E+01 2.51189E+01 2.51189E+00 3.98107E+00 6.30957E+00 9.99999E+00 1.58489E+01 2.51189E+01 3.98107E+00 6.30957E+00 9.99999E+00 1.58489E+01 2.51189E+01 3.98107E+01 6.30957E+00 9.99999E+00 1.58489E+01 2.51189E+01 3.98107E+01 6.30957E+01 
90000 
1.53672E-04 
1.52851E-04 
3.66405E-04 
1.52060E-04 
3.65518E-04 
1.51283E-04 
3.65186E-04 
8.97765E-04 
1.50601E-04 
3.65166E-04 
8.98785E-04 
2.26809E-03 
1.50160E-04 
3.65644E-04 
9.01451E-04 
2.26954E-03 
1.50219E-04 
3.67015E-04 
9.06310E-04 
2.27324E-03 
5.74547E-03 
1.50805E-04 
3.69296E-04 
9.13324E-04 
2.28091E-03 
5.75422E-03 
1.50765E-04 
3.70189E-04 
9.16927E-04 
2.28301E-03 
5.74532E-03 
1.45215E-02 
1.47491E-04 
3.64116E-04 
9.04353E-04 
2.25225E-03 
5.65649E-03 
1.42607E-02 
3.63681E-02 
3.50769E-04 
8.75578E-04 
2.18718E-03 
5.49235E-03 
1.38331E-02 
3.51358E-02 
8.58135E-04 
2.14957E-03 
5.39800E-03 
1.35828E-02 
3.43708E-02 
8.84229E-02 
2.14236E-03 
5.37579E-03 
1.35077E-02 
3.40587E-02 
8.67172E-02 
2.26979E-01 
---
