PdfType: replica
Format: lhagrid1
---
4.34963E-04 7.77181E-04 7.77181E-04 1.38865E-03 1.38865E-03 2.48120E-03 2.48120E-03 2.48120E-03 4.43334E-03 4.43334E-03 4.43334E-03 4.43334E-03 7.92137E-03 7.92137E-03 7.92137E-03 7.92137E-03 1.41537E-02 1.41537E-02 1.41537E-02 1.41537E-02 1.41537E-02 2.52895E-02 2.52895E-02 2.52895E-02 2.52895E-02 2.52895E-02 4.51866E-02 4.51866E-02 4.51866E-02 4.51866E-02 4.51866E-02 4.51866E-02 8.07383E-02 8.07383E-02 8.07383E-02 8.07383E-02 8.07383E-02 8.07383E-02 8.07383E-02 1.44261E-01 1.44261E-01 1.44261E-01 1.44261E-01 1.44261E-01 1.44261E-01 2.57762E-01 2.57762E-01 2.57762E-01 2.57762E-01 2.57762E-01 2.57762E-01 4.60562E-01 4.60562E-01 4.60562E-01 4.60562E-01 4.60562E-01 4.60562E-01 
1.58489E+00 1.58489E+00 2.51189E+00 1.58489E+00 2.51189E+00 1.58489E+00 2.51189E+00 3.98107E+00 1.58489E+00 2.51189E+00 3.98107E+00 6.30957E+00 1.58489E+00 2.51189E+00 3.98107E+00 6.30957E+00 1.58489E+00 2.51189E+00 3.98107E+00 6.30957E+00 9.99999E+00 1.58489E+00 2.51189E+00 3.98107E+00 6.30957E+00 9.99999E+00 1.58489E+00 2.51189E+00 3.98107E+00 6.30957E+00 9.99999E+00 1.58489E+01 1.58489E+00 2.51189E+00 3.98107E+00 6.30957E+00 9.99999E+00 1.58489E+01 2.51189E+01 2.51189E+00 3.98107E+00 6.30957E+00 9.99999E+00 1.58489E+01 2.51189E+01 3.98107E+00 6.30957E+00 9.99999E+00 1.58489E+01 2.51189E+01 3.98107E+01 6.30957E+00 9.99999E+00 1.58489E+01 2.51189E+01 3.98107E+01 6.30957E+01 
90000 
1.53753E-04 
1.52914E-04 
3.66602E-04 
1.52104E-04 
3.65719E-04 
1.51325E-04 
3.65424E-04 
8.98425E-04 
1.50688E-04 
3.65533E-04 
8.99761E-04 
2.27058E-03 
1.50387E-04 
3.66303E-04 
9.03062E-04 
2.27342E-03 
1.50722E-04 
3.68176E-04 
9.08927E-04 
2.27925E-03 
5.75973E-03 
1.51639E-04 
3.70972E-04 
9.16857E-04 
2.28867E-03 
5.77189E-03 
1.51580E-04 
3.71657E-04 
9.19803E-04 
2.28890E-03 
5.75810E-03 
1.45507E-02 
1.47634E-04 
3.64234E-04 
9.04378E-04 
2.25172E-03 
5.65482E-03 
1.42560E-02 
3.63558E-02 
3.50356E-04 
8.74918E-04 
2.18596E-03 
5.49037E-03 
1.38303E-02 
3.51334E-02 
8.59976E-04 
2.15482E-03 
5.41134E-03 
1.36169E-02 
3.44596E-02 
8.86645E-02 
2.15233E-03 
5.40091E-03 
1.35712E-02 
3.42191E-02 
8.71168E-02 
2.27934E-01 
---
