PdfType: replica
Format: lhagrid1
---
4.34963E-04 7.77181E-04 7.77181E-04 1.38865E-03 1.38865E-03 2.48120E-03 2.48120E-03 2.48120E-03 4.43334E-03 4.43334E-03 4.43334E-03 4.43334E-03 7.92137E-03 7.92137E-03 7.92137E-03 7.92137E-03 1.41537E-02 1.41537E-02 1.41537E-02 1.41537E-02 1.41537E-02 2.52895E-02 2.52895E-02 2.52895E-02 2.52895E-02 2.52895E-02 4.51866E-02 4.51866E-02 4.51866E-02 4.51866E-02 4.51866E-02 4.51866E-02 8.07383E-02 8.07383E-02 8.07383E-02 8.07383E-02 8.07383E-02 8.07383E-02 8.07383E-02 1.44261E-01 1.44261E-01 1.44261E-01 1.44261E-01 1.44261E-01 1.44261E-01 2.57762E-01 2.57762E-01 2.57762E-01 2.57762E-01 2.57762E-01 2.57762E-01 4.60562E-01 4.60562E-01 4.60562E-01 4.60562E-01 4.60562E-01 4.60562E-01 
1.58489E+00 1.58489E+00 2.51189E+00 1.58489E+00 2.51189E+00 1.58489E+00 2.51189E+00 3.98107E+00 1.58489E+00 2.51189E+00 3.98107E+00 6.30957E+00 1.58489E+00 2.51189E+00 3.98107E+00 6.30957E+00 1.58489E+00 2.51189E+00 3.98107E+00 6.30957E+00 9.99999E+00 1.58489E+00 2.51189E+00 3.98107E+00 6.30957E+00 9.99999E+00 1.58489E+00 2.51189E+00 3.98107E+00 6.30957E+00 9.99999E+00 1.58489E+01 1.58489E+00 2.51189E+00 3.98107E+00 6.30957E+00 9.99999E+00 1.58489E+01 2.51189E+01 2.51189E+00 3.98107E+00 6.30957E+00 9.99999E+00 1.58489E+01 2.51189E+01 3.98107E+00 6.30957E+00 9.99999E+00 1.58489E+01 2.51189E+01 3.98107E+01 6.30957E+00 9.99999E+00 1.58489E+01 2.51189E+01 3.98107E+01 6.30957E+01 
90000 
1.53835E-04 
1.53083E-04 
3.66956E-04 
1.52394E-04 
3.66270E-04 
1.51769E-04 
3.66252E-04 
9.00101E-04 
1.51316E-04 
3.66711E-04 
9.02155E-04 
2.27539E-03 
1.51206E-04 
3.67870E-04 
9.06294E-04 
2.27997E-03 
1.51674E-04 
3.70038E-04 
9.12844E-04 
2.28737E-03 
5.77727E-03 
1.52531E-04 
3.72791E-04 
9.20812E-04 
2.29730E-03 
5.79074E-03 
1.52188E-04 
3.73080E-04 
9.23167E-04 
2.29707E-03 
5.77674E-03 
1.45921E-02 
1.48122E-04 
3.65599E-04 
9.07873E-04 
2.26094E-03 
5.67692E-03 
1.43081E-02 
3.64689E-02 
3.52173E-04 
8.79281E-04 
2.19667E-03 
5.51629E-03 
1.38923E-02 
3.52754E-02 
8.62858E-04 
2.16089E-03 
5.42566E-03 
1.36500E-02 
3.45322E-02 
8.87929E-02 
2.14766E-03 
5.38771E-03 
1.35348E-02 
3.41191E-02 
8.68373E-02 
2.27103E-01 
---
