PdfType: replica
Format: lhagrid1
---
4.34963E-04 7.77181E-04 7.77181E-04 1.38865E-03 1.38865E-03 2.48120E-03 2.48120E-03 2.48120E-03 4.43334E-03 4.43334E-03 4.43334E-03 4.43334E-03 7.92137E-03 7.92137E-03 7.92137E-03 7.92137E-03 1.41537E-02 1.41537E-02 1.41537E-02 1.41537E-02 1.41537E-02 2.52895E-02 2.52895E-02 2.52895E-02 2.52895E-02 2.52895E-02 4.51866E-02 4.51866E-02 4.51866E-02 4.51866E-02 4.51866E-02 4.51866E-02 8.07383E-02 8.07383E-02 8.07383E-02 8.07383E-02 8.07383E-02 8.07383E-02 8.07383E-02 1.44261E-01 1.44261E-01 1.44261E-01 1.44261E-01 1.44261E-01 1.44261E-01 2.57762E-01 2.57762E-01 2.57762E-01 2.57762E-01 2.57762E-01 2.57762E-01 4.60562E-01 4.60562E-01 4.60562E-01 4.60562E-01 4.60562E-01 4.60562E-01 
1.58489E+00 1.58489E+00 2.51189E+00 1.58489E+00 2.51189E+00 1.58489E+00 2.51189E+00 3.98107E+00 1.58489E+00 2.51189E+00 3.98107E+00 6.30957E+00 1.58489E+00 2.51189E+00 3.98107E+00 6.30957E+00 1.58489E+00 2.51189E+00 3.98107E+00 6.30957E+00 9.99999E+00 1.58489E+00 2.51189E+00 3.98107E+00 6.30957E+00 9.99999E+00 1.58489E+00 2.51189E+00 3.98107E+00 6.30957E+00 9.99999E+00 1.58489E+01 1.58489E+00 2.51189E+00 3.98107E+00 6.30957E+00 9.99999E+00 1.58489E+01 2.51189E+01 2.51189E+00 3.98107E+00 6.30957E+00 9.99999E+00 1.58489E+01 2.51189E+01 3.98107E+00 6.30957E+00 9.99999E+00 1.58489E+01 2.51189E+01 3.98107E+01 6.30957E+00 9.99999E+00 1.58489E+01 2.51189E+01 3.98107E+01 6.30957E+01 
90000 
1.53526E-04 
1.52640E-04 
3.65999E-04 
1.51779E-04 
3.64988E-04 
1.50933E-04 
3.64529E-04 
8.96564E-04 
1.50193E-04 
3.64410E-04 
8.97391E-04 
2.26556E-03 
1.49733E-04 
3.64888E-04 
9.00111E-04 
2.26701E-03 
1.49882E-04 
3.66534E-04 
9.05678E-04 
2.27238E-03 
5.74574E-03 
1.50801E-04 
3.69628E-04 
9.14566E-04 
2.28460E-03 
5.76422E-03 
1.51350E-04 
3.71716E-04 
9.20639E-04 
2.29230E-03 
5.76728E-03 
1.45749E-02 
1.48255E-04 
3.65789E-04 
9.08073E-04 
2.26093E-03 
5.67652E-03 
1.43071E-02 
3.64721E-02 
3.51653E-04 
8.77784E-04 
2.19241E-03 
5.50563E-03 
1.38659E-02 
3.52117E-02 
8.60867E-04 
2.15625E-03 
5.41413E-03 
1.36217E-02 
3.44651E-02 
8.86535E-02 
2.14308E-03 
5.37688E-03 
1.35084E-02 
3.40546E-02 
8.66826E-02 
2.26758E-01 
---
