PdfType: replica
Format: lhagrid1
---
4.34963E-04 7.77181E-04 7.77181E-04 1.38865E-03 1.38865E-03 2.48120E-03 2.48120E-03 2.48120E-03 4.43334E-03 4.43334E-03 4.43334E-03 4.43334E-03 7.92137E-03 7.92137E-03 7.92137E-03 7.92137E-03 1.41537E-02 1.41537E-02 1.41537E-02 1.41537E-02 1.41537E-02 2.52895E-02 2.52895E-02 2.52895E-02 2.52895E-02 2.52895E-02 4.51866E-02 4.51866E-02 4.51866E-02 4.51866E-02 4.51866E-02 4.51866E-02 8.07383E-02 8.07383E-02 8.07383E-02 8.07383E-02 8.07383E-02 8.07383E-02 8.07383E-02 1.44261E-01 1.44261E-01 1.44261E-01 1.44261E-01 1.44261E-01 1.44261E-01 2.57762E-01 2.57762E-01 2.57762E-01 2.57762E-01 2.57762E-01 2.57762E-01 4.60562E-01 4.60562E-01 4.60562E-01 4.60562E-01 4.60562E-01 4.60562E-01 
1.58489E+00 1.58489E+00 2.51189E+00 1.58489E+00 2.51189E+00 1.58489E+00 2.51189E+00 3.98107E+00 1.58489E+00 2.51189E+00 3.98107E+00 6.30957E+00 1.58489E+00 2.51189E+00 3.98107E+00 6.30957E+00 1.58489E+00 2.51189E+00 3.98107E+00 6.30957E+00 9.99999E+00 1.58489E+00 2.51189E+00 3.98107E+00 6.30957E+00 9.99999E+00 1.58489E+00 2.51189E+00 3.98107E+00 6.30957E+00 9.99999E+00 1.58489E+01 1.58489E+00 2.51189E+00 3.98107E+00 6.30957E+00 9.99999E+00 1.58489E+01 2.51189E+01 2.51189E+00 3.98107E+00 6.30957E+00 9.99999E+00 1.58489E+01 2.51189E+01 3.98107E+00 6.30957E+00 9.99999E+00 1.58489E+01 2.51189E+01 3.98107E+01 6.30957E+00 9.99999E+00 1.58489E+01 2.51189E+01 3.98107E+01 6.30957E+01 
90000 
-1.64890E-03 
-7.54752E-04 
-1.18617E-03 
-2.63278E-04 
-2.85327E-04 
7.98886E-06 
1.95720E-04 
8.16090E-04 
1.53612E-04 
4.57407E-04 
1.31904E-03 
3.91214E-03 
2.26351E-04 
5.95239E-04 
1.58214E-03 
4.33077E-03 
2.56503E-04 
6.58004E-04 
1.70779E-03 
4.51308E-03 
1.25775E-02 
2.59942E-04 
6.70037E-04 
1.73812E-03 
4.54655E-03 
1.22850E-02 
2.43650E-04 
6.41721E-04 
1.68454E-03 
4.41787E-03 
1.17699E-02 
3.26643E-02 
2.15213E-04 
5.83426E-04 
1.55419E-03 
4.09761E-03 
1.08525E-02 
2.93781E-02 
8.29007E-02 
5.16789E-04 
1.38047E-03 
3.63387E-03 
9.55423E-03 
2.53654E-02 
6.92849E-02 
1.20751E-03 
3.14767E-03 
8.18560E-03 
2.13738E-02 
5.67323E-02 
1.55955E-01 
2.75008E-03 
7.07194E-03 
1.82121E-02 
4.73361E-02 
1.26129E-01 
3.48990E-01 
---
