PdfType: replica
Format: lhagrid1
---
4.34963E-04 7.77181E-04 7.77181E-04 1.38865E-03 1.38865E-03 2.48120E-03 2.48120E-03 2.48120E-03 4.43334E-03 4.43334E-03 4.43334E-03 4.43334E-03 7.92137E-03 7.92137E-03 7.92137E-03 7.92137E-03 1.41537E-02 1.41537E-02 1.41537E-02 1.41537E-02 1.41537E-02 2.52895E-02 2.52895E-02 2.52895E-02 2.52895E-02 2.52895E-02 4.51866E-02 4.51866E-02 4.51866E-02 4.51866E-02 4.51866E-02 4.51866E-02 8.07383E-02 8.07383E-02 8.07383E-02 8.07383E-02 8.07383E-02 8.07383E-02 8.07383E-02 1.44261E-01 1.44261E-01 1.44261E-01 1.44261E-01 1.44261E-01 1.44261E-01 2.57762E-01 2.57762E-01 2.57762E-01 2.57762E-01 2.57762E-01 2.57762E-01 4.60562E-01 4.60562E-01 4.60562E-01 4.60562E-01 4.60562E-01 4.60562E-01 
1.58489E+00 1.58489E+00 2.51189E+00 1.58489E+00 2.51189E+00 1.58489E+00 2.51189E+00 3.98107E+00 1.58489E+00 2.51189E+00 3.98107E+00 6.30957E+00 1.58489E+00 2.51189E+00 3.98107E+00 6.30957E+00 1.58489E+00 2.51189E+00 3.98107E+00 6.30957E+00 9.99999E+00 1.58489E+00 2.51189E+00 3.98107E+00 6.30957E+00 9.99999E+00 1.58489E+00 2.51189E+00 3.98107E+00 6.30957E+00 9.99999E+00 1.58489E+01 1.58489E+00 2.51189E+00 3.98107E+00 6.30957E+00 9.99999E+00 1.58489E+01 2.51189E+01 2.51189E+00 3.98107E+00 6.30957E+00 9.99999E+00 1.58489E+01 2.51189E+01 3.98107E+00 6.30957E+00 9.99999E+00 1.58489E+01 2.51189E+01 3.98107E+01 6.30957E+00 9.99999E+00 1.58489E+01 2.51189E+01 3.98107E+01 6.30957E+01 
90000 
5.38392E-04 
4.69334E-04 
9.39101E-04 
4.19524E-04 
8.46404E-04 
3.79648E-04 
7.83772E-04 
1.79655E-03 
3.44860E-04 
7.35389E-04 
1.69833E-03 
4.35915E-03 
3.13789E-04 
6.94425E-04 
1.63675E-03 
4.16526E-03 
2.87085E-04 
6.61552E-04 
1.60592E-03 
4.10173E-03 
1.11098E-02 
2.64597E-04 
6.38143E-04 
1.60242E-03 
4.14284E-03 
1.10970E-02 
2.41963E-04 
6.15251E-04 
1.59630E-03 
4.18043E-03 
1.11367E-02 
3.09606E-02 
2.13756E-04 
5.72475E-04 
1.52215E-03 
4.01685E-03 
1.06544E-02 
2.88891E-02 
8.16668E-02 
5.05991E-04 
1.35719E-03 
3.58251E-03 
9.43990E-03 
2.51042E-02 
6.86782E-02 
1.20959E-03 
3.16160E-03 
8.23445E-03 
2.15252E-02 
5.71860E-02 
1.57333E-01 
2.74864E-03 
7.10595E-03 
1.83990E-02 
4.80610E-02 
1.28449E-01 
3.54323E-01 
---
