PdfType: replica
Format: lhagrid1
---
4.34963E-04 7.77181E-04 7.77181E-04 1.38865E-03 1.38865E-03 2.48120E-03 2.48120E-03 2.48120E-03 4.43334E-03 4.43334E-03 4.43334E-03 4.43334E-03 7.92137E-03 7.92137E-03 7.92137E-03 7.92137E-03 1.41537E-02 1.41537E-02 1.41537E-02 1.41537E-02 1.41537E-02 2.52895E-02 2.52895E-02 2.52895E-02 2.52895E-02 2.52895E-02 4.51866E-02 4.51866E-02 4.51866E-02 4.51866E-02 4.51866E-02 4.51866E-02 8.07383E-02 8.07383E-02 8.07383E-02 8.07383E-02 8.07383E-02 8.07383E-02 8.07383E-02 1.44261E-01 1.44261E-01 1.44261E-01 1.44261E-01 1.44261E-01 1.44261E-01 2.57762E-01 2.57762E-01 2.57762E-01 2.57762E-01 2.57762E-01 2.57762E-01 4.60562E-01 4.60562E-01 4.60562E-01 4.60562E-01 4.60562E-01 4.60562E-01 
1.58489E+00 1.58489E+00 2.51189E+00 1.58489E+00 2.51189E+00 1.58489E+00 2.51189E+00 3.98107E+00 1.58489E+00 2.51189E+00 3.98107E+00 6.30957E+00 1.58489E+00 2.51189E+00 3.98107E+00 6.30957E+00 1.58489E+00 2.51189E+00 3.98107E+00 6.30957E+00 9.99999E+00 1.58489E+00 2.51189E+00 3.98107E+00 6.30957E+00 9.99999E+00 1.58489E+00 2.51189E+00 3.98107E+00 6.30957E+00 9.99999E+00 1.58489E+01 1.58489E+00 2.51189E+00 3.98107E+00 6.30957E+00 9.99999E+00 1.58489E+01 2.51189E+01 2.51189E+00 3.98107E+00 6.30957E+00 9.99999E+00 1.58489E+01 2.51189E+01 3.98107E+00 6.30957E+00 9.99999E+00 1.58489E+01 2.51189E+01 3.98107E+01 6.30957E+00 9.99999E+00 1.58489E+01 2.51189E+01 3.98107E+01 6.30957E+01 
90000 
-9.50284E-04 
-4.50799E-04 
-8.92876E-04 
-1.37341E-04 
-2.07356E-04 
5.72470E-05 
2.01193E-04 
6.77333E-04 
1.72350E-04 
4.45321E-04 
1.21585E-03 
3.56800E-03 
2.34468E-04 
5.84450E-04 
1.52081E-03 
4.15147E-03 
2.62230E-04 
6.53765E-04 
1.68153E-03 
4.44517E-03 
1.24150E-02 
2.65851E-04 
6.72553E-04 
1.73888E-03 
4.55654E-03 
1.23555E-02 
2.47720E-04 
6.47003E-04 
1.70102E-03 
4.47446E-03 
1.19682E-02 
3.33256E-02 
2.14323E-04 
5.85011E-04 
1.56871E-03 
4.15230E-03 
1.10394E-02 
2.99594E-02 
8.46916E-02 
5.11329E-04 
1.37804E-03 
3.64222E-03 
9.60497E-03 
2.55426E-02 
6.98378E-02 
1.20777E-03 
3.15124E-03 
8.19618E-03 
2.13959E-02 
5.67725E-02 
1.56029E-01 
2.53440E-03 
6.55569E-03 
1.70305E-02 
4.47554E-02 
1.20930E-01 
3.41493E-01 
---
