PdfType: replica
Format: lhagrid1
---
4.34963E-04 7.77181E-04 7.77181E-04 1.38865E-03 1.38865E-03 2.48120E-03 2.48120E-03 2.48120E-03 4.43334E-03 4.43334E-03 4.43334E-03 4.43334E-03 7.92137E-03 7.92137E-03 7.92137E-03 7.92137E-03 1.41537E-02 1.41537E-02 1.41537E-02 1.41537E-02 1.41537E-02 2.52895E-02 2.52895E-02 2.52895E-02 2.52895E-02 2.52895E-02 4.51866E-02 4.51866E-02 4.51866E-02 4.51866E-02 4.51866E-02 4.51866E-02 8.07383E-02 8.07383E-02 8.07383E-02 8.07383E-02 8.07383E-02 8.07383E-02 8.07383E-02 1.44261E-01 1.44261E-01 1.44261E-01 1.44261E-01 1.44261E-01 1.44261E-01 2.57762E-01 2.57762E-01 2.57762E-01 2.57762E-01 2.57762E-01 2.57762E-01 4.60562E-01 4.60562E-01 4.60562E-01 4.60562E-01 4.60562E-01 4.60562E-01 
1.58489E+00 1.58489E+00 2.51189E+00 1.58489E+00 2.51189E+00 1.58489E+00 2.51189E+00 3.98107E+00 1.58489E+00 2.51189E+00 3.98107E+00 6.30957E+00 1.58489E+00 2.51189E+00 3.98107E+00 6.30957E+00 1.58489E+00 2.51189E+00 3.98107E+00 6.30957E+00 9.99999E+00 1.58489E+00 2.51189E+00 3.98107E+00 6.30957E+00 9.99999E+00 1.58489E+00 2.51189E+00 3.98107E+00 6.30957E+00 9.99999E+00 1.58489E+01 1.58489E+00 2.51189E+00 3.98107E+00 6.30957E+00 9.99999E+00 1.58489E+01 2.51189E+01 2.51189E+00 3.98107E+00 6.30957E+00 9.99999E+00 1.58489E+01 2.51189E+01 3.98107E+00 6.30957E+00 9.99999E+00 1.58489E+01 2.51189E+01 3.98107E+01 6.30957E+00 9.99999E+00 1.58489E+01 2.51189E+01 3.98107E+01 6.30957E+01 
90000 
6.50324E-04 
5.30677E-04 
9.68631E-04 
4.47490E-04 
8.74189E-04 
3.85336E-04 
8.01657E-04 
1.96683E-03 
3.36746E-04 
7.44970E-04 
1.84561E-03 
5.04797E-03 
2.98898E-04 
7.01290E-04 
1.76678E-03 
4.71800E-03 
2.71219E-04 
6.70855E-04 
1.72366E-03 
4.54996E-03 
1.27278E-02 
2.52556E-04 
6.51436E-04 
1.70317E-03 
4.48534E-03 
1.22207E-02 
2.37023E-04 
6.29577E-04 
1.66690E-03 
4.39477E-03 
1.17760E-02 
3.28269E-02 
2.14012E-04 
5.81397E-04 
1.55354E-03 
4.10308E-03 
1.08905E-02 
2.95271E-02 
8.34328E-02 
5.05612E-04 
1.35863E-03 
3.59002E-03 
9.46871E-03 
2.51969E-02 
6.89466E-02 
1.19363E-03 
3.12903E-03 
8.17102E-03 
2.14038E-02 
5.69415E-02 
1.56565E-01 
2.76014E-03 
7.15794E-03 
1.86027E-02 
4.87892E-02 
1.30921E-01 
3.62593E-01 
---
