PdfType: replica
Format: lhagrid1
---
4.34963E-04 7.77181E-04 7.77181E-04 1.38865E-03 1.38865E-03 2.48120E-03 2.48120E-03 2.48120E-03 4.43334E-03 4.43334E-03 4.43334E-03 4.43334E-03 7.92137E-03 7.92137E-03 7.92137E-03 7.92137E-03 1.41537E-02 1.41537E-02 1.41537E-02 1.41537E-02 1.41537E-02 2.52895E-02 2.52895E-02 2.52895E-02 2.52895E-02 2.52895E-02 4.51866E-02 4.51866E-02 4.51866E-02 4.51866E-02 4.51866E-02 4.51866E-02 8.07383E-02 8.07383E-02 8.07383E-02 8.07383E-02 8.07383E-02 8.07383E-02 8.07383E-02 1.44261E-01 1.44261E-01 1.44261E-01 1.44261E-01 1.44261E-01 1.44261E-01 2.57762E-01 2.57762E-01 2.57762E-01 2.57762E-01 2.57762E-01 2.57762E-01 4.60562E-01 4.60562E-01 4.60562E-01 4.60562E-01 4.60562E-01 4.60562E-01 
1.58489E+00 1.58489E+00 2.51189E+00 1.58489E+00 2.51189E+00 1.58489E+00 2.51189E+00 3.98107E+00 1.58489E+00 2.51189E+00 3.98107E+00 6.30957E+00 1.58489E+00 2.51189E+00 3.98107E+00 6.30957E+00 1.58489E+00 2.51189E+00 3.98107E+00 6.30957E+00 9.99999E+00 1.58489E+00 2.51189E+00 3.98107E+00 6.30957E+00 9.99999E+00 1.58489E+00 2.51189E+00 3.98107E+00 6.30957E+00 9.99999E+00 1.58489E+01 1.58489E+00 2.51189E+00 3.98107E+00 6.30957E+00 9.99999E+00 1.58489E+01 2.51189E+01 2.51189E+00 3.98107E+00 6.30957E+00 9.99999E+00 1.58489E+01 2.51189E+01 3.98107E+00 6.30957E+00 9.99999E+00 1.58489E+01 2.51189E+01 3.98107E+01 6.30957E+00 9.99999E+00 1.58489E+01 2.51189E+01 3.98107E+01 6.30957E+01 
90000 
3.12580E-05 
1.25021E-04 
1.17909E-04 
1.89022E-04 
3.07744E-04 
2.29482E-04 
4.31165E-04 
9.41227E-04 
2.50766E-04 
5.10766E-04 
1.17741E-03 
3.13911E-03 
2.57981E-04 
5.61150E-04 
1.34480E-03 
3.54111E-03 
2.57349E-04 
5.95790E-04 
1.48044E-03 
3.88237E-03 
1.07767E-02 
2.54120E-04 
6.23701E-04 
1.59892E-03 
4.20181E-03 
1.14231E-02 
2.46794E-04 
6.35470E-04 
1.66503E-03 
4.38507E-03 
1.17438E-02 
3.27707E-02 
2.23132E-04 
5.96857E-04 
1.58748E-03 
4.18856E-03 
1.11157E-02 
3.01464E-02 
8.52134E-02 
5.11109E-04 
1.37852E-03 
3.64992E-03 
9.64166E-03 
2.56778E-02 
7.02791E-02 
1.23874E-03 
3.23106E-03 
8.39852E-03 
2.19006E-02 
5.80089E-02 
1.58832E-01 
2.63355E-03 
6.77544E-03 
1.74537E-02 
4.53446E-02 
1.20395E-01 
3.28812E-01 
---
