PdfType: replica
Format: lhagrid1
---
4.34963E-04 7.77181E-04 7.77181E-04 1.38865E-03 1.38865E-03 2.48120E-03 2.48120E-03 2.48120E-03 4.43334E-03 4.43334E-03 4.43334E-03 4.43334E-03 7.92137E-03 7.92137E-03 7.92137E-03 7.92137E-03 1.41537E-02 1.41537E-02 1.41537E-02 1.41537E-02 1.41537E-02 2.52895E-02 2.52895E-02 2.52895E-02 2.52895E-02 2.52895E-02 4.51866E-02 4.51866E-02 4.51866E-02 4.51866E-02 4.51866E-02 4.51866E-02 8.07383E-02 8.07383E-02 8.07383E-02 8.07383E-02 8.07383E-02 8.07383E-02 8.07383E-02 1.44261E-01 1.44261E-01 1.44261E-01 1.44261E-01 1.44261E-01 1.44261E-01 2.57762E-01 2.57762E-01 2.57762E-01 2.57762E-01 2.57762E-01 2.57762E-01 4.60562E-01 4.60562E-01 4.60562E-01 4.60562E-01 4.60562E-01 4.60562E-01 
1.58489E+00 1.58489E+00 2.51189E+00 1.58489E+00 2.51189E+00 1.58489E+00 2.51189E+00 3.98107E+00 1.58489E+00 2.51189E+00 3.98107E+00 6.30957E+00 1.58489E+00 2.51189E+00 3.98107E+00 6.30957E+00 1.58489E+00 2.51189E+00 3.98107E+00 6.30957E+00 9.99999E+00 1.58489E+00 2.51189E+00 3.98107E+00 6.30957E+00 9.99999E+00 1.58489E+00 2.51189E+00 3.98107E+00 6.30957E+00 9.99999E+00 1.58489E+01 1.58489E+00 2.51189E+00 3.98107E+00 6.30957E+00 9.99999E+00 1.58489E+01 2.51189E+01 2.51189E+00 3.98107E+00 6.30957E+00 9.99999E+00 1.58489E+01 2.51189E+01 3.98107E+00 6.30957E+00 9.99999E+00 1.58489E+01 2.51189E+01 3.98107E+01 6.30957E+00 9.99999E+00 1.58489E+01 2.51189E+01 3.98107E+01 6.30957E+01 
90000 
3.45047E-04 
3.27424E-04 
8.29549E-04 
3.15944E-04 
7.76122E-04 
3.05736E-04 
7.42545E-04 
1.99839E-03 
2.94702E-04 
7.18665E-04 
1.87880E-03 
5.27644E-03 
2.82676E-04 
6.98684E-04 
1.80748E-03 
4.88610E-03 
2.70008E-04 
6.79812E-04 
1.76171E-03 
4.66820E-03 
1.31057E-02 
2.55351E-04 
6.57466E-04 
1.71959E-03 
4.53211E-03 
1.23672E-02 
2.34289E-04 
6.21027E-04 
1.64716E-03 
4.35211E-03 
1.16921E-02 
3.26628E-02 
2.04368E-04 
5.60703E-04 
1.50927E-03 
4.00491E-03 
1.06736E-02 
2.90261E-02 
8.22048E-02 
4.90437E-04 
1.32780E-03 
3.52240E-03 
9.31691E-03 
2.48386E-02 
6.80493E-02 
1.19093E-03 
3.11720E-03 
8.12859E-03 
2.12632E-02 
5.64906E-02 
1.55104E-01 
2.63901E-03 
6.84303E-03 
1.77780E-02 
4.65908E-02 
1.24772E-01 
3.43614E-01 
---
