PdfType: replica
Format: lhagrid1
---
4.34963E-04 7.77181E-04 7.77181E-04 1.38865E-03 1.38865E-03 2.48120E-03 2.48120E-03 2.48120E-03 4.43334E-03 4.43334E-03 4.43334E-03 4.43334E-03 7.92137E-03 7.92137E-03 7.92137E-03 7.92137E-03 1.41537E-02 1.41537E-02 1.41537E-02 1.41537E-02 1.41537E-02 2.52895E-02 2.52895E-02 2.52895E-02 2.52895E-02 2.52895E-02 4.51866E-02 4.51866E-02 4.51866E-02 4.51866E-02 4.51866E-02 4.51866E-02 8.07383E-02 8.07383E-02 8.07383E-02 8.07383E-02 8.07383E-02 8.07383E-02 8.07383E-02 1.44261E-01 1.44261E-01 1.44261E-01 1.44261E-01 1.44261E-01 1.44261E-01 2.57762E-01 2.57762E-01 2.57762E-01 2.57762E-01 2.57762E-01 2.57762E-01 4.60562E-01 4.60562E-01 4.60562E-01 4.60562E-01 4.60562E-01 4.60562E-01 
1.58489E+00 1.58489E+00 2.51189E+00 1.58489E+00 2.51189E+00 1.58489E+00 2.51189E+00 3.98107E+00 1.58489E+00 2.51189E+00 3.98107E+00 6.30957E+00 1.58489E+00 2.51189E+00 3.98107E+00 6.30957E+00 1.58489E+00 2.51189E+00 3.98107E+00 6.30957E+00 9.99999E+00 1.58489E+00 2.51189E+00 3.98107E+00 6.30957E+00 9.99999E+00 1.58489E+00 2.51189E+00 3.98107E+00 6.30957E+00 9.99999E+00 1.58489E+01 1.58489E+00 2.51189E+00 3.98107E+00 6.30957E+00 9.99999E+00 1.58489E+01 2.51189E+01 2.51189E+00 3.98107E+00 6.30957E+00 9.99999E+00 1.58489E+01 2.51189E+01 3.98107E+00 6.30957E+00 9.99999E+00 1.58489E+01 2.51189E+01 3.98107E+01 6.30957E+00 9.99999E+00 1.58489E+01 2.51189E+01 3.98107E+01 6.30957E+01 
90000 
-1.79117E-03 
-8.50513E-04 
-1.51623E-03 
-2.88373E-04 
-4.18537E-04 
3.66655E-05 
1.93446E-04 
6.38934E-04 
2.08282E-04 
5.19794E-04 
1.33229E-03 
3.65047E-03 
2.81831E-04 
6.67815E-04 
1.64166E-03 
4.23872E-03 
2.96429E-04 
7.04205E-04 
1.72081E-03 
4.34524E-03 
1.16545E-02 
2.80145E-04 
6.76020E-04 
1.66479E-03 
4.20280E-03 
1.10072E-02 
2.52637E-04 
6.18757E-04 
1.54645E-03 
3.95401E-03 
1.03033E-02 
2.82386E-02 
2.24619E-04 
5.57876E-04 
1.42552E-03 
3.71460E-03 
9.76014E-03 
2.64205E-02 
7.48959E-02 
5.05238E-04 
1.33458E-03 
3.53774E-03 
9.38809E-03 
2.51979E-02 
6.95439E-02 
1.24694E-03 
3.30855E-03 
8.74299E-03 
2.30970E-02 
6.17550E-02 
1.69541E-01 
2.64996E-03 
6.96297E-03 
1.83006E-02 
4.83650E-02 
1.29125E-01 
3.41882E-01 
---
