PdfType: replica
Format: lhagrid1
---
4.34963E-04 7.77181E-04 7.77181E-04 1.38865E-03 1.38865E-03 2.48120E-03 2.48120E-03 2.48120E-03 4.43334E-03 4.43334E-03 4.43334E-03 4.43334E-03 7.92137E-03 7.92137E-03 7.92137E-03 7.92137E-03 1.41537E-02 1.41537E-02 1.41537E-02 1.41537E-02 1.41537E-02 2.52895E-02 2.52895E-02 2.52895E-02 2.52895E-02 2.52895E-02 4.51866E-02 4.51866E-02 4.51866E-02 4.51866E-02 4.51866E-02 4.51866E-02 8.07383E-02 8.07383E-02 8.07383E-02 8.07383E-02 8.07383E-02 8.07383E-02 8.07383E-02 1.44261E-01 1.44261E-01 1.44261E-01 1.44261E-01 1.44261E-01 1.44261E-01 2.57762E-01 2.57762E-01 2.57762E-01 2.57762E-01 2.57762E-01 2.57762E-01 4.60562E-01 4.60562E-01 4.60562E-01 4.60562E-01 4.60562E-01 4.60562E-01 
1.58489E+00 1.58489E+00 2.51189E+00 1.58489E+00 2.51189E+00 1.58489E+00 2.51189E+00 3.98107E+00 1.58489E+00 2.51189E+00 3.98107E+00 6.30957E+00 1.58489E+00 2.51189E+00 3.98107E+00 6.30957E+00 1.58489E+00 2.51189E+00 3.98107E+00 6.30957E+00 9.99999E+00 1.58489E+00 2.51189E+00 3.98107E+00 6.30957E+00 9.99999E+00 1.58489E+00 2.51189E+00 3.98107E+00 6.30957E+00 9.99999E+00 1.58489E+01 1.58489E+00 2.51189E+00 3.98107E+00 6.30957E+00 9.99999E+00 1.58489E+01 2.51189E+01 2.51189E+00 3.98107E+00 6.30957E+00 9.99999E+00 1.58489E+01 2.51189E+01 3.98107E+00 6.30957E+00 9.99999E+00 1.58489E+01 2.51189E+01 3.98107E+01 6.30957E+00 9.99999E+00 1.58489E+01 2.51189E+01 3.98107E+01 6.30957E+01 
90000 
-5.65765E-03 
-2.71651E-03 
-5.21875E-03 
-1.13695E-03 
-2.12715E-03 
-3.06332E-04 
-5.43030E-04 
-1.00113E-03 
9.72818E-05 
2.47092E-04 
7.56136E-04 
2.54983E-03 
2.59379E-04 
6.00021E-04 
1.55219E-03 
4.30003E-03 
2.94204E-04 
7.14204E-04 
1.84115E-03 
4.88864E-03 
1.37426E-02 
2.72542E-04 
7.07504E-04 
1.85991E-03 
4.89934E-03 
1.33511E-02 
2.35556E-04 
6.48435E-04 
1.73914E-03 
4.59517E-03 
1.23211E-02 
3.42818E-02 
2.04261E-04 
5.76273E-04 
1.55745E-03 
4.12099E-03 
1.09350E-02 
2.95936E-02 
8.34159E-02 
5.11482E-04 
1.36598E-03 
3.58783E-03 
9.40711E-03 
2.49093E-02 
6.79023E-02 
1.18426E-03 
3.07399E-03 
7.96252E-03 
2.07298E-02 
5.49159E-02 
1.50966E-01 
2.64149E-03 
6.75794E-03 
1.73334E-02 
4.49210E-02 
1.19599E-01 
3.32405E-01 
---
