PdfType: replica
Format: lhagrid1
---
4.34963E-04 7.77181E-04 7.77181E-04 1.38865E-03 1.38865E-03 2.48120E-03 2.48120E-03 2.48120E-03 4.43334E-03 4.43334E-03 4.43334E-03 4.43334E-03 7.92137E-03 7.92137E-03 7.92137E-03 7.92137E-03 1.41537E-02 1.41537E-02 1.41537E-02 1.41537E-02 1.41537E-02 2.52895E-02 2.52895E-02 2.52895E-02 2.52895E-02 2.52895E-02 4.51866E-02 4.51866E-02 4.51866E-02 4.51866E-02 4.51866E-02 4.51866E-02 8.07383E-02 8.07383E-02 8.07383E-02 8.07383E-02 8.07383E-02 8.07383E-02 8.07383E-02 1.44261E-01 1.44261E-01 1.44261E-01 1.44261E-01 1.44261E-01 1.44261E-01 2.57762E-01 2.57762E-01 2.57762E-01 2.57762E-01 2.57762E-01 2.57762E-01 4.60562E-01 4.60562E-01 4.60562E-01 4.60562E-01 4.60562E-01 4.60562E-01 
1.58489E+00 1.58489E+00 2.51189E+00 1.58489E+00 2.51189E+00 1.58489E+00 2.51189E+00 3.98107E+00 1.58489E+00 2.51189E+00 3.98107E+00 6.30957E+00 1.58489E+00 2.51189E+00 3.98107E+00 6.30957E+00 1.58489E+00 2.51189E+00 3.98107E+00 6.30957E+00 9.99999E+00 1.58489E+00 2.51189E+00 3.98107E+00 6.30957E+00 9.99999E+00 1.58489E+00 2.51189E+00 3.98107E+00 6.30957E+00 9.99999E+00 1.58489E+01 1.58489E+00 2.51189E+00 3.98107E+00 6.30957E+00 9.99999E+00 1.58489E+01 2.51189E+01 2.51189E+00 3.98107E+00 6.30957E+00 9.99999E+00 1.58489E+01 2.51189E+01 3.98107E+00 6.30957E+00 9.99999E+00 1.58489E+01 2.51189E+01 3.98107E+01 6.30957E+00 9.99999E+00 1.58489E+01 2.51189E+01 3.98107E+01 6.30957E+01 
90000 
-1.69930E-03 
-9.88580E-04 
-1.97815E-03 
-4.90758E-04 
-9.28543E-04 
-1.41456E-04 
-2.35961E-04 
-4.91510E-04 
9.12733E-05 
2.16997E-04 
5.46275E-04 
1.67388E-03 
2.26617E-04 
4.90452E-04 
1.17742E-03 
3.17068E-03 
2.81865E-04 
6.25325E-04 
1.52896E-03 
4.00595E-03 
1.11341E-02 
2.77943E-04 
6.60682E-04 
1.68153E-03 
4.41184E-03 
1.20185E-02 
2.42417E-04 
6.35018E-04 
1.68682E-03 
4.46616E-03 
1.20273E-02 
3.36457E-02 
2.05537E-04 
5.78576E-04 
1.57048E-03 
4.16932E-03 
1.11045E-02 
3.01357E-02 
8.51239E-02 
5.09529E-04 
1.37014E-03 
3.60926E-03 
9.48536E-03 
2.51492E-02 
6.85998E-02 
1.18180E-03 
3.08081E-03 
8.00548E-03 
2.08916E-02 
5.54359E-02 
1.52420E-01 
2.79252E-03 
7.15574E-03 
1.83768E-02 
4.76629E-02 
1.26857E-01 
3.51403E-01 
---
