PdfType: replica
Format: lhagrid1
---
4.34963E-04 7.77181E-04 7.77181E-04 1.38865E-03 1.38865E-03 2.48120E-03 2.48120E-03 2.48120E-03 4.43334E-03 4.43334E-03 4.43334E-03 4.43334E-03 7.92137E-03 7.92137E-03 7.92137E-03 7.92137E-03 1.41537E-02 1.41537E-02 1.41537E-02 1.41537E-02 1.41537E-02 2.52895E-02 2.52895E-02 2.52895E-02 2.52895E-02 2.52895E-02 4.51866E-02 4.51866E-02 4.51866E-02 4.51866E-02 4.51866E-02 4.51866E-02 8.07383E-02 8.07383E-02 8.07383E-02 8.07383E-02 8.07383E-02 8.07383E-02 8.07383E-02 1.44261E-01 1.44261E-01 1.44261E-01 1.44261E-01 1.44261E-01 1.44261E-01 2.57762E-01 2.57762E-01 2.57762E-01 2.57762E-01 2.57762E-01 2.57762E-01 4.60562E-01 4.60562E-01 4.60562E-01 4.60562E-01 4.60562E-01 4.60562E-01 
1.58489E+00 1.58489E+00 2.51189E+00 1.58489E+00 2.51189E+00 1.58489E+00 2.51189E+00 3.98107E+00 1.58489E+00 2.51189E+00 3.98107E+00 6.30957E+00 1.58489E+00 2.51189E+00 3.98107E+00 6.30957E+00 1.58489E+00 2.51189E+00 3.98107E+00 6.30957E+00 9.99999E+00 1.58489E+00 2.51189E+00 3.98107E+00 6.30957E+00 9.99999E+00 1.58489E+00 2.51189E+00 3.98107E+00 6.30957E+00 9.99999E+00 1.58489E+01 1.58489E+00 2.51189E+00 3.98107E+00 6.30957E+00 9.99999E+00 1.58489E+01 2.51189E+01 2.51189E+00 3.98107E+00 6.30957E+00 9.99999E+00 1.58489E+01 2.51189E+01 3.98107E+00 6.30957E+00 9.99999E+00 1.58489E+01 2.51189E+01 3.98107E+01 6.30957E+00 9.99999E+00 1.58489E+01 2.51189E+01 3.98107E+01 6.30957E+01 
90000 
2.29518E-04 
2.78064E-04 
4.13082E-04 
3.03565E-04 
5.35365E-04 
3.12061E-04 
6.03632E-04 
1.36557E-03 
3.07731E-04 
6.37099E-04 
1.48443E-03 
3.91976E-03 
2.94424E-04 
6.46006E-04 
1.54665E-03 
4.02092E-03 
2.75502E-04 
6.38027E-04 
1.57306E-03 
4.07404E-03 
1.11980E-02 
2.53018E-04 
6.18237E-04 
1.57242E-03 
4.09994E-03 
1.10782E-02 
2.27535E-04 
5.87388E-04 
1.53984E-03 
4.05859E-03 
1.08770E-02 
3.03816E-02 
2.00963E-04 
5.45060E-04 
1.46210E-03 
3.88332E-03 
1.03552E-02 
2.82011E-02 
8.00117E-02 
4.98994E-04 
1.34468E-03 
3.56220E-03 
9.41431E-03 
2.50943E-02 
6.87599E-02 
1.20065E-03 
3.13490E-03 
8.16586E-03 
2.13475E-02 
5.66891E-02 
1.55545E-01 
2.59193E-03 
6.77408E-03 
1.77038E-02 
4.66040E-02 
1.25212E-01 
3.45551E-01 
---
