PdfType: replica
Format: lhagrid1
---
4.34963E-04 7.77181E-04 7.77181E-04 1.38865E-03 1.38865E-03 2.48120E-03 2.48120E-03 2.48120E-03 4.43334E-03 4.43334E-03 4.43334E-03 4.43334E-03 7.92137E-03 7.92137E-03 7.92137E-03 7.92137E-03 1.41537E-02 1.41537E-02 1.41537E-02 1.41537E-02 1.41537E-02 2.52895E-02 2.52895E-02 2.52895E-02 2.52895E-02 2.52895E-02 4.51866E-02 4.51866E-02 4.51866E-02 4.51866E-02 4.51866E-02 4.51866E-02 8.07383E-02 8.07383E-02 8.07383E-02 8.07383E-02 8.07383E-02 8.07383E-02 8.07383E-02 1.44261E-01 1.44261E-01 1.44261E-01 1.44261E-01 1.44261E-01 1.44261E-01 2.57762E-01 2.57762E-01 2.57762E-01 2.57762E-01 2.57762E-01 2.57762E-01 4.60562E-01 4.60562E-01 4.60562E-01 4.60562E-01 4.60562E-01 4.60562E-01 
1.58489E+00 1.58489E+00 2.51189E+00 1.58489E+00 2.51189E+00 1.58489E+00 2.51189E+00 3.98107E+00 1.58489E+00 2.51189E+00 3.98107E+00 6.30957E+00 1.58489E+00 2.51189E+00 3.98107E+00 6.30957E+00 1.58489E+00 2.51189E+00 3.98107E+00 6.30957E+00 9.99999E+00 1.58489E+00 2.51189E+00 3.98107E+00 6.30957E+00 9.99999E+00 1.58489E+00 2.51189E+00 3.98107E+00 6.30957E+00 9.99999E+00 1.58489E+01 1.58489E+00 2.51189E+00 3.98107E+00 6.30957E+00 9.99999E+00 1.58489E+01 2.51189E+01 2.51189E+00 3.98107E+00 6.30957E+00 9.99999E+00 1.58489E+01 2.51189E+01 3.98107E+00 6.30957E+00 9.99999E+00 1.58489E+01 2.51189E+01 3.98107E+01 6.30957E+00 9.99999E+00 1.58489E+01 2.51189E+01 3.98107E+01 6.30957E+01 
90000 
1.59039E-03 
9.75532E-04 
1.78643E-03 
6.55977E-04 
1.21971E-03 
4.89955E-04 
9.49667E-04 
2.06613E-03 
4.03658E-04 
8.21977E-04 
1.83158E-03 
4.59143E-03 
3.56818E-04 
7.59704E-04 
1.74264E-03 
4.36363E-03 
3.26389E-04 
7.22583E-04 
1.71003E-03 
4.30609E-03 
1.15392E-02 
2.97285E-04 
6.86662E-04 
1.68285E-03 
4.29786E-03 
1.14162E-02 
2.59414E-04 
6.35883E-04 
1.62287E-03 
4.22386E-03 
1.12172E-02 
3.11664E-02 
2.15372E-04 
5.68679E-04 
1.50940E-03 
3.99266E-03 
1.06249E-02 
2.89099E-02 
8.19870E-02 
5.04258E-04 
1.36219E-03 
3.61392E-03 
9.56671E-03 
2.55272E-02 
6.99838E-02 
1.22492E-03 
3.20535E-03 
8.35618E-03 
2.18374E-02 
5.79343E-02 
1.58833E-01 
2.67059E-03 
6.78853E-03 
1.72974E-02 
4.45038E-02 
1.17253E-01 
3.19145E-01 
---
