PdfType: replica
Format: lhagrid1
---
4.34963E-04 7.77181E-04 7.77181E-04 1.38865E-03 1.38865E-03 2.48120E-03 2.48120E-03 2.48120E-03 4.43334E-03 4.43334E-03 4.43334E-03 4.43334E-03 7.92137E-03 7.92137E-03 7.92137E-03 7.92137E-03 1.41537E-02 1.41537E-02 1.41537E-02 1.41537E-02 1.41537E-02 2.52895E-02 2.52895E-02 2.52895E-02 2.52895E-02 2.52895E-02 4.51866E-02 4.51866E-02 4.51866E-02 4.51866E-02 4.51866E-02 4.51866E-02 8.07383E-02 8.07383E-02 8.07383E-02 8.07383E-02 8.07383E-02 8.07383E-02 8.07383E-02 1.44261E-01 1.44261E-01 1.44261E-01 1.44261E-01 1.44261E-01 1.44261E-01 2.57762E-01 2.57762E-01 2.57762E-01 2.57762E-01 2.57762E-01 2.57762E-01 4.60562E-01 4.60562E-01 4.60562E-01 4.60562E-01 4.60562E-01 4.60562E-01 
1.58489E+00 1.58489E+00 2.51189E+00 1.58489E+00 2.51189E+00 1.58489E+00 2.51189E+00 3.98107E+00 1.58489E+00 2.51189E+00 3.98107E+00 6.30957E+00 1.58489E+00 2.51189E+00 3.98107E+00 6.30957E+00 1.58489E+00 2.51189E+00 3.98107E+00 6.30957E+00 9.99999E+00 1.58489E+00 2.51189E+00 3.98107E+00 6.30957E+00 9.99999E+00 1.58489E+00 2.51189E+00 3.98107E+00 6.30957E+00 9.99999E+00 1.58489E+01 1.58489E+00 2.51189E+00 3.98107E+00 6.30957E+00 9.99999E+00 1.58489E+01 2.51189E+01 2.51189E+00 3.98107E+00 6.30957E+00 9.99999E+00 1.58489E+01 2.51189E+01 3.98107E+00 6.30957E+00 9.99999E+00 1.58489E+01 2.51189E+01 3.98107E+01 6.30957E+00 9.99999E+00 1.58489E+01 2.51189E+01 3.98107E+01 6.30957E+01 
90000 
-7.91108E-04 
-3.90446E-04 
-7.86419E-04 
-1.15801E-04 
-1.96567E-04 
7.09863E-05 
1.88659E-04 
4.89213E-04 
1.91072E-04 
4.38212E-04 
1.06881E-03 
2.93466E-03 
2.59166E-04 
5.88176E-04 
1.42212E-03 
3.72926E-03 
2.87324E-04 
6.61830E-04 
1.61686E-03 
4.16625E-03 
1.13775E-02 
2.83961E-04 
6.75082E-04 
1.68755E-03 
4.35474E-03 
1.16709E-02 
2.53768E-04 
6.36996E-04 
1.64585E-03 
4.29877E-03 
1.14494E-02 
3.18257E-02 
2.09168E-04 
5.64015E-04 
1.50807E-03 
3.99116E-03 
1.06179E-02 
2.88453E-02 
8.16327E-02 
4.97096E-04 
1.34418E-03 
3.56064E-03 
9.40325E-03 
2.50312E-02 
6.84890E-02 
1.21044E-03 
3.15216E-03 
8.18151E-03 
2.13158E-02 
5.64440E-02 
1.54705E-01 
2.60370E-03 
6.66879E-03 
1.71216E-02 
4.43789E-02 
1.17758E-01 
3.22664E-01 
---
