PdfType: replica
Format: lhagrid1
---
4.34963E-04 7.77181E-04 7.77181E-04 1.38865E-03 1.38865E-03 2.48120E-03 2.48120E-03 2.48120E-03 4.43334E-03 4.43334E-03 4.43334E-03 4.43334E-03 7.92137E-03 7.92137E-03 7.92137E-03 7.92137E-03 1.41537E-02 1.41537E-02 1.41537E-02 1.41537E-02 1.41537E-02 2.52895E-02 2.52895E-02 2.52895E-02 2.52895E-02 2.52895E-02 4.51866E-02 4.51866E-02 4.51866E-02 4.51866E-02 4.51866E-02 4.51866E-02 8.07383E-02 8.07383E-02 8.07383E-02 8.07383E-02 8.07383E-02 8.07383E-02 8.07383E-02 1.44261E-01 1.44261E-01 1.44261E-01 1.44261E-01 1.44261E-01 1.44261E-01 2.57762E-01 2.57762E-01 2.57762E-01 2.57762E-01 2.57762E-01 2.57762E-01 4.60562E-01 4.60562E-01 4.60562E-01 4.60562E-01 4.60562E-01 4.60562E-01 
1.58489E+00 1.58489E+00 2.51189E+00 1.58489E+00 2.51189E+00 1.58489E+00 2.51189E+00 3.98107E+00 1.58489E+00 2.51189E+00 3.98107E+00 6.30957E+00 1.58489E+00 2.51189E+00 3.98107E+00 6.30957E+00 1.58489E+00 2.51189E+00 3.98107E+00 6.30957E+00 9.99999E+00 1.58489E+00 2.51189E+00 3.98107E+00 6.30957E+00 9.99999E+00 1.58489E+00 2.51189E+00 3.98107E+00 6.30957E+00 9.99999E+00 1.58489E+01 1.58489E+00 2.51189E+00 3.98107E+00 6.30957E+00 9.99999E+00 1.58489E+01 2.51189E+01 2.51189E+00 3.98107E+00 6.30957E+00 9.99999E+00 1.58489E+01 2.51189E+01 3.98107E+00 6.30957E+00 9.99999E+00 1.58489E+01 2.51189E+01 3.98107E+01 6.30957E+00 9.99999E+00 1.58489E+01 2.51189E+01 3.98107E+01 6.30957E+01 
90000 
2.07252E-04 
2.16490E-04 
3.09362E-04 
2.13665E-04 
3.46674E-04 
2.01202E-04 
3.53529E-04 
7.37637E-04 
1.81300E-04 
3.40389E-04 
7.41938E-04 
1.88714E-03 
1.56540E-04 
3.13645E-04 
7.13847E-04 
1.81245E-03 
1.29607E-04 
2.78973E-04 
6.66773E-04 
1.70945E-03 
4.69831E-03 
1.02918E-04 
2.41405E-04 
6.09677E-04 
1.59638E-03 
4.35876E-03 
7.89133E-05 
2.05181E-04 
5.48803E-04 
1.47475E-03 
4.03588E-03 
1.14810E-02 
6.07981E-05 
1.74947E-04 
4.91212E-04 
1.35042E-03 
3.71620E-03 
1.03937E-02 
3.01912E-02 
1.56835E-04 
4.52667E-04 
1.26296E-03 
3.49050E-03 
9.66807E-03 
2.74066E-02 
4.73341E-04 
1.34149E-03 
3.74080E-03 
1.03664E-02 
2.89697E-02 
8.32296E-02 
2.31280E-03 
6.60389E-03 
1.85743E-02 
5.20458E-02 
1.47589E-01 
4.26731E-01 
---
