PdfType: replica
Format: lhagrid1
---
4.34963E-04 7.77181E-04 7.77181E-04 1.38865E-03 1.38865E-03 2.48120E-03 2.48120E-03 2.48120E-03 4.43334E-03 4.43334E-03 4.43334E-03 4.43334E-03 7.92137E-03 7.92137E-03 7.92137E-03 7.92137E-03 1.41537E-02 1.41537E-02 1.41537E-02 1.41537E-02 1.41537E-02 2.52895E-02 2.52895E-02 2.52895E-02 2.52895E-02 2.52895E-02 4.51866E-02 4.51866E-02 4.51866E-02 4.51866E-02 4.51866E-02 4.51866E-02 8.07383E-02 8.07383E-02 8.07383E-02 8.07383E-02 8.07383E-02 8.07383E-02 8.07383E-02 1.44261E-01 1.44261E-01 1.44261E-01 1.44261E-01 1.44261E-01 1.44261E-01 2.57762E-01 2.57762E-01 2.57762E-01 2.57762E-01 2.57762E-01 2.57762E-01 4.60562E-01 4.60562E-01 4.60562E-01 4.60562E-01 4.60562E-01 4.60562E-01 
1.58489E+00 1.58489E+00 2.51189E+00 1.58489E+00 2.51189E+00 1.58489E+00 2.51189E+00 3.98107E+00 1.58489E+00 2.51189E+00 3.98107E+00 6.30957E+00 1.58489E+00 2.51189E+00 3.98107E+00 6.30957E+00 1.58489E+00 2.51189E+00 3.98107E+00 6.30957E+00 9.99999E+00 1.58489E+00 2.51189E+00 3.98107E+00 6.30957E+00 9.99999E+00 1.58489E+00 2.51189E+00 3.98107E+00 6.30957E+00 9.99999E+00 1.58489E+01 1.58489E+00 2.51189E+00 3.98107E+00 6.30957E+00 9.99999E+00 1.58489E+01 2.51189E+01 2.51189E+00 3.98107E+00 6.30957E+00 9.99999E+00 1.58489E+01 2.51189E+01 3.98107E+00 6.30957E+00 9.99999E+00 1.58489E+01 2.51189E+01 3.98107E+01 6.30957E+00 9.99999E+00 1.58489E+01 2.51189E+01 3.98107E+01 6.30957E+01 
90000 
2.17564E-04 
2.87454E-04 
6.52202E-04 
3.25185E-04 
7.20386E-04 
3.40936E-04 
7.57387E-04 
1.82565E-03 
3.41227E-04 
7.70986E-04 
1.83773E-03 
4.75286E-03 
3.31114E-04 
7.63358E-04 
1.82148E-03 
4.60503E-03 
3.13788E-04 
7.35763E-04 
1.77214E-03 
4.44938E-03 
1.18277E-02 
2.89037E-04 
6.88888E-04 
1.68922E-03 
4.27746E-03 
1.12284E-02 
2.54884E-04 
6.26002E-04 
1.58166E-03 
4.08262E-03 
1.07432E-02 
2.96423E-02 
2.16814E-04 
5.61008E-04 
1.47122E-03 
3.87254E-03 
1.02630E-02 
2.78704E-02 
7.89796E-02 
5.08931E-04 
1.36366E-03 
3.60570E-03 
9.52438E-03 
2.53857E-02 
6.95751E-02 
1.21597E-03 
3.17500E-03 
8.26210E-03 
2.15610E-02 
5.71595E-02 
1.56896E-01 
2.66005E-03 
6.76709E-03 
1.72592E-02 
4.44625E-02 
1.17428E-01 
3.21462E-01 
---
