PdfType: replica
Format: lhagrid1
---
4.34963E-04 7.77181E-04 7.77181E-04 1.38865E-03 1.38865E-03 2.48120E-03 2.48120E-03 2.48120E-03 4.43334E-03 4.43334E-03 4.43334E-03 4.43334E-03 7.92137E-03 7.92137E-03 7.92137E-03 7.92137E-03 1.41537E-02 1.41537E-02 1.41537E-02 1.41537E-02 1.41537E-02 2.52895E-02 2.52895E-02 2.52895E-02 2.52895E-02 2.52895E-02 4.51866E-02 4.51866E-02 4.51866E-02 4.51866E-02 4.51866E-02 4.51866E-02 8.07383E-02 8.07383E-02 8.07383E-02 8.07383E-02 8.07383E-02 8.07383E-02 8.07383E-02 1.44261E-01 1.44261E-01 1.44261E-01 1.44261E-01 1.44261E-01 1.44261E-01 2.57762E-01 2.57762E-01 2.57762E-01 2.57762E-01 2.57762E-01 2.57762E-01 4.60562E-01 4.60562E-01 4.60562E-01 4.60562E-01 4.60562E-01 4.60562E-01 
1.58489E+00 1.58489E+00 2.51189E+00 1.58489E+00 2.51189E+00 1.58489E+00 2.51189E+00 3.98107E+00 1.58489E+00 2.51189E+00 3.98107E+00 6.30957E+00 1.58489E+00 2.51189E+00 3.98107E+00 6.30957E+00 1.58489E+00 2.51189E+00 3.98107E+00 6.30957E+00 9.99999E+00 1.58489E+00 2.51189E+00 3.98107E+00 6.30957E+00 9.99999E+00 1.58489E+00 2.51189E+00 3.98107E+00 6.30957E+00 9.99999E+00 1.58489E+01 1.58489E+00 2.51189E+00 3.98107E+00 6.30957E+00 9.99999E+00 1.58489E+01 2.51189E+01 2.51189E+00 3.98107E+00 6.30957E+00 9.99999E+00 1.58489E+01 2.51189E+01 3.98107E+00 6.30957E+00 9.99999E+00 1.58489E+01 2.51189E+01 3.98107E+01 6.30957E+00 9.99999E+00 1.58489E+01 2.51189E+01 3.98107E+01 6.30957E+01 
90000 
-2.09686E-03 
-1.19773E-03 
-2.39789E-03 
-5.93217E-04 
-1.14858E-03 
-1.89346E-04 
-3.52754E-04 
-7.46828E-04 
6.63413E-05 
1.54577E-04 
4.30025E-04 
1.46597E-03 
2.09350E-04 
4.59843E-04 
1.14450E-03 
3.15944E-03 
2.68918E-04 
6.17042E-04 
1.54698E-03 
4.09719E-03 
1.14756E-02 
2.71689E-04 
6.66769E-04 
1.71746E-03 
4.51588E-03 
1.22964E-02 
2.43076E-04 
6.42831E-04 
1.70551E-03 
4.50332E-03 
1.20841E-02 
3.36976E-02 
2.07190E-04 
5.78407E-04 
1.56290E-03 
4.14202E-03 
1.10139E-02 
2.98633E-02 
8.43043E-02 
5.09882E-04 
1.37310E-03 
3.62322E-03 
9.53367E-03 
2.53023E-02 
6.90592E-02 
1.21827E-03 
3.16974E-03 
8.21994E-03 
2.14064E-02 
5.66813E-02 
1.55485E-01 
2.72916E-03 
6.94180E-03 
1.77155E-02 
4.56996E-02 
1.21075E-01 
3.34220E-01 
---
