PdfType: replica
Format: lhagrid1
---
4.34963E-04 7.77181E-04 7.77181E-04 1.38865E-03 1.38865E-03 2.48120E-03 2.48120E-03 2.48120E-03 4.43334E-03 4.43334E-03 4.43334E-03 4.43334E-03 7.92137E-03 7.92137E-03 7.92137E-03 7.92137E-03 1.41537E-02 1.41537E-02 1.41537E-02 1.41537E-02 1.41537E-02 2.52895E-02 2.52895E-02 2.52895E-02 2.52895E-02 2.52895E-02 4.51866E-02 4.51866E-02 4.51866E-02 4.51866E-02 4.51866E-02 4.51866E-02 8.07383E-02 8.07383E-02 8.07383E-02 8.07383E-02 8.07383E-02 8.07383E-02 8.07383E-02 1.44261E-01 1.44261E-01 1.44261E-01 1.44261E-01 1.44261E-01 1.44261E-01 2.57762E-01 2.57762E-01 2.57762E-01 2.57762E-01 2.57762E-01 2.57762E-01 4.60562E-01 4.60562E-01 4.60562E-01 4.60562E-01 4.60562E-01 4.60562E-01 
1.58489E+00 1.58489E+00 2.51189E+00 1.58489E+00 2.51189E+00 1.58489E+00 2.51189E+00 3.98107E+00 1.58489E+00 2.51189E+00 3.98107E+00 6.30957E+00 1.58489E+00 2.51189E+00 3.98107E+00 6.30957E+00 1.58489E+00 2.51189E+00 3.98107E+00 6.30957E+00 9.99999E+00 1.58489E+00 2.51189E+00 3.98107E+00 6.30957E+00 9.99999E+00 1.58489E+00 2.51189E+00 3.98107E+00 6.30957E+00 9.99999E+00 1.58489E+01 1.58489E+00 2.51189E+00 3.98107E+00 6.30957E+00 9.99999E+00 1.58489E+01 2.51189E+01 2.51189E+00 3.98107E+00 6.30957E+00 9.99999E+00 1.58489E+01 2.51189E+01 3.98107E+00 6.30957E+00 9.99999E+00 1.58489E+01 2.51189E+01 3.98107E+01 6.30957E+00 9.99999E+00 1.58489E+01 2.51189E+01 3.98107E+01 6.30957E+01 
90000 
5.27585E-04 
4.63839E-04 
1.10506E-03 
4.16428E-04 
9.73063E-04 
3.77597E-04 
8.83279E-04 
2.31712E-03 
3.43994E-04 
8.17666E-04 
2.10030E-03 
5.81062E-03 
3.14843E-04 
7.66780E-04 
1.96206E-03 
5.25279E-03 
2.90122E-04 
7.26624E-04 
1.87276E-03 
4.93595E-03 
1.37891E-02 
2.68664E-04 
6.93436E-04 
1.81129E-03 
4.76350E-03 
1.29619E-02 
2.47176E-04 
6.58888E-04 
1.74782E-03 
4.61368E-03 
1.23689E-02 
3.44886E-02 
2.23364E-04 
6.11817E-04 
1.64027E-03 
4.33847E-03 
1.15190E-02 
3.12291E-02 
8.82198E-02 
5.49490E-04 
1.46845E-03 
3.86371E-03 
1.01506E-02 
2.69223E-02 
7.34550E-02 
1.26384E-03 
3.28715E-03 
8.53289E-03 
2.22454E-02 
5.89405E-02 
1.61439E-01 
2.68542E-03 
6.96493E-03 
1.80840E-02 
4.73453E-02 
1.26720E-01 
3.49598E-01 
---
