PdfType: replica
Format: lhagrid1
---
4.34963E-04 7.77181E-04 7.77181E-04 1.38865E-03 1.38865E-03 2.48120E-03 2.48120E-03 2.48120E-03 4.43334E-03 4.43334E-03 4.43334E-03 4.43334E-03 7.92137E-03 7.92137E-03 7.92137E-03 7.92137E-03 1.41537E-02 1.41537E-02 1.41537E-02 1.41537E-02 1.41537E-02 2.52895E-02 2.52895E-02 2.52895E-02 2.52895E-02 2.52895E-02 4.51866E-02 4.51866E-02 4.51866E-02 4.51866E-02 4.51866E-02 4.51866E-02 8.07383E-02 8.07383E-02 8.07383E-02 8.07383E-02 8.07383E-02 8.07383E-02 8.07383E-02 1.44261E-01 1.44261E-01 1.44261E-01 1.44261E-01 1.44261E-01 1.44261E-01 2.57762E-01 2.57762E-01 2.57762E-01 2.57762E-01 2.57762E-01 2.57762E-01 4.60562E-01 4.60562E-01 4.60562E-01 4.60562E-01 4.60562E-01 4.60562E-01 
1.58489E+00 1.58489E+00 2.51189E+00 1.58489E+00 2.51189E+00 1.58489E+00 2.51189E+00 3.98107E+00 1.58489E+00 2.51189E+00 3.98107E+00 6.30957E+00 1.58489E+00 2.51189E+00 3.98107E+00 6.30957E+00 1.58489E+00 2.51189E+00 3.98107E+00 6.30957E+00 9.99999E+00 1.58489E+00 2.51189E+00 3.98107E+00 6.30957E+00 9.99999E+00 1.58489E+00 2.51189E+00 3.98107E+00 6.30957E+00 9.99999E+00 1.58489E+01 1.58489E+00 2.51189E+00 3.98107E+00 6.30957E+00 9.99999E+00 1.58489E+01 2.51189E+01 2.51189E+00 3.98107E+00 6.30957E+00 9.99999E+00 1.58489E+01 2.51189E+01 3.98107E+00 6.30957E+00 9.99999E+00 1.58489E+01 2.51189E+01 3.98107E+01 6.30957E+00 9.99999E+00 1.58489E+01 2.51189E+01 3.98107E+01 6.30957E+01 
90000 
-8.36446E-04 
-3.37907E-04 
-5.77001E-04 
-5.92967E-05 
-2.50356E-05 
9.90978E-05 
2.86714E-04 
7.92660E-04 
1.88657E-04 
4.70598E-04 
1.19704E-03 
3.27260E-03 
2.37825E-04 
5.78997E-04 
1.43981E-03 
3.77146E-03 
2.62357E-04 
6.37674E-04 
1.58220E-03 
4.06970E-03 
1.10409E-02 
2.68685E-04 
6.57900E-04 
1.64843E-03 
4.23865E-03 
1.12696E-02 
2.56470E-04 
6.42215E-04 
1.64314E-03 
4.26963E-03 
1.12894E-02 
3.12378E-02 
2.28251E-04 
5.96368E-04 
1.56850E-03 
4.12777E-03 
1.09255E-02 
2.96177E-02 
8.37790E-02 
5.40533E-04 
1.44498E-03 
3.81374E-03 
1.00516E-02 
2.67434E-02 
7.31825E-02 
1.28463E-03 
3.34827E-03 
8.70344E-03 
2.27062E-02 
6.01917E-02 
1.65022E-01 
2.69140E-03 
6.94136E-03 
1.79602E-02 
4.69252E-02 
1.25366E-01 
3.44394E-01 
---
