PdfType: replica
Format: lhagrid1
---
4.34963E-04 7.77181E-04 7.77181E-04 1.38865E-03 1.38865E-03 2.48120E-03 2.48120E-03 2.48120E-03 4.43334E-03 4.43334E-03 4.43334E-03 4.43334E-03 7.92137E-03 7.92137E-03 7.92137E-03 7.92137E-03 1.41537E-02 1.41537E-02 1.41537E-02 1.41537E-02 1.41537E-02 2.52895E-02 2.52895E-02 2.52895E-02 2.52895E-02 2.52895E-02 4.51866E-02 4.51866E-02 4.51866E-02 4.51866E-02 4.51866E-02 4.51866E-02 8.07383E-02 8.07383E-02 8.07383E-02 8.07383E-02 8.07383E-02 8.07383E-02 8.07383E-02 1.44261E-01 1.44261E-01 1.44261E-01 1.44261E-01 1.44261E-01 1.44261E-01 2.57762E-01 2.57762E-01 2.57762E-01 2.57762E-01 2.57762E-01 2.57762E-01 4.60562E-01 4.60562E-01 4.60562E-01 4.60562E-01 4.60562E-01 4.60562E-01 
1.58489E+00 1.58489E+00 2.51189E+00 1.58489E+00 2.51189E+00 1.58489E+00 2.51189E+00 3.98107E+00 1.58489E+00 2.51189E+00 3.98107E+00 6.30957E+00 1.58489E+00 2.51189E+00 3.98107E+00 6.30957E+00 1.58489E+00 2.51189E+00 3.98107E+00 6.30957E+00 9.99999E+00 1.58489E+00 2.51189E+00 3.98107E+00 6.30957E+00 9.99999E+00 1.58489E+00 2.51189E+00 3.98107E+00 6.30957E+00 9.99999E+00 1.58489E+01 1.58489E+00 2.51189E+00 3.98107E+00 6.30957E+00 9.99999E+00 1.58489E+01 2.51189E+01 2.51189E+00 3.98107E+00 6.30957E+00 9.99999E+00 1.58489E+01 2.51189E+01 3.98107E+00 6.30957E+00 9.99999E+00 1.58489E+01 2.51189E+01 3.98107E+01 6.30957E+00 9.99999E+00 1.58489E+01 2.51189E+01 3.98107E+01 6.30957E+01 
90000 
5.00129E-04 
4.27319E-04 
8.89142E-04 
3.78792E-04 
7.95873E-04 
3.45437E-04 
7.45755E-04 
1.75333E-03 
3.22116E-04 
7.18281E-04 
1.69286E-03 
4.36937E-03 
3.05559E-04 
7.00805E-04 
1.66968E-03 
4.24832E-03 
2.92383E-04 
6.85128E-04 
1.65963E-03 
4.21176E-03 
1.13058E-02 
2.77076E-04 
6.63220E-04 
1.64359E-03 
4.20788E-03 
1.11676E-02 
2.51951E-04 
6.24927E-04 
1.59733E-03 
4.15331E-03 
1.10105E-02 
3.05386E-02 
2.14881E-04 
5.65669E-04 
1.49810E-03 
3.95624E-03 
1.05132E-02 
2.85775E-02 
8.10066E-02 
5.05624E-04 
1.36708E-03 
3.62734E-03 
9.59748E-03 
2.55995E-02 
7.01945E-02 
1.26029E-03 
3.28927E-03 
8.55153E-03 
2.23104E-02 
5.91611E-02 
1.62511E-01 
2.76396E-03 
7.10207E-03 
1.82980E-02 
4.76022E-02 
1.26805E-01 
3.49018E-01 
---
