PdfType: replica
Format: lhagrid1
---
4.34963E-04 7.77181E-04 7.77181E-04 1.38865E-03 1.38865E-03 2.48120E-03 2.48120E-03 2.48120E-03 4.43334E-03 4.43334E-03 4.43334E-03 4.43334E-03 7.92137E-03 7.92137E-03 7.92137E-03 7.92137E-03 1.41537E-02 1.41537E-02 1.41537E-02 1.41537E-02 1.41537E-02 2.52895E-02 2.52895E-02 2.52895E-02 2.52895E-02 2.52895E-02 4.51866E-02 4.51866E-02 4.51866E-02 4.51866E-02 4.51866E-02 4.51866E-02 8.07383E-02 8.07383E-02 8.07383E-02 8.07383E-02 8.07383E-02 8.07383E-02 8.07383E-02 1.44261E-01 1.44261E-01 1.44261E-01 1.44261E-01 1.44261E-01 1.44261E-01 2.57762E-01 2.57762E-01 2.57762E-01 2.57762E-01 2.57762E-01 2.57762E-01 4.60562E-01 4.60562E-01 4.60562E-01 4.60562E-01 4.60562E-01 4.60562E-01 
1.58489E+00 1.58489E+00 2.51189E+00 1.58489E+00 2.51189E+00 1.58489E+00 2.51189E+00 3.98107E+00 1.58489E+00 2.51189E+00 3.98107E+00 6.30957E+00 1.58489E+00 2.51189E+00 3.98107E+00 6.30957E+00 1.58489E+00 2.51189E+00 3.98107E+00 6.30957E+00 9.99999E+00 1.58489E+00 2.51189E+00 3.98107E+00 6.30957E+00 9.99999E+00 1.58489E+00 2.51189E+00 3.98107E+00 6.30957E+00 9.99999E+00 1.58489E+01 1.58489E+00 2.51189E+00 3.98107E+00 6.30957E+00 9.99999E+00 1.58489E+01 2.51189E+01 2.51189E+00 3.98107E+00 6.30957E+00 9.99999E+00 1.58489E+01 2.51189E+01 3.98107E+00 6.30957E+00 9.99999E+00 1.58489E+01 2.51189E+01 3.98107E+01 6.30957E+00 9.99999E+00 1.58489E+01 2.51189E+01 3.98107E+01 6.30957E+01 
90000 
1.64354E-04 
2.08445E-04 
3.76820E-04 
2.41975E-04 
4.79980E-04 
2.65706E-04 
5.54528E-04 
1.27200E-03 
2.79874E-04 
6.06275E-04 
1.41320E-03 
3.67605E-03 
2.85493E-04 
6.37646E-04 
1.51125E-03 
3.87216E-03 
2.83864E-04 
6.51625E-04 
1.57725E-03 
4.02778E-03 
1.09083E-02 
2.74070E-04 
6.49531E-04 
1.61526E-03 
4.16035E-03 
1.11156E-02 
2.52097E-04 
6.27477E-04 
1.61351E-03 
4.21711E-03 
1.12251E-02 
3.12356E-02 
2.20291E-04 
5.83128E-04 
1.54748E-03 
4.09261E-03 
1.08810E-02 
2.95878E-02 
8.38816E-02 
5.25225E-04 
1.41077E-03 
3.73344E-03 
9.86332E-03 
2.62910E-02 
7.20503E-02 
1.25623E-03 
3.29668E-03 
8.61770E-03 
2.25835E-02 
6.00717E-02 
1.65040E-01 
2.92452E-03 
7.51700E-03 
1.93368E-02 
5.01368E-02 
1.32616E-01 
3.58767E-01 
---
