PdfType: replica
Format: lhagrid1
---
4.34963E-04 7.77181E-04 7.77181E-04 1.38865E-03 1.38865E-03 2.48120E-03 2.48120E-03 2.48120E-03 4.43334E-03 4.43334E-03 4.43334E-03 4.43334E-03 7.92137E-03 7.92137E-03 7.92137E-03 7.92137E-03 1.41537E-02 1.41537E-02 1.41537E-02 1.41537E-02 1.41537E-02 2.52895E-02 2.52895E-02 2.52895E-02 2.52895E-02 2.52895E-02 4.51866E-02 4.51866E-02 4.51866E-02 4.51866E-02 4.51866E-02 4.51866E-02 8.07383E-02 8.07383E-02 8.07383E-02 8.07383E-02 8.07383E-02 8.07383E-02 8.07383E-02 1.44261E-01 1.44261E-01 1.44261E-01 1.44261E-01 1.44261E-01 1.44261E-01 2.57762E-01 2.57762E-01 2.57762E-01 2.57762E-01 2.57762E-01 2.57762E-01 4.60562E-01 4.60562E-01 4.60562E-01 4.60562E-01 4.60562E-01 4.60562E-01 
1.58489E+00 1.58489E+00 2.51189E+00 1.58489E+00 2.51189E+00 1.58489E+00 2.51189E+00 3.98107E+00 1.58489E+00 2.51189E+00 3.98107E+00 6.30957E+00 1.58489E+00 2.51189E+00 3.98107E+00 6.30957E+00 1.58489E+00 2.51189E+00 3.98107E+00 6.30957E+00 9.99999E+00 1.58489E+00 2.51189E+00 3.98107E+00 6.30957E+00 9.99999E+00 1.58489E+00 2.51189E+00 3.98107E+00 6.30957E+00 9.99999E+00 1.58489E+01 1.58489E+00 2.51189E+00 3.98107E+00 6.30957E+00 9.99999E+00 1.58489E+01 2.51189E+01 2.51189E+00 3.98107E+00 6.30957E+00 9.99999E+00 1.58489E+01 2.51189E+01 3.98107E+00 6.30957E+00 9.99999E+00 1.58489E+01 2.51189E+01 3.98107E+01 6.30957E+00 9.99999E+00 1.58489E+01 2.51189E+01 3.98107E+01 6.30957E+01 
90000 
-4.88222E-05 
6.76617E-05 
6.32863E-05 
1.51131E-04 
3.05696E-04 
2.09193E-04 
4.66900E-04 
1.22887E-03 
2.46441E-04 
5.75753E-04 
1.48281E-03 
4.17420E-03 
2.66478E-04 
6.44328E-04 
1.64742E-03 
4.43626E-03 
2.71848E-04 
6.77228E-04 
1.73705E-03 
4.57179E-03 
1.27121E-02 
2.63184E-04 
6.74652E-04 
1.74891E-03 
4.57613E-03 
1.23792E-02 
2.40528E-04 
6.36946E-04 
1.67892E-03 
4.41250E-03 
1.17831E-02 
3.27531E-02 
2.10431E-04 
5.76938E-04 
1.54681E-03 
4.09158E-03 
1.08643E-02 
2.94581E-02 
8.32260E-02 
5.22941E-04 
1.40228E-03 
3.69590E-03 
9.71872E-03 
2.57907E-02 
7.04067E-02 
1.24260E-03 
3.21911E-03 
8.32323E-03 
2.16240E-02 
5.71473E-02 
1.56533E-01 
2.58781E-03 
6.61101E-03 
1.69379E-02 
4.38513E-02 
1.16568E-01 
3.22851E-01 
---
