PdfType: replica
Format: lhagrid1
---
4.34963E-04 7.77181E-04 7.77181E-04 1.38865E-03 1.38865E-03 2.48120E-03 2.48120E-03 2.48120E-03 4.43334E-03 4.43334E-03 4.43334E-03 4.43334E-03 7.92137E-03 7.92137E-03 7.92137E-03 7.92137E-03 1.41537E-02 1.41537E-02 1.41537E-02 1.41537E-02 1.41537E-02 2.52895E-02 2.52895E-02 2.52895E-02 2.52895E-02 2.52895E-02 4.51866E-02 4.51866E-02 4.51866E-02 4.51866E-02 4.51866E-02 4.51866E-02 8.07383E-02 8.07383E-02 8.07383E-02 8.07383E-02 8.07383E-02 8.07383E-02 8.07383E-02 1.44261E-01 1.44261E-01 1.44261E-01 1.44261E-01 1.44261E-01 1.44261E-01 2.57762E-01 2.57762E-01 2.57762E-01 2.57762E-01 2.57762E-01 2.57762E-01 4.60562E-01 4.60562E-01 4.60562E-01 4.60562E-01 4.60562E-01 4.60562E-01 
1.58489E+00 1.58489E+00 2.51189E+00 1.58489E+00 2.51189E+00 1.58489E+00 2.51189E+00 3.98107E+00 1.58489E+00 2.51189E+00 3.98107E+00 6.30957E+00 1.58489E+00 2.51189E+00 3.98107E+00 6.30957E+00 1.58489E+00 2.51189E+00 3.98107E+00 6.30957E+00 9.99999E+00 1.58489E+00 2.51189E+00 3.98107E+00 6.30957E+00 9.99999E+00 1.58489E+00 2.51189E+00 3.98107E+00 6.30957E+00 9.99999E+00 1.58489E+01 1.58489E+00 2.51189E+00 3.98107E+00 6.30957E+00 9.99999E+00 1.58489E+01 2.51189E+01 2.51189E+00 3.98107E+00 6.30957E+00 9.99999E+00 1.58489E+01 2.51189E+01 3.98107E+00 6.30957E+00 9.99999E+00 1.58489E+01 2.51189E+01 3.98107E+01 6.30957E+00 9.99999E+00 1.58489E+01 2.51189E+01 3.98107E+01 6.30957E+01 
90000 
-1.07968E-04 
5.90969E-05 
-7.40057E-05 
1.66620E-04 
2.53798E-04 
2.32337E-04 
4.52032E-04 
1.09150E-03 
2.67318E-04 
5.70427E-04 
1.40149E-03 
3.90723E-03 
2.80425E-04 
6.35385E-04 
1.58203E-03 
4.25153E-03 
2.78938E-04 
6.63932E-04 
1.68270E-03 
4.44661E-03 
1.24506E-02 
2.66765E-04 
6.65630E-04 
1.72454E-03 
4.54941E-03 
1.24293E-02 
2.43766E-04 
6.40745E-04 
1.70161E-03 
4.51431E-03 
1.21764E-02 
3.41372E-02 
2.12151E-04 
5.86986E-04 
1.59145E-03 
4.24201E-03 
1.13534E-02 
3.09637E-02 
8.78493E-02 
5.15623E-04 
1.40488E-03 
3.73481E-03 
9.89970E-03 
2.64166E-02 
7.23952E-02 
1.23962E-03 
3.25095E-03 
8.48573E-03 
2.21993E-02 
5.89856E-02 
1.62308E-01 
2.69268E-03 
6.98660E-03 
1.81910E-02 
4.78893E-02 
1.29556E-01 
3.65921E-01 
---
