PdfType: replica
Format: lhagrid1
---
4.34963E-04 7.77181E-04 7.77181E-04 1.38865E-03 1.38865E-03 2.48120E-03 2.48120E-03 2.48120E-03 4.43334E-03 4.43334E-03 4.43334E-03 4.43334E-03 7.92137E-03 7.92137E-03 7.92137E-03 7.92137E-03 1.41537E-02 1.41537E-02 1.41537E-02 1.41537E-02 1.41537E-02 2.52895E-02 2.52895E-02 2.52895E-02 2.52895E-02 2.52895E-02 4.51866E-02 4.51866E-02 4.51866E-02 4.51866E-02 4.51866E-02 4.51866E-02 8.07383E-02 8.07383E-02 8.07383E-02 8.07383E-02 8.07383E-02 8.07383E-02 8.07383E-02 1.44261E-01 1.44261E-01 1.44261E-01 1.44261E-01 1.44261E-01 1.44261E-01 2.57762E-01 2.57762E-01 2.57762E-01 2.57762E-01 2.57762E-01 2.57762E-01 4.60562E-01 4.60562E-01 4.60562E-01 4.60562E-01 4.60562E-01 4.60562E-01 
1.58489E+00 1.58489E+00 2.51189E+00 1.58489E+00 2.51189E+00 1.58489E+00 2.51189E+00 3.98107E+00 1.58489E+00 2.51189E+00 3.98107E+00 6.30957E+00 1.58489E+00 2.51189E+00 3.98107E+00 6.30957E+00 1.58489E+00 2.51189E+00 3.98107E+00 6.30957E+00 9.99999E+00 1.58489E+00 2.51189E+00 3.98107E+00 6.30957E+00 9.99999E+00 1.58489E+00 2.51189E+00 3.98107E+00 6.30957E+00 9.99999E+00 1.58489E+01 1.58489E+00 2.51189E+00 3.98107E+00 6.30957E+00 9.99999E+00 1.58489E+01 2.51189E+01 2.51189E+00 3.98107E+00 6.30957E+00 9.99999E+00 1.58489E+01 2.51189E+01 3.98107E+00 6.30957E+00 9.99999E+00 1.58489E+01 2.51189E+01 3.98107E+01 6.30957E+00 9.99999E+00 1.58489E+01 2.51189E+01 3.98107E+01 6.30957E+01 
90000 
-4.93813E-05 
4.38517E-05 
3.29867E-05 
1.20032E-04 
2.24167E-04 
1.80362E-04 
3.65697E-04 
8.18572E-04 
2.23747E-04 
4.69051E-04 
1.08147E-03 
2.86119E-03 
2.49363E-04 
5.39193E-04 
1.27330E-03 
3.31539E-03 
2.58018E-04 
5.81417E-04 
1.41674E-03 
3.67805E-03 
1.01210E-02 
2.52263E-04 
6.01862E-04 
1.52282E-03 
3.98410E-03 
1.08005E-02 
2.35615E-04 
6.02210E-04 
1.57944E-03 
4.17207E-03 
1.12044E-02 
3.13424E-02 
2.11837E-04 
5.74979E-04 
1.54296E-03 
4.09132E-03 
1.08922E-02 
2.95947E-02 
8.37347E-02 
5.15526E-04 
1.38727E-03 
3.66166E-03 
9.64186E-03 
2.56007E-02 
6.98715E-02 
1.19845E-03 
3.12697E-03 
8.12577E-03 
2.11826E-02 
5.60832E-02 
1.53414E-01 
2.68049E-03 
6.78761E-03 
1.72533E-02 
4.43286E-02 
1.16734E-01 
3.18089E-01 
---
