PdfType: replica
Format: lhagrid1
---
4.34963E-04 7.77181E-04 7.77181E-04 1.38865E-03 1.38865E-03 2.48120E-03 2.48120E-03 2.48120E-03 4.43334E-03 4.43334E-03 4.43334E-03 4.43334E-03 7.92137E-03 7.92137E-03 7.92137E-03 7.92137E-03 1.41537E-02 1.41537E-02 1.41537E-02 1.41537E-02 1.41537E-02 2.52895E-02 2.52895E-02 2.52895E-02 2.52895E-02 2.52895E-02 4.51866E-02 4.51866E-02 4.51866E-02 4.51866E-02 4.51866E-02 4.51866E-02 8.07383E-02 8.07383E-02 8.07383E-02 8.07383E-02 8.07383E-02 8.07383E-02 8.07383E-02 1.44261E-01 1.44261E-01 1.44261E-01 1.44261E-01 1.44261E-01 1.44261E-01 2.57762E-01 2.57762E-01 2.57762E-01 2.57762E-01 2.57762E-01 2.57762E-01 4.60562E-01 4.60562E-01 4.60562E-01 4.60562E-01 4.60562E-01 4.60562E-01 
1.58489E+00 1.58489E+00 2.51189E+00 1.58489E+00 2.51189E+00 1.58489E+00 2.51189E+00 3.98107E+00 1.58489E+00 2.51189E+00 3.98107E+00 6.30957E+00 1.58489E+00 2.51189E+00 3.98107E+00 6.30957E+00 1.58489E+00 2.51189E+00 3.98107E+00 6.30957E+00 9.99999E+00 1.58489E+00 2.51189E+00 3.98107E+00 6.30957E+00 9.99999E+00 1.58489E+00 2.51189E+00 3.98107E+00 6.30957E+00 9.99999E+00 1.58489E+01 1.58489E+00 2.51189E+00 3.98107E+00 6.30957E+00 9.99999E+00 1.58489E+01 2.51189E+01 2.51189E+00 3.98107E+00 6.30957E+00 9.99999E+00 1.58489E+01 2.51189E+01 3.98107E+00 6.30957E+00 9.99999E+00 1.58489E+01 2.51189E+01 3.98107E+01 6.30957E+00 9.99999E+00 1.58489E+01 2.51189E+01 3.98107E+01 6.30957E+01 
90000 
4.00043E-04 
3.76241E-04 
8.93483E-04 
3.58937E-04 
8.34484E-04 
3.42411E-04 
7.92392E-04 
2.05934E-03 
3.24101E-04 
7.57676E-04 
1.92802E-03 
5.33930E-03 
3.04231E-04 
7.26169E-04 
1.84280E-03 
4.93852E-03 
2.84577E-04 
6.98526E-04 
1.78967E-03 
4.72210E-03 
1.32236E-02 
2.65604E-04 
6.74035E-04 
1.75479E-03 
4.61891E-03 
1.26003E-02 
2.42987E-04 
6.41605E-04 
1.70120E-03 
4.49367E-03 
1.20723E-02 
3.37178E-02 
2.12265E-04 
5.84034E-04 
1.57242E-03 
4.16668E-03 
1.10883E-02 
3.00994E-02 
8.50689E-02 
5.08836E-04 
1.37216E-03 
3.62537E-03 
9.55435E-03 
2.53850E-02 
6.93209E-02 
1.19884E-03 
3.12643E-03 
8.12334E-03 
2.11775E-02 
5.60817E-02 
1.53504E-01 
2.59273E-03 
6.61526E-03 
1.69282E-02 
4.37534E-02 
1.15839E-01 
3.17110E-01 
---
