PdfType: replica
Format: lhagrid1
---
4.34963E-04 7.77181E-04 7.77181E-04 1.38865E-03 1.38865E-03 2.48120E-03 2.48120E-03 2.48120E-03 4.43334E-03 4.43334E-03 4.43334E-03 4.43334E-03 7.92137E-03 7.92137E-03 7.92137E-03 7.92137E-03 1.41537E-02 1.41537E-02 1.41537E-02 1.41537E-02 1.41537E-02 2.52895E-02 2.52895E-02 2.52895E-02 2.52895E-02 2.52895E-02 4.51866E-02 4.51866E-02 4.51866E-02 4.51866E-02 4.51866E-02 4.51866E-02 8.07383E-02 8.07383E-02 8.07383E-02 8.07383E-02 8.07383E-02 8.07383E-02 8.07383E-02 1.44261E-01 1.44261E-01 1.44261E-01 1.44261E-01 1.44261E-01 1.44261E-01 2.57762E-01 2.57762E-01 2.57762E-01 2.57762E-01 2.57762E-01 2.57762E-01 4.60562E-01 4.60562E-01 4.60562E-01 4.60562E-01 4.60562E-01 4.60562E-01 
1.58489E+00 1.58489E+00 2.51189E+00 1.58489E+00 2.51189E+00 1.58489E+00 2.51189E+00 3.98107E+00 1.58489E+00 2.51189E+00 3.98107E+00 6.30957E+00 1.58489E+00 2.51189E+00 3.98107E+00 6.30957E+00 1.58489E+00 2.51189E+00 3.98107E+00 6.30957E+00 9.99999E+00 1.58489E+00 2.51189E+00 3.98107E+00 6.30957E+00 9.99999E+00 1.58489E+00 2.51189E+00 3.98107E+00 6.30957E+00 9.99999E+00 1.58489E+01 1.58489E+00 2.51189E+00 3.98107E+00 6.30957E+00 9.99999E+00 1.58489E+01 2.51189E+01 2.51189E+00 3.98107E+00 6.30957E+00 9.99999E+00 1.58489E+01 2.51189E+01 3.98107E+00 6.30957E+00 9.99999E+00 1.58489E+01 2.51189E+01 3.98107E+01 6.30957E+00 9.99999E+00 1.58489E+01 2.51189E+01 3.98107E+01 6.30957E+01 
90000 
2.49083E-04 
2.52500E-04 
4.76501E-04 
2.56377E-04 
5.26545E-04 
2.60394E-04 
5.67847E-04 
1.34682E-03 
2.64787E-04 
6.02930E-04 
1.44707E-03 
3.80407E-03 
2.70246E-04 
6.31768E-04 
1.52900E-03 
3.93316E-03 
2.76253E-04 
6.52491E-04 
1.59033E-03 
4.04552E-03 
1.09110E-02 
2.77287E-04 
6.57312E-04 
1.61802E-03 
4.12266E-03 
1.09044E-02 
2.61830E-04 
6.32500E-04 
1.58958E-03 
4.10200E-03 
1.08038E-02 
2.98828E-02 
2.28587E-04 
5.78172E-04 
1.50062E-03 
3.94149E-03 
1.04362E-02 
2.83750E-02 
8.06181E-02 
5.19603E-04 
1.38453E-03 
3.67282E-03 
9.75038E-03 
2.61409E-02 
7.20212E-02 
1.23841E-03 
3.28294E-03 
8.67872E-03 
2.29285E-02 
6.12883E-02 
1.68267E-01 
2.68795E-03 
7.06871E-03 
1.84794E-02 
4.84955E-02 
1.29330E-01 
3.50600E-01 
---
