PdfType: replica
Format: lhagrid1
---
4.34963E-04 7.77181E-04 7.77181E-04 1.38865E-03 1.38865E-03 2.48120E-03 2.48120E-03 2.48120E-03 4.43334E-03 4.43334E-03 4.43334E-03 4.43334E-03 7.92137E-03 7.92137E-03 7.92137E-03 7.92137E-03 1.41537E-02 1.41537E-02 1.41537E-02 1.41537E-02 1.41537E-02 2.52895E-02 2.52895E-02 2.52895E-02 2.52895E-02 2.52895E-02 4.51866E-02 4.51866E-02 4.51866E-02 4.51866E-02 4.51866E-02 4.51866E-02 8.07383E-02 8.07383E-02 8.07383E-02 8.07383E-02 8.07383E-02 8.07383E-02 8.07383E-02 1.44261E-01 1.44261E-01 1.44261E-01 1.44261E-01 1.44261E-01 1.44261E-01 2.57762E-01 2.57762E-01 2.57762E-01 2.57762E-01 2.57762E-01 2.57762E-01 4.60562E-01 4.60562E-01 4.60562E-01 4.60562E-01 4.60562E-01 4.60562E-01 
1.58489E+00 1.58489E+00 2.51189E+00 1.58489E+00 2.51189E+00 1.58489E+00 2.51189E+00 3.98107E+00 1.58489E+00 2.51189E+00 3.98107E+00 6.30957E+00 1.58489E+00 2.51189E+00 3.98107E+00 6.30957E+00 1.58489E+00 2.51189E+00 3.98107E+00 6.30957E+00 9.99999E+00 1.58489E+00 2.51189E+00 3.98107E+00 6.30957E+00 9.99999E+00 1.58489E+00 2.51189E+00 3.98107E+00 6.30957E+00 9.99999E+00 1.58489E+01 1.58489E+00 2.51189E+00 3.98107E+00 6.30957E+00 9.99999E+00 1.58489E+01 2.51189E+01 2.51189E+00 3.98107E+00 6.30957E+00 9.99999E+00 1.58489E+01 2.51189E+01 3.98107E+00 6.30957E+00 9.99999E+00 1.58489E+01 2.51189E+01 3.98107E+01 6.30957E+00 9.99999E+00 1.58489E+01 2.51189E+01 3.98107E+01 6.30957E+01 
90000 
7.13520E-04 
5.94677E-04 
1.22366E-03 
4.99464E-04 
1.02316E-03 
4.19253E-04 
8.76594E-04 
2.04171E-03 
3.51343E-04 
7.63990E-04 
1.78801E-03 
4.58159E-03 
2.97379E-04 
6.79771E-04 
1.62620E-03 
4.13871E-03 
2.61433E-04 
6.28632E-04 
1.54956E-03 
3.96634E-03 
1.07204E-02 
2.45561E-04 
6.13484E-04 
1.55336E-03 
4.01859E-03 
1.07236E-02 
2.40163E-04 
6.14170E-04 
1.58462E-03 
4.13336E-03 
1.09469E-02 
3.03109E-02 
2.23832E-04 
5.85484E-04 
1.53462E-03 
4.02815E-03 
1.06379E-02 
2.87976E-02 
8.13957E-02 
5.19575E-04 
1.38345E-03 
3.65306E-03 
9.64479E-03 
2.57276E-02 
7.06074E-02 
1.27552E-03 
3.34583E-03 
8.75159E-03 
2.29414E-02 
6.10423E-02 
1.68038E-01 
2.77420E-03 
7.11820E-03 
1.82312E-02 
4.70376E-02 
1.24201E-01 
3.39461E-01 
---
