PdfType: replica
Format: lhagrid1
---
4.34963E-04 7.77181E-04 7.77181E-04 1.38865E-03 1.38865E-03 2.48120E-03 2.48120E-03 2.48120E-03 4.43334E-03 4.43334E-03 4.43334E-03 4.43334E-03 7.92137E-03 7.92137E-03 7.92137E-03 7.92137E-03 1.41537E-02 1.41537E-02 1.41537E-02 1.41537E-02 1.41537E-02 2.52895E-02 2.52895E-02 2.52895E-02 2.52895E-02 2.52895E-02 4.51866E-02 4.51866E-02 4.51866E-02 4.51866E-02 4.51866E-02 4.51866E-02 8.07383E-02 8.07383E-02 8.07383E-02 8.07383E-02 8.07383E-02 8.07383E-02 8.07383E-02 1.44261E-01 1.44261E-01 1.44261E-01 1.44261E-01 1.44261E-01 1.44261E-01 2.57762E-01 2.57762E-01 2.57762E-01 2.57762E-01 2.57762E-01 2.57762E-01 4.60562E-01 4.60562E-01 4.60562E-01 4.60562E-01 4.60562E-01 4.60562E-01 
1.58489E+00 1.58489E+00 2.51189E+00 1.58489E+00 2.51189E+00 1.58489E+00 2.51189E+00 3.98107E+00 1.58489E+00 2.51189E+00 3.98107E+00 6.30957E+00 1.58489E+00 2.51189E+00 3.98107E+00 6.30957E+00 1.58489E+00 2.51189E+00 3.98107E+00 6.30957E+00 9.99999E+00 1.58489E+00 2.51189E+00 3.98107E+00 6.30957E+00 9.99999E+00 1.58489E+00 2.51189E+00 3.98107E+00 6.30957E+00 9.99999E+00 1.58489E+01 1.58489E+00 2.51189E+00 3.98107E+00 6.30957E+00 9.99999E+00 1.58489E+01 2.51189E+01 2.51189E+00 3.98107E+00 6.30957E+00 9.99999E+00 1.58489E+01 2.51189E+01 3.98107E+00 6.30957E+00 9.99999E+00 1.58489E+01 2.51189E+01 3.98107E+01 6.30957E+00 9.99999E+00 1.58489E+01 2.51189E+01 3.98107E+01 6.30957E+01 
90000 
-3.03606E-04 
-8.84682E-05 
-1.05206E-04 
7.66459E-05 
2.18188E-04 
1.99229E-04 
4.51545E-04 
1.06420E-03 
2.80644E-04 
6.10880E-04 
1.41981E-03 
3.70316E-03 
3.21629E-04 
7.01461E-04 
1.64065E-03 
4.18717E-03 
3.25234E-04 
7.29158E-04 
1.74668E-03 
4.44165E-03 
1.19779E-02 
2.98405E-04 
7.05017E-04 
1.75331E-03 
4.50844E-03 
1.20340E-02 
2.53902E-04 
6.45866E-04 
1.67604E-03 
4.38108E-03 
1.16640E-02 
3.23843E-02 
2.10444E-04 
5.73255E-04 
1.53433E-03 
4.05388E-03 
1.07630E-02 
2.91793E-02 
8.24281E-02 
5.07844E-04 
1.36316E-03 
3.59245E-03 
9.44922E-03 
2.50796E-02 
6.84930E-02 
1.20819E-03 
3.14170E-03 
8.14328E-03 
2.11965E-02 
5.61188E-02 
1.54197E-01 
2.74621E-03 
6.94797E-03 
1.76214E-02 
4.51548E-02 
1.18852E-01 
3.26276E-01 
---
