PdfType: replica
Format: lhagrid1
---
4.34963E-04 7.77181E-04 7.77181E-04 1.38865E-03 1.38865E-03 2.48120E-03 2.48120E-03 2.48120E-03 4.43334E-03 4.43334E-03 4.43334E-03 4.43334E-03 7.92137E-03 7.92137E-03 7.92137E-03 7.92137E-03 1.41537E-02 1.41537E-02 1.41537E-02 1.41537E-02 1.41537E-02 2.52895E-02 2.52895E-02 2.52895E-02 2.52895E-02 2.52895E-02 4.51866E-02 4.51866E-02 4.51866E-02 4.51866E-02 4.51866E-02 4.51866E-02 8.07383E-02 8.07383E-02 8.07383E-02 8.07383E-02 8.07383E-02 8.07383E-02 8.07383E-02 1.44261E-01 1.44261E-01 1.44261E-01 1.44261E-01 1.44261E-01 1.44261E-01 2.57762E-01 2.57762E-01 2.57762E-01 2.57762E-01 2.57762E-01 2.57762E-01 4.60562E-01 4.60562E-01 4.60562E-01 4.60562E-01 4.60562E-01 4.60562E-01 
1.58489E+00 1.58489E+00 2.51189E+00 1.58489E+00 2.51189E+00 1.58489E+00 2.51189E+00 3.98107E+00 1.58489E+00 2.51189E+00 3.98107E+00 6.30957E+00 1.58489E+00 2.51189E+00 3.98107E+00 6.30957E+00 1.58489E+00 2.51189E+00 3.98107E+00 6.30957E+00 9.99999E+00 1.58489E+00 2.51189E+00 3.98107E+00 6.30957E+00 9.99999E+00 1.58489E+00 2.51189E+00 3.98107E+00 6.30957E+00 9.99999E+00 1.58489E+01 1.58489E+00 2.51189E+00 3.98107E+00 6.30957E+00 9.99999E+00 1.58489E+01 2.51189E+01 2.51189E+00 3.98107E+00 6.30957E+00 9.99999E+00 1.58489E+01 2.51189E+01 3.98107E+00 6.30957E+00 9.99999E+00 1.58489E+01 2.51189E+01 3.98107E+01 6.30957E+00 9.99999E+00 1.58489E+01 2.51189E+01 3.98107E+01 6.30957E+01 
90000 
-3.81867E-03 
-1.78447E-03 
-3.16884E-03 
-7.08955E-04 
-1.10490E-03 
-1.47896E-04 
-7.23830E-05 
3.19523E-04 
1.28061E-04 
4.30601E-04 
1.32354E-03 
4.09265E-03 
2.46006E-04 
6.47807E-04 
1.73317E-03 
4.77356E-03 
2.79046E-04 
7.08582E-04 
1.83687E-03 
4.85359E-03 
1.35818E-02 
2.67887E-04 
6.86055E-04 
1.78270E-03 
4.67058E-03 
1.26845E-02 
2.35135E-04 
6.24512E-04 
1.65589E-03 
4.37155E-03 
1.17370E-02 
3.27686E-02 
2.00972E-04 
5.59007E-04 
1.51377E-03 
4.02861E-03 
1.07554E-02 
2.92781E-02 
8.29655E-02 
5.11275E-04 
1.37858E-03 
3.64345E-03 
9.60329E-03 
2.55241E-02 
6.97541E-02 
1.20678E-03 
3.13721E-03 
8.13601E-03 
2.11891E-02 
5.61042E-02 
1.53837E-01 
2.63349E-03 
6.74558E-03 
1.73131E-02 
4.48613E-02 
1.19129E-01 
3.27928E-01 
---
