PdfType: replica
Format: lhagrid1
---
4.34963E-04 7.77181E-04 7.77181E-04 1.38865E-03 1.38865E-03 2.48120E-03 2.48120E-03 2.48120E-03 4.43334E-03 4.43334E-03 4.43334E-03 4.43334E-03 7.92137E-03 7.92137E-03 7.92137E-03 7.92137E-03 1.41537E-02 1.41537E-02 1.41537E-02 1.41537E-02 1.41537E-02 2.52895E-02 2.52895E-02 2.52895E-02 2.52895E-02 2.52895E-02 4.51866E-02 4.51866E-02 4.51866E-02 4.51866E-02 4.51866E-02 4.51866E-02 8.07383E-02 8.07383E-02 8.07383E-02 8.07383E-02 8.07383E-02 8.07383E-02 8.07383E-02 1.44261E-01 1.44261E-01 1.44261E-01 1.44261E-01 1.44261E-01 1.44261E-01 2.57762E-01 2.57762E-01 2.57762E-01 2.57762E-01 2.57762E-01 2.57762E-01 4.60562E-01 4.60562E-01 4.60562E-01 4.60562E-01 4.60562E-01 4.60562E-01 
1.58489E+00 1.58489E+00 2.51189E+00 1.58489E+00 2.51189E+00 1.58489E+00 2.51189E+00 3.98107E+00 1.58489E+00 2.51189E+00 3.98107E+00 6.30957E+00 1.58489E+00 2.51189E+00 3.98107E+00 6.30957E+00 1.58489E+00 2.51189E+00 3.98107E+00 6.30957E+00 9.99999E+00 1.58489E+00 2.51189E+00 3.98107E+00 6.30957E+00 9.99999E+00 1.58489E+00 2.51189E+00 3.98107E+00 6.30957E+00 9.99999E+00 1.58489E+01 1.58489E+00 2.51189E+00 3.98107E+00 6.30957E+00 9.99999E+00 1.58489E+01 2.51189E+01 2.51189E+00 3.98107E+00 6.30957E+00 9.99999E+00 1.58489E+01 2.51189E+01 3.98107E+00 6.30957E+00 9.99999E+00 1.58489E+01 2.51189E+01 3.98107E+01 6.30957E+00 9.99999E+00 1.58489E+01 2.51189E+01 3.98107E+01 6.30957E+01 
90000 
-1.62716E-03 
-9.66033E-04 
-1.86555E-03 
-4.87628E-04 
-8.74684E-04 
-1.38718E-04 
-1.99976E-04 
-3.64537E-04 
1.04259E-04 
2.58336E-04 
6.60950E-04 
1.98123E-03 
2.52071E-04 
5.44682E-04 
1.30239E-03 
3.47139E-03 
3.13119E-04 
6.84813E-04 
1.65645E-03 
4.29784E-03 
1.18569E-02 
3.02448E-04 
7.07315E-04 
1.78174E-03 
4.63958E-03 
1.25657E-02 
2.51106E-04 
6.54351E-04 
1.73201E-03 
4.56973E-03 
1.22697E-02 
3.42233E-02 
2.02518E-04 
5.76391E-04 
1.56866E-03 
4.16308E-03 
1.10754E-02 
3.00104E-02 
8.46313E-02 
5.08973E-04 
1.36899E-03 
3.60397E-03 
9.45663E-03 
2.50361E-02 
6.82005E-02 
1.21196E-03 
3.13697E-03 
8.10026E-03 
2.10295E-02 
5.55619E-02 
1.52253E-01 
2.51133E-03 
6.38888E-03 
1.63246E-02 
4.21934E-02 
1.12073E-01 
3.10447E-01 
---
