PdfType: replica
Format: lhagrid1
---
4.34963E-04 7.77181E-04 7.77181E-04 1.38865E-03 1.38865E-03 2.48120E-03 2.48120E-03 2.48120E-03 4.43334E-03 4.43334E-03 4.43334E-03 4.43334E-03 7.92137E-03 7.92137E-03 7.92137E-03 7.92137E-03 1.41537E-02 1.41537E-02 1.41537E-02 1.41537E-02 1.41537E-02 2.52895E-02 2.52895E-02 2.52895E-02 2.52895E-02 2.52895E-02 4.51866E-02 4.51866E-02 4.51866E-02 4.51866E-02 4.51866E-02 4.51866E-02 8.07383E-02 8.07383E-02 8.07383E-02 8.07383E-02 8.07383E-02 8.07383E-02 8.07383E-02 1.44261E-01 1.44261E-01 1.44261E-01 1.44261E-01 1.44261E-01 1.44261E-01 2.57762E-01 2.57762E-01 2.57762E-01 2.57762E-01 2.57762E-01 2.57762E-01 4.60562E-01 4.60562E-01 4.60562E-01 4.60562E-01 4.60562E-01 4.60562E-01 
1.58489E+00 1.58489E+00 2.51189E+00 1.58489E+00 2.51189E+00 1.58489E+00 2.51189E+00 3.98107E+00 1.58489E+00 2.51189E+00 3.98107E+00 6.30957E+00 1.58489E+00 2.51189E+00 3.98107E+00 6.30957E+00 1.58489E+00 2.51189E+00 3.98107E+00 6.30957E+00 9.99999E+00 1.58489E+00 2.51189E+00 3.98107E+00 6.30957E+00 9.99999E+00 1.58489E+00 2.51189E+00 3.98107E+00 6.30957E+00 9.99999E+00 1.58489E+01 1.58489E+00 2.51189E+00 3.98107E+00 6.30957E+00 9.99999E+00 1.58489E+01 2.51189E+01 2.51189E+00 3.98107E+00 6.30957E+00 9.99999E+00 1.58489E+01 2.51189E+01 3.98107E+00 6.30957E+00 9.99999E+00 1.58489E+01 2.51189E+01 3.98107E+01 6.30957E+00 9.99999E+00 1.58489E+01 2.51189E+01 3.98107E+01 6.30957E+01 
90000 
3.56904E-04 
3.42260E-04 
5.85836E-04 
3.30465E-04 
6.21110E-04 
3.19479E-04 
6.38528E-04 
1.40358E-03 
3.08226E-04 
6.42384E-04 
1.44706E-03 
3.67483E-03 
2.96538E-04 
6.36226E-04 
1.46496E-03 
3.69098E-03 
2.84406E-04 
6.25541E-04 
1.47757E-03 
3.73346E-03 
1.00613E-02 
2.70500E-04 
6.14682E-04 
1.49909E-03 
3.84057E-03 
1.02468E-02 
2.50922E-04 
6.00349E-04 
1.52088E-03 
3.96777E-03 
1.05658E-02 
2.95085E-02 
2.22647E-04 
5.70603E-04 
1.50077E-03 
3.97356E-03 
1.05871E-02 
2.88943E-02 
8.22561E-02 
5.21769E-04 
1.40459E-03 
3.73394E-03 
9.91022E-03 
2.65173E-02 
7.28265E-02 
1.24815E-03 
3.28250E-03 
8.60465E-03 
2.25706E-02 
5.99342E-02 
1.63155E-01 
2.59879E-03 
6.68319E-03 
1.71683E-02 
4.43610E-02 
1.16353E-01 
3.07855E-01 
---
