PdfType: replica
Format: lhagrid1
---
4.34963E-04 7.77181E-04 7.77181E-04 1.38865E-03 1.38865E-03 2.48120E-03 2.48120E-03 2.48120E-03 4.43334E-03 4.43334E-03 4.43334E-03 4.43334E-03 7.92137E-03 7.92137E-03 7.92137E-03 7.92137E-03 1.41537E-02 1.41537E-02 1.41537E-02 1.41537E-02 1.41537E-02 2.52895E-02 2.52895E-02 2.52895E-02 2.52895E-02 2.52895E-02 4.51866E-02 4.51866E-02 4.51866E-02 4.51866E-02 4.51866E-02 4.51866E-02 8.07383E-02 8.07383E-02 8.07383E-02 8.07383E-02 8.07383E-02 8.07383E-02 8.07383E-02 1.44261E-01 1.44261E-01 1.44261E-01 1.44261E-01 1.44261E-01 1.44261E-01 2.57762E-01 2.57762E-01 2.57762E-01 2.57762E-01 2.57762E-01 2.57762E-01 4.60562E-01 4.60562E-01 4.60562E-01 4.60562E-01 4.60562E-01 4.60562E-01 
1.58489E+00 1.58489E+00 2.51189E+00 1.58489E+00 2.51189E+00 1.58489E+00 2.51189E+00 3.98107E+00 1.58489E+00 2.51189E+00 3.98107E+00 6.30957E+00 1.58489E+00 2.51189E+00 3.98107E+00 6.30957E+00 1.58489E+00 2.51189E+00 3.98107E+00 6.30957E+00 9.99999E+00 1.58489E+00 2.51189E+00 3.98107E+00 6.30957E+00 9.99999E+00 1.58489E+00 2.51189E+00 3.98107E+00 6.30957E+00 9.99999E+00 1.58489E+01 1.58489E+00 2.51189E+00 3.98107E+00 6.30957E+00 9.99999E+00 1.58489E+01 2.51189E+01 2.51189E+00 3.98107E+00 6.30957E+00 9.99999E+00 1.58489E+01 2.51189E+01 3.98107E+00 6.30957E+00 9.99999E+00 1.58489E+01 2.51189E+01 3.98107E+01 6.30957E+00 9.99999E+00 1.58489E+01 2.51189E+01 3.98107E+01 6.30957E+01 
90000 
3.78667E-04 
3.60432E-04 
6.58579E-04 
3.44242E-04 
6.67723E-04 
3.28297E-04 
6.72673E-04 
1.57124E-03 
3.12044E-04 
6.74090E-04 
1.59755E-03 
4.19824E-03 
2.96094E-04 
6.71831E-04 
1.62310E-03 
4.19614E-03 
2.81354E-04 
6.66850E-04 
1.64725E-03 
4.23685E-03 
1.15384E-02 
2.67342E-04 
6.58300E-04 
1.66353E-03 
4.29732E-03 
1.14855E-02 
2.50329E-04 
6.38269E-04 
1.64739E-03 
4.28878E-03 
1.13534E-02 
3.13982E-02 
2.25210E-04 
5.92284E-04 
1.55426E-03 
4.07072E-03 
1.07245E-02 
2.89452E-02 
8.15571E-02 
5.17654E-04 
1.37026E-03 
3.59537E-03 
9.43389E-03 
2.50271E-02 
6.83496E-02 
1.18211E-03 
3.09148E-03 
8.06473E-03 
2.11126E-02 
5.61300E-02 
1.54142E-01 
2.71496E-03 
6.97947E-03 
1.79594E-02 
4.65957E-02 
1.23553E-01 
3.37195E-01 
---
