PdfType: replica
Format: lhagrid1
---
4.34963E-04 7.77181E-04 7.77181E-04 1.38865E-03 1.38865E-03 2.48120E-03 2.48120E-03 2.48120E-03 4.43334E-03 4.43334E-03 4.43334E-03 4.43334E-03 7.92137E-03 7.92137E-03 7.92137E-03 7.92137E-03 1.41537E-02 1.41537E-02 1.41537E-02 1.41537E-02 1.41537E-02 2.52895E-02 2.52895E-02 2.52895E-02 2.52895E-02 2.52895E-02 4.51866E-02 4.51866E-02 4.51866E-02 4.51866E-02 4.51866E-02 4.51866E-02 8.07383E-02 8.07383E-02 8.07383E-02 8.07383E-02 8.07383E-02 8.07383E-02 8.07383E-02 1.44261E-01 1.44261E-01 1.44261E-01 1.44261E-01 1.44261E-01 1.44261E-01 2.57762E-01 2.57762E-01 2.57762E-01 2.57762E-01 2.57762E-01 2.57762E-01 4.60562E-01 4.60562E-01 4.60562E-01 4.60562E-01 4.60562E-01 4.60562E-01 
1.58489E+00 1.58489E+00 2.51189E+00 1.58489E+00 2.51189E+00 1.58489E+00 2.51189E+00 3.98107E+00 1.58489E+00 2.51189E+00 3.98107E+00 6.30957E+00 1.58489E+00 2.51189E+00 3.98107E+00 6.30957E+00 1.58489E+00 2.51189E+00 3.98107E+00 6.30957E+00 9.99999E+00 1.58489E+00 2.51189E+00 3.98107E+00 6.30957E+00 9.99999E+00 1.58489E+00 2.51189E+00 3.98107E+00 6.30957E+00 9.99999E+00 1.58489E+01 1.58489E+00 2.51189E+00 3.98107E+00 6.30957E+00 9.99999E+00 1.58489E+01 2.51189E+01 2.51189E+00 3.98107E+00 6.30957E+00 9.99999E+00 1.58489E+01 2.51189E+01 3.98107E+00 6.30957E+00 9.99999E+00 1.58489E+01 2.51189E+01 3.98107E+01 6.30957E+00 9.99999E+00 1.58489E+01 2.51189E+01 3.98107E+01 6.30957E+01 
90000 
2.53345E-04 
2.71174E-04 
4.37369E-04 
2.81898E-04 
5.28332E-04 
2.85872E-04 
5.85059E-04 
1.39823E-03 
2.83803E-04 
6.19836E-04 
1.50498E-03 
4.07137E-03 
2.77188E-04 
6.38606E-04 
1.57731E-03 
4.16628E-03 
2.67695E-04 
6.45693E-04 
1.62667E-03 
4.25106E-03 
1.17574E-02 
2.55829E-04 
6.42791E-04 
1.65346E-03 
4.32292E-03 
1.16897E-02 
2.39951E-04 
6.26075E-04 
1.64226E-03 
4.31528E-03 
1.15214E-02 
3.20526E-02 
2.18509E-04 
5.87979E-04 
1.56333E-03 
4.12061E-03 
1.09119E-02 
2.95412E-02 
8.33902E-02 
5.27102E-04 
1.40253E-03 
3.68347E-03 
9.66582E-03 
2.56195E-02 
6.98754E-02 
1.19830E-03 
3.12108E-03 
8.10942E-03 
2.11517E-02 
5.60510E-02 
1.53518E-01 
2.69407E-03 
6.89224E-03 
1.76559E-02 
4.56259E-02 
1.20584E-01 
3.28424E-01 
---
