PdfType: central
Format: lhagrid1
---
4.34963E-04 7.77181E-04 7.77181E-04 1.38865E-03 1.38865E-03 2.48120E-03 2.48120E-03 2.48120E-03 4.43334E-03 4.43334E-03 4.43334E-03 4.43334E-03 7.92137E-03 7.92137E-03 7.92137E-03 7.92137E-03 1.41537E-02 1.41537E-02 1.41537E-02 1.41537E-02 1.41537E-02 2.52895E-02 2.52895E-02 2.52895E-02 2.52895E-02 2.52895E-02 4.51866E-02 4.51866E-02 4.51866E-02 4.51866E-02 4.51866E-02 4.51866E-02 8.07383E-02 8.07383E-02 8.07383E-02 8.07383E-02 8.07383E-02 8.07383E-02 8.07383E-02 1.44261E-01 1.44261E-01 1.44261E-01 1.44261E-01 1.44261E-01 1.44261E-01 2.57762E-01 2.57762E-01 2.57762E-01 2.57762E-01 2.57762E-01 2.57762E-01 4.60562E-01 4.60562E-01 4.60562E-01 4.60562E-01 4.60562E-01 4.60562E-01 
1.58489E+00 1.58489E+00 2.51189E+00 1.58489E+00 2.51189E+00 1.58489E+00 2.51189E+00 3.98107E+00 1.58489E+00 2.51189E+00 3.98107E+00 6.30957E+00 1.58489E+00 2.51189E+00 3.98107E+00 6.30957E+00 1.58489E+00 2.51189E+00 3.98107E+00 6.30957E+00 9.99999E+00 1.58489E+00 2.51189E+00 3.98107E+00 6.30957E+00 9.99999E+00 1.58489E+00 2.51189E+00 3.98107E+00 6.30957E+00 9.99999E+00 1.58489E+01 1.58489E+00 2.51189E+00 3.98107E+00 6.30957E+00 9.99999E+00 1.58489E+01 2.51189E+01 2.51189E+00 3.98107E+00 6.30957E+00 9.99999E+00 1.58489E+01 2.51189E+01 3.98107E+00 6.30957E+00 9.99999E+00 1.58489E+01 2.51189E+01 3.98107E+01 6.30957E+00 9.99999E+00 1.58489E+01 2.51189E+01 3.98107E+01 6.30957E+01 
90000 
-3.41529E-05 
1.10524E-04 
2.31516E-04 
1.97152E-04 
4.24287E-04 
2.47756E-04 
5.40992E-04 
1.30488E-03 
2.74085E-04 
6.10971E-04 
1.46850E-03 
3.90733E-03 
2.83662E-04 
6.48105E-04 
1.56867E-03 
4.07348E-03 
2.81550E-04 
6.60884E-04 
1.62508E-03 
4.18355E-03 
1.14100E-02 
2.69711E-04 
6.53583E-04 
1.64426E-03 
4.25309E-03 
1.14020E-02 
2.47131E-04 
6.25271E-04 
1.61813E-03 
4.23401E-03 
1.12790E-02 
3.13732E-02 
2.16277E-04 
5.75968E-04 
1.53090E-03 
4.04618E-03 
1.07517E-02 
2.92085E-02 
8.27151E-02 
5.16406E-04 
1.38692E-03 
3.66568E-03 
9.67260E-03 
2.57471E-02 
7.04653E-02 
1.22132E-03 
3.19081E-03 
8.30849E-03 
2.17001E-02 
5.75654E-02 
1.57914E-01 
2.67527E-03 
6.87159E-03 
1.76861E-02 
4.59435E-02 
1.22097E-01 
3.34405E-01 
---
