PdfType: replica
Format: lhagrid1
---
4.34963E-04 7.77181E-04 7.77181E-04 1.38865E-03 1.38865E-03 2.48120E-03 2.48120E-03 2.48120E-03 4.43334E-03 4.43334E-03 4.43334E-03 4.43334E-03 7.92137E-03 7.92137E-03 7.92137E-03 7.92137E-03 1.41537E-02 1.41537E-02 1.41537E-02 1.41537E-02 1.41537E-02 2.52895E-02 2.52895E-02 2.52895E-02 2.52895E-02 2.52895E-02 4.51866E-02 4.51866E-02 4.51866E-02 4.51866E-02 4.51866E-02 4.51866E-02 8.07383E-02 8.07383E-02 8.07383E-02 8.07383E-02 8.07383E-02 8.07383E-02 8.07383E-02 1.44261E-01 1.44261E-01 1.44261E-01 1.44261E-01 1.44261E-01 1.44261E-01 2.57762E-01 2.57762E-01 2.57762E-01 2.57762E-01 2.57762E-01 2.57762E-01 4.60562E-01 4.60562E-01 4.60562E-01 4.60562E-01 4.60562E-01 4.60562E-01 
1.58489E+00 1.58489E+00 2.51189E+00 1.58489E+00 2.51189E+00 1.58489E+00 2.51189E+00 3.98107E+00 1.58489E+00 2.51189E+00 3.98107E+00 6.30957E+00 1.58489E+00 2.51189E+00 3.98107E+00 6.30957E+00 1.58489E+00 2.51189E+00 3.98107E+00 6.30957E+00 9.99999E+00 1.58489E+00 2.51189E+00 3.98107E+00 6.30957E+00 9.99999E+00 1.58489E+00 2.51189E+00 3.98107E+00 6.30957E+00 9.99999E+00 1.58489E+01 1.58489E+00 2.51189E+00 3.98107E+00 6.30957E+00 9.99999E+00 1.58489E+01 2.51189E+01 2.51189E+00 3.98107E+00 6.30957E+00 9.99999E+00 1.58489E+01 2.51189E+01 3.98107E+00 6.30957E+00 9.99999E+00 1.58489E+01 2.51189E+01 3.98107E+01 6.30957E+00 9.99999E+00 1.58489E+01 2.51189E+01 3.98107E+01 6.30957E+01 
90000 
9.03978E-05 
1.61427E-04 
2.90699E-04 
2.13947E-04 
4.27820E-04 
2.50972E-04 
5.26955E-04 
1.22776E-03 
2.74086E-04 
5.96886E-04 
1.40631E-03 
3.69664E-03 
2.85112E-04 
6.40828E-04 
1.53046E-03 
3.94789E-03 
2.85646E-04 
6.60997E-04 
1.60911E-03 
4.12643E-03 
1.11957E-02 
2.74697E-04 
6.57299E-04 
1.64230E-03 
4.24099E-03 
1.13464E-02 
2.49101E-04 
6.26569E-04 
1.61878E-03 
4.23902E-03 
1.13027E-02 
3.14722E-02 
2.14245E-04 
5.72692E-04 
1.52718E-03 
4.04519E-03 
1.07760E-02 
2.93287E-02 
8.31456E-02 
5.11260E-04 
1.37820E-03 
3.64834E-03 
9.64643E-03 
2.57102E-02 
7.04201E-02 
1.21490E-03 
3.17849E-03 
8.28220E-03 
2.16225E-02 
5.73239E-02 
1.57468E-01 
2.64160E-03 
6.66125E-03 
1.68335E-02 
4.30025E-02 
1.13015E-01 
3.11034E-01 
---
