PdfType: replica
Format: lhagrid1
---
4.34963E-04 7.77181E-04 7.77181E-04 1.38865E-03 1.38865E-03 2.48120E-03 2.48120E-03 2.48120E-03 4.43334E-03 4.43334E-03 4.43334E-03 4.43334E-03 7.92137E-03 7.92137E-03 7.92137E-03 7.92137E-03 1.41537E-02 1.41537E-02 1.41537E-02 1.41537E-02 1.41537E-02 2.52895E-02 2.52895E-02 2.52895E-02 2.52895E-02 2.52895E-02 4.51866E-02 4.51866E-02 4.51866E-02 4.51866E-02 4.51866E-02 4.51866E-02 8.07383E-02 8.07383E-02 8.07383E-02 8.07383E-02 8.07383E-02 8.07383E-02 8.07383E-02 1.44261E-01 1.44261E-01 1.44261E-01 1.44261E-01 1.44261E-01 1.44261E-01 2.57762E-01 2.57762E-01 2.57762E-01 2.57762E-01 2.57762E-01 2.57762E-01 4.60562E-01 4.60562E-01 4.60562E-01 4.60562E-01 4.60562E-01 4.60562E-01 
1.58489E+00 1.58489E+00 2.51189E+00 1.58489E+00 2.51189E+00 1.58489E+00 2.51189E+00 3.98107E+00 1.58489E+00 2.51189E+00 3.98107E+00 6.30957E+00 1.58489E+00 2.51189E+00 3.98107E+00 6.30957E+00 1.58489E+00 2.51189E+00 3.98107E+00 6.30957E+00 9.99999E+00 1.58489E+00 2.51189E+00 3.98107E+00 6.30957E+00 9.99999E+00 1.58489E+00 2.51189E+00 3.98107E+00 6.30957E+00 9.99999E+00 1.58489E+01 1.58489E+00 2.51189E+00 3.98107E+00 6.30957E+00 9.99999E+00 1.58489E+01 2.51189E+01 2.51189E+00 3.98107E+00 6.30957E+00 9.99999E+00 1.58489E+01 2.51189E+01 3.98107E+00 6.30957E+00 9.99999E+00 1.58489E+01 2.51189E+01 3.98107E+01 6.30957E+00 9.99999E+00 1.58489E+01 2.51189E+01 3.98107E+01 6.30957E+01 
90000 
-5.33357E-03 
-2.70824E-03 
-4.97159E-03 
-1.23547E-03 
-2.16539E-03 
-4.09832E-04 
-6.55054E-04 
-1.22904E-03 
3.17404E-05 
1.51022E-04 
5.04480E-04 
1.73932E-03 
2.38566E-04 
5.44590E-04 
1.34875E-03 
3.62916E-03 
3.03118E-04 
6.88886E-04 
1.68963E-03 
4.37562E-03 
1.20253E-02 
2.88129E-04 
6.90713E-04 
1.74409E-03 
4.52366E-03 
1.21821E-02 
2.41761E-04 
6.29582E-04 
1.65687E-03 
4.36108E-03 
1.16734E-02 
3.25165E-02 
2.01959E-04 
5.63784E-04 
1.52588E-03 
4.05461E-03 
1.08009E-02 
2.93391E-02 
8.29670E-02 
5.16632E-04 
1.39033E-03 
3.66872E-03 
9.65177E-03 
2.56146E-02 
6.99131E-02 
1.22922E-03 
3.18996E-03 
8.25890E-03 
2.14844E-02 
5.68453E-02 
1.55852E-01 
2.68988E-03 
6.88090E-03 
1.76494E-02 
4.57453E-02 
1.21814E-01 
3.38705E-01 
---
