PdfType: replica
Format: lhagrid1
---
4.34963E-04 7.77181E-04 7.77181E-04 1.38865E-03 1.38865E-03 2.48120E-03 2.48120E-03 2.48120E-03 4.43334E-03 4.43334E-03 4.43334E-03 4.43334E-03 7.92137E-03 7.92137E-03 7.92137E-03 7.92137E-03 1.41537E-02 1.41537E-02 1.41537E-02 1.41537E-02 1.41537E-02 2.52895E-02 2.52895E-02 2.52895E-02 2.52895E-02 2.52895E-02 4.51866E-02 4.51866E-02 4.51866E-02 4.51866E-02 4.51866E-02 4.51866E-02 8.07383E-02 8.07383E-02 8.07383E-02 8.07383E-02 8.07383E-02 8.07383E-02 8.07383E-02 1.44261E-01 1.44261E-01 1.44261E-01 1.44261E-01 1.44261E-01 1.44261E-01 2.57762E-01 2.57762E-01 2.57762E-01 2.57762E-01 2.57762E-01 2.57762E-01 4.60562E-01 4.60562E-01 4.60562E-01 4.60562E-01 4.60562E-01 4.60562E-01 
1.58489E+00 1.58489E+00 2.51189E+00 1.58489E+00 2.51189E+00 1.58489E+00 2.51189E+00 3.98107E+00 1.58489E+00 2.51189E+00 3.98107E+00 6.30957E+00 1.58489E+00 2.51189E+00 3.98107E+00 6.30957E+00 1.58489E+00 2.51189E+00 3.98107E+00 6.30957E+00 9.99999E+00 1.58489E+00 2.51189E+00 3.98107E+00 6.30957E+00 9.99999E+00 1.58489E+00 2.51189E+00 3.98107E+00 6.30957E+00 9.99999E+00 1.58489E+01 1.58489E+00 2.51189E+00 3.98107E+00 6.30957E+00 9.99999E+00 1.58489E+01 2.51189E+01 2.51189E+00 3.98107E+00 6.30957E+00 9.99999E+00 1.58489E+01 2.51189E+01 3.98107E+00 6.30957E+00 9.99999E+00 1.58489E+01 2.51189E+01 3.98107E+01 6.30957E+00 9.99999E+00 1.58489E+01 2.51189E+01 3.98107E+01 6.30957E+01 
90000 
-4.81027E-04 
-2.36807E-04 
-5.26101E-04 
-5.36019E-05 
-1.14805E-04 
8.16643E-05 
1.75349E-04 
4.15781E-04 
1.75163E-04 
3.80173E-04 
9.15740E-04 
2.54418E-03 
2.31627E-04 
5.16929E-04 
1.25923E-03 
3.35671E-03 
2.56488E-04 
5.96641E-04 
1.48504E-03 
3.89493E-03 
1.07935E-02 
2.55852E-04 
6.27997E-04 
1.60835E-03 
4.21832E-03 
1.14443E-02 
2.36719E-04 
6.17934E-04 
1.62996E-03 
4.30388E-03 
1.15444E-02 
3.22249E-02 
2.09559E-04 
5.76478E-04 
1.55197E-03 
4.11640E-03 
1.09550E-02 
2.97476E-02 
8.41192E-02 
5.22449E-04 
1.40465E-03 
3.70541E-03 
9.74938E-03 
2.58755E-02 
7.06257E-02 
1.23232E-03 
3.20172E-03 
8.29523E-03 
2.15849E-02 
5.71073E-02 
1.56463E-01 
2.68660E-03 
6.86404E-03 
1.75853E-02 
4.55131E-02 
1.20846E-01 
3.33487E-01 
---
