PdfType: replica
Format: lhagrid1
---
4.34963E-04 7.77181E-04 7.77181E-04 1.38865E-03 1.38865E-03 2.48120E-03 2.48120E-03 2.48120E-03 4.43334E-03 4.43334E-03 4.43334E-03 4.43334E-03 7.92137E-03 7.92137E-03 7.92137E-03 7.92137E-03 1.41537E-02 1.41537E-02 1.41537E-02 1.41537E-02 1.41537E-02 2.52895E-02 2.52895E-02 2.52895E-02 2.52895E-02 2.52895E-02 4.51866E-02 4.51866E-02 4.51866E-02 4.51866E-02 4.51866E-02 4.51866E-02 8.07383E-02 8.07383E-02 8.07383E-02 8.07383E-02 8.07383E-02 8.07383E-02 8.07383E-02 1.44261E-01 1.44261E-01 1.44261E-01 1.44261E-01 1.44261E-01 1.44261E-01 2.57762E-01 2.57762E-01 2.57762E-01 2.57762E-01 2.57762E-01 2.57762E-01 4.60562E-01 4.60562E-01 4.60562E-01 4.60562E-01 4.60562E-01 4.60562E-01 
1.58489E+00 1.58489E+00 2.51189E+00 1.58489E+00 2.51189E+00 1.58489E+00 2.51189E+00 3.98107E+00 1.58489E+00 2.51189E+00 3.98107E+00 6.30957E+00 1.58489E+00 2.51189E+00 3.98107E+00 6.30957E+00 1.58489E+00 2.51189E+00 3.98107E+00 6.30957E+00 9.99999E+00 1.58489E+00 2.51189E+00 3.98107E+00 6.30957E+00 9.99999E+00 1.58489E+00 2.51189E+00 3.98107E+00 6.30957E+00 9.99999E+00 1.58489E+01 1.58489E+00 2.51189E+00 3.98107E+00 6.30957E+00 9.99999E+00 1.58489E+01 2.51189E+01 2.51189E+00 3.98107E+00 6.30957E+00 9.99999E+00 1.58489E+01 2.51189E+01 3.98107E+00 6.30957E+00 9.99999E+00 1.58489E+01 2.51189E+01 3.98107E+01 6.30957E+00 9.99999E+00 1.58489E+01 2.51189E+01 3.98107E+01 6.30957E+01 
90000 
2.20984E-04 
2.48179E-04 
5.20852E-04 
2.65152E-04 
5.69864E-04 
2.74744E-04 
6.07479E-04 
1.45448E-03 
2.78908E-04 
6.35157E-04 
1.52160E-03 
3.97510E-03 
2.79263E-04 
6.51897E-04 
1.57151E-03 
4.02376E-03 
2.76325E-04 
6.56245E-04 
1.59881E-03 
4.06287E-03 
1.09070E-02 
2.67958E-04 
6.44999E-04 
1.59616E-03 
4.07720E-03 
1.07831E-02 
2.49171E-04 
6.12996E-04 
1.55354E-03 
4.02357E-03 
1.06218E-02 
2.93983E-02 
2.18397E-04 
5.60425E-04 
1.46585E-03 
3.85775E-03 
1.02293E-02 
2.78058E-02 
7.88867E-02 
5.02394E-04 
1.34830E-03 
3.57511E-03 
9.47166E-03 
2.53115E-02 
6.95115E-02 
1.21755E-03 
3.19586E-03 
8.35234E-03 
2.18588E-02 
5.80316E-02 
1.59093E-01 
2.69267E-03 
6.89515E-03 
1.76619E-02 
4.55786E-02 
1.19897E-01 
3.21930E-01 
---
