PdfType: replica
Format: lhagrid1
---
4.34963E-04 7.77181E-04 7.77181E-04 1.38865E-03 1.38865E-03 2.48120E-03 2.48120E-03 2.48120E-03 4.43334E-03 4.43334E-03 4.43334E-03 4.43334E-03 7.92137E-03 7.92137E-03 7.92137E-03 7.92137E-03 1.41537E-02 1.41537E-02 1.41537E-02 1.41537E-02 1.41537E-02 2.52895E-02 2.52895E-02 2.52895E-02 2.52895E-02 2.52895E-02 4.51866E-02 4.51866E-02 4.51866E-02 4.51866E-02 4.51866E-02 4.51866E-02 8.07383E-02 8.07383E-02 8.07383E-02 8.07383E-02 8.07383E-02 8.07383E-02 8.07383E-02 1.44261E-01 1.44261E-01 1.44261E-01 1.44261E-01 1.44261E-01 1.44261E-01 2.57762E-01 2.57762E-01 2.57762E-01 2.57762E-01 2.57762E-01 2.57762E-01 4.60562E-01 4.60562E-01 4.60562E-01 4.60562E-01 4.60562E-01 4.60562E-01 
1.58489E+00 1.58489E+00 2.51189E+00 1.58489E+00 2.51189E+00 1.58489E+00 2.51189E+00 3.98107E+00 1.58489E+00 2.51189E+00 3.98107E+00 6.30957E+00 1.58489E+00 2.51189E+00 3.98107E+00 6.30957E+00 1.58489E+00 2.51189E+00 3.98107E+00 6.30957E+00 9.99999E+00 1.58489E+00 2.51189E+00 3.98107E+00 6.30957E+00 9.99999E+00 1.58489E+00 2.51189E+00 3.98107E+00 6.30957E+00 9.99999E+00 1.58489E+01 1.58489E+00 2.51189E+00 3.98107E+00 6.30957E+00 9.99999E+00 1.58489E+01 2.51189E+01 2.51189E+00 3.98107E+00 6.30957E+00 9.99999E+00 1.58489E+01 2.51189E+01 3.98107E+00 6.30957E+00 9.99999E+00 1.58489E+01 2.51189E+01 3.98107E+01 6.30957E+00 9.99999E+00 1.58489E+01 2.51189E+01 3.98107E+01 6.30957E+01 
90000 
2.81111E-04 
2.97260E-04 
7.64563E-04 
3.09276E-04 
7.62602E-04 
3.15748E-04 
7.64491E-04 
2.04030E-03 
3.16364E-04 
7.65050E-04 
1.97871E-03 
5.50567E-03 
3.11509E-04 
7.59572E-04 
1.93920E-03 
5.18462E-03 
3.00811E-04 
7.43245E-04 
1.89604E-03 
4.96301E-03 
1.37911E-02 
2.81449E-04 
7.08455E-04 
1.82224E-03 
4.74620E-03 
1.28274E-02 
2.49609E-04 
6.47665E-04 
1.69462E-03 
4.44072E-03 
1.18518E-02 
3.29613E-02 
2.10428E-04 
5.70182E-04 
1.52486E-03 
4.03546E-03 
1.07291E-02 
2.91404E-02 
8.24875E-02 
5.09359E-04 
1.37047E-03 
3.62485E-03 
9.56327E-03 
2.54509E-02 
6.96318E-02 
1.21271E-03 
3.15867E-03 
8.21031E-03 
2.14235E-02 
5.67795E-02 
1.55331E-01 
2.63974E-03 
6.82828E-03 
1.76672E-02 
4.60593E-02 
1.22606E-01 
3.35389E-01 
---
