PdfType: replica
Format: lhagrid1
---
4.34963E-04 7.77181E-04 7.77181E-04 1.38865E-03 1.38865E-03 2.48120E-03 2.48120E-03 2.48120E-03 4.43334E-03 4.43334E-03 4.43334E-03 4.43334E-03 7.92137E-03 7.92137E-03 7.92137E-03 7.92137E-03 1.41537E-02 1.41537E-02 1.41537E-02 1.41537E-02 1.41537E-02 2.52895E-02 2.52895E-02 2.52895E-02 2.52895E-02 2.52895E-02 4.51866E-02 4.51866E-02 4.51866E-02 4.51866E-02 4.51866E-02 4.51866E-02 8.07383E-02 8.07383E-02 8.07383E-02 8.07383E-02 8.07383E-02 8.07383E-02 8.07383E-02 1.44261E-01 1.44261E-01 1.44261E-01 1.44261E-01 1.44261E-01 1.44261E-01 2.57762E-01 2.57762E-01 2.57762E-01 2.57762E-01 2.57762E-01 2.57762E-01 4.60562E-01 4.60562E-01 4.60562E-01 4.60562E-01 4.60562E-01 4.60562E-01 
1.58489E+00 1.58489E+00 2.51189E+00 1.58489E+00 2.51189E+00 1.58489E+00 2.51189E+00 3.98107E+00 1.58489E+00 2.51189E+00 3.98107E+00 6.30957E+00 1.58489E+00 2.51189E+00 3.98107E+00 6.30957E+00 1.58489E+00 2.51189E+00 3.98107E+00 6.30957E+00 9.99999E+00 1.58489E+00 2.51189E+00 3.98107E+00 6.30957E+00 9.99999E+00 1.58489E+00 2.51189E+00 3.98107E+00 6.30957E+00 9.99999E+00 1.58489E+01 1.58489E+00 2.51189E+00 3.98107E+00 6.30957E+00 9.99999E+00 1.58489E+01 2.51189E+01 2.51189E+00 3.98107E+00 6.30957E+00 9.99999E+00 1.58489E+01 2.51189E+01 3.98107E+00 6.30957E+00 9.99999E+00 1.58489E+01 2.51189E+01 3.98107E+01 6.30957E+00 9.99999E+00 1.58489E+01 2.51189E+01 3.98107E+01 6.30957E+01 
90000 
5.22541E-04 
5.05508E-04 
6.80263E-04 
4.71676E-04 
7.44251E-04 
4.25585E-04 
7.45844E-04 
1.60243E-03 
3.72847E-04 
7.14639E-04 
1.62283E-03 
4.31913E-03 
3.21374E-04 
6.73038E-04 
1.61144E-03 
4.26786E-03 
2.80075E-04 
6.42509E-04 
1.61879E-03 
4.29523E-03 
1.21275E-02 
2.54453E-04 
6.34742E-04 
1.66320E-03 
4.42864E-03 
1.22166E-02 
2.37898E-04 
6.31828E-04 
1.69251E-03 
4.50737E-03 
1.21957E-02 
3.42442E-02 
2.11753E-04 
5.87539E-04 
1.59159E-03 
4.23141E-03 
1.12920E-02 
3.07032E-02 
8.68667E-02 
4.98759E-04 
1.35858E-03 
3.60857E-03 
9.54682E-03 
2.54277E-02 
6.95380E-02 
1.21397E-03 
3.17637E-03 
8.26911E-03 
2.15805E-02 
5.71657E-02 
1.56269E-01 
2.62365E-03 
6.71628E-03 
1.72504E-02 
4.47807E-02 
1.19342E-01 
3.31195E-01 
---
