PdfType: replica
Format: lhagrid1
---
4.34963E-04 7.77181E-04 7.77181E-04 1.38865E-03 1.38865E-03 2.48120E-03 2.48120E-03 2.48120E-03 4.43334E-03 4.43334E-03 4.43334E-03 4.43334E-03 7.92137E-03 7.92137E-03 7.92137E-03 7.92137E-03 1.41537E-02 1.41537E-02 1.41537E-02 1.41537E-02 1.41537E-02 2.52895E-02 2.52895E-02 2.52895E-02 2.52895E-02 2.52895E-02 4.51866E-02 4.51866E-02 4.51866E-02 4.51866E-02 4.51866E-02 4.51866E-02 8.07383E-02 8.07383E-02 8.07383E-02 8.07383E-02 8.07383E-02 8.07383E-02 8.07383E-02 1.44261E-01 1.44261E-01 1.44261E-01 1.44261E-01 1.44261E-01 1.44261E-01 2.57762E-01 2.57762E-01 2.57762E-01 2.57762E-01 2.57762E-01 2.57762E-01 4.60562E-01 4.60562E-01 4.60562E-01 4.60562E-01 4.60562E-01 4.60562E-01 
1.58489E+00 1.58489E+00 2.51189E+00 1.58489E+00 2.51189E+00 1.58489E+00 2.51189E+00 3.98107E+00 1.58489E+00 2.51189E+00 3.98107E+00 6.30957E+00 1.58489E+00 2.51189E+00 3.98107E+00 6.30957E+00 1.58489E+00 2.51189E+00 3.98107E+00 6.30957E+00 9.99999E+00 1.58489E+00 2.51189E+00 3.98107E+00 6.30957E+00 9.99999E+00 1.58489E+00 2.51189E+00 3.98107E+00 6.30957E+00 9.99999E+00 1.58489E+01 1.58489E+00 2.51189E+00 3.98107E+00 6.30957E+00 9.99999E+00 1.58489E+01 2.51189E+01 2.51189E+00 3.98107E+00 6.30957E+00 9.99999E+00 1.58489E+01 2.51189E+01 3.98107E+00 6.30957E+00 9.99999E+00 1.58489E+01 2.51189E+01 3.98107E+01 6.30957E+00 9.99999E+00 1.58489E+01 2.51189E+01 3.98107E+01 6.30957E+01 
90000 
3.58504E-05 
1.34323E-04 
2.28396E-04 
2.06310E-04 
4.05230E-04 
2.55592E-04 
5.25030E-04 
1.19314E-03 
2.83716E-04 
6.00826E-04 
1.38692E-03 
3.61251E-03 
2.92730E-04 
6.38915E-04 
1.50211E-03 
3.85161E-03 
2.85671E-04 
6.45742E-04 
1.55856E-03 
3.98727E-03 
1.08318E-02 
2.65061E-04 
6.27833E-04 
1.56896E-03 
4.05690E-03 
1.08916E-02 
2.32778E-04 
5.89695E-04 
1.53526E-03 
4.03646E-03 
1.08052E-02 
3.01640E-02 
1.97736E-04 
5.39839E-04 
1.45471E-03 
3.87112E-03 
1.03400E-02 
2.81788E-02 
7.99409E-02 
4.95554E-04 
1.34113E-03 
3.55444E-03 
9.39125E-03 
2.50079E-02 
6.84412E-02 
1.20181E-03 
3.13160E-03 
8.13348E-03 
2.12020E-02 
5.61701E-02 
1.54068E-01 
2.65605E-03 
6.78011E-03 
1.73495E-02 
4.48329E-02 
1.18729E-01 
3.25706E-01 
---
