PdfType: replica
Format: lhagrid1
---
4.34963E-04 7.77181E-04 7.77181E-04 1.38865E-03 1.38865E-03 2.48120E-03 2.48120E-03 2.48120E-03 4.43334E-03 4.43334E-03 4.43334E-03 4.43334E-03 7.92137E-03 7.92137E-03 7.92137E-03 7.92137E-03 1.41537E-02 1.41537E-02 1.41537E-02 1.41537E-02 1.41537E-02 2.52895E-02 2.52895E-02 2.52895E-02 2.52895E-02 2.52895E-02 4.51866E-02 4.51866E-02 4.51866E-02 4.51866E-02 4.51866E-02 4.51866E-02 8.07383E-02 8.07383E-02 8.07383E-02 8.07383E-02 8.07383E-02 8.07383E-02 8.07383E-02 1.44261E-01 1.44261E-01 1.44261E-01 1.44261E-01 1.44261E-01 1.44261E-01 2.57762E-01 2.57762E-01 2.57762E-01 2.57762E-01 2.57762E-01 2.57762E-01 4.60562E-01 4.60562E-01 4.60562E-01 4.60562E-01 4.60562E-01 4.60562E-01 
1.58489E+00 1.58489E+00 2.51189E+00 1.58489E+00 2.51189E+00 1.58489E+00 2.51189E+00 3.98107E+00 1.58489E+00 2.51189E+00 3.98107E+00 6.30957E+00 1.58489E+00 2.51189E+00 3.98107E+00 6.30957E+00 1.58489E+00 2.51189E+00 3.98107E+00 6.30957E+00 9.99999E+00 1.58489E+00 2.51189E+00 3.98107E+00 6.30957E+00 9.99999E+00 1.58489E+00 2.51189E+00 3.98107E+00 6.30957E+00 9.99999E+00 1.58489E+01 1.58489E+00 2.51189E+00 3.98107E+00 6.30957E+00 9.99999E+00 1.58489E+01 2.51189E+01 2.51189E+00 3.98107E+00 6.30957E+00 9.99999E+00 1.58489E+01 2.51189E+01 3.98107E+00 6.30957E+00 9.99999E+00 1.58489E+01 2.51189E+01 3.98107E+01 6.30957E+00 9.99999E+00 1.58489E+01 2.51189E+01 3.98107E+01 6.30957E+01 
90000 
9.90227E-05 
1.94259E-04 
3.03061E-04 
2.62237E-04 
4.76808E-04 
3.05566E-04 
5.88773E-04 
1.28773E-03 
3.25107E-04 
6.52348E-04 
1.46473E-03 
3.78561E-03 
3.22728E-04 
6.75175E-04 
1.56132E-03 
4.00273E-03 
3.02631E-04 
6.67564E-04 
1.60668E-03 
4.13986E-03 
1.13450E-02 
2.71817E-04 
6.43813E-04 
1.62643E-03 
4.25538E-03 
1.15602E-02 
2.39034E-04 
6.15970E-04 
1.62894E-03 
4.32542E-03 
1.16848E-02 
3.28257E-02 
2.10313E-04 
5.81802E-04 
1.58105E-03 
4.21921E-03 
1.12998E-02 
3.08214E-02 
8.74431E-02 
5.29393E-04 
1.43993E-03 
3.81530E-03 
1.00728E-02 
2.67699E-02 
7.30893E-02 
1.25358E-03 
3.25768E-03 
8.42568E-03 
2.18646E-02 
5.76772E-02 
1.57597E-01 
2.62295E-03 
6.64693E-03 
1.69414E-02 
4.37140E-02 
1.15844E-01 
3.19156E-01 
---
