PdfType: replica
Format: lhagrid1
---
4.34963E-04 7.77181E-04 7.77181E-04 1.38865E-03 1.38865E-03 2.48120E-03 2.48120E-03 2.48120E-03 4.43334E-03 4.43334E-03 4.43334E-03 4.43334E-03 7.92137E-03 7.92137E-03 7.92137E-03 7.92137E-03 1.41537E-02 1.41537E-02 1.41537E-02 1.41537E-02 1.41537E-02 2.52895E-02 2.52895E-02 2.52895E-02 2.52895E-02 2.52895E-02 4.51866E-02 4.51866E-02 4.51866E-02 4.51866E-02 4.51866E-02 4.51866E-02 8.07383E-02 8.07383E-02 8.07383E-02 8.07383E-02 8.07383E-02 8.07383E-02 8.07383E-02 1.44261E-01 1.44261E-01 1.44261E-01 1.44261E-01 1.44261E-01 1.44261E-01 2.57762E-01 2.57762E-01 2.57762E-01 2.57762E-01 2.57762E-01 2.57762E-01 4.60562E-01 4.60562E-01 4.60562E-01 4.60562E-01 4.60562E-01 4.60562E-01 
1.58489E+00 1.58489E+00 2.51189E+00 1.58489E+00 2.51189E+00 1.58489E+00 2.51189E+00 3.98107E+00 1.58489E+00 2.51189E+00 3.98107E+00 6.30957E+00 1.58489E+00 2.51189E+00 3.98107E+00 6.30957E+00 1.58489E+00 2.51189E+00 3.98107E+00 6.30957E+00 9.99999E+00 1.58489E+00 2.51189E+00 3.98107E+00 6.30957E+00 9.99999E+00 1.58489E+00 2.51189E+00 3.98107E+00 6.30957E+00 9.99999E+00 1.58489E+01 1.58489E+00 2.51189E+00 3.98107E+00 6.30957E+00 9.99999E+00 1.58489E+01 2.51189E+01 2.51189E+00 3.98107E+00 6.30957E+00 9.99999E+00 1.58489E+01 2.51189E+01 3.98107E+00 6.30957E+00 9.99999E+00 1.58489E+01 2.51189E+01 3.98107E+01 6.30957E+00 9.99999E+00 1.58489E+01 2.51189E+01 3.98107E+01 6.30957E+01 
90000 
-1.79268E-04 
-2.82965E-05 
-1.65072E-05 
7.82125E-05 
2.15974E-04 
1.54315E-04 
3.82031E-04 
9.80531E-04 
2.07927E-04 
5.03992E-04 
1.25906E-03 
3.39612E-03 
2.44195E-04 
5.90698E-04 
1.45983E-03 
3.80305E-03 
2.65980E-04 
6.44737E-04 
1.59255E-03 
4.07902E-03 
1.10176E-02 
2.72629E-04 
6.64075E-04 
1.65348E-03 
4.23057E-03 
1.11951E-02 
2.60292E-04 
6.44413E-04 
1.63408E-03 
4.22248E-03 
1.11139E-02 
3.06587E-02 
2.30006E-04 
5.90540E-04 
1.53879E-03 
4.03194E-03 
1.06427E-02 
2.88117E-02 
8.14477E-02 
5.25174E-04 
1.39867E-03 
3.68806E-03 
9.72336E-03 
2.58859E-02 
7.08767E-02 
1.22801E-03 
3.20902E-03 
8.36026E-03 
2.18369E-02 
5.79125E-02 
1.58753E-01 
2.66172E-03 
6.82978E-03 
1.75475E-02 
4.54751E-02 
1.20464E-01 
3.28272E-01 
---
