PdfType: replica
Format: lhagrid1
---
4.34963E-04 7.77181E-04 7.77181E-04 1.38865E-03 1.38865E-03 2.48120E-03 2.48120E-03 2.48120E-03 4.43334E-03 4.43334E-03 4.43334E-03 4.43334E-03 7.92137E-03 7.92137E-03 7.92137E-03 7.92137E-03 1.41537E-02 1.41537E-02 1.41537E-02 1.41537E-02 1.41537E-02 2.52895E-02 2.52895E-02 2.52895E-02 2.52895E-02 2.52895E-02 4.51866E-02 4.51866E-02 4.51866E-02 4.51866E-02 4.51866E-02 4.51866E-02 8.07383E-02 8.07383E-02 8.07383E-02 8.07383E-02 8.07383E-02 8.07383E-02 8.07383E-02 1.44261E-01 1.44261E-01 1.44261E-01 1.44261E-01 1.44261E-01 1.44261E-01 2.57762E-01 2.57762E-01 2.57762E-01 2.57762E-01 2.57762E-01 2.57762E-01 4.60562E-01 4.60562E-01 4.60562E-01 4.60562E-01 4.60562E-01 4.60562E-01 
1.58489E+00 1.58489E+00 2.51189E+00 1.58489E+00 2.51189E+00 1.58489E+00 2.51189E+00 3.98107E+00 1.58489E+00 2.51189E+00 3.98107E+00 6.30957E+00 1.58489E+00 2.51189E+00 3.98107E+00 6.30957E+00 1.58489E+00 2.51189E+00 3.98107E+00 6.30957E+00 9.99999E+00 1.58489E+00 2.51189E+00 3.98107E+00 6.30957E+00 9.99999E+00 1.58489E+00 2.51189E+00 3.98107E+00 6.30957E+00 9.99999E+00 1.58489E+01 1.58489E+00 2.51189E+00 3.98107E+00 6.30957E+00 9.99999E+00 1.58489E+01 2.51189E+01 2.51189E+00 3.98107E+00 6.30957E+00 9.99999E+00 1.58489E+01 2.51189E+01 3.98107E+00 6.30957E+00 9.99999E+00 1.58489E+01 2.51189E+01 3.98107E+01 6.30957E+00 9.99999E+00 1.58489E+01 2.51189E+01 3.98107E+01 6.30957E+01 
90000 
-1.51327E-03 
-7.86029E-04 
-1.73117E-03 
-3.05832E-04 
-6.99000E-04 
-8.24651E-07 
-6.37566E-05 
-1.77500E-04 
1.73093E-04 
3.17461E-04 
7.60128E-04 
2.29539E-03 
2.51799E-04 
5.27940E-04 
1.30592E-03 
3.60186E-03 
2.69608E-04 
6.27587E-04 
1.60904E-03 
4.31686E-03 
1.22623E-02 
2.57413E-04 
6.60322E-04 
1.74728E-03 
4.64917E-03 
1.27860E-02 
2.35175E-04 
6.45571E-04 
1.73828E-03 
4.60956E-03 
1.24010E-02 
3.45928E-02 
2.06639E-04 
5.81946E-04 
1.57288E-03 
4.16068E-03 
1.10403E-02 
2.98705E-02 
8.41636E-02 
4.97650E-04 
1.34076E-03 
3.53979E-03 
9.31460E-03 
2.47252E-02 
6.75041E-02 
1.21606E-03 
3.15520E-03 
8.16481E-03 
2.12326E-02 
5.61654E-02 
1.53914E-01 
2.44655E-03 
6.29757E-03 
1.62773E-02 
4.25364E-02 
1.14127E-01 
3.18802E-01 
---
