PdfType: replica
Format: lhagrid1
---
4.34963E-04 7.77181E-04 7.77181E-04 1.38865E-03 1.38865E-03 2.48120E-03 2.48120E-03 2.48120E-03 4.43334E-03 4.43334E-03 4.43334E-03 4.43334E-03 7.92137E-03 7.92137E-03 7.92137E-03 7.92137E-03 1.41537E-02 1.41537E-02 1.41537E-02 1.41537E-02 1.41537E-02 2.52895E-02 2.52895E-02 2.52895E-02 2.52895E-02 2.52895E-02 4.51866E-02 4.51866E-02 4.51866E-02 4.51866E-02 4.51866E-02 4.51866E-02 8.07383E-02 8.07383E-02 8.07383E-02 8.07383E-02 8.07383E-02 8.07383E-02 8.07383E-02 1.44261E-01 1.44261E-01 1.44261E-01 1.44261E-01 1.44261E-01 1.44261E-01 2.57762E-01 2.57762E-01 2.57762E-01 2.57762E-01 2.57762E-01 2.57762E-01 4.60562E-01 4.60562E-01 4.60562E-01 4.60562E-01 4.60562E-01 4.60562E-01 
1.58489E+00 1.58489E+00 2.51189E+00 1.58489E+00 2.51189E+00 1.58489E+00 2.51189E+00 3.98107E+00 1.58489E+00 2.51189E+00 3.98107E+00 6.30957E+00 1.58489E+00 2.51189E+00 3.98107E+00 6.30957E+00 1.58489E+00 2.51189E+00 3.98107E+00 6.30957E+00 9.99999E+00 1.58489E+00 2.51189E+00 3.98107E+00 6.30957E+00 9.99999E+00 1.58489E+00 2.51189E+00 3.98107E+00 6.30957E+00 9.99999E+00 1.58489E+01 1.58489E+00 2.51189E+00 3.98107E+00 6.30957E+00 9.99999E+00 1.58489E+01 2.51189E+01 2.51189E+00 3.98107E+00 6.30957E+00 9.99999E+00 1.58489E+01 2.51189E+01 3.98107E+00 6.30957E+00 9.99999E+00 1.58489E+01 2.51189E+01 3.98107E+01 6.30957E+00 9.99999E+00 1.58489E+01 2.51189E+01 3.98107E+01 6.30957E+01 
90000 
3.19867E-04 
3.36759E-04 
6.89920E-04 
3.45619E-04 
7.13359E-04 
3.45695E-04 
7.26188E-04 
1.68681E-03 
3.36725E-04 
7.25329E-04 
1.68760E-03 
4.35012E-03 
3.19412E-04 
7.08490E-04 
1.67082E-03 
4.24545E-03 
2.94885E-04 
6.76778E-04 
1.63506E-03 
4.15629E-03 
1.12072E-02 
2.64273E-04 
6.34418E-04 
1.58590E-03 
4.08712E-03 
1.09195E-02 
2.30628E-04 
5.88913E-04 
1.53234E-03 
4.02369E-03 
1.07427E-02 
2.99278E-02 
2.02827E-04 
5.50528E-04 
1.47622E-03 
3.91901E-03 
1.04392E-02 
2.84022E-02 
8.05191E-02 
5.18813E-04 
1.39113E-03 
3.67011E-03 
9.66253E-03 
2.56740E-02 
7.01767E-02 
1.23018E-03 
3.19962E-03 
8.30286E-03 
2.16377E-02 
5.73296E-02 
1.57296E-01 
2.72290E-03 
6.99722E-03 
1.80126E-02 
4.68038E-02 
1.24624E-01 
3.44019E-01 
---
