PdfType: replica
Format: lhagrid1
---
4.34963E-04 7.77181E-04 7.77181E-04 1.38865E-03 1.38865E-03 2.48120E-03 2.48120E-03 2.48120E-03 4.43334E-03 4.43334E-03 4.43334E-03 4.43334E-03 7.92137E-03 7.92137E-03 7.92137E-03 7.92137E-03 1.41537E-02 1.41537E-02 1.41537E-02 1.41537E-02 1.41537E-02 2.52895E-02 2.52895E-02 2.52895E-02 2.52895E-02 2.52895E-02 4.51866E-02 4.51866E-02 4.51866E-02 4.51866E-02 4.51866E-02 4.51866E-02 8.07383E-02 8.07383E-02 8.07383E-02 8.07383E-02 8.07383E-02 8.07383E-02 8.07383E-02 1.44261E-01 1.44261E-01 1.44261E-01 1.44261E-01 1.44261E-01 1.44261E-01 2.57762E-01 2.57762E-01 2.57762E-01 2.57762E-01 2.57762E-01 2.57762E-01 4.60562E-01 4.60562E-01 4.60562E-01 4.60562E-01 4.60562E-01 4.60562E-01 
1.58489E+00 1.58489E+00 2.51189E+00 1.58489E+00 2.51189E+00 1.58489E+00 2.51189E+00 3.98107E+00 1.58489E+00 2.51189E+00 3.98107E+00 6.30957E+00 1.58489E+00 2.51189E+00 3.98107E+00 6.30957E+00 1.58489E+00 2.51189E+00 3.98107E+00 6.30957E+00 9.99999E+00 1.58489E+00 2.51189E+00 3.98107E+00 6.30957E+00 9.99999E+00 1.58489E+00 2.51189E+00 3.98107E+00 6.30957E+00 9.99999E+00 1.58489E+01 1.58489E+00 2.51189E+00 3.98107E+00 6.30957E+00 9.99999E+00 1.58489E+01 2.51189E+01 2.51189E+00 3.98107E+00 6.30957E+00 9.99999E+00 1.58489E+01 2.51189E+01 3.98107E+00 6.30957E+00 9.99999E+00 1.58489E+01 2.51189E+01 3.98107E+01 6.30957E+00 9.99999E+00 1.58489E+01 2.51189E+01 3.98107E+01 6.30957E+01 
90000 
1.77279E-04 
1.96847E-04 
3.73106E-04 
2.16212E-04 
4.47351E-04 
2.34806E-04 
5.11870E-04 
1.20268E-03 
2.51476E-04 
5.66424E-04 
1.34208E-03 
3.50537E-03 
2.64609E-04 
6.07572E-04 
1.45066E-03 
3.71904E-03 
2.71664E-04 
6.31501E-04 
1.52633E-03 
3.88780E-03 
1.04692E-02 
2.68591E-04 
6.34570E-04 
1.56569E-03 
4.01605E-03 
1.06809E-02 
2.51092E-04 
6.14033E-04 
1.56289E-03 
4.07016E-03 
1.08118E-02 
3.00843E-02 
2.20655E-04 
5.71569E-04 
1.50687E-03 
3.98108E-03 
1.05931E-02 
2.88513E-02 
8.19380E-02 
5.15720E-04 
1.38841E-03 
3.68023E-03 
9.74374E-03 
2.60073E-02 
7.13223E-02 
1.22538E-03 
3.21600E-03 
8.40184E-03 
2.19812E-02 
5.83382E-02 
1.59849E-01 
2.85224E-03 
7.24860E-03 
1.84336E-02 
4.72536E-02 
1.23595E-01 
3.30587E-01 
---
