PdfType: replica
Format: lhagrid1
---
4.34963E-04 7.77181E-04 7.77181E-04 1.38865E-03 1.38865E-03 2.48120E-03 2.48120E-03 2.48120E-03 4.43334E-03 4.43334E-03 4.43334E-03 4.43334E-03 7.92137E-03 7.92137E-03 7.92137E-03 7.92137E-03 1.41537E-02 1.41537E-02 1.41537E-02 1.41537E-02 1.41537E-02 2.52895E-02 2.52895E-02 2.52895E-02 2.52895E-02 2.52895E-02 4.51866E-02 4.51866E-02 4.51866E-02 4.51866E-02 4.51866E-02 4.51866E-02 8.07383E-02 8.07383E-02 8.07383E-02 8.07383E-02 8.07383E-02 8.07383E-02 8.07383E-02 1.44261E-01 1.44261E-01 1.44261E-01 1.44261E-01 1.44261E-01 1.44261E-01 2.57762E-01 2.57762E-01 2.57762E-01 2.57762E-01 2.57762E-01 2.57762E-01 4.60562E-01 4.60562E-01 4.60562E-01 4.60562E-01 4.60562E-01 4.60562E-01 
1.58489E+00 1.58489E+00 2.51189E+00 1.58489E+00 2.51189E+00 1.58489E+00 2.51189E+00 3.98107E+00 1.58489E+00 2.51189E+00 3.98107E+00 6.30957E+00 1.58489E+00 2.51189E+00 3.98107E+00 6.30957E+00 1.58489E+00 2.51189E+00 3.98107E+00 6.30957E+00 9.99999E+00 1.58489E+00 2.51189E+00 3.98107E+00 6.30957E+00 9.99999E+00 1.58489E+00 2.51189E+00 3.98107E+00 6.30957E+00 9.99999E+00 1.58489E+01 1.58489E+00 2.51189E+00 3.98107E+00 6.30957E+00 9.99999E+00 1.58489E+01 2.51189E+01 2.51189E+00 3.98107E+00 6.30957E+00 9.99999E+00 1.58489E+01 2.51189E+01 3.98107E+00 6.30957E+00 9.99999E+00 1.58489E+01 2.51189E+01 3.98107E+01 6.30957E+00 9.99999E+00 1.58489E+01 2.51189E+01 3.98107E+01 6.30957E+01 
90000 
3.08703E-04 
3.11447E-04 
6.70672E-04 
3.14496E-04 
6.84356E-04 
3.15728E-04 
6.99011E-04 
1.71463E-03 
3.13955E-04 
7.10527E-04 
1.72775E-03 
4.59863E-03 
3.08766E-04 
7.14502E-04 
1.74099E-03 
4.51264E-03 
2.99195E-04 
7.06929E-04 
1.74021E-03 
4.46139E-03 
1.21384E-02 
2.81665E-04 
6.81990E-04 
1.70962E-03 
4.39877E-03 
1.17427E-02 
2.51610E-04 
6.34128E-04 
1.63368E-03 
4.25744E-03 
1.13012E-02 
3.13416E-02 
2.14601E-04 
5.70691E-04 
1.51348E-03 
3.99399E-03 
1.05953E-02 
2.87479E-02 
8.13346E-02 
5.11486E-04 
1.36967E-03 
3.61544E-03 
9.52748E-03 
2.53414E-02 
6.93253E-02 
1.21342E-03 
3.16720E-03 
8.24223E-03 
2.15227E-02 
5.70887E-02 
1.56542E-01 
2.67333E-03 
6.81059E-03 
1.73887E-02 
4.47879E-02 
1.17658E-01 
3.15112E-01 
---
