PdfType: replica
Format: lhagrid1
---
4.34963E-04 7.77181E-04 7.77181E-04 1.38865E-03 1.38865E-03 2.48120E-03 2.48120E-03 2.48120E-03 4.43334E-03 4.43334E-03 4.43334E-03 4.43334E-03 7.92137E-03 7.92137E-03 7.92137E-03 7.92137E-03 1.41537E-02 1.41537E-02 1.41537E-02 1.41537E-02 1.41537E-02 2.52895E-02 2.52895E-02 2.52895E-02 2.52895E-02 2.52895E-02 4.51866E-02 4.51866E-02 4.51866E-02 4.51866E-02 4.51866E-02 4.51866E-02 8.07383E-02 8.07383E-02 8.07383E-02 8.07383E-02 8.07383E-02 8.07383E-02 8.07383E-02 1.44261E-01 1.44261E-01 1.44261E-01 1.44261E-01 1.44261E-01 1.44261E-01 2.57762E-01 2.57762E-01 2.57762E-01 2.57762E-01 2.57762E-01 2.57762E-01 4.60562E-01 4.60562E-01 4.60562E-01 4.60562E-01 4.60562E-01 4.60562E-01 
1.58489E+00 1.58489E+00 2.51189E+00 1.58489E+00 2.51189E+00 1.58489E+00 2.51189E+00 3.98107E+00 1.58489E+00 2.51189E+00 3.98107E+00 6.30957E+00 1.58489E+00 2.51189E+00 3.98107E+00 6.30957E+00 1.58489E+00 2.51189E+00 3.98107E+00 6.30957E+00 9.99999E+00 1.58489E+00 2.51189E+00 3.98107E+00 6.30957E+00 9.99999E+00 1.58489E+00 2.51189E+00 3.98107E+00 6.30957E+00 9.99999E+00 1.58489E+01 1.58489E+00 2.51189E+00 3.98107E+00 6.30957E+00 9.99999E+00 1.58489E+01 2.51189E+01 2.51189E+00 3.98107E+00 6.30957E+00 9.99999E+00 1.58489E+01 2.51189E+01 3.98107E+00 6.30957E+00 9.99999E+00 1.58489E+01 2.51189E+01 3.98107E+01 6.30957E+00 9.99999E+00 1.58489E+01 2.51189E+01 3.98107E+01 6.30957E+01 
90000 
6.45478E-04 
5.51641E-04 
1.16614E-03 
4.76626E-04 
9.97951E-04 
4.12073E-04 
8.74054E-04 
2.10004E-03 
3.55093E-04 
7.76617E-04 
1.86090E-03 
4.91364E-03 
3.06732E-04 
7.00244E-04 
1.70507E-03 
4.43575E-03 
2.70036E-04 
6.47706E-04 
1.62015E-03 
4.21188E-03 
1.15943E-02 
2.46484E-04 
6.19830E-04 
1.59398E-03 
4.17132E-03 
1.12850E-02 
2.30190E-04 
6.01357E-04 
1.57997E-03 
4.16049E-03 
1.11312E-02 
3.10251E-02 
2.08498E-04 
5.62464E-04 
1.50063E-03 
3.96667E-03 
1.05367E-02 
2.85983E-02 
8.08904E-02 
5.02444E-04 
1.34835E-03 
3.55856E-03 
9.37558E-03 
2.49209E-02 
6.81193E-02 
1.19132E-03 
3.09267E-03 
8.01059E-03 
2.08330E-02 
5.50794E-02 
1.50798E-01 
2.39066E-03 
6.10684E-03 
1.56415E-02 
4.04632E-02 
1.07271E-01 
2.94503E-01 
---
