PdfType: replica
Format: lhagrid1
---
4.34963E-04 7.77181E-04 7.77181E-04 1.38865E-03 1.38865E-03 2.48120E-03 2.48120E-03 2.48120E-03 4.43334E-03 4.43334E-03 4.43334E-03 4.43334E-03 7.92137E-03 7.92137E-03 7.92137E-03 7.92137E-03 1.41537E-02 1.41537E-02 1.41537E-02 1.41537E-02 1.41537E-02 2.52895E-02 2.52895E-02 2.52895E-02 2.52895E-02 2.52895E-02 4.51866E-02 4.51866E-02 4.51866E-02 4.51866E-02 4.51866E-02 4.51866E-02 8.07383E-02 8.07383E-02 8.07383E-02 8.07383E-02 8.07383E-02 8.07383E-02 8.07383E-02 1.44261E-01 1.44261E-01 1.44261E-01 1.44261E-01 1.44261E-01 1.44261E-01 2.57762E-01 2.57762E-01 2.57762E-01 2.57762E-01 2.57762E-01 2.57762E-01 4.60562E-01 4.60562E-01 4.60562E-01 4.60562E-01 4.60562E-01 4.60562E-01 
1.58489E+00 1.58489E+00 2.51189E+00 1.58489E+00 2.51189E+00 1.58489E+00 2.51189E+00 3.98107E+00 1.58489E+00 2.51189E+00 3.98107E+00 6.30957E+00 1.58489E+00 2.51189E+00 3.98107E+00 6.30957E+00 1.58489E+00 2.51189E+00 3.98107E+00 6.30957E+00 9.99999E+00 1.58489E+00 2.51189E+00 3.98107E+00 6.30957E+00 9.99999E+00 1.58489E+00 2.51189E+00 3.98107E+00 6.30957E+00 9.99999E+00 1.58489E+01 1.58489E+00 2.51189E+00 3.98107E+00 6.30957E+00 9.99999E+00 1.58489E+01 2.51189E+01 2.51189E+00 3.98107E+00 6.30957E+00 9.99999E+00 1.58489E+01 2.51189E+01 3.98107E+00 6.30957E+00 9.99999E+00 1.58489E+01 2.51189E+01 3.98107E+01 6.30957E+00 9.99999E+00 1.58489E+01 2.51189E+01 3.98107E+01 6.30957E+01 
90000 
3.50525E-04 
3.20944E-04 
6.78617E-04 
2.99243E-04 
6.39604E-04 
2.82027E-04 
6.20411E-04 
1.49195E-03 
2.68089E-04 
6.12186E-04 
1.47650E-03 
3.87276E-03 
2.58043E-04 
6.10638E-04 
1.48998E-03 
3.84484E-03 
2.53051E-04 
6.15120E-04 
1.52410E-03 
3.91253E-03 
1.05942E-02 
2.51426E-04 
6.22514E-04 
1.56839E-03 
4.04348E-03 
1.07643E-02 
2.44182E-04 
6.18170E-04 
1.58817E-03 
4.13120E-03 
1.09214E-02 
3.01922E-02 
2.22044E-04 
5.81900E-04 
1.52708E-03 
4.00674E-03 
1.05729E-02 
2.85846E-02 
8.06681E-02 
5.19252E-04 
1.37951E-03 
3.62813E-03 
9.53700E-03 
2.53328E-02 
6.92603E-02 
1.21778E-03 
3.17388E-03 
8.25372E-03 
2.15480E-02 
5.71770E-02 
1.57088E-01 
2.62571E-03 
6.77799E-03 
1.75148E-02 
4.56482E-02 
1.21701E-01 
3.34794E-01 
---
