PdfType: replica
Format: lhagrid1
---
4.34963E-04 7.77181E-04 7.77181E-04 1.38865E-03 1.38865E-03 2.48120E-03 2.48120E-03 2.48120E-03 4.43334E-03 4.43334E-03 4.43334E-03 4.43334E-03 7.92137E-03 7.92137E-03 7.92137E-03 7.92137E-03 1.41537E-02 1.41537E-02 1.41537E-02 1.41537E-02 1.41537E-02 2.52895E-02 2.52895E-02 2.52895E-02 2.52895E-02 2.52895E-02 4.51866E-02 4.51866E-02 4.51866E-02 4.51866E-02 4.51866E-02 4.51866E-02 8.07383E-02 8.07383E-02 8.07383E-02 8.07383E-02 8.07383E-02 8.07383E-02 8.07383E-02 1.44261E-01 1.44261E-01 1.44261E-01 1.44261E-01 1.44261E-01 1.44261E-01 2.57762E-01 2.57762E-01 2.57762E-01 2.57762E-01 2.57762E-01 2.57762E-01 4.60562E-01 4.60562E-01 4.60562E-01 4.60562E-01 4.60562E-01 4.60562E-01 
1.58489E+00 1.58489E+00 2.51189E+00 1.58489E+00 2.51189E+00 1.58489E+00 2.51189E+00 3.98107E+00 1.58489E+00 2.51189E+00 3.98107E+00 6.30957E+00 1.58489E+00 2.51189E+00 3.98107E+00 6.30957E+00 1.58489E+00 2.51189E+00 3.98107E+00 6.30957E+00 9.99999E+00 1.58489E+00 2.51189E+00 3.98107E+00 6.30957E+00 9.99999E+00 1.58489E+00 2.51189E+00 3.98107E+00 6.30957E+00 9.99999E+00 1.58489E+01 1.58489E+00 2.51189E+00 3.98107E+00 6.30957E+00 9.99999E+00 1.58489E+01 2.51189E+01 2.51189E+00 3.98107E+00 6.30957E+00 9.99999E+00 1.58489E+01 2.51189E+01 3.98107E+00 6.30957E+00 9.99999E+00 1.58489E+01 2.51189E+01 3.98107E+01 6.30957E+00 9.99999E+00 1.58489E+01 2.51189E+01 3.98107E+01 6.30957E+01 
90000 
5.42133E-04 
4.65847E-04 
9.45944E-04 
4.09150E-04 
8.39522E-04 
3.64792E-04 
7.71549E-04 
1.80754E-03 
3.29140E-04 
7.24615E-04 
1.70532E-03 
4.39287E-03 
3.00642E-04 
6.88737E-04 
1.64445E-03 
4.18247E-03 
2.78451E-04 
6.59620E-04 
1.60698E-03 
4.08607E-03 
1.09776E-02 
2.60922E-04 
6.35466E-04 
1.58600E-03 
4.07544E-03 
1.08292E-02 
2.44068E-04 
6.12606E-04 
1.57197E-03 
4.09993E-03 
1.08776E-02 
3.01960E-02 
2.22839E-04 
5.82372E-04 
1.53547E-03 
4.05025E-03 
1.07467E-02 
2.91913E-02 
8.27014E-02 
5.35411E-04 
1.43154E-03 
3.77552E-03 
9.94829E-03 
2.64520E-02 
7.23298E-02 
1.24473E-03 
3.23854E-03 
8.40116E-03 
2.18660E-02 
5.78323E-02 
1.58359E-01 
2.60819E-03 
6.64271E-03 
1.69629E-02 
4.37478E-02 
1.15587E-01 
3.15812E-01 
---
