PdfType: replica
Format: lhagrid1
---
4.34963E-04 7.77181E-04 7.77181E-04 1.38865E-03 1.38865E-03 2.48120E-03 2.48120E-03 2.48120E-03 4.43334E-03 4.43334E-03 4.43334E-03 4.43334E-03 7.92137E-03 7.92137E-03 7.92137E-03 7.92137E-03 1.41537E-02 1.41537E-02 1.41537E-02 1.41537E-02 1.41537E-02 2.52895E-02 2.52895E-02 2.52895E-02 2.52895E-02 2.52895E-02 4.51866E-02 4.51866E-02 4.51866E-02 4.51866E-02 4.51866E-02 4.51866E-02 8.07383E-02 8.07383E-02 8.07383E-02 8.07383E-02 8.07383E-02 8.07383E-02 8.07383E-02 1.44261E-01 1.44261E-01 1.44261E-01 1.44261E-01 1.44261E-01 1.44261E-01 2.57762E-01 2.57762E-01 2.57762E-01 2.57762E-01 2.57762E-01 2.57762E-01 4.60562E-01 4.60562E-01 4.60562E-01 4.60562E-01 4.60562E-01 4.60562E-01 
1.58489E+00 1.58489E+00 2.51189E+00 1.58489E+00 2.51189E+00 1.58489E+00 2.51189E+00 3.98107E+00 1.58489E+00 2.51189E+00 3.98107E+00 6.30957E+00 1.58489E+00 2.51189E+00 3.98107E+00 6.30957E+00 1.58489E+00 2.51189E+00 3.98107E+00 6.30957E+00 9.99999E+00 1.58489E+00 2.51189E+00 3.98107E+00 6.30957E+00 9.99999E+00 1.58489E+00 2.51189E+00 3.98107E+00 6.30957E+00 9.99999E+00 1.58489E+01 1.58489E+00 2.51189E+00 3.98107E+00 6.30957E+00 9.99999E+00 1.58489E+01 2.51189E+01 2.51189E+00 3.98107E+00 6.30957E+00 9.99999E+00 1.58489E+01 2.51189E+01 3.98107E+00 6.30957E+00 9.99999E+00 1.58489E+01 2.51189E+01 3.98107E+01 6.30957E+00 9.99999E+00 1.58489E+01 2.51189E+01 3.98107E+01 6.30957E+01 
90000 
-1.47359E-04 
-2.79393E-06 
-6.12333E-05 
1.09932E-04 
2.06798E-04 
1.95266E-04 
3.96951E-04 
8.87146E-04 
2.53657E-04 
5.28245E-04 
1.21228E-03 
3.20155E-03 
2.85326E-04 
6.09075E-04 
1.42779E-03 
3.70006E-03 
2.91606E-04 
6.46177E-04 
1.56189E-03 
4.03377E-03 
1.10790E-02 
2.74643E-04 
6.46407E-04 
1.62819E-03 
4.24870E-03 
1.15140E-02 
2.40454E-04 
6.17586E-04 
1.62816E-03 
4.31328E-03 
1.16193E-02 
3.25668E-02 
2.06261E-04 
5.74538E-04 
1.56153E-03 
4.16681E-03 
1.11439E-02 
3.03670E-02 
8.60964E-02 
5.29296E-04 
1.42888E-03 
3.77612E-03 
9.94768E-03 
2.64226E-02 
7.21592E-02 
1.23458E-03 
3.21825E-03 
8.36491E-03 
2.18341E-02 
5.79292E-02 
1.58991E-01 
2.81542E-03 
7.26642E-03 
1.88002E-02 
4.91032E-02 
1.31268E-01 
3.62334E-01 
---
