PdfType: replica
Format: lhagrid1
---
4.34963E-04 7.77181E-04 7.77181E-04 1.38865E-03 1.38865E-03 2.48120E-03 2.48120E-03 2.48120E-03 4.43334E-03 4.43334E-03 4.43334E-03 4.43334E-03 7.92137E-03 7.92137E-03 7.92137E-03 7.92137E-03 1.41537E-02 1.41537E-02 1.41537E-02 1.41537E-02 1.41537E-02 2.52895E-02 2.52895E-02 2.52895E-02 2.52895E-02 2.52895E-02 4.51866E-02 4.51866E-02 4.51866E-02 4.51866E-02 4.51866E-02 4.51866E-02 8.07383E-02 8.07383E-02 8.07383E-02 8.07383E-02 8.07383E-02 8.07383E-02 8.07383E-02 1.44261E-01 1.44261E-01 1.44261E-01 1.44261E-01 1.44261E-01 1.44261E-01 2.57762E-01 2.57762E-01 2.57762E-01 2.57762E-01 2.57762E-01 2.57762E-01 4.60562E-01 4.60562E-01 4.60562E-01 4.60562E-01 4.60562E-01 4.60562E-01 
1.58489E+00 1.58489E+00 2.51189E+00 1.58489E+00 2.51189E+00 1.58489E+00 2.51189E+00 3.98107E+00 1.58489E+00 2.51189E+00 3.98107E+00 6.30957E+00 1.58489E+00 2.51189E+00 3.98107E+00 6.30957E+00 1.58489E+00 2.51189E+00 3.98107E+00 6.30957E+00 9.99999E+00 1.58489E+00 2.51189E+00 3.98107E+00 6.30957E+00 9.99999E+00 1.58489E+00 2.51189E+00 3.98107E+00 6.30957E+00 9.99999E+00 1.58489E+01 1.58489E+00 2.51189E+00 3.98107E+00 6.30957E+00 9.99999E+00 1.58489E+01 2.51189E+01 2.51189E+00 3.98107E+00 6.30957E+00 9.99999E+00 1.58489E+01 2.51189E+01 3.98107E+00 6.30957E+00 9.99999E+00 1.58489E+01 2.51189E+01 3.98107E+01 6.30957E+00 9.99999E+00 1.58489E+01 2.51189E+01 3.98107E+01 6.30957E+01 
90000 
3.33143E-04 
2.84572E-04 
5.86557E-04 
2.55163E-04 
5.48267E-04 
2.40269E-04 
5.42839E-04 
1.30613E-03 
2.37497E-04 
5.57866E-04 
1.34879E-03 
3.54111E-03 
2.44548E-04 
5.84117E-04 
1.41815E-03 
3.65592E-03 
2.56686E-04 
6.12503E-04 
1.49618E-03 
3.82673E-03 
1.03196E-02 
2.64063E-04 
6.30432E-04 
1.56271E-03 
4.01627E-03 
1.06871E-02 
2.53246E-04 
6.22116E-04 
1.58775E-03 
4.13717E-03 
1.09871E-02 
3.05362E-02 
2.21724E-04 
5.81126E-04 
1.53772E-03 
4.05976E-03 
1.07842E-02 
2.92969E-02 
8.29705E-02 
5.22063E-04 
1.40208E-03 
3.69899E-03 
9.74280E-03 
2.58815E-02 
7.06967E-02 
1.20148E-03 
3.12498E-03 
8.10576E-03 
2.11077E-02 
5.58739E-02 
1.53134E-01 
2.62399E-03 
6.74478E-03 
1.73687E-02 
4.51428E-02 
1.20180E-01 
3.31256E-01 
---
