PdfType: replica
Format: lhagrid1
---
4.34963E-04 7.77181E-04 7.77181E-04 1.38865E-03 1.38865E-03 2.48120E-03 2.48120E-03 2.48120E-03 4.43334E-03 4.43334E-03 4.43334E-03 4.43334E-03 7.92137E-03 7.92137E-03 7.92137E-03 7.92137E-03 1.41537E-02 1.41537E-02 1.41537E-02 1.41537E-02 1.41537E-02 2.52895E-02 2.52895E-02 2.52895E-02 2.52895E-02 2.52895E-02 4.51866E-02 4.51866E-02 4.51866E-02 4.51866E-02 4.51866E-02 4.51866E-02 8.07383E-02 8.07383E-02 8.07383E-02 8.07383E-02 8.07383E-02 8.07383E-02 8.07383E-02 1.44261E-01 1.44261E-01 1.44261E-01 1.44261E-01 1.44261E-01 1.44261E-01 2.57762E-01 2.57762E-01 2.57762E-01 2.57762E-01 2.57762E-01 2.57762E-01 4.60562E-01 4.60562E-01 4.60562E-01 4.60562E-01 4.60562E-01 4.60562E-01 
1.58489E+00 1.58489E+00 2.51189E+00 1.58489E+00 2.51189E+00 1.58489E+00 2.51189E+00 3.98107E+00 1.58489E+00 2.51189E+00 3.98107E+00 6.30957E+00 1.58489E+00 2.51189E+00 3.98107E+00 6.30957E+00 1.58489E+00 2.51189E+00 3.98107E+00 6.30957E+00 9.99999E+00 1.58489E+00 2.51189E+00 3.98107E+00 6.30957E+00 9.99999E+00 1.58489E+00 2.51189E+00 3.98107E+00 6.30957E+00 9.99999E+00 1.58489E+01 1.58489E+00 2.51189E+00 3.98107E+00 6.30957E+00 9.99999E+00 1.58489E+01 2.51189E+01 2.51189E+00 3.98107E+00 6.30957E+00 9.99999E+00 1.58489E+01 2.51189E+01 3.98107E+00 6.30957E+00 9.99999E+00 1.58489E+01 2.51189E+01 3.98107E+01 6.30957E+00 9.99999E+00 1.58489E+01 2.51189E+01 3.98107E+01 6.30957E+01 
90000 
9.25709E-04 
7.37830E-04 
1.50427E-03 
5.98698E-04 
1.21552E-03 
4.91410E-04 
1.01895E-03 
2.35816E-03 
4.07293E-04 
8.77098E-04 
2.03488E-03 
5.16517E-03 
3.42065E-04 
7.70472E-04 
1.81873E-03 
4.57051E-03 
2.93423E-04 
6.90639E-04 
1.67233E-03 
4.21850E-03 
1.12634E-02 
2.59268E-04 
6.33955E-04 
1.57978E-03 
4.04136E-03 
1.06941E-02 
2.35469E-04 
5.94971E-04 
1.52562E-03 
3.96801E-03 
1.04956E-02 
2.90532E-02 
2.14825E-04 
5.60916E-04 
1.47399E-03 
3.87833E-03 
1.02658E-02 
2.78400E-02 
7.88041E-02 
5.16051E-04 
1.37375E-03 
3.61736E-03 
9.52205E-03 
2.53152E-02 
6.92573E-02 
1.20183E-03 
3.13139E-03 
8.13714E-03 
2.12201E-02 
5.62453E-02 
1.54447E-01 
2.61438E-03 
6.71531E-03 
1.72822E-02 
4.48975E-02 
1.19495E-01 
3.29305E-01 
---
