PdfType: replica
Format: lhagrid1
---
4.34963E-04 7.77181E-04 7.77181E-04 1.38865E-03 1.38865E-03 2.48120E-03 2.48120E-03 2.48120E-03 4.43334E-03 4.43334E-03 4.43334E-03 4.43334E-03 7.92137E-03 7.92137E-03 7.92137E-03 7.92137E-03 1.41537E-02 1.41537E-02 1.41537E-02 1.41537E-02 1.41537E-02 2.52895E-02 2.52895E-02 2.52895E-02 2.52895E-02 2.52895E-02 4.51866E-02 4.51866E-02 4.51866E-02 4.51866E-02 4.51866E-02 4.51866E-02 8.07383E-02 8.07383E-02 8.07383E-02 8.07383E-02 8.07383E-02 8.07383E-02 8.07383E-02 1.44261E-01 1.44261E-01 1.44261E-01 1.44261E-01 1.44261E-01 1.44261E-01 2.57762E-01 2.57762E-01 2.57762E-01 2.57762E-01 2.57762E-01 2.57762E-01 4.60562E-01 4.60562E-01 4.60562E-01 4.60562E-01 4.60562E-01 4.60562E-01 
1.58489E+00 1.58489E+00 2.51189E+00 1.58489E+00 2.51189E+00 1.58489E+00 2.51189E+00 3.98107E+00 1.58489E+00 2.51189E+00 3.98107E+00 6.30957E+00 1.58489E+00 2.51189E+00 3.98107E+00 6.30957E+00 1.58489E+00 2.51189E+00 3.98107E+00 6.30957E+00 9.99999E+00 1.58489E+00 2.51189E+00 3.98107E+00 6.30957E+00 9.99999E+00 1.58489E+00 2.51189E+00 3.98107E+00 6.30957E+00 9.99999E+00 1.58489E+01 1.58489E+00 2.51189E+00 3.98107E+00 6.30957E+00 9.99999E+00 1.58489E+01 2.51189E+01 2.51189E+00 3.98107E+00 6.30957E+00 9.99999E+00 1.58489E+01 2.51189E+01 3.98107E+00 6.30957E+00 9.99999E+00 1.58489E+01 2.51189E+01 3.98107E+01 6.30957E+00 9.99999E+00 1.58489E+01 2.51189E+01 3.98107E+01 6.30957E+01 
90000 
-3.32143E-05 
5.89137E-05 
7.04988E-05 
1.35668E-04 
2.60490E-04 
1.97220E-04 
4.01503E-04 
8.92092E-04 
2.41483E-04 
5.03035E-04 
1.14712E-03 
3.00352E-03 
2.66754E-04 
5.68787E-04 
1.32705E-03 
3.42728E-03 
2.73036E-04 
6.03771E-04 
1.45533E-03 
3.75792E-03 
1.03069E-02 
2.62117E-04 
6.14949E-04 
1.54622E-03 
4.03837E-03 
1.09429E-02 
2.38221E-04 
6.06465E-04 
1.59237E-03 
4.21451E-03 
1.13408E-02 
3.17743E-02 
2.09816E-04 
5.75550E-04 
1.55376E-03 
4.13295E-03 
1.10286E-02 
3.00072E-02 
8.49716E-02 
5.18013E-04 
1.39738E-03 
3.69058E-03 
9.72044E-03 
2.58093E-02 
7.04334E-02 
1.20144E-03 
3.13257E-03 
8.13952E-03 
2.12267E-02 
5.62412E-02 
1.54028E-01 
2.65388E-03 
6.80049E-03 
1.74824E-02 
4.54080E-02 
1.20914E-01 
3.33810E-01 
---
