PdfType: replica
Format: lhagrid1
---
4.34963E-04 7.77181E-04 7.77181E-04 1.38865E-03 1.38865E-03 2.48120E-03 2.48120E-03 2.48120E-03 4.43334E-03 4.43334E-03 4.43334E-03 4.43334E-03 7.92137E-03 7.92137E-03 7.92137E-03 7.92137E-03 1.41537E-02 1.41537E-02 1.41537E-02 1.41537E-02 1.41537E-02 2.52895E-02 2.52895E-02 2.52895E-02 2.52895E-02 2.52895E-02 4.51866E-02 4.51866E-02 4.51866E-02 4.51866E-02 4.51866E-02 4.51866E-02 8.07383E-02 8.07383E-02 8.07383E-02 8.07383E-02 8.07383E-02 8.07383E-02 8.07383E-02 1.44261E-01 1.44261E-01 1.44261E-01 1.44261E-01 1.44261E-01 1.44261E-01 2.57762E-01 2.57762E-01 2.57762E-01 2.57762E-01 2.57762E-01 2.57762E-01 4.60562E-01 4.60562E-01 4.60562E-01 4.60562E-01 4.60562E-01 4.60562E-01 
1.58489E+00 1.58489E+00 2.51189E+00 1.58489E+00 2.51189E+00 1.58489E+00 2.51189E+00 3.98107E+00 1.58489E+00 2.51189E+00 3.98107E+00 6.30957E+00 1.58489E+00 2.51189E+00 3.98107E+00 6.30957E+00 1.58489E+00 2.51189E+00 3.98107E+00 6.30957E+00 9.99999E+00 1.58489E+00 2.51189E+00 3.98107E+00 6.30957E+00 9.99999E+00 1.58489E+00 2.51189E+00 3.98107E+00 6.30957E+00 9.99999E+00 1.58489E+01 1.58489E+00 2.51189E+00 3.98107E+00 6.30957E+00 9.99999E+00 1.58489E+01 2.51189E+01 2.51189E+00 3.98107E+00 6.30957E+00 9.99999E+00 1.58489E+01 2.51189E+01 3.98107E+00 6.30957E+00 9.99999E+00 1.58489E+01 2.51189E+01 3.98107E+01 6.30957E+00 9.99999E+00 1.58489E+01 2.51189E+01 3.98107E+01 6.30957E+01 
90000 
1.14475E-04 
1.12756E-04 
2.01539E-04 
1.11612E-04 
2.15703E-04 
1.10590E-04 
2.27626E-04 
5.17444E-04 
1.09463E-04 
2.37218E-04 
5.50860E-04 
1.41690E-03 
1.08064E-04 
2.43392E-04 
5.75438E-04 
1.46278E-03 
1.05848E-04 
2.44578E-04 
5.88321E-04 
1.49130E-03 
4.00483E-03 
1.01205E-04 
2.38143E-04 
5.84505E-04 
1.49495E-03 
3.96932E-03 
9.12864E-05 
2.20547E-04 
5.57974E-04 
1.45563E-03 
3.88021E-03 
1.08617E-02 
7.46131E-05 
1.91522E-04 
5.08882E-04 
1.36702E-03 
3.70244E-03 
1.02730E-02 
2.97312E-02 
1.62367E-04 
4.60023E-04 
1.27651E-03 
3.52137E-03 
9.75269E-03 
2.76618E-02 
4.73242E-04 
1.34597E-03 
3.76280E-03 
1.04411E-02 
2.91978E-02 
8.39144E-02 
2.32466E-03 
6.63278E-03 
1.86437E-02 
5.22114E-02 
1.47989E-01 
4.27716E-01 
---
