PdfType: replica
Format: lhagrid1
---
4.34963E-04 7.77181E-04 7.77181E-04 1.38865E-03 1.38865E-03 2.48120E-03 2.48120E-03 2.48120E-03 4.43334E-03 4.43334E-03 4.43334E-03 4.43334E-03 7.92137E-03 7.92137E-03 7.92137E-03 7.92137E-03 1.41537E-02 1.41537E-02 1.41537E-02 1.41537E-02 1.41537E-02 2.52895E-02 2.52895E-02 2.52895E-02 2.52895E-02 2.52895E-02 4.51866E-02 4.51866E-02 4.51866E-02 4.51866E-02 4.51866E-02 4.51866E-02 8.07383E-02 8.07383E-02 8.07383E-02 8.07383E-02 8.07383E-02 8.07383E-02 8.07383E-02 1.44261E-01 1.44261E-01 1.44261E-01 1.44261E-01 1.44261E-01 1.44261E-01 2.57762E-01 2.57762E-01 2.57762E-01 2.57762E-01 2.57762E-01 2.57762E-01 4.60562E-01 4.60562E-01 4.60562E-01 4.60562E-01 4.60562E-01 4.60562E-01 
1.58489E+00 1.58489E+00 2.51189E+00 1.58489E+00 2.51189E+00 1.58489E+00 2.51189E+00 3.98107E+00 1.58489E+00 2.51189E+00 3.98107E+00 6.30957E+00 1.58489E+00 2.51189E+00 3.98107E+00 6.30957E+00 1.58489E+00 2.51189E+00 3.98107E+00 6.30957E+00 9.99999E+00 1.58489E+00 2.51189E+00 3.98107E+00 6.30957E+00 9.99999E+00 1.58489E+00 2.51189E+00 3.98107E+00 6.30957E+00 9.99999E+00 1.58489E+01 1.58489E+00 2.51189E+00 3.98107E+00 6.30957E+00 9.99999E+00 1.58489E+01 2.51189E+01 2.51189E+00 3.98107E+00 6.30957E+00 9.99999E+00 1.58489E+01 2.51189E+01 3.98107E+00 6.30957E+00 9.99999E+00 1.58489E+01 2.51189E+01 3.98107E+01 6.30957E+00 9.99999E+00 1.58489E+01 2.51189E+01 3.98107E+01 6.30957E+01 
90000 
3.59632E-04 
3.57180E-04 
6.84837E-04 
3.55055E-04 
7.08692E-04 
3.50507E-04 
7.23266E-04 
1.65672E-03 
3.41650E-04 
7.26548E-04 
1.67578E-03 
4.30738E-03 
3.27747E-04 
7.16428E-04 
1.67554E-03 
4.24575E-03 
3.08532E-04 
6.93820E-04 
1.65963E-03 
4.20577E-03 
1.13342E-02 
2.83162E-04 
6.61764E-04 
1.63508E-03 
4.20039E-03 
1.12081E-02 
2.51628E-04 
6.23708E-04 
1.60390E-03 
4.19948E-03 
1.11986E-02 
3.12184E-02 
2.19956E-04 
5.82603E-04 
1.55006E-03 
4.11028E-03 
1.09531E-02 
2.98370E-02 
8.46827E-02 
5.33036E-04 
1.43328E-03 
3.79450E-03 
1.00315E-02 
2.67403E-02 
7.32252E-02 
1.24971E-03 
3.27768E-03 
8.56407E-03 
2.24082E-02 
5.94576E-02 
1.62690E-01 
2.75898E-03 
7.03004E-03 
1.79166E-02 
4.60490E-02 
1.21100E-01 
3.28793E-01 
---
