PdfType: replica
Format: lhagrid1
---
4.34963E-04 7.77181E-04 7.77181E-04 1.38865E-03 1.38865E-03 2.48120E-03 2.48120E-03 2.48120E-03 4.43334E-03 4.43334E-03 4.43334E-03 4.43334E-03 7.92137E-03 7.92137E-03 7.92137E-03 7.92137E-03 1.41537E-02 1.41537E-02 1.41537E-02 1.41537E-02 1.41537E-02 2.52895E-02 2.52895E-02 2.52895E-02 2.52895E-02 2.52895E-02 4.51866E-02 4.51866E-02 4.51866E-02 4.51866E-02 4.51866E-02 4.51866E-02 8.07383E-02 8.07383E-02 8.07383E-02 8.07383E-02 8.07383E-02 8.07383E-02 8.07383E-02 1.44261E-01 1.44261E-01 1.44261E-01 1.44261E-01 1.44261E-01 1.44261E-01 2.57762E-01 2.57762E-01 2.57762E-01 2.57762E-01 2.57762E-01 2.57762E-01 4.60562E-01 4.60562E-01 4.60562E-01 4.60562E-01 4.60562E-01 4.60562E-01 
1.58489E+00 1.58489E+00 2.51189E+00 1.58489E+00 2.51189E+00 1.58489E+00 2.51189E+00 3.98107E+00 1.58489E+00 2.51189E+00 3.98107E+00 6.30957E+00 1.58489E+00 2.51189E+00 3.98107E+00 6.30957E+00 1.58489E+00 2.51189E+00 3.98107E+00 6.30957E+00 9.99999E+00 1.58489E+00 2.51189E+00 3.98107E+00 6.30957E+00 9.99999E+00 1.58489E+00 2.51189E+00 3.98107E+00 6.30957E+00 9.99999E+00 1.58489E+01 1.58489E+00 2.51189E+00 3.98107E+00 6.30957E+00 9.99999E+00 1.58489E+01 2.51189E+01 2.51189E+00 3.98107E+00 6.30957E+00 9.99999E+00 1.58489E+01 2.51189E+01 3.98107E+00 6.30957E+00 9.99999E+00 1.58489E+01 2.51189E+01 3.98107E+01 6.30957E+00 9.99999E+00 1.58489E+01 2.51189E+01 3.98107E+01 6.30957E+01 
90000 
-1.05653E-03 
-3.22995E-04 
-1.07894E-03 
6.99456E-05 
-8.95539E-05 
2.57084E-04 
4.10475E-04 
1.00386E-03 
3.20017E-04 
6.40819E-04 
1.62954E-03 
4.78288E-03 
3.15590E-04 
7.23460E-04 
1.89424E-03 
5.27415E-03 
2.85411E-04 
7.33799E-04 
1.97362E-03 
5.35374E-03 
1.53671E-02 
2.56143E-04 
7.14203E-04 
1.94893E-03 
5.21641E-03 
1.44114E-02 
2.35461E-04 
6.74267E-04 
1.83682E-03 
4.87388E-03 
1.31122E-02 
3.65243E-02 
2.13529E-04 
6.03700E-04 
1.62926E-03 
4.29972E-03 
1.13857E-02 
3.07500E-02 
8.65107E-02 
5.14692E-04 
1.37871E-03 
3.62859E-03 
9.52773E-03 
2.52530E-02 
6.88654E-02 
1.21275E-03 
3.16156E-03 
8.21155E-03 
2.14157E-02 
5.67753E-02 
1.55801E-01 
2.71985E-03 
6.95355E-03 
1.78442E-02 
4.62812E-02 
1.23103E-01 
3.39736E-01 
---
