PdfType: replica
Format: lhagrid1
---
4.34963E-04 7.77181E-04 7.77181E-04 1.38865E-03 1.38865E-03 2.48120E-03 2.48120E-03 2.48120E-03 4.43334E-03 4.43334E-03 4.43334E-03 4.43334E-03 7.92137E-03 7.92137E-03 7.92137E-03 7.92137E-03 1.41537E-02 1.41537E-02 1.41537E-02 1.41537E-02 1.41537E-02 2.52895E-02 2.52895E-02 2.52895E-02 2.52895E-02 2.52895E-02 4.51866E-02 4.51866E-02 4.51866E-02 4.51866E-02 4.51866E-02 4.51866E-02 8.07383E-02 8.07383E-02 8.07383E-02 8.07383E-02 8.07383E-02 8.07383E-02 8.07383E-02 1.44261E-01 1.44261E-01 1.44261E-01 1.44261E-01 1.44261E-01 1.44261E-01 2.57762E-01 2.57762E-01 2.57762E-01 2.57762E-01 2.57762E-01 2.57762E-01 4.60562E-01 4.60562E-01 4.60562E-01 4.60562E-01 4.60562E-01 4.60562E-01 
1.58489E+00 1.58489E+00 2.51189E+00 1.58489E+00 2.51189E+00 1.58489E+00 2.51189E+00 3.98107E+00 1.58489E+00 2.51189E+00 3.98107E+00 6.30957E+00 1.58489E+00 2.51189E+00 3.98107E+00 6.30957E+00 1.58489E+00 2.51189E+00 3.98107E+00 6.30957E+00 9.99999E+00 1.58489E+00 2.51189E+00 3.98107E+00 6.30957E+00 9.99999E+00 1.58489E+00 2.51189E+00 3.98107E+00 6.30957E+00 9.99999E+00 1.58489E+01 1.58489E+00 2.51189E+00 3.98107E+00 6.30957E+00 9.99999E+00 1.58489E+01 2.51189E+01 2.51189E+00 3.98107E+00 6.30957E+00 9.99999E+00 1.58489E+01 2.51189E+01 3.98107E+00 6.30957E+00 9.99999E+00 1.58489E+01 2.51189E+01 3.98107E+01 6.30957E+00 9.99999E+00 1.58489E+01 2.51189E+01 3.98107E+01 6.30957E+01 
90000 
2.74045E-04 
2.72883E-04 
5.65495E-04 
2.72839E-04 
5.83924E-04 
2.72296E-04 
6.01021E-04 
1.47793E-03 
2.70934E-04 
6.16651E-04 
1.51314E-03 
4.08210E-03 
2.69667E-04 
6.30807E-04 
1.55680E-03 
4.09093E-03 
2.69099E-04 
6.43494E-04 
1.60525E-03 
4.16517E-03 
1.14650E-02 
2.65740E-04 
6.48800E-04 
1.64263E-03 
4.26092E-03 
1.14634E-02 
2.49628E-04 
6.30158E-04 
1.62991E-03 
4.26123E-03 
1.13461E-02 
3.15470E-02 
2.17202E-04 
5.76744E-04 
1.53006E-03 
4.04044E-03 
1.07248E-02 
2.91163E-02 
8.24379E-02 
5.11144E-04 
1.37379E-03 
3.63753E-03 
9.60759E-03 
2.56044E-02 
7.01555E-02 
1.23817E-03 
3.24173E-03 
8.45853E-03 
2.21369E-02 
5.88042E-02 
1.61091E-01 
2.67300E-03 
6.92256E-03 
1.79477E-02 
4.68867E-02 
1.24785E-01 
3.38571E-01 
---
