PdfType: replica
Format: lhagrid1
---
4.34963E-04 7.77181E-04 7.77181E-04 1.38865E-03 1.38865E-03 2.48120E-03 2.48120E-03 2.48120E-03 4.43334E-03 4.43334E-03 4.43334E-03 4.43334E-03 7.92137E-03 7.92137E-03 7.92137E-03 7.92137E-03 1.41537E-02 1.41537E-02 1.41537E-02 1.41537E-02 1.41537E-02 2.52895E-02 2.52895E-02 2.52895E-02 2.52895E-02 2.52895E-02 4.51866E-02 4.51866E-02 4.51866E-02 4.51866E-02 4.51866E-02 4.51866E-02 8.07383E-02 8.07383E-02 8.07383E-02 8.07383E-02 8.07383E-02 8.07383E-02 8.07383E-02 1.44261E-01 1.44261E-01 1.44261E-01 1.44261E-01 1.44261E-01 1.44261E-01 2.57762E-01 2.57762E-01 2.57762E-01 2.57762E-01 2.57762E-01 2.57762E-01 4.60562E-01 4.60562E-01 4.60562E-01 4.60562E-01 4.60562E-01 4.60562E-01 
1.58489E+00 1.58489E+00 2.51189E+00 1.58489E+00 2.51189E+00 1.58489E+00 2.51189E+00 3.98107E+00 1.58489E+00 2.51189E+00 3.98107E+00 6.30957E+00 1.58489E+00 2.51189E+00 3.98107E+00 6.30957E+00 1.58489E+00 2.51189E+00 3.98107E+00 6.30957E+00 9.99999E+00 1.58489E+00 2.51189E+00 3.98107E+00 6.30957E+00 9.99999E+00 1.58489E+00 2.51189E+00 3.98107E+00 6.30957E+00 9.99999E+00 1.58489E+01 1.58489E+00 2.51189E+00 3.98107E+00 6.30957E+00 9.99999E+00 1.58489E+01 2.51189E+01 2.51189E+00 3.98107E+00 6.30957E+00 9.99999E+00 1.58489E+01 2.51189E+01 3.98107E+00 6.30957E+00 9.99999E+00 1.58489E+01 2.51189E+01 3.98107E+01 6.30957E+00 9.99999E+00 1.58489E+01 2.51189E+01 3.98107E+01 6.30957E+01 
90000 
-4.51111E-05 
2.73106E-05 
4.67517E-05 
8.61083E-05 
2.00942E-04 
1.36203E-04 
3.25848E-04 
8.09875E-04 
1.79804E-04 
4.31487E-04 
1.06622E-03 
2.88139E-03 
2.17086E-04 
5.18899E-04 
1.27465E-03 
3.33908E-03 
2.45027E-04 
5.82667E-04 
1.43306E-03 
3.69589E-03 
1.00545E-02 
2.55789E-04 
6.11946E-04 
1.52623E-03 
3.94270E-03 
1.05465E-02 
2.41643E-04 
6.00397E-04 
1.54561E-03 
4.05063E-03 
1.08080E-02 
3.01432E-02 
2.12536E-04 
5.65940E-04 
1.51136E-03 
4.01339E-03 
1.07047E-02 
2.91674E-02 
8.27821E-02 
5.24932E-04 
1.41494E-03 
3.74259E-03 
9.87544E-03 
2.62690E-02 
7.18177E-02 
1.24374E-03 
3.23684E-03 
8.39541E-03 
2.18522E-02 
5.77974E-02 
1.58127E-01 
2.48213E-03 
6.38111E-03 
1.64595E-02 
4.28752E-02 
1.14279E-01 
3.13995E-01 
---
