PdfType: replica
Format: lhagrid1
---
4.34963E-04 7.77181E-04 7.77181E-04 1.38865E-03 1.38865E-03 2.48120E-03 2.48120E-03 2.48120E-03 4.43334E-03 4.43334E-03 4.43334E-03 4.43334E-03 7.92137E-03 7.92137E-03 7.92137E-03 7.92137E-03 1.41537E-02 1.41537E-02 1.41537E-02 1.41537E-02 1.41537E-02 2.52895E-02 2.52895E-02 2.52895E-02 2.52895E-02 2.52895E-02 4.51866E-02 4.51866E-02 4.51866E-02 4.51866E-02 4.51866E-02 4.51866E-02 8.07383E-02 8.07383E-02 8.07383E-02 8.07383E-02 8.07383E-02 8.07383E-02 8.07383E-02 1.44261E-01 1.44261E-01 1.44261E-01 1.44261E-01 1.44261E-01 1.44261E-01 2.57762E-01 2.57762E-01 2.57762E-01 2.57762E-01 2.57762E-01 2.57762E-01 4.60562E-01 4.60562E-01 4.60562E-01 4.60562E-01 4.60562E-01 4.60562E-01 
1.58489E+00 1.58489E+00 2.51189E+00 1.58489E+00 2.51189E+00 1.58489E+00 2.51189E+00 3.98107E+00 1.58489E+00 2.51189E+00 3.98107E+00 6.30957E+00 1.58489E+00 2.51189E+00 3.98107E+00 6.30957E+00 1.58489E+00 2.51189E+00 3.98107E+00 6.30957E+00 9.99999E+00 1.58489E+00 2.51189E+00 3.98107E+00 6.30957E+00 9.99999E+00 1.58489E+00 2.51189E+00 3.98107E+00 6.30957E+00 9.99999E+00 1.58489E+01 1.58489E+00 2.51189E+00 3.98107E+00 6.30957E+00 9.99999E+00 1.58489E+01 2.51189E+01 2.51189E+00 3.98107E+00 6.30957E+00 9.99999E+00 1.58489E+01 2.51189E+01 3.98107E+00 6.30957E+00 9.99999E+00 1.58489E+01 2.51189E+01 3.98107E+01 6.30957E+00 9.99999E+00 1.58489E+01 2.51189E+01 3.98107E+01 6.30957E+01 
90000 
-1.65993E-03 
-1.02551E-03 
-2.41690E-03 
-5.53261E-04 
-1.34363E-03 
-2.02793E-04 
-5.90393E-04 
-1.82163E-03 
4.33884E-05 
-5.94155E-05 
-4.29317E-04 
-1.38064E-03 
1.96709E-04 
2.98247E-04 
5.11882E-04 
1.19045E-03 
2.70663E-04 
5.14327E-04 
1.13056E-03 
2.84345E-03 
7.56570E-03 
2.82839E-04 
6.16607E-04 
1.49234E-03 
3.84628E-03 
1.02907E-02 
2.55606E-04 
6.31471E-04 
1.63055E-03 
4.27839E-03 
1.14254E-02 
3.18403E-02 
2.16674E-04 
5.89129E-04 
1.57909E-03 
4.18041E-03 
1.11092E-02 
3.01346E-02 
8.51344E-02 
5.27279E-04 
1.41574E-03 
3.73011E-03 
9.80420E-03 
2.59999E-02 
7.09203E-02 
1.22999E-03 
3.19488E-03 
8.27855E-03 
2.15518E-02 
5.70618E-02 
1.56514E-01 
2.69856E-03 
6.93261E-03 
1.78524E-02 
4.64297E-02 
1.23884E-01 
3.43886E-01 
---
