PdfType: replica
Format: lhagrid1
---
4.34963E-04 7.77181E-04 7.77181E-04 1.38865E-03 1.38865E-03 2.48120E-03 2.48120E-03 2.48120E-03 4.43334E-03 4.43334E-03 4.43334E-03 4.43334E-03 7.92137E-03 7.92137E-03 7.92137E-03 7.92137E-03 1.41537E-02 1.41537E-02 1.41537E-02 1.41537E-02 1.41537E-02 2.52895E-02 2.52895E-02 2.52895E-02 2.52895E-02 2.52895E-02 4.51866E-02 4.51866E-02 4.51866E-02 4.51866E-02 4.51866E-02 4.51866E-02 8.07383E-02 8.07383E-02 8.07383E-02 8.07383E-02 8.07383E-02 8.07383E-02 8.07383E-02 1.44261E-01 1.44261E-01 1.44261E-01 1.44261E-01 1.44261E-01 1.44261E-01 2.57762E-01 2.57762E-01 2.57762E-01 2.57762E-01 2.57762E-01 2.57762E-01 4.60562E-01 4.60562E-01 4.60562E-01 4.60562E-01 4.60562E-01 4.60562E-01 
1.58489E+00 1.58489E+00 2.51189E+00 1.58489E+00 2.51189E+00 1.58489E+00 2.51189E+00 3.98107E+00 1.58489E+00 2.51189E+00 3.98107E+00 6.30957E+00 1.58489E+00 2.51189E+00 3.98107E+00 6.30957E+00 1.58489E+00 2.51189E+00 3.98107E+00 6.30957E+00 9.99999E+00 1.58489E+00 2.51189E+00 3.98107E+00 6.30957E+00 9.99999E+00 1.58489E+00 2.51189E+00 3.98107E+00 6.30957E+00 9.99999E+00 1.58489E+01 1.58489E+00 2.51189E+00 3.98107E+00 6.30957E+00 9.99999E+00 1.58489E+01 2.51189E+01 2.51189E+00 3.98107E+00 6.30957E+00 9.99999E+00 1.58489E+01 2.51189E+01 3.98107E+00 6.30957E+00 9.99999E+00 1.58489E+01 2.51189E+01 3.98107E+01 6.30957E+00 9.99999E+00 1.58489E+01 2.51189E+01 3.98107E+01 6.30957E+01 
90000 
4.86021E-04 
4.07995E-04 
8.04096E-04 
3.55038E-04 
7.24254E-04 
3.18456E-04 
6.80166E-04 
1.59571E-03 
2.93692E-04 
6.57720E-04 
1.56305E-03 
4.07400E-03 
2.78347E-04 
6.48225E-04 
1.56513E-03 
4.02276E-03 
2.70255E-04 
6.45897E-04 
1.58523E-03 
4.05420E-03 
1.09763E-02 
2.64813E-04 
6.43094E-04 
1.60590E-03 
4.12635E-03 
1.09935E-02 
2.52568E-04 
6.26199E-04 
1.59873E-03 
4.15420E-03 
1.10104E-02 
3.05526E-02 
2.25157E-04 
5.82518E-04 
1.53014E-03 
4.02791E-03 
1.06813E-02 
2.90127E-02 
8.22619E-02 
5.21408E-04 
1.39954E-03 
3.70449E-03 
9.79029E-03 
2.61067E-02 
7.16049E-02 
1.24899E-03 
3.27277E-03 
8.54027E-03 
2.23572E-02 
5.94650E-02 
1.63621E-01 
2.74344E-03 
7.10734E-03 
1.85143E-02 
4.87288E-02 
1.30600E-01 
3.53644E-01 
---
