PdfType: replica
Format: lhagrid1
---
4.34963E-04 7.77181E-04 7.77181E-04 1.38865E-03 1.38865E-03 2.48120E-03 2.48120E-03 2.48120E-03 4.43334E-03 4.43334E-03 4.43334E-03 4.43334E-03 7.92137E-03 7.92137E-03 7.92137E-03 7.92137E-03 1.41537E-02 1.41537E-02 1.41537E-02 1.41537E-02 1.41537E-02 2.52895E-02 2.52895E-02 2.52895E-02 2.52895E-02 2.52895E-02 4.51866E-02 4.51866E-02 4.51866E-02 4.51866E-02 4.51866E-02 4.51866E-02 8.07383E-02 8.07383E-02 8.07383E-02 8.07383E-02 8.07383E-02 8.07383E-02 8.07383E-02 1.44261E-01 1.44261E-01 1.44261E-01 1.44261E-01 1.44261E-01 1.44261E-01 2.57762E-01 2.57762E-01 2.57762E-01 2.57762E-01 2.57762E-01 2.57762E-01 4.60562E-01 4.60562E-01 4.60562E-01 4.60562E-01 4.60562E-01 4.60562E-01 
1.58489E+00 1.58489E+00 2.51189E+00 1.58489E+00 2.51189E+00 1.58489E+00 2.51189E+00 3.98107E+00 1.58489E+00 2.51189E+00 3.98107E+00 6.30957E+00 1.58489E+00 2.51189E+00 3.98107E+00 6.30957E+00 1.58489E+00 2.51189E+00 3.98107E+00 6.30957E+00 9.99999E+00 1.58489E+00 2.51189E+00 3.98107E+00 6.30957E+00 9.99999E+00 1.58489E+00 2.51189E+00 3.98107E+00 6.30957E+00 9.99999E+00 1.58489E+01 1.58489E+00 2.51189E+00 3.98107E+00 6.30957E+00 9.99999E+00 1.58489E+01 2.51189E+01 2.51189E+00 3.98107E+00 6.30957E+00 9.99999E+00 1.58489E+01 2.51189E+01 3.98107E+00 6.30957E+00 9.99999E+00 1.58489E+01 2.51189E+01 3.98107E+01 6.30957E+00 9.99999E+00 1.58489E+01 2.51189E+01 3.98107E+01 6.30957E+01 
90000 
-3.17548E-05 
8.15341E-05 
1.25410E-04 
1.62866E-04 
3.22873E-04 
2.19270E-04 
4.57950E-04 
1.05493E-03 
2.54517E-04 
5.48491E-04 
1.28357E-03 
3.37989E-03 
2.72151E-04 
6.03743E-04 
1.43594E-03 
3.71174E-03 
2.75747E-04 
6.31161E-04 
1.53548E-03 
3.94962E-03 
1.07659E-02 
2.66722E-04 
6.35386E-04 
1.59235E-03 
4.12775E-03 
1.10908E-02 
2.43876E-04 
6.15594E-04 
1.59859E-03 
4.20111E-03 
1.12324E-02 
3.13378E-02 
2.12968E-04 
5.74209E-04 
1.53756E-03 
4.08046E-03 
1.08736E-02 
2.95890E-02 
8.38551E-02 
5.23964E-04 
1.40922E-03 
3.72356E-03 
9.81844E-03 
2.61108E-02 
7.13802E-02 
1.22577E-03 
3.19814E-03 
8.31902E-03 
2.17115E-02 
5.75585E-02 
1.57765E-01 
2.74258E-03 
7.02525E-03 
1.80181E-02 
4.66140E-02 
1.23303E-01 
3.35835E-01 
---
