PdfType: replica
Format: lhagrid1
---
4.34963E-04 7.77181E-04 7.77181E-04 1.38865E-03 1.38865E-03 2.48120E-03 2.48120E-03 2.48120E-03 4.43334E-03 4.43334E-03 4.43334E-03 4.43334E-03 7.92137E-03 7.92137E-03 7.92137E-03 7.92137E-03 1.41537E-02 1.41537E-02 1.41537E-02 1.41537E-02 1.41537E-02 2.52895E-02 2.52895E-02 2.52895E-02 2.52895E-02 2.52895E-02 4.51866E-02 4.51866E-02 4.51866E-02 4.51866E-02 4.51866E-02 4.51866E-02 8.07383E-02 8.07383E-02 8.07383E-02 8.07383E-02 8.07383E-02 8.07383E-02 8.07383E-02 1.44261E-01 1.44261E-01 1.44261E-01 1.44261E-01 1.44261E-01 1.44261E-01 2.57762E-01 2.57762E-01 2.57762E-01 2.57762E-01 2.57762E-01 2.57762E-01 4.60562E-01 4.60562E-01 4.60562E-01 4.60562E-01 4.60562E-01 4.60562E-01 
1.58489E+00 1.58489E+00 2.51189E+00 1.58489E+00 2.51189E+00 1.58489E+00 2.51189E+00 3.98107E+00 1.58489E+00 2.51189E+00 3.98107E+00 6.30957E+00 1.58489E+00 2.51189E+00 3.98107E+00 6.30957E+00 1.58489E+00 2.51189E+00 3.98107E+00 6.30957E+00 9.99999E+00 1.58489E+00 2.51189E+00 3.98107E+00 6.30957E+00 9.99999E+00 1.58489E+00 2.51189E+00 3.98107E+00 6.30957E+00 9.99999E+00 1.58489E+01 1.58489E+00 2.51189E+00 3.98107E+00 6.30957E+00 9.99999E+00 1.58489E+01 2.51189E+01 2.51189E+00 3.98107E+00 6.30957E+00 9.99999E+00 1.58489E+01 2.51189E+01 3.98107E+00 6.30957E+00 9.99999E+00 1.58489E+01 2.51189E+01 3.98107E+01 6.30957E+00 9.99999E+00 1.58489E+01 2.51189E+01 3.98107E+01 6.30957E+01 
90000 
5.55125E-04 
4.98719E-04 
1.02000E-03 
4.52883E-04 
9.35844E-04 
4.12678E-04 
8.75406E-04 
2.06285E-03 
3.76001E-04 
8.26278E-04 
1.94849E-03 
5.00683E-03 
3.42420E-04 
7.80158E-04 
1.85751E-03 
4.68269E-03 
3.11626E-04 
7.31829E-04 
1.76623E-03 
4.42508E-03 
1.17577E-02 
2.81950E-04 
6.76847E-04 
1.65944E-03 
4.18401E-03 
1.09351E-02 
2.50452E-04 
6.12740E-04 
1.53376E-03 
3.92857E-03 
1.02575E-02 
2.81452E-02 
2.17051E-04 
5.46364E-04 
1.40851E-03 
3.68185E-03 
9.70246E-03 
2.62868E-02 
7.44640E-02 
4.93882E-04 
1.31372E-03 
3.47906E-03 
9.21557E-03 
2.46560E-02 
6.78077E-02 
1.21465E-03 
3.19186E-03 
8.35567E-03 
2.18894E-02 
5.81228E-02 
1.59079E-01 
2.59841E-03 
6.59394E-03 
1.67455E-02 
4.28787E-02 
1.12118E-01 
3.00571E-01 
---
