PdfType: replica
Format: lhagrid1
---
4.34963E-04 7.77181E-04 7.77181E-04 1.38865E-03 1.38865E-03 2.48120E-03 2.48120E-03 2.48120E-03 4.43334E-03 4.43334E-03 4.43334E-03 4.43334E-03 7.92137E-03 7.92137E-03 7.92137E-03 7.92137E-03 1.41537E-02 1.41537E-02 1.41537E-02 1.41537E-02 1.41537E-02 2.52895E-02 2.52895E-02 2.52895E-02 2.52895E-02 2.52895E-02 4.51866E-02 4.51866E-02 4.51866E-02 4.51866E-02 4.51866E-02 4.51866E-02 8.07383E-02 8.07383E-02 8.07383E-02 8.07383E-02 8.07383E-02 8.07383E-02 8.07383E-02 1.44261E-01 1.44261E-01 1.44261E-01 1.44261E-01 1.44261E-01 1.44261E-01 2.57762E-01 2.57762E-01 2.57762E-01 2.57762E-01 2.57762E-01 2.57762E-01 4.60562E-01 4.60562E-01 4.60562E-01 4.60562E-01 4.60562E-01 4.60562E-01 
1.58489E+00 1.58489E+00 2.51189E+00 1.58489E+00 2.51189E+00 1.58489E+00 2.51189E+00 3.98107E+00 1.58489E+00 2.51189E+00 3.98107E+00 6.30957E+00 1.58489E+00 2.51189E+00 3.98107E+00 6.30957E+00 1.58489E+00 2.51189E+00 3.98107E+00 6.30957E+00 9.99999E+00 1.58489E+00 2.51189E+00 3.98107E+00 6.30957E+00 9.99999E+00 1.58489E+00 2.51189E+00 3.98107E+00 6.30957E+00 9.99999E+00 1.58489E+01 1.58489E+00 2.51189E+00 3.98107E+00 6.30957E+00 9.99999E+00 1.58489E+01 2.51189E+01 2.51189E+00 3.98107E+00 6.30957E+00 9.99999E+00 1.58489E+01 2.51189E+01 3.98107E+00 6.30957E+00 9.99999E+00 1.58489E+01 2.51189E+01 3.98107E+01 6.30957E+00 9.99999E+00 1.58489E+01 2.51189E+01 3.98107E+01 6.30957E+01 
90000 
1.40590E-04 
1.42897E-04 
3.22854E-04 
1.52695E-04 
3.55989E-04 
1.69133E-04 
4.05683E-04 
1.02706E-03 
1.91317E-04 
4.67387E-04 
1.17168E-03 
3.16307E-03 
2.17856E-04 
5.35437E-04 
1.33497E-03 
3.50736E-03 
2.45317E-04 
6.01484E-04 
1.49987E-03 
3.88129E-03 
1.05515E-02 
2.64424E-04 
6.49031E-04 
1.63210E-03 
4.21427E-03 
1.12280E-02 
2.59013E-04 
6.51161E-04 
1.67115E-03 
4.34663E-03 
1.14966E-02 
3.17805E-02 
2.24514E-04 
5.93914E-04 
1.56729E-03 
4.11919E-03 
1.08886E-02 
2.94500E-02 
8.30520E-02 
5.11208E-04 
1.37159E-03 
3.62087E-03 
9.54159E-03 
2.53745E-02 
6.94108E-02 
1.23576E-03 
3.22843E-03 
8.40088E-03 
2.19384E-02 
5.82426E-02 
1.60374E-01 
2.79428E-03 
7.09627E-03 
1.80864E-02 
4.66123E-02 
1.23452E-01 
3.41129E-01 
---
