PdfType: replica
Format: lhagrid1
---
4.34963E-04 7.77181E-04 7.77181E-04 1.38865E-03 1.38865E-03 2.48120E-03 2.48120E-03 2.48120E-03 4.43334E-03 4.43334E-03 4.43334E-03 4.43334E-03 7.92137E-03 7.92137E-03 7.92137E-03 7.92137E-03 1.41537E-02 1.41537E-02 1.41537E-02 1.41537E-02 1.41537E-02 2.52895E-02 2.52895E-02 2.52895E-02 2.52895E-02 2.52895E-02 4.51866E-02 4.51866E-02 4.51866E-02 4.51866E-02 4.51866E-02 4.51866E-02 8.07383E-02 8.07383E-02 8.07383E-02 8.07383E-02 8.07383E-02 8.07383E-02 8.07383E-02 1.44261E-01 1.44261E-01 1.44261E-01 1.44261E-01 1.44261E-01 1.44261E-01 2.57762E-01 2.57762E-01 2.57762E-01 2.57762E-01 2.57762E-01 2.57762E-01 4.60562E-01 4.60562E-01 4.60562E-01 4.60562E-01 4.60562E-01 4.60562E-01 
1.58489E+00 1.58489E+00 2.51189E+00 1.58489E+00 2.51189E+00 1.58489E+00 2.51189E+00 3.98107E+00 1.58489E+00 2.51189E+00 3.98107E+00 6.30957E+00 1.58489E+00 2.51189E+00 3.98107E+00 6.30957E+00 1.58489E+00 2.51189E+00 3.98107E+00 6.30957E+00 9.99999E+00 1.58489E+00 2.51189E+00 3.98107E+00 6.30957E+00 9.99999E+00 1.58489E+00 2.51189E+00 3.98107E+00 6.30957E+00 9.99999E+00 1.58489E+01 1.58489E+00 2.51189E+00 3.98107E+00 6.30957E+00 9.99999E+00 1.58489E+01 2.51189E+01 2.51189E+00 3.98107E+00 6.30957E+00 9.99999E+00 1.58489E+01 2.51189E+01 3.98107E+00 6.30957E+00 9.99999E+00 1.58489E+01 2.51189E+01 3.98107E+01 6.30957E+00 9.99999E+00 1.58489E+01 2.51189E+01 3.98107E+01 6.30957E+01 
90000 
-1.96352E-04 
-6.63219E-05 
-1.51962E-04 
4.48665E-05 
1.05863E-04 
1.38119E-04 
3.03794E-04 
6.79507E-04 
2.10376E-04 
4.52302E-04 
1.03336E-03 
2.70592E-03 
2.57852E-04 
5.53350E-04 
1.28262E-03 
3.29876E-03 
2.78177E-04 
6.09199E-04 
1.45080E-03 
3.72241E-03 
1.01399E-02 
2.71766E-04 
6.25424E-04 
1.55197E-03 
4.02864E-03 
1.08681E-02 
2.43945E-04 
6.08612E-04 
1.58337E-03 
4.17565E-03 
1.12200E-02 
3.14340E-02 
2.07373E-04 
5.64155E-04 
1.52147E-03 
4.05027E-03 
1.08285E-02 
2.95236E-02 
8.37792E-02 
5.05284E-04 
1.37241E-03 
3.64128E-03 
9.62950E-03 
2.56505E-02 
7.01917E-02 
1.21365E-03 
3.16497E-03 
8.22639E-03 
2.14579E-02 
5.68673E-02 
1.55824E-01 
2.61299E-03 
6.76712E-03 
1.75556E-02 
4.59596E-02 
1.23267E-01 
3.42904E-01 
---
