PdfType: replica
Format: lhagrid1
---
4.34963E-04 7.77181E-04 7.77181E-04 1.38865E-03 1.38865E-03 2.48120E-03 2.48120E-03 2.48120E-03 4.43334E-03 4.43334E-03 4.43334E-03 4.43334E-03 7.92137E-03 7.92137E-03 7.92137E-03 7.92137E-03 1.41537E-02 1.41537E-02 1.41537E-02 1.41537E-02 1.41537E-02 2.52895E-02 2.52895E-02 2.52895E-02 2.52895E-02 2.52895E-02 4.51866E-02 4.51866E-02 4.51866E-02 4.51866E-02 4.51866E-02 4.51866E-02 8.07383E-02 8.07383E-02 8.07383E-02 8.07383E-02 8.07383E-02 8.07383E-02 8.07383E-02 1.44261E-01 1.44261E-01 1.44261E-01 1.44261E-01 1.44261E-01 1.44261E-01 2.57762E-01 2.57762E-01 2.57762E-01 2.57762E-01 2.57762E-01 2.57762E-01 4.60562E-01 4.60562E-01 4.60562E-01 4.60562E-01 4.60562E-01 4.60562E-01 
1.58489E+00 1.58489E+00 2.51189E+00 1.58489E+00 2.51189E+00 1.58489E+00 2.51189E+00 3.98107E+00 1.58489E+00 2.51189E+00 3.98107E+00 6.30957E+00 1.58489E+00 2.51189E+00 3.98107E+00 6.30957E+00 1.58489E+00 2.51189E+00 3.98107E+00 6.30957E+00 9.99999E+00 1.58489E+00 2.51189E+00 3.98107E+00 6.30957E+00 9.99999E+00 1.58489E+00 2.51189E+00 3.98107E+00 6.30957E+00 9.99999E+00 1.58489E+01 1.58489E+00 2.51189E+00 3.98107E+00 6.30957E+00 9.99999E+00 1.58489E+01 2.51189E+01 2.51189E+00 3.98107E+00 6.30957E+00 9.99999E+00 1.58489E+01 2.51189E+01 3.98107E+00 6.30957E+00 9.99999E+00 1.58489E+01 2.51189E+01 3.98107E+01 6.30957E+00 9.99999E+00 1.58489E+01 2.51189E+01 3.98107E+01 6.30957E+01 
90000 
4.27827E-04 
3.90744E-04 
8.03276E-04 
3.59825E-04 
7.42286E-04 
3.30554E-04 
6.97243E-04 
1.64249E-03 
3.00496E-04 
6.56193E-04 
1.54602E-03 
3.98583E-03 
2.69349E-04 
6.12966E-04 
1.46493E-03 
3.72806E-03 
2.39448E-04 
5.70186E-04 
1.39774E-03 
3.56827E-03 
9.61930E-03 
2.16334E-04 
5.39479E-04 
1.36481E-03 
3.53543E-03 
9.44438E-03 
2.05602E-04 
5.31297E-04 
1.38040E-03 
3.62406E-03 
9.64980E-03 
2.68520E-02 
2.01323E-04 
5.28609E-04 
1.39201E-03 
3.67042E-03 
9.73352E-03 
2.64449E-02 
7.49695E-02 
4.90977E-04 
1.30434E-03 
3.44013E-03 
9.08466E-03 
2.42344E-02 
6.64954E-02 
1.16168E-03 
3.05107E-03 
7.99228E-03 
2.09536E-02 
5.57184E-02 
1.53283E-01 
2.44651E-03 
6.24477E-03 
1.58868E-02 
4.07156E-02 
1.07077E-01 
2.94246E-01 
---
