PdfType: replica
Format: lhagrid1
---
4.34963E-04 7.77181E-04 7.77181E-04 1.38865E-03 1.38865E-03 2.48120E-03 2.48120E-03 2.48120E-03 4.43334E-03 4.43334E-03 4.43334E-03 4.43334E-03 7.92137E-03 7.92137E-03 7.92137E-03 7.92137E-03 1.41537E-02 1.41537E-02 1.41537E-02 1.41537E-02 1.41537E-02 2.52895E-02 2.52895E-02 2.52895E-02 2.52895E-02 2.52895E-02 4.51866E-02 4.51866E-02 4.51866E-02 4.51866E-02 4.51866E-02 4.51866E-02 8.07383E-02 8.07383E-02 8.07383E-02 8.07383E-02 8.07383E-02 8.07383E-02 8.07383E-02 1.44261E-01 1.44261E-01 1.44261E-01 1.44261E-01 1.44261E-01 1.44261E-01 2.57762E-01 2.57762E-01 2.57762E-01 2.57762E-01 2.57762E-01 2.57762E-01 4.60562E-01 4.60562E-01 4.60562E-01 4.60562E-01 4.60562E-01 4.60562E-01 
1.58489E+00 1.58489E+00 2.51189E+00 1.58489E+00 2.51189E+00 1.58489E+00 2.51189E+00 3.98107E+00 1.58489E+00 2.51189E+00 3.98107E+00 6.30957E+00 1.58489E+00 2.51189E+00 3.98107E+00 6.30957E+00 1.58489E+00 2.51189E+00 3.98107E+00 6.30957E+00 9.99999E+00 1.58489E+00 2.51189E+00 3.98107E+00 6.30957E+00 9.99999E+00 1.58489E+00 2.51189E+00 3.98107E+00 6.30957E+00 9.99999E+00 1.58489E+01 1.58489E+00 2.51189E+00 3.98107E+00 6.30957E+00 9.99999E+00 1.58489E+01 2.51189E+01 2.51189E+00 3.98107E+00 6.30957E+00 9.99999E+00 1.58489E+01 2.51189E+01 3.98107E+00 6.30957E+00 9.99999E+00 1.58489E+01 2.51189E+01 3.98107E+01 6.30957E+00 9.99999E+00 1.58489E+01 2.51189E+01 3.98107E+01 6.30957E+01 
90000 
3.10076E-04 
3.00413E-04 
5.95437E-04 
2.98060E-04 
5.92929E-04 
2.97729E-04 
6.02303E-04 
1.32029E-03 
2.95810E-04 
6.13953E-04 
1.37449E-03 
3.48164E-03 
2.90812E-04 
6.23572E-04 
1.43848E-03 
3.64590E-03 
2.82447E-04 
6.30709E-04 
1.50986E-03 
3.85534E-03 
1.04387E-02 
2.68490E-04 
6.31614E-04 
1.57464E-03 
4.07561E-03 
1.09398E-02 
2.43087E-04 
6.12569E-04 
1.59113E-03 
4.18092E-03 
1.11809E-02 
3.11896E-02 
2.07866E-04 
5.64788E-04 
1.51776E-03 
4.03210E-03 
1.07531E-02 
2.92681E-02 
8.29583E-02 
5.12115E-04 
1.38609E-03 
3.67353E-03 
9.70190E-03 
2.58273E-02 
7.06777E-02 
1.25697E-03 
3.27236E-03 
8.49153E-03 
2.21248E-02 
5.86053E-02 
1.60766E-01 
2.73705E-03 
7.02397E-03 
1.80684E-02 
4.69203E-02 
1.24713E-01 
3.42146E-01 
---
