PdfType: replica
Format: lhagrid1
---
4.34963E-04 7.77181E-04 7.77181E-04 1.38865E-03 1.38865E-03 2.48120E-03 2.48120E-03 2.48120E-03 4.43334E-03 4.43334E-03 4.43334E-03 4.43334E-03 7.92137E-03 7.92137E-03 7.92137E-03 7.92137E-03 1.41537E-02 1.41537E-02 1.41537E-02 1.41537E-02 1.41537E-02 2.52895E-02 2.52895E-02 2.52895E-02 2.52895E-02 2.52895E-02 4.51866E-02 4.51866E-02 4.51866E-02 4.51866E-02 4.51866E-02 4.51866E-02 8.07383E-02 8.07383E-02 8.07383E-02 8.07383E-02 8.07383E-02 8.07383E-02 8.07383E-02 1.44261E-01 1.44261E-01 1.44261E-01 1.44261E-01 1.44261E-01 1.44261E-01 2.57762E-01 2.57762E-01 2.57762E-01 2.57762E-01 2.57762E-01 2.57762E-01 4.60562E-01 4.60562E-01 4.60562E-01 4.60562E-01 4.60562E-01 4.60562E-01 
1.58489E+00 1.58489E+00 2.51189E+00 1.58489E+00 2.51189E+00 1.58489E+00 2.51189E+00 3.98107E+00 1.58489E+00 2.51189E+00 3.98107E+00 6.30957E+00 1.58489E+00 2.51189E+00 3.98107E+00 6.30957E+00 1.58489E+00 2.51189E+00 3.98107E+00 6.30957E+00 9.99999E+00 1.58489E+00 2.51189E+00 3.98107E+00 6.30957E+00 9.99999E+00 1.58489E+00 2.51189E+00 3.98107E+00 6.30957E+00 9.99999E+00 1.58489E+01 1.58489E+00 2.51189E+00 3.98107E+00 6.30957E+00 9.99999E+00 1.58489E+01 2.51189E+01 2.51189E+00 3.98107E+00 6.30957E+00 9.99999E+00 1.58489E+01 2.51189E+01 3.98107E+00 6.30957E+00 9.99999E+00 1.58489E+01 2.51189E+01 3.98107E+01 6.30957E+00 9.99999E+00 1.58489E+01 2.51189E+01 3.98107E+01 6.30957E+01 
90000 
1.37781E-04 
1.81736E-04 
3.85050E-04 
2.14928E-04 
4.74880E-04 
2.40578E-04 
5.47210E-04 
1.33079E-03 
2.59923E-04 
6.05116E-04 
1.46585E-03 
3.84981E-03 
2.73108E-04 
6.45710E-04 
1.56318E-03 
4.00536E-03 
2.79004E-04 
6.64274E-04 
1.61475E-03 
4.09237E-03 
1.09512E-02 
2.74596E-04 
6.56948E-04 
1.61667E-03 
4.11618E-03 
1.08538E-02 
2.56253E-04 
6.25128E-04 
1.57836E-03 
4.08385E-03 
1.07739E-02 
2.98178E-02 
2.26060E-04 
5.78407E-04 
1.51264E-03 
3.98133E-03 
1.05587E-02 
2.86989E-02 
8.13778E-02 
5.21179E-04 
1.39639E-03 
3.69274E-03 
9.76242E-03 
2.60321E-02 
7.13370E-02 
1.20992E-03 
3.16760E-03 
8.26157E-03 
2.15890E-02 
5.72661E-02 
1.57037E-01 
2.62811E-03 
6.72530E-03 
1.72444E-02 
4.46295E-02 
1.18202E-01 
3.22946E-01 
---
