PdfType: replica
Format: lhagrid1
---
4.34963E-04 7.77181E-04 7.77181E-04 1.38865E-03 1.38865E-03 2.48120E-03 2.48120E-03 2.48120E-03 4.43334E-03 4.43334E-03 4.43334E-03 4.43334E-03 7.92137E-03 7.92137E-03 7.92137E-03 7.92137E-03 1.41537E-02 1.41537E-02 1.41537E-02 1.41537E-02 1.41537E-02 2.52895E-02 2.52895E-02 2.52895E-02 2.52895E-02 2.52895E-02 4.51866E-02 4.51866E-02 4.51866E-02 4.51866E-02 4.51866E-02 4.51866E-02 8.07383E-02 8.07383E-02 8.07383E-02 8.07383E-02 8.07383E-02 8.07383E-02 8.07383E-02 1.44261E-01 1.44261E-01 1.44261E-01 1.44261E-01 1.44261E-01 1.44261E-01 2.57762E-01 2.57762E-01 2.57762E-01 2.57762E-01 2.57762E-01 2.57762E-01 4.60562E-01 4.60562E-01 4.60562E-01 4.60562E-01 4.60562E-01 4.60562E-01 
1.58489E+00 1.58489E+00 2.51189E+00 1.58489E+00 2.51189E+00 1.58489E+00 2.51189E+00 3.98107E+00 1.58489E+00 2.51189E+00 3.98107E+00 6.30957E+00 1.58489E+00 2.51189E+00 3.98107E+00 6.30957E+00 1.58489E+00 2.51189E+00 3.98107E+00 6.30957E+00 9.99999E+00 1.58489E+00 2.51189E+00 3.98107E+00 6.30957E+00 9.99999E+00 1.58489E+00 2.51189E+00 3.98107E+00 6.30957E+00 9.99999E+00 1.58489E+01 1.58489E+00 2.51189E+00 3.98107E+00 6.30957E+00 9.99999E+00 1.58489E+01 2.51189E+01 2.51189E+00 3.98107E+00 6.30957E+00 9.99999E+00 1.58489E+01 2.51189E+01 3.98107E+00 6.30957E+00 9.99999E+00 1.58489E+01 2.51189E+01 3.98107E+01 6.30957E+00 9.99999E+00 1.58489E+01 2.51189E+01 3.98107E+01 6.30957E+01 
90000 
2.73041E-04 
3.05789E-04 
5.53567E-04 
3.27135E-04 
6.30683E-04 
3.37363E-04 
6.78985E-04 
1.54503E-03 
3.36560E-04 
7.03497E-04 
1.62124E-03 
4.20209E-03 
3.25705E-04 
7.06237E-04 
1.65863E-03 
4.23985E-03 
3.06480E-04 
6.91113E-04 
1.66770E-03 
4.26231E-03 
1.15831E-02 
2.80424E-04 
6.63535E-04 
1.65783E-03 
4.28787E-03 
1.15174E-02 
2.49050E-04 
6.26858E-04 
1.62717E-03 
4.27536E-03 
1.14418E-02 
3.19453E-02 
2.15628E-04 
5.78143E-04 
1.54705E-03 
4.10618E-03 
1.09561E-02 
2.98469E-02 
8.46800E-02 
5.10373E-04 
1.38282E-03 
3.67185E-03 
9.72990E-03 
2.59733E-02 
7.12228E-02 
1.20315E-03 
3.17113E-03 
8.31435E-03 
2.18285E-02 
5.81512E-02 
1.60086E-01 
2.70276E-03 
7.04038E-03 
1.84117E-02 
4.86819E-02 
1.32001E-01 
3.71012E-01 
---
