PdfType: replica
Format: lhagrid1
---
4.34963E-04 7.77181E-04 7.77181E-04 1.38865E-03 1.38865E-03 2.48120E-03 2.48120E-03 2.48120E-03 4.43334E-03 4.43334E-03 4.43334E-03 4.43334E-03 7.92137E-03 7.92137E-03 7.92137E-03 7.92137E-03 1.41537E-02 1.41537E-02 1.41537E-02 1.41537E-02 1.41537E-02 2.52895E-02 2.52895E-02 2.52895E-02 2.52895E-02 2.52895E-02 4.51866E-02 4.51866E-02 4.51866E-02 4.51866E-02 4.51866E-02 4.51866E-02 8.07383E-02 8.07383E-02 8.07383E-02 8.07383E-02 8.07383E-02 8.07383E-02 8.07383E-02 1.44261E-01 1.44261E-01 1.44261E-01 1.44261E-01 1.44261E-01 1.44261E-01 2.57762E-01 2.57762E-01 2.57762E-01 2.57762E-01 2.57762E-01 2.57762E-01 4.60562E-01 4.60562E-01 4.60562E-01 4.60562E-01 4.60562E-01 4.60562E-01 
1.58489E+00 1.58489E+00 2.51189E+00 1.58489E+00 2.51189E+00 1.58489E+00 2.51189E+00 3.98107E+00 1.58489E+00 2.51189E+00 3.98107E+00 6.30957E+00 1.58489E+00 2.51189E+00 3.98107E+00 6.30957E+00 1.58489E+00 2.51189E+00 3.98107E+00 6.30957E+00 9.99999E+00 1.58489E+00 2.51189E+00 3.98107E+00 6.30957E+00 9.99999E+00 1.58489E+00 2.51189E+00 3.98107E+00 6.30957E+00 9.99999E+00 1.58489E+01 1.58489E+00 2.51189E+00 3.98107E+00 6.30957E+00 9.99999E+00 1.58489E+01 2.51189E+01 2.51189E+00 3.98107E+00 6.30957E+00 9.99999E+00 1.58489E+01 2.51189E+01 3.98107E+00 6.30957E+00 9.99999E+00 1.58489E+01 2.51189E+01 3.98107E+01 6.30957E+00 9.99999E+00 1.58489E+01 2.51189E+01 3.98107E+01 6.30957E+01 
90000 
-1.03385E-03 
-6.23673E-04 
-1.20759E-03 
-3.29357E-04 
-5.76105E-04 
-1.12531E-04 
-1.34907E-04 
-1.86411E-04 
4.65264E-05 
1.82512E-04 
5.37969E-04 
1.65730E-03 
1.58384E-04 
4.06090E-04 
1.03629E-03 
2.81471E-03 
2.28466E-04 
5.49387E-04 
1.36624E-03 
3.57054E-03 
9.80556E-03 
2.58438E-04 
6.19560E-04 
1.55362E-03 
4.03443E-03 
1.08422E-02 
2.50309E-04 
6.24183E-04 
1.61105E-03 
4.22236E-03 
1.12723E-02 
3.14296E-02 
2.17927E-04 
5.81988E-04 
1.55315E-03 
4.11356E-03 
1.09529E-02 
2.97888E-02 
8.44011E-02 
5.24059E-04 
1.41207E-03 
3.73060E-03 
9.83490E-03 
2.61411E-02 
7.14358E-02 
1.22472E-03 
3.18588E-03 
8.26366E-03 
2.15189E-02 
5.69669E-02 
1.56198E-01 
2.67858E-03 
6.86436E-03 
1.76306E-02 
4.57233E-02 
1.21542E-01 
3.35025E-01 
---
