PdfType: replica
Format: lhagrid1
---
4.34963E-04 7.77181E-04 7.77181E-04 1.38865E-03 1.38865E-03 2.48120E-03 2.48120E-03 2.48120E-03 4.43334E-03 4.43334E-03 4.43334E-03 4.43334E-03 7.92137E-03 7.92137E-03 7.92137E-03 7.92137E-03 1.41537E-02 1.41537E-02 1.41537E-02 1.41537E-02 1.41537E-02 2.52895E-02 2.52895E-02 2.52895E-02 2.52895E-02 2.52895E-02 4.51866E-02 4.51866E-02 4.51866E-02 4.51866E-02 4.51866E-02 4.51866E-02 8.07383E-02 8.07383E-02 8.07383E-02 8.07383E-02 8.07383E-02 8.07383E-02 8.07383E-02 1.44261E-01 1.44261E-01 1.44261E-01 1.44261E-01 1.44261E-01 1.44261E-01 2.57762E-01 2.57762E-01 2.57762E-01 2.57762E-01 2.57762E-01 2.57762E-01 4.60562E-01 4.60562E-01 4.60562E-01 4.60562E-01 4.60562E-01 4.60562E-01 
1.58489E+00 1.58489E+00 2.51189E+00 1.58489E+00 2.51189E+00 1.58489E+00 2.51189E+00 3.98107E+00 1.58489E+00 2.51189E+00 3.98107E+00 6.30957E+00 1.58489E+00 2.51189E+00 3.98107E+00 6.30957E+00 1.58489E+00 2.51189E+00 3.98107E+00 6.30957E+00 9.99999E+00 1.58489E+00 2.51189E+00 3.98107E+00 6.30957E+00 9.99999E+00 1.58489E+00 2.51189E+00 3.98107E+00 6.30957E+00 9.99999E+00 1.58489E+01 1.58489E+00 2.51189E+00 3.98107E+00 6.30957E+00 9.99999E+00 1.58489E+01 2.51189E+01 2.51189E+00 3.98107E+00 6.30957E+00 9.99999E+00 1.58489E+01 2.51189E+01 3.98107E+00 6.30957E+00 9.99999E+00 1.58489E+01 2.51189E+01 3.98107E+01 6.30957E+00 9.99999E+00 1.58489E+01 2.51189E+01 3.98107E+01 6.30957E+01 
90000 
3.99163E-04 
3.68056E-04 
7.99994E-04 
3.47365E-04 
7.72248E-04 
3.30234E-04 
7.50921E-04 
1.92881E-03 
3.13888E-04 
7.32127E-04 
1.85302E-03 
5.09597E-03 
2.98082E-04 
7.13408E-04 
1.80219E-03 
4.79559E-03 
2.82874E-04 
6.93585E-04 
1.76417E-03 
4.62056E-03 
1.28387E-02 
2.65546E-04 
6.68532E-04 
1.72451E-03 
4.51261E-03 
1.22315E-02 
2.40737E-04 
6.30482E-04 
1.66188E-03 
4.38345E-03 
1.17477E-02 
3.27790E-02 
2.11838E-04 
5.81005E-04 
1.56296E-03 
4.15059E-03 
1.10553E-02 
3.00569E-02 
8.51060E-02 
5.33148E-04 
1.43070E-03 
3.77557E-03 
9.94118E-03 
2.64119E-02 
7.21492E-02 
1.24896E-03 
3.24899E-03 
8.43545E-03 
2.19896E-02 
5.82411E-02 
1.59403E-01 
2.65219E-03 
6.79396E-03 
1.74315E-02 
4.51278E-02 
1.19557E-01 
3.27066E-01 
---
