PdfType: replica
Format: lhagrid1
---
4.34963E-04 7.77181E-04 7.77181E-04 1.38865E-03 1.38865E-03 2.48120E-03 2.48120E-03 2.48120E-03 4.43334E-03 4.43334E-03 4.43334E-03 4.43334E-03 7.92137E-03 7.92137E-03 7.92137E-03 7.92137E-03 1.41537E-02 1.41537E-02 1.41537E-02 1.41537E-02 1.41537E-02 2.52895E-02 2.52895E-02 2.52895E-02 2.52895E-02 2.52895E-02 4.51866E-02 4.51866E-02 4.51866E-02 4.51866E-02 4.51866E-02 4.51866E-02 8.07383E-02 8.07383E-02 8.07383E-02 8.07383E-02 8.07383E-02 8.07383E-02 8.07383E-02 1.44261E-01 1.44261E-01 1.44261E-01 1.44261E-01 1.44261E-01 1.44261E-01 2.57762E-01 2.57762E-01 2.57762E-01 2.57762E-01 2.57762E-01 2.57762E-01 4.60562E-01 4.60562E-01 4.60562E-01 4.60562E-01 4.60562E-01 4.60562E-01 
1.58489E+00 1.58489E+00 2.51189E+00 1.58489E+00 2.51189E+00 1.58489E+00 2.51189E+00 3.98107E+00 1.58489E+00 2.51189E+00 3.98107E+00 6.30957E+00 1.58489E+00 2.51189E+00 3.98107E+00 6.30957E+00 1.58489E+00 2.51189E+00 3.98107E+00 6.30957E+00 9.99999E+00 1.58489E+00 2.51189E+00 3.98107E+00 6.30957E+00 9.99999E+00 1.58489E+00 2.51189E+00 3.98107E+00 6.30957E+00 9.99999E+00 1.58489E+01 1.58489E+00 2.51189E+00 3.98107E+00 6.30957E+00 9.99999E+00 1.58489E+01 2.51189E+01 2.51189E+00 3.98107E+00 6.30957E+00 9.99999E+00 1.58489E+01 2.51189E+01 3.98107E+00 6.30957E+00 9.99999E+00 1.58489E+01 2.51189E+01 3.98107E+01 6.30957E+00 9.99999E+00 1.58489E+01 2.51189E+01 3.98107E+01 6.30957E+01 
90000 
2.65935E-04 
2.64378E-04 
5.22184E-04 
2.65786E-04 
5.51850E-04 
2.68896E-04 
5.84763E-04 
1.39406E-03 
2.72950E-04 
6.17684E-04 
1.48031E-03 
3.87867E-03 
2.77308E-04 
6.45785E-04 
1.55863E-03 
4.00137E-03 
2.80195E-04 
6.63582E-04 
1.61723E-03 
4.11737E-03 
1.10772E-02 
2.77129E-04 
6.64533E-04 
1.64473E-03 
4.20832E-03 
1.11505E-02 
2.62099E-04 
6.43699E-04 
1.63384E-03 
4.23899E-03 
1.12087E-02 
3.10608E-02 
2.34053E-04 
6.01089E-04 
1.57349E-03 
4.13880E-03 
1.09678E-02 
2.97803E-02 
8.43710E-02 
5.33412E-04 
1.42975E-03 
3.78085E-03 
9.99163E-03 
2.66339E-02 
7.29694E-02 
1.25429E-03 
3.28738E-03 
8.57650E-03 
2.24172E-02 
5.94694E-02 
1.63011E-01 
2.73291E-03 
7.00870E-03 
1.80082E-02 
4.66821E-02 
1.23658E-01 
3.36484E-01 
---
