PdfType: replica
Format: lhagrid1
---
4.34963E-04 7.77181E-04 7.77181E-04 1.38865E-03 1.38865E-03 2.48120E-03 2.48120E-03 2.48120E-03 4.43334E-03 4.43334E-03 4.43334E-03 4.43334E-03 7.92137E-03 7.92137E-03 7.92137E-03 7.92137E-03 1.41537E-02 1.41537E-02 1.41537E-02 1.41537E-02 1.41537E-02 2.52895E-02 2.52895E-02 2.52895E-02 2.52895E-02 2.52895E-02 4.51866E-02 4.51866E-02 4.51866E-02 4.51866E-02 4.51866E-02 4.51866E-02 8.07383E-02 8.07383E-02 8.07383E-02 8.07383E-02 8.07383E-02 8.07383E-02 8.07383E-02 1.44261E-01 1.44261E-01 1.44261E-01 1.44261E-01 1.44261E-01 1.44261E-01 2.57762E-01 2.57762E-01 2.57762E-01 2.57762E-01 2.57762E-01 2.57762E-01 4.60562E-01 4.60562E-01 4.60562E-01 4.60562E-01 4.60562E-01 4.60562E-01 
1.58489E+00 1.58489E+00 2.51189E+00 1.58489E+00 2.51189E+00 1.58489E+00 2.51189E+00 3.98107E+00 1.58489E+00 2.51189E+00 3.98107E+00 6.30957E+00 1.58489E+00 2.51189E+00 3.98107E+00 6.30957E+00 1.58489E+00 2.51189E+00 3.98107E+00 6.30957E+00 9.99999E+00 1.58489E+00 2.51189E+00 3.98107E+00 6.30957E+00 9.99999E+00 1.58489E+00 2.51189E+00 3.98107E+00 6.30957E+00 9.99999E+00 1.58489E+01 1.58489E+00 2.51189E+00 3.98107E+00 6.30957E+00 9.99999E+00 1.58489E+01 2.51189E+01 2.51189E+00 3.98107E+00 6.30957E+00 9.99999E+00 1.58489E+01 2.51189E+01 3.98107E+00 6.30957E+00 9.99999E+00 1.58489E+01 2.51189E+01 3.98107E+01 6.30957E+00 9.99999E+00 1.58489E+01 2.51189E+01 3.98107E+01 6.30957E+01 
90000 
1.22098E-03 
9.26290E-04 
2.03013E-03 
7.19619E-04 
1.56214E-03 
5.68374E-04 
1.24927E-03 
3.08328E-03 
4.55496E-04 
1.02982E-03 
2.52142E-03 
6.70601E-03 
3.72045E-04 
8.72095E-04 
2.15378E-03 
5.61205E-03 
3.12375E-04 
7.60517E-04 
1.91371E-03 
4.96211E-03 
1.36736E-02 
2.70297E-04 
6.83558E-04 
1.76125E-03 
4.59706E-03 
1.24386E-02 
2.37100E-04 
6.25568E-04 
1.65287E-03 
4.35955E-03 
1.16912E-02 
3.26241E-02 
2.07647E-04 
5.70800E-04 
1.53667E-03 
4.07722E-03 
1.08612E-02 
2.95241E-02 
8.35927E-02 
5.14259E-04 
1.38214E-03 
3.64746E-03 
9.60693E-03 
2.55257E-02 
6.97615E-02 
1.20972E-03 
3.15215E-03 
8.18771E-03 
2.13458E-02 
5.65657E-02 
1.55301E-01 
2.67901E-03 
6.83090E-03 
1.74574E-02 
4.50608E-02 
1.19278E-01 
3.27709E-01 
---
