PdfType: replica
Format: lhagrid1
---
4.34963E-04 7.77181E-04 7.77181E-04 1.38865E-03 1.38865E-03 2.48120E-03 2.48120E-03 2.48120E-03 4.43334E-03 4.43334E-03 4.43334E-03 4.43334E-03 7.92137E-03 7.92137E-03 7.92137E-03 7.92137E-03 1.41537E-02 1.41537E-02 1.41537E-02 1.41537E-02 1.41537E-02 2.52895E-02 2.52895E-02 2.52895E-02 2.52895E-02 2.52895E-02 4.51866E-02 4.51866E-02 4.51866E-02 4.51866E-02 4.51866E-02 4.51866E-02 8.07383E-02 8.07383E-02 8.07383E-02 8.07383E-02 8.07383E-02 8.07383E-02 8.07383E-02 1.44261E-01 1.44261E-01 1.44261E-01 1.44261E-01 1.44261E-01 1.44261E-01 2.57762E-01 2.57762E-01 2.57762E-01 2.57762E-01 2.57762E-01 2.57762E-01 4.60562E-01 4.60562E-01 4.60562E-01 4.60562E-01 4.60562E-01 4.60562E-01 
1.58489E+00 1.58489E+00 2.51189E+00 1.58489E+00 2.51189E+00 1.58489E+00 2.51189E+00 3.98107E+00 1.58489E+00 2.51189E+00 3.98107E+00 6.30957E+00 1.58489E+00 2.51189E+00 3.98107E+00 6.30957E+00 1.58489E+00 2.51189E+00 3.98107E+00 6.30957E+00 9.99999E+00 1.58489E+00 2.51189E+00 3.98107E+00 6.30957E+00 9.99999E+00 1.58489E+00 2.51189E+00 3.98107E+00 6.30957E+00 9.99999E+00 1.58489E+01 1.58489E+00 2.51189E+00 3.98107E+00 6.30957E+00 9.99999E+00 1.58489E+01 2.51189E+01 2.51189E+00 3.98107E+00 6.30957E+00 9.99999E+00 1.58489E+01 2.51189E+01 3.98107E+00 6.30957E+00 9.99999E+00 1.58489E+01 2.51189E+01 3.98107E+01 6.30957E+00 9.99999E+00 1.58489E+01 2.51189E+01 3.98107E+01 6.30957E+01 
90000 
3.79632E-04 
3.52279E-04 
7.01445E-04 
3.35189E-04 
6.86686E-04 
3.23315E-04 
6.83011E-04 
1.57805E-03 
3.13239E-04 
6.81132E-04 
1.58137E-03 
4.06637E-03 
3.02856E-04 
6.74773E-04 
1.58636E-03 
4.02854E-03 
2.90453E-04 
6.62064E-04 
1.59026E-03 
4.04315E-03 
1.08962E-02 
2.73068E-04 
6.43336E-04 
1.59588E-03 
4.11470E-03 
1.10011E-02 
2.47363E-04 
6.17687E-04 
1.59647E-03 
4.19347E-03 
1.12103E-02 
3.13006E-02 
2.17690E-04 
5.83272E-04 
1.56024E-03 
4.14359E-03 
1.10530E-02 
3.01121E-02 
8.54420E-02 
5.35832E-04 
1.44190E-03 
3.81101E-03 
1.00537E-02 
2.67454E-02 
7.31428E-02 
1.25360E-03 
3.27045E-03 
8.50375E-03 
2.21822E-02 
5.87847E-02 
1.61191E-01 
2.73838E-03 
6.99233E-03 
1.78952E-02 
4.62355E-02 
1.22275E-01 
3.33699E-01 
---
