PdfType: replica
Format: lhagrid1
---
4.34963E-04 7.77181E-04 7.77181E-04 1.38865E-03 1.38865E-03 2.48120E-03 2.48120E-03 2.48120E-03 4.43334E-03 4.43334E-03 4.43334E-03 4.43334E-03 7.92137E-03 7.92137E-03 7.92137E-03 7.92137E-03 1.41537E-02 1.41537E-02 1.41537E-02 1.41537E-02 1.41537E-02 2.52895E-02 2.52895E-02 2.52895E-02 2.52895E-02 2.52895E-02 4.51866E-02 4.51866E-02 4.51866E-02 4.51866E-02 4.51866E-02 4.51866E-02 8.07383E-02 8.07383E-02 8.07383E-02 8.07383E-02 8.07383E-02 8.07383E-02 8.07383E-02 1.44261E-01 1.44261E-01 1.44261E-01 1.44261E-01 1.44261E-01 1.44261E-01 2.57762E-01 2.57762E-01 2.57762E-01 2.57762E-01 2.57762E-01 2.57762E-01 4.60562E-01 4.60562E-01 4.60562E-01 4.60562E-01 4.60562E-01 4.60562E-01 
1.58489E+00 1.58489E+00 2.51189E+00 1.58489E+00 2.51189E+00 1.58489E+00 2.51189E+00 3.98107E+00 1.58489E+00 2.51189E+00 3.98107E+00 6.30957E+00 1.58489E+00 2.51189E+00 3.98107E+00 6.30957E+00 1.58489E+00 2.51189E+00 3.98107E+00 6.30957E+00 9.99999E+00 1.58489E+00 2.51189E+00 3.98107E+00 6.30957E+00 9.99999E+00 1.58489E+00 2.51189E+00 3.98107E+00 6.30957E+00 9.99999E+00 1.58489E+01 1.58489E+00 2.51189E+00 3.98107E+00 6.30957E+00 9.99999E+00 1.58489E+01 2.51189E+01 2.51189E+00 3.98107E+00 6.30957E+00 9.99999E+00 1.58489E+01 2.51189E+01 3.98107E+00 6.30957E+00 9.99999E+00 1.58489E+01 2.51189E+01 3.98107E+01 6.30957E+00 9.99999E+00 1.58489E+01 2.51189E+01 3.98107E+01 6.30957E+01 
90000 
3.67011E-04 
3.47281E-04 
9.25361E-04 
3.31349E-04 
8.45395E-04 
3.15784E-04 
7.91600E-04 
2.19550E-03 
2.99792E-04 
7.53211E-04 
2.02068E-03 
5.75688E-03 
2.84095E-04 
7.24112E-04 
1.91607E-03 
5.23907E-03 
2.69434E-04 
7.00583E-04 
1.85073E-03 
4.94545E-03 
1.39805E-02 
2.54835E-04 
6.76891E-04 
1.79660E-03 
4.75948E-03 
1.30331E-02 
2.36797E-04 
6.42548E-04 
1.71831E-03 
4.54731E-03 
1.22188E-02 
3.40999E-02 
2.12831E-04 
5.88224E-04 
1.58271E-03 
4.18967E-03 
1.11328E-02 
3.01868E-02 
8.52612E-02 
5.20412E-04 
1.39600E-03 
3.67897E-03 
9.67625E-03 
2.56791E-02 
7.00837E-02 
1.20657E-03 
3.14148E-03 
8.15741E-03 
2.12673E-02 
5.63478E-02 
1.54380E-01 
2.61797E-03 
6.73930E-03 
1.73952E-02 
4.53377E-02 
1.21013E-01 
3.34003E-01 
---
