PdfType: replica
Format: lhagrid1
---
4.34963E-04 7.77181E-04 7.77181E-04 1.38865E-03 1.38865E-03 2.48120E-03 2.48120E-03 2.48120E-03 4.43334E-03 4.43334E-03 4.43334E-03 4.43334E-03 7.92137E-03 7.92137E-03 7.92137E-03 7.92137E-03 1.41537E-02 1.41537E-02 1.41537E-02 1.41537E-02 1.41537E-02 2.52895E-02 2.52895E-02 2.52895E-02 2.52895E-02 2.52895E-02 4.51866E-02 4.51866E-02 4.51866E-02 4.51866E-02 4.51866E-02 4.51866E-02 8.07383E-02 8.07383E-02 8.07383E-02 8.07383E-02 8.07383E-02 8.07383E-02 8.07383E-02 1.44261E-01 1.44261E-01 1.44261E-01 1.44261E-01 1.44261E-01 1.44261E-01 2.57762E-01 2.57762E-01 2.57762E-01 2.57762E-01 2.57762E-01 2.57762E-01 4.60562E-01 4.60562E-01 4.60562E-01 4.60562E-01 4.60562E-01 4.60562E-01 
1.58489E+00 1.58489E+00 2.51189E+00 1.58489E+00 2.51189E+00 1.58489E+00 2.51189E+00 3.98107E+00 1.58489E+00 2.51189E+00 3.98107E+00 6.30957E+00 1.58489E+00 2.51189E+00 3.98107E+00 6.30957E+00 1.58489E+00 2.51189E+00 3.98107E+00 6.30957E+00 9.99999E+00 1.58489E+00 2.51189E+00 3.98107E+00 6.30957E+00 9.99999E+00 1.58489E+00 2.51189E+00 3.98107E+00 6.30957E+00 9.99999E+00 1.58489E+01 1.58489E+00 2.51189E+00 3.98107E+00 6.30957E+00 9.99999E+00 1.58489E+01 2.51189E+01 2.51189E+00 3.98107E+00 6.30957E+00 9.99999E+00 1.58489E+01 2.51189E+01 3.98107E+00 6.30957E+00 9.99999E+00 1.58489E+01 2.51189E+01 3.98107E+01 6.30957E+00 9.99999E+00 1.58489E+01 2.51189E+01 3.98107E+01 6.30957E+01 
90000 
1.11661E-04 
2.03308E-04 
2.43802E-04 
2.58043E-04 
4.39400E-04 
2.86696E-04 
5.53646E-04 
1.27445E-03 
2.96086E-04 
6.17148E-04 
1.46300E-03 
3.94290E-03 
2.91789E-04 
6.46031E-04 
1.56956E-03 
4.13792E-03 
2.78537E-04 
6.51361E-04 
1.62545E-03 
4.25024E-03 
1.17915E-02 
2.59488E-04 
6.40360E-04 
1.64454E-03 
4.31517E-03 
1.17319E-02 
2.35871E-04 
6.14732E-04 
1.62322E-03 
4.29421E-03 
1.15493E-02 
3.23258E-02 
2.09419E-04 
5.72687E-04 
1.54336E-03 
4.10517E-03 
1.09617E-02 
2.98613E-02 
8.46872E-02 
5.17304E-04 
1.39903E-03 
3.70828E-03 
9.80390E-03 
2.61201E-02 
7.15022E-02 
1.22325E-03 
3.20086E-03 
8.34379E-03 
2.18087E-02 
5.78836E-02 
1.58778E-01 
2.63598E-03 
6.80096E-03 
1.76168E-02 
4.61312E-02 
1.23828E-01 
3.44076E-01 
---
