PdfType: replica
Format: lhagrid1
---
4.34963E-04 7.77181E-04 7.77181E-04 1.38865E-03 1.38865E-03 2.48120E-03 2.48120E-03 2.48120E-03 4.43334E-03 4.43334E-03 4.43334E-03 4.43334E-03 7.92137E-03 7.92137E-03 7.92137E-03 7.92137E-03 1.41537E-02 1.41537E-02 1.41537E-02 1.41537E-02 1.41537E-02 2.52895E-02 2.52895E-02 2.52895E-02 2.52895E-02 2.52895E-02 4.51866E-02 4.51866E-02 4.51866E-02 4.51866E-02 4.51866E-02 4.51866E-02 8.07383E-02 8.07383E-02 8.07383E-02 8.07383E-02 8.07383E-02 8.07383E-02 8.07383E-02 1.44261E-01 1.44261E-01 1.44261E-01 1.44261E-01 1.44261E-01 1.44261E-01 2.57762E-01 2.57762E-01 2.57762E-01 2.57762E-01 2.57762E-01 2.57762E-01 4.60562E-01 4.60562E-01 4.60562E-01 4.60562E-01 4.60562E-01 4.60562E-01 
1.58489E+00 1.58489E+00 2.51189E+00 1.58489E+00 2.51189E+00 1.58489E+00 2.51189E+00 3.98107E+00 1.58489E+00 2.51189E+00 3.98107E+00 6.30957E+00 1.58489E+00 2.51189E+00 3.98107E+00 6.30957E+00 1.58489E+00 2.51189E+00 3.98107E+00 6.30957E+00 9.99999E+00 1.58489E+00 2.51189E+00 3.98107E+00 6.30957E+00 9.99999E+00 1.58489E+00 2.51189E+00 3.98107E+00 6.30957E+00 9.99999E+00 1.58489E+01 1.58489E+00 2.51189E+00 3.98107E+00 6.30957E+00 9.99999E+00 1.58489E+01 2.51189E+01 2.51189E+00 3.98107E+00 6.30957E+00 9.99999E+00 1.58489E+01 2.51189E+01 3.98107E+00 6.30957E+00 9.99999E+00 1.58489E+01 2.51189E+01 3.98107E+01 6.30957E+00 9.99999E+00 1.58489E+01 2.51189E+01 3.98107E+01 6.30957E+01 
90000 
1.46471E-04 
1.88329E-04 
3.96705E-04 
2.23067E-04 
4.83284E-04 
2.51049E-04 
5.54591E-04 
1.32206E-03 
2.71465E-04 
6.10031E-04 
1.45055E-03 
3.79846E-03 
2.83071E-04 
6.46342E-04 
1.54619E-03 
3.97160E-03 
2.84145E-04 
6.61133E-04 
1.60725E-03 
4.10882E-03 
1.11075E-02 
2.72542E-04 
6.53791E-04 
1.63283E-03 
4.21178E-03 
1.12519E-02 
2.48093E-04 
6.26199E-04 
1.61979E-03 
4.24151E-03 
1.13011E-02 
3.14422E-02 
2.18011E-04 
5.84193E-04 
1.55697E-03 
4.11822E-03 
1.09443E-02 
2.97226E-02 
8.41322E-02 
5.32894E-04 
1.42759E-03 
3.76130E-03 
9.89467E-03 
2.62674E-02 
7.17345E-02 
1.23775E-03 
3.21606E-03 
8.33719E-03 
2.17064E-02 
5.74677E-02 
1.57643E-01 
2.61313E-03 
6.73140E-03 
1.73866E-02 
4.53535E-02 
1.21316E-01 
3.37017E-01 
---
