PdfType: replica
Format: lhagrid1
---
4.34963E-04 7.77181E-04 7.77181E-04 1.38865E-03 1.38865E-03 2.48120E-03 2.48120E-03 2.48120E-03 4.43334E-03 4.43334E-03 4.43334E-03 4.43334E-03 7.92137E-03 7.92137E-03 7.92137E-03 7.92137E-03 1.41537E-02 1.41537E-02 1.41537E-02 1.41537E-02 1.41537E-02 2.52895E-02 2.52895E-02 2.52895E-02 2.52895E-02 2.52895E-02 4.51866E-02 4.51866E-02 4.51866E-02 4.51866E-02 4.51866E-02 4.51866E-02 8.07383E-02 8.07383E-02 8.07383E-02 8.07383E-02 8.07383E-02 8.07383E-02 8.07383E-02 1.44261E-01 1.44261E-01 1.44261E-01 1.44261E-01 1.44261E-01 1.44261E-01 2.57762E-01 2.57762E-01 2.57762E-01 2.57762E-01 2.57762E-01 2.57762E-01 4.60562E-01 4.60562E-01 4.60562E-01 4.60562E-01 4.60562E-01 4.60562E-01 
1.58489E+00 1.58489E+00 2.51189E+00 1.58489E+00 2.51189E+00 1.58489E+00 2.51189E+00 3.98107E+00 1.58489E+00 2.51189E+00 3.98107E+00 6.30957E+00 1.58489E+00 2.51189E+00 3.98107E+00 6.30957E+00 1.58489E+00 2.51189E+00 3.98107E+00 6.30957E+00 9.99999E+00 1.58489E+00 2.51189E+00 3.98107E+00 6.30957E+00 9.99999E+00 1.58489E+00 2.51189E+00 3.98107E+00 6.30957E+00 9.99999E+00 1.58489E+01 1.58489E+00 2.51189E+00 3.98107E+00 6.30957E+00 9.99999E+00 1.58489E+01 2.51189E+01 2.51189E+00 3.98107E+00 6.30957E+00 9.99999E+00 1.58489E+01 2.51189E+01 3.98107E+00 6.30957E+00 9.99999E+00 1.58489E+01 2.51189E+01 3.98107E+01 6.30957E+00 9.99999E+00 1.58489E+01 2.51189E+01 3.98107E+01 6.30957E+01 
90000 
-9.58966E-05 
1.58021E-05 
-3.79615E-05 
1.00962E-04 
1.83102E-04 
1.65567E-04 
3.42730E-04 
7.74642E-04 
2.12256E-04 
4.59414E-04 
1.07564E-03 
2.85939E-03 
2.42827E-04 
5.41254E-04 
1.29149E-03 
3.36292E-03 
2.58520E-04 
5.92562E-04 
1.44404E-03 
3.73039E-03 
1.01994E-02 
2.58655E-04 
6.14647E-04 
1.53961E-03 
3.99837E-03 
1.07610E-02 
2.41835E-04 
6.06660E-04 
1.57196E-03 
4.13257E-03 
1.10579E-02 
3.08959E-02 
2.14874E-04 
5.73815E-04 
1.53163E-03 
4.06267E-03 
1.08292E-02 
2.94919E-02 
8.36681E-02 
5.26223E-04 
1.41273E-03 
3.73140E-03 
9.84259E-03 
2.61855E-02 
7.16040E-02 
1.22061E-03 
3.18657E-03 
8.29336E-03 
2.16395E-02 
5.73152E-02 
1.56804E-01 
2.75060E-03 
6.99290E-03 
1.77615E-02 
4.54331E-02 
1.18665E-01 
3.18574E-01 
---
