PdfType: replica
Format: lhagrid1
---
4.34963E-04 7.77181E-04 7.77181E-04 1.38865E-03 1.38865E-03 2.48120E-03 2.48120E-03 2.48120E-03 4.43334E-03 4.43334E-03 4.43334E-03 4.43334E-03 7.92137E-03 7.92137E-03 7.92137E-03 7.92137E-03 1.41537E-02 1.41537E-02 1.41537E-02 1.41537E-02 1.41537E-02 2.52895E-02 2.52895E-02 2.52895E-02 2.52895E-02 2.52895E-02 4.51866E-02 4.51866E-02 4.51866E-02 4.51866E-02 4.51866E-02 4.51866E-02 8.07383E-02 8.07383E-02 8.07383E-02 8.07383E-02 8.07383E-02 8.07383E-02 8.07383E-02 1.44261E-01 1.44261E-01 1.44261E-01 1.44261E-01 1.44261E-01 1.44261E-01 2.57762E-01 2.57762E-01 2.57762E-01 2.57762E-01 2.57762E-01 2.57762E-01 4.60562E-01 4.60562E-01 4.60562E-01 4.60562E-01 4.60562E-01 4.60562E-01 
1.58489E+00 1.58489E+00 2.51189E+00 1.58489E+00 2.51189E+00 1.58489E+00 2.51189E+00 3.98107E+00 1.58489E+00 2.51189E+00 3.98107E+00 6.30957E+00 1.58489E+00 2.51189E+00 3.98107E+00 6.30957E+00 1.58489E+00 2.51189E+00 3.98107E+00 6.30957E+00 9.99999E+00 1.58489E+00 2.51189E+00 3.98107E+00 6.30957E+00 9.99999E+00 1.58489E+00 2.51189E+00 3.98107E+00 6.30957E+00 9.99999E+00 1.58489E+01 1.58489E+00 2.51189E+00 3.98107E+00 6.30957E+00 9.99999E+00 1.58489E+01 2.51189E+01 2.51189E+00 3.98107E+00 6.30957E+00 9.99999E+00 1.58489E+01 2.51189E+01 3.98107E+00 6.30957E+00 9.99999E+00 1.58489E+01 2.51189E+01 3.98107E+01 6.30957E+00 9.99999E+00 1.58489E+01 2.51189E+01 3.98107E+01 6.30957E+01 
90000 
2.32074E-04 
2.31684E-04 
4.50971E-04 
2.34010E-04 
4.85622E-04 
2.38067E-04 
5.20837E-04 
1.23580E-03 
2.43463E-04 
5.54918E-04 
1.32748E-03 
3.47498E-03 
2.50337E-04 
5.85159E-04 
1.40999E-03 
3.62071E-03 
2.58001E-04 
6.08761E-04 
1.47937E-03 
3.76885E-03 
1.01447E-02 
2.61407E-04 
6.19522E-04 
1.52735E-03 
3.91117E-03 
1.03775E-02 
2.49371E-04 
6.05748E-04 
1.53511E-03 
3.99009E-03 
1.05764E-02 
2.93855E-02 
2.18051E-04 
5.62542E-04 
1.48104E-03 
3.91281E-03 
1.04101E-02 
2.83515E-02 
8.05091E-02 
5.04708E-04 
1.36215E-03 
3.61353E-03 
9.56985E-03 
2.55409E-02 
7.00244E-02 
1.19995E-03 
3.14098E-03 
8.18812E-03 
2.13914E-02 
5.67260E-02 
1.55392E-01 
2.59238E-03 
6.65881E-03 
1.71381E-02 
4.45071E-02 
1.18156E-01 
3.22673E-01 
---
