PdfType: replica
Format: lhagrid1
---
4.34963E-04 7.77181E-04 7.77181E-04 1.38865E-03 1.38865E-03 2.48120E-03 2.48120E-03 2.48120E-03 4.43334E-03 4.43334E-03 4.43334E-03 4.43334E-03 7.92137E-03 7.92137E-03 7.92137E-03 7.92137E-03 1.41537E-02 1.41537E-02 1.41537E-02 1.41537E-02 1.41537E-02 2.52895E-02 2.52895E-02 2.52895E-02 2.52895E-02 2.52895E-02 4.51866E-02 4.51866E-02 4.51866E-02 4.51866E-02 4.51866E-02 4.51866E-02 8.07383E-02 8.07383E-02 8.07383E-02 8.07383E-02 8.07383E-02 8.07383E-02 8.07383E-02 1.44261E-01 1.44261E-01 1.44261E-01 1.44261E-01 1.44261E-01 1.44261E-01 2.57762E-01 2.57762E-01 2.57762E-01 2.57762E-01 2.57762E-01 2.57762E-01 4.60562E-01 4.60562E-01 4.60562E-01 4.60562E-01 4.60562E-01 4.60562E-01 
1.58489E+00 1.58489E+00 2.51189E+00 1.58489E+00 2.51189E+00 1.58489E+00 2.51189E+00 3.98107E+00 1.58489E+00 2.51189E+00 3.98107E+00 6.30957E+00 1.58489E+00 2.51189E+00 3.98107E+00 6.30957E+00 1.58489E+00 2.51189E+00 3.98107E+00 6.30957E+00 9.99999E+00 1.58489E+00 2.51189E+00 3.98107E+00 6.30957E+00 9.99999E+00 1.58489E+00 2.51189E+00 3.98107E+00 6.30957E+00 9.99999E+00 1.58489E+01 1.58489E+00 2.51189E+00 3.98107E+00 6.30957E+00 9.99999E+00 1.58489E+01 2.51189E+01 2.51189E+00 3.98107E+00 6.30957E+00 9.99999E+00 1.58489E+01 2.51189E+01 3.98107E+00 6.30957E+00 9.99999E+00 1.58489E+01 2.51189E+01 3.98107E+01 6.30957E+00 9.99999E+00 1.58489E+01 2.51189E+01 3.98107E+01 6.30957E+01 
90000 
8.34487E-05 
1.49467E-04 
3.37310E-04 
1.98226E-04 
4.55409E-04 
2.35398E-04 
5.48074E-04 
1.35463E-03 
2.63522E-04 
6.21040E-04 
1.51639E-03 
3.99855E-03 
2.82802E-04 
6.70501E-04 
1.62533E-03 
4.16045E-03 
2.90255E-04 
6.87282E-04 
1.66447E-03 
4.20194E-03 
1.12190E-02 
2.79752E-04 
6.63674E-04 
1.62631E-03 
4.12864E-03 
1.08693E-02 
2.50538E-04 
6.12058E-04 
1.54958E-03 
4.01884E-03 
1.06244E-02 
2.94505E-02 
2.20066E-04 
5.69430E-04 
1.49857E-03 
3.95809E-03 
1.05197E-02 
2.86296E-02 
8.12472E-02 
5.25282E-04 
1.40581E-03 
3.71429E-03 
9.80924E-03 
2.61348E-02 
7.15700E-02 
1.21803E-03 
3.19438E-03 
8.33940E-03 
2.18092E-02 
5.78798E-02 
1.58682E-01 
2.64900E-03 
6.79517E-03 
1.74640E-02 
4.52781E-02 
1.19891E-01 
3.25482E-01 
---
