PdfType: replica
Format: lhagrid1
---
4.34963E-04 7.77181E-04 7.77181E-04 1.38865E-03 1.38865E-03 2.48120E-03 2.48120E-03 2.48120E-03 4.43334E-03 4.43334E-03 4.43334E-03 4.43334E-03 7.92137E-03 7.92137E-03 7.92137E-03 7.92137E-03 1.41537E-02 1.41537E-02 1.41537E-02 1.41537E-02 1.41537E-02 2.52895E-02 2.52895E-02 2.52895E-02 2.52895E-02 2.52895E-02 4.51866E-02 4.51866E-02 4.51866E-02 4.51866E-02 4.51866E-02 4.51866E-02 8.07383E-02 8.07383E-02 8.07383E-02 8.07383E-02 8.07383E-02 8.07383E-02 8.07383E-02 1.44261E-01 1.44261E-01 1.44261E-01 1.44261E-01 1.44261E-01 1.44261E-01 2.57762E-01 2.57762E-01 2.57762E-01 2.57762E-01 2.57762E-01 2.57762E-01 4.60562E-01 4.60562E-01 4.60562E-01 4.60562E-01 4.60562E-01 4.60562E-01 
1.58489E+00 1.58489E+00 2.51189E+00 1.58489E+00 2.51189E+00 1.58489E+00 2.51189E+00 3.98107E+00 1.58489E+00 2.51189E+00 3.98107E+00 6.30957E+00 1.58489E+00 2.51189E+00 3.98107E+00 6.30957E+00 1.58489E+00 2.51189E+00 3.98107E+00 6.30957E+00 9.99999E+00 1.58489E+00 2.51189E+00 3.98107E+00 6.30957E+00 9.99999E+00 1.58489E+00 2.51189E+00 3.98107E+00 6.30957E+00 9.99999E+00 1.58489E+01 1.58489E+00 2.51189E+00 3.98107E+00 6.30957E+00 9.99999E+00 1.58489E+01 2.51189E+01 2.51189E+00 3.98107E+00 6.30957E+00 9.99999E+00 1.58489E+01 2.51189E+01 3.98107E+00 6.30957E+00 9.99999E+00 1.58489E+01 2.51189E+01 3.98107E+01 6.30957E+00 9.99999E+00 1.58489E+01 2.51189E+01 3.98107E+01 6.30957E+01 
90000 
-1.01858E-03 
-6.04229E-04 
-1.34898E-03 
-2.95300E-04 
-6.42769E-04 
-6.63447E-05 
-1.51256E-04 
-3.83352E-04 
9.53893E-05 
1.93937E-04 
4.66149E-04 
1.45293E-03 
1.99441E-04 
4.28512E-04 
1.04284E-03 
2.86570E-03 
2.55401E-04 
5.74860E-04 
1.42763E-03 
3.79143E-03 
1.06527E-02 
2.70961E-04 
6.46692E-04 
1.65283E-03 
4.35969E-03 
1.19238E-02 
2.52350E-04 
6.49903E-04 
1.71712E-03 
4.55023E-03 
1.22687E-02 
3.43981E-02 
2.16347E-04 
5.99436E-04 
1.62396E-03 
4.31969E-03 
1.15328E-02 
3.13751E-02 
8.88178E-02 
5.28993E-04 
1.42868E-03 
3.77268E-03 
9.93633E-03 
2.63779E-02 
7.19825E-02 
1.22003E-03 
3.17933E-03 
8.25785E-03 
2.15289E-02 
5.70372E-02 
1.56328E-01 
2.75129E-03 
7.04032E-03 
1.80548E-02 
4.67436E-02 
1.23944E-01 
3.39940E-01 
---
