PdfType: replica
Format: lhagrid1
---
4.34963E-04 7.77181E-04 7.77181E-04 1.38865E-03 1.38865E-03 2.48120E-03 2.48120E-03 2.48120E-03 4.43334E-03 4.43334E-03 4.43334E-03 4.43334E-03 7.92137E-03 7.92137E-03 7.92137E-03 7.92137E-03 1.41537E-02 1.41537E-02 1.41537E-02 1.41537E-02 1.41537E-02 2.52895E-02 2.52895E-02 2.52895E-02 2.52895E-02 2.52895E-02 4.51866E-02 4.51866E-02 4.51866E-02 4.51866E-02 4.51866E-02 4.51866E-02 8.07383E-02 8.07383E-02 8.07383E-02 8.07383E-02 8.07383E-02 8.07383E-02 8.07383E-02 1.44261E-01 1.44261E-01 1.44261E-01 1.44261E-01 1.44261E-01 1.44261E-01 2.57762E-01 2.57762E-01 2.57762E-01 2.57762E-01 2.57762E-01 2.57762E-01 4.60562E-01 4.60562E-01 4.60562E-01 4.60562E-01 4.60562E-01 4.60562E-01 
1.58489E+00 1.58489E+00 2.51189E+00 1.58489E+00 2.51189E+00 1.58489E+00 2.51189E+00 3.98107E+00 1.58489E+00 2.51189E+00 3.98107E+00 6.30957E+00 1.58489E+00 2.51189E+00 3.98107E+00 6.30957E+00 1.58489E+00 2.51189E+00 3.98107E+00 6.30957E+00 9.99999E+00 1.58489E+00 2.51189E+00 3.98107E+00 6.30957E+00 9.99999E+00 1.58489E+00 2.51189E+00 3.98107E+00 6.30957E+00 9.99999E+00 1.58489E+01 1.58489E+00 2.51189E+00 3.98107E+00 6.30957E+00 9.99999E+00 1.58489E+01 2.51189E+01 2.51189E+00 3.98107E+00 6.30957E+00 9.99999E+00 1.58489E+01 2.51189E+01 3.98107E+00 6.30957E+00 9.99999E+00 1.58489E+01 2.51189E+01 3.98107E+01 6.30957E+00 9.99999E+00 1.58489E+01 2.51189E+01 3.98107E+01 6.30957E+01 
90000 
7.89295E-05 
1.54477E-04 
3.51724E-04 
2.14930E-04 
4.84336E-04 
2.60877E-04 
5.84846E-04 
1.40744E-03 
2.91891E-04 
6.56101E-04 
1.56131E-03 
4.08589E-03 
3.07821E-04 
6.96942E-04 
1.65893E-03 
4.23810E-03 
3.08191E-04 
7.06214E-04 
1.70090E-03 
4.31267E-03 
1.16019E-02 
2.90268E-04 
6.82529E-04 
1.68542E-03 
4.31121E-03 
1.14537E-02 
2.52228E-04 
6.27627E-04 
1.61228E-03 
4.20335E-03 
1.11681E-02 
3.10023E-02 
2.07982E-04 
5.60200E-04 
1.49829E-03 
3.97121E-03 
1.05715E-02 
2.87403E-02 
8.13913E-02 
5.08391E-04 
1.37190E-03 
3.62935E-03 
9.57353E-03 
2.54610E-02 
6.96146E-02 
1.22130E-03 
3.17944E-03 
8.24993E-03 
2.14900E-02 
5.69086E-02 
1.56123E-01 
2.72193E-03 
6.94818E-03 
1.77860E-02 
4.60042E-02 
1.22159E-01 
3.37770E-01 
---
