PdfType: replica
Format: lhagrid1
---
4.34963E-04 7.77181E-04 7.77181E-04 1.38865E-03 1.38865E-03 2.48120E-03 2.48120E-03 2.48120E-03 4.43334E-03 4.43334E-03 4.43334E-03 4.43334E-03 7.92137E-03 7.92137E-03 7.92137E-03 7.92137E-03 1.41537E-02 1.41537E-02 1.41537E-02 1.41537E-02 1.41537E-02 2.52895E-02 2.52895E-02 2.52895E-02 2.52895E-02 2.52895E-02 4.51866E-02 4.51866E-02 4.51866E-02 4.51866E-02 4.51866E-02 4.51866E-02 8.07383E-02 8.07383E-02 8.07383E-02 8.07383E-02 8.07383E-02 8.07383E-02 8.07383E-02 1.44261E-01 1.44261E-01 1.44261E-01 1.44261E-01 1.44261E-01 1.44261E-01 2.57762E-01 2.57762E-01 2.57762E-01 2.57762E-01 2.57762E-01 2.57762E-01 4.60562E-01 4.60562E-01 4.60562E-01 4.60562E-01 4.60562E-01 4.60562E-01 
1.58489E+00 1.58489E+00 2.51189E+00 1.58489E+00 2.51189E+00 1.58489E+00 2.51189E+00 3.98107E+00 1.58489E+00 2.51189E+00 3.98107E+00 6.30957E+00 1.58489E+00 2.51189E+00 3.98107E+00 6.30957E+00 1.58489E+00 2.51189E+00 3.98107E+00 6.30957E+00 9.99999E+00 1.58489E+00 2.51189E+00 3.98107E+00 6.30957E+00 9.99999E+00 1.58489E+00 2.51189E+00 3.98107E+00 6.30957E+00 9.99999E+00 1.58489E+01 1.58489E+00 2.51189E+00 3.98107E+00 6.30957E+00 9.99999E+00 1.58489E+01 2.51189E+01 2.51189E+00 3.98107E+00 6.30957E+00 9.99999E+00 1.58489E+01 2.51189E+01 3.98107E+00 6.30957E+00 9.99999E+00 1.58489E+01 2.51189E+01 3.98107E+01 6.30957E+00 9.99999E+00 1.58489E+01 2.51189E+01 3.98107E+01 6.30957E+01 
90000 
-1.78369E-04 
-1.91163E-05 
-9.31781E-05 
9.72371E-05 
1.83476E-04 
1.80974E-04 
3.75481E-04 
8.45234E-04 
2.37109E-04 
5.07826E-04 
1.17777E-03 
3.09954E-03 
2.69230E-04 
5.92476E-04 
1.40063E-03 
3.61795E-03 
2.80884E-04 
6.38143E-04 
1.54536E-03 
3.97090E-03 
1.08110E-02 
2.75508E-04 
6.52666E-04 
1.62942E-03 
4.21699E-03 
1.13168E-02 
2.56272E-04 
6.40500E-04 
1.65291E-03 
4.32927E-03 
1.15474E-02 
3.21780E-02 
2.27204E-04 
6.00345E-04 
1.59204E-03 
4.20634E-03 
1.11779E-02 
3.03767E-02 
8.60564E-02 
5.33739E-04 
1.43336E-03 
3.79034E-03 
1.00094E-02 
2.66622E-02 
7.29974E-02 
1.25143E-03 
3.28284E-03 
8.57632E-03 
2.24529E-02 
5.96477E-02 
1.63557E-01 
2.88359E-03 
7.39039E-03 
1.89638E-02 
4.90729E-02 
1.29715E-01 
3.52029E-01 
---
