PdfType: replica
Format: lhagrid1
---
4.34963E-04 7.77181E-04 7.77181E-04 1.38865E-03 1.38865E-03 2.48120E-03 2.48120E-03 2.48120E-03 4.43334E-03 4.43334E-03 4.43334E-03 4.43334E-03 7.92137E-03 7.92137E-03 7.92137E-03 7.92137E-03 1.41537E-02 1.41537E-02 1.41537E-02 1.41537E-02 1.41537E-02 2.52895E-02 2.52895E-02 2.52895E-02 2.52895E-02 2.52895E-02 4.51866E-02 4.51866E-02 4.51866E-02 4.51866E-02 4.51866E-02 4.51866E-02 8.07383E-02 8.07383E-02 8.07383E-02 8.07383E-02 8.07383E-02 8.07383E-02 8.07383E-02 1.44261E-01 1.44261E-01 1.44261E-01 1.44261E-01 1.44261E-01 1.44261E-01 2.57762E-01 2.57762E-01 2.57762E-01 2.57762E-01 2.57762E-01 2.57762E-01 4.60562E-01 4.60562E-01 4.60562E-01 4.60562E-01 4.60562E-01 4.60562E-01 
1.58489E+00 1.58489E+00 2.51189E+00 1.58489E+00 2.51189E+00 1.58489E+00 2.51189E+00 3.98107E+00 1.58489E+00 2.51189E+00 3.98107E+00 6.30957E+00 1.58489E+00 2.51189E+00 3.98107E+00 6.30957E+00 1.58489E+00 2.51189E+00 3.98107E+00 6.30957E+00 9.99999E+00 1.58489E+00 2.51189E+00 3.98107E+00 6.30957E+00 9.99999E+00 1.58489E+00 2.51189E+00 3.98107E+00 6.30957E+00 9.99999E+00 1.58489E+01 1.58489E+00 2.51189E+00 3.98107E+00 6.30957E+00 9.99999E+00 1.58489E+01 2.51189E+01 2.51189E+00 3.98107E+00 6.30957E+00 9.99999E+00 1.58489E+01 2.51189E+01 3.98107E+00 6.30957E+00 9.99999E+00 1.58489E+01 2.51189E+01 3.98107E+01 6.30957E+00 9.99999E+00 1.58489E+01 2.51189E+01 3.98107E+01 6.30957E+01 
90000 
1.40459E-04 
1.74064E-04 
3.55748E-04 
1.96652E-04 
4.19033E-04 
2.10451E-04 
4.66131E-04 
1.12180E-03 
2.17379E-04 
5.00623E-04 
1.21319E-03 
3.21449E-03 
2.20549E-04 
5.26371E-04 
1.29256E-03 
3.37095E-03 
2.24517E-04 
5.50995E-04 
1.37632E-03 
3.57203E-03 
9.74917E-03 
2.32809E-04 
5.81389E-04 
1.47670E-03 
3.84328E-03 
1.03116E-02 
2.40510E-04 
6.08017E-04 
1.56688E-03 
4.09485E-03 
1.08768E-02 
3.02086E-02 
2.29610E-04 
5.93793E-04 
1.55441E-03 
4.07809E-03 
1.07757E-02 
2.91716E-02 
8.24255E-02 
5.19004E-04 
1.38505E-03 
3.64963E-03 
9.61315E-03 
2.55592E-02 
6.98946E-02 
1.20408E-03 
3.14958E-03 
8.20371E-03 
2.14260E-02 
5.68333E-02 
1.55908E-01 
2.59285E-03 
6.65585E-03 
1.71423E-02 
4.45819E-02 
1.18524E-01 
3.23627E-01 
---
