PdfType: replica
Format: lhagrid1
---
4.34963E-04 7.77181E-04 7.77181E-04 1.38865E-03 1.38865E-03 2.48120E-03 2.48120E-03 2.48120E-03 4.43334E-03 4.43334E-03 4.43334E-03 4.43334E-03 7.92137E-03 7.92137E-03 7.92137E-03 7.92137E-03 1.41537E-02 1.41537E-02 1.41537E-02 1.41537E-02 1.41537E-02 2.52895E-02 2.52895E-02 2.52895E-02 2.52895E-02 2.52895E-02 4.51866E-02 4.51866E-02 4.51866E-02 4.51866E-02 4.51866E-02 4.51866E-02 8.07383E-02 8.07383E-02 8.07383E-02 8.07383E-02 8.07383E-02 8.07383E-02 8.07383E-02 1.44261E-01 1.44261E-01 1.44261E-01 1.44261E-01 1.44261E-01 1.44261E-01 2.57762E-01 2.57762E-01 2.57762E-01 2.57762E-01 2.57762E-01 2.57762E-01 4.60562E-01 4.60562E-01 4.60562E-01 4.60562E-01 4.60562E-01 4.60562E-01 
1.58489E+00 1.58489E+00 2.51189E+00 1.58489E+00 2.51189E+00 1.58489E+00 2.51189E+00 3.98107E+00 1.58489E+00 2.51189E+00 3.98107E+00 6.30957E+00 1.58489E+00 2.51189E+00 3.98107E+00 6.30957E+00 1.58489E+00 2.51189E+00 3.98107E+00 6.30957E+00 9.99999E+00 1.58489E+00 2.51189E+00 3.98107E+00 6.30957E+00 9.99999E+00 1.58489E+00 2.51189E+00 3.98107E+00 6.30957E+00 9.99999E+00 1.58489E+01 1.58489E+00 2.51189E+00 3.98107E+00 6.30957E+00 9.99999E+00 1.58489E+01 2.51189E+01 2.51189E+00 3.98107E+00 6.30957E+00 9.99999E+00 1.58489E+01 2.51189E+01 3.98107E+00 6.30957E+00 9.99999E+00 1.58489E+01 2.51189E+01 3.98107E+01 6.30957E+00 9.99999E+00 1.58489E+01 2.51189E+01 3.98107E+01 6.30957E+01 
90000 
6.99886E-04 
5.73086E-04 
1.15644E-03 
4.80642E-04 
9.81266E-04 
4.10273E-04 
8.63625E-04 
2.00397E-03 
3.55716E-04 
7.79927E-04 
1.82327E-03 
4.66649E-03 
3.14086E-04 
7.17170E-04 
1.70454E-03 
4.31307E-03 
2.83611E-04 
6.69316E-04 
1.62414E-03 
4.10982E-03 
1.10238E-02 
2.60996E-04 
6.31794E-04 
1.56941E-03 
4.01386E-03 
1.06429E-02 
2.39257E-04 
5.96547E-04 
1.52384E-03 
3.96186E-03 
1.04952E-02 
2.91225E-02 
2.13495E-04 
5.55892E-04 
1.46293E-03 
3.86114E-03 
1.02563E-02 
2.79196E-02 
7.93522E-02 
5.13694E-04 
1.37475E-03 
3.64415E-03 
9.65205E-03 
2.58185E-02 
7.10574E-02 
1.25375E-03 
3.30401E-03 
8.67806E-03 
2.28538E-02 
6.11111E-02 
1.69006E-01 
2.97644E-03 
7.83900E-03 
2.06529E-02 
5.47948E-02 
1.47906E-01 
4.04938E-01 
---
