PdfType: replica
Format: lhagrid1
---
4.34963E-04 7.77181E-04 7.77181E-04 1.38865E-03 1.38865E-03 2.48120E-03 2.48120E-03 2.48120E-03 4.43334E-03 4.43334E-03 4.43334E-03 4.43334E-03 7.92137E-03 7.92137E-03 7.92137E-03 7.92137E-03 1.41537E-02 1.41537E-02 1.41537E-02 1.41537E-02 1.41537E-02 2.52895E-02 2.52895E-02 2.52895E-02 2.52895E-02 2.52895E-02 4.51866E-02 4.51866E-02 4.51866E-02 4.51866E-02 4.51866E-02 4.51866E-02 8.07383E-02 8.07383E-02 8.07383E-02 8.07383E-02 8.07383E-02 8.07383E-02 8.07383E-02 1.44261E-01 1.44261E-01 1.44261E-01 1.44261E-01 1.44261E-01 1.44261E-01 2.57762E-01 2.57762E-01 2.57762E-01 2.57762E-01 2.57762E-01 2.57762E-01 4.60562E-01 4.60562E-01 4.60562E-01 4.60562E-01 4.60562E-01 4.60562E-01 
1.58489E+00 1.58489E+00 2.51189E+00 1.58489E+00 2.51189E+00 1.58489E+00 2.51189E+00 3.98107E+00 1.58489E+00 2.51189E+00 3.98107E+00 6.30957E+00 1.58489E+00 2.51189E+00 3.98107E+00 6.30957E+00 1.58489E+00 2.51189E+00 3.98107E+00 6.30957E+00 9.99999E+00 1.58489E+00 2.51189E+00 3.98107E+00 6.30957E+00 9.99999E+00 1.58489E+00 2.51189E+00 3.98107E+00 6.30957E+00 9.99999E+00 1.58489E+01 1.58489E+00 2.51189E+00 3.98107E+00 6.30957E+00 9.99999E+00 1.58489E+01 2.51189E+01 2.51189E+00 3.98107E+00 6.30957E+00 9.99999E+00 1.58489E+01 2.51189E+01 3.98107E+00 6.30957E+00 9.99999E+00 1.58489E+01 2.51189E+01 3.98107E+01 6.30957E+00 9.99999E+00 1.58489E+01 2.51189E+01 3.98107E+01 6.30957E+01 
90000 
1.29809E-03 
1.00793E-03 
2.17450E-03 
7.84253E-04 
1.66260E-03 
6.05033E-04 
1.29466E-03 
3.15919E-03 
4.61541E-04 
1.02049E-03 
2.47959E-03 
6.57171E-03 
3.52574E-04 
8.21372E-04 
2.03402E-03 
5.32008E-03 
2.80044E-04 
6.95041E-04 
1.77599E-03 
4.65415E-03 
1.29283E-02 
2.43151E-04 
6.36298E-04 
1.66992E-03 
4.40289E-03 
1.19904E-02 
2.28623E-04 
6.13842E-04 
1.63105E-03 
4.30817E-03 
1.15507E-02 
3.22056E-02 
2.10056E-04 
5.72343E-04 
1.53065E-03 
4.04422E-03 
1.07347E-02 
2.91050E-02 
8.22464E-02 
5.03940E-04 
1.35371E-03 
3.57426E-03 
9.41766E-03 
2.50365E-02 
6.84561E-02 
1.20588E-03 
3.13609E-03 
8.13617E-03 
2.11984E-02 
5.61551E-02 
1.54061E-01 
2.57277E-03 
6.64726E-03 
1.72020E-02 
4.49162E-02 
1.20063E-01 
3.31849E-01 
---
