PdfType: replica
Format: lhagrid1
---
4.34963E-04 7.77181E-04 7.77181E-04 1.38865E-03 1.38865E-03 2.48120E-03 2.48120E-03 2.48120E-03 4.43334E-03 4.43334E-03 4.43334E-03 4.43334E-03 7.92137E-03 7.92137E-03 7.92137E-03 7.92137E-03 1.41537E-02 1.41537E-02 1.41537E-02 1.41537E-02 1.41537E-02 2.52895E-02 2.52895E-02 2.52895E-02 2.52895E-02 2.52895E-02 4.51866E-02 4.51866E-02 4.51866E-02 4.51866E-02 4.51866E-02 4.51866E-02 8.07383E-02 8.07383E-02 8.07383E-02 8.07383E-02 8.07383E-02 8.07383E-02 8.07383E-02 1.44261E-01 1.44261E-01 1.44261E-01 1.44261E-01 1.44261E-01 1.44261E-01 2.57762E-01 2.57762E-01 2.57762E-01 2.57762E-01 2.57762E-01 2.57762E-01 4.60562E-01 4.60562E-01 4.60562E-01 4.60562E-01 4.60562E-01 4.60562E-01 
1.58489E+00 1.58489E+00 2.51189E+00 1.58489E+00 2.51189E+00 1.58489E+00 2.51189E+00 3.98107E+00 1.58489E+00 2.51189E+00 3.98107E+00 6.30957E+00 1.58489E+00 2.51189E+00 3.98107E+00 6.30957E+00 1.58489E+00 2.51189E+00 3.98107E+00 6.30957E+00 9.99999E+00 1.58489E+00 2.51189E+00 3.98107E+00 6.30957E+00 9.99999E+00 1.58489E+00 2.51189E+00 3.98107E+00 6.30957E+00 9.99999E+00 1.58489E+01 1.58489E+00 2.51189E+00 3.98107E+00 6.30957E+00 9.99999E+00 1.58489E+01 2.51189E+01 2.51189E+00 3.98107E+00 6.30957E+00 9.99999E+00 1.58489E+01 2.51189E+01 3.98107E+00 6.30957E+00 9.99999E+00 1.58489E+01 2.51189E+01 3.98107E+01 6.30957E+00 9.99999E+00 1.58489E+01 2.51189E+01 3.98107E+01 6.30957E+01 
90000 
2.40242E-04 
2.82869E-04 
6.50545E-04 
3.08306E-04 
6.98254E-04 
3.20176E-04 
7.25628E-04 
1.79785E-03 
3.20903E-04 
7.36207E-04 
1.79917E-03 
4.79349E-03 
3.13174E-04 
7.31254E-04 
1.78733E-03 
4.63453E-03 
2.99531E-04 
7.13087E-04 
1.76030E-03 
4.51464E-03 
1.22895E-02 
2.80291E-04 
6.82613E-04 
1.71482E-03 
4.41254E-03 
1.17839E-02 
2.52037E-04 
6.35794E-04 
1.63778E-03 
4.26442E-03 
1.13146E-02 
3.13652E-02 
2.15089E-04 
5.71087E-04 
1.51321E-03 
3.99082E-03 
1.05831E-02 
2.87092E-02 
8.12201E-02 
5.08129E-04 
1.36428E-03 
3.60747E-03 
9.51881E-03 
2.53449E-02 
6.93942E-02 
1.22231E-03 
3.18731E-03 
8.29123E-03 
2.16511E-02 
5.74447E-02 
1.57560E-01 
2.61505E-03 
6.80782E-03 
1.77272E-02 
4.65076E-02 
1.24550E-01 
3.42555E-01 
---
