PdfType: replica
Format: lhagrid1
---
4.34963E-04 7.77181E-04 7.77181E-04 1.38865E-03 1.38865E-03 2.48120E-03 2.48120E-03 2.48120E-03 4.43334E-03 4.43334E-03 4.43334E-03 4.43334E-03 7.92137E-03 7.92137E-03 7.92137E-03 7.92137E-03 1.41537E-02 1.41537E-02 1.41537E-02 1.41537E-02 1.41537E-02 2.52895E-02 2.52895E-02 2.52895E-02 2.52895E-02 2.52895E-02 4.51866E-02 4.51866E-02 4.51866E-02 4.51866E-02 4.51866E-02 4.51866E-02 8.07383E-02 8.07383E-02 8.07383E-02 8.07383E-02 8.07383E-02 8.07383E-02 8.07383E-02 1.44261E-01 1.44261E-01 1.44261E-01 1.44261E-01 1.44261E-01 1.44261E-01 2.57762E-01 2.57762E-01 2.57762E-01 2.57762E-01 2.57762E-01 2.57762E-01 4.60562E-01 4.60562E-01 4.60562E-01 4.60562E-01 4.60562E-01 4.60562E-01 
1.58489E+00 1.58489E+00 2.51189E+00 1.58489E+00 2.51189E+00 1.58489E+00 2.51189E+00 3.98107E+00 1.58489E+00 2.51189E+00 3.98107E+00 6.30957E+00 1.58489E+00 2.51189E+00 3.98107E+00 6.30957E+00 1.58489E+00 2.51189E+00 3.98107E+00 6.30957E+00 9.99999E+00 1.58489E+00 2.51189E+00 3.98107E+00 6.30957E+00 9.99999E+00 1.58489E+00 2.51189E+00 3.98107E+00 6.30957E+00 9.99999E+00 1.58489E+01 1.58489E+00 2.51189E+00 3.98107E+00 6.30957E+00 9.99999E+00 1.58489E+01 2.51189E+01 2.51189E+00 3.98107E+00 6.30957E+00 9.99999E+00 1.58489E+01 2.51189E+01 3.98107E+00 6.30957E+00 9.99999E+00 1.58489E+01 2.51189E+01 3.98107E+01 6.30957E+00 9.99999E+00 1.58489E+01 2.51189E+01 3.98107E+01 6.30957E+01 
90000 
1.77952E-04 
2.24917E-04 
4.00789E-04 
2.61430E-04 
5.10053E-04 
2.87620E-04 
5.89139E-04 
1.34618E-03 
3.02927E-04 
6.43175E-04 
1.48999E-03 
3.87770E-03 
3.07165E-04 
6.73133E-04 
1.58553E-03 
4.06261E-03 
3.00403E-04 
6.80416E-04 
1.64110E-03 
4.19420E-03 
1.13759E-02 
2.82480E-04 
6.67196E-04 
1.66096E-03 
4.28704E-03 
1.14865E-02 
2.54246E-04 
6.35628E-04 
1.64155E-03 
4.30073E-03 
1.14818E-02 
3.20140E-02 
2.21386E-04 
5.88289E-04 
1.56628E-03 
4.14577E-03 
1.10378E-02 
3.00289E-02 
8.51231E-02 
5.26428E-04 
1.41669E-03 
3.74694E-03 
9.89728E-03 
2.63559E-02 
7.21239E-02 
1.22782E-03 
3.22094E-03 
8.40937E-03 
2.19894E-02 
5.83397E-02 
1.59872E-01 
2.83592E-03 
7.21919E-03 
1.84022E-02 
4.73379E-02 
1.24608E-01 
3.38257E-01 
---
