PdfType: replica
Format: lhagrid1
---
4.34963E-04 7.77181E-04 7.77181E-04 1.38865E-03 1.38865E-03 2.48120E-03 2.48120E-03 2.48120E-03 4.43334E-03 4.43334E-03 4.43334E-03 4.43334E-03 7.92137E-03 7.92137E-03 7.92137E-03 7.92137E-03 1.41537E-02 1.41537E-02 1.41537E-02 1.41537E-02 1.41537E-02 2.52895E-02 2.52895E-02 2.52895E-02 2.52895E-02 2.52895E-02 4.51866E-02 4.51866E-02 4.51866E-02 4.51866E-02 4.51866E-02 4.51866E-02 8.07383E-02 8.07383E-02 8.07383E-02 8.07383E-02 8.07383E-02 8.07383E-02 8.07383E-02 1.44261E-01 1.44261E-01 1.44261E-01 1.44261E-01 1.44261E-01 1.44261E-01 2.57762E-01 2.57762E-01 2.57762E-01 2.57762E-01 2.57762E-01 2.57762E-01 4.60562E-01 4.60562E-01 4.60562E-01 4.60562E-01 4.60562E-01 4.60562E-01 
1.58489E+00 1.58489E+00 2.51189E+00 1.58489E+00 2.51189E+00 1.58489E+00 2.51189E+00 3.98107E+00 1.58489E+00 2.51189E+00 3.98107E+00 6.30957E+00 1.58489E+00 2.51189E+00 3.98107E+00 6.30957E+00 1.58489E+00 2.51189E+00 3.98107E+00 6.30957E+00 9.99999E+00 1.58489E+00 2.51189E+00 3.98107E+00 6.30957E+00 9.99999E+00 1.58489E+00 2.51189E+00 3.98107E+00 6.30957E+00 9.99999E+00 1.58489E+01 1.58489E+00 2.51189E+00 3.98107E+00 6.30957E+00 9.99999E+00 1.58489E+01 2.51189E+01 2.51189E+00 3.98107E+00 6.30957E+00 9.99999E+00 1.58489E+01 2.51189E+01 3.98107E+00 6.30957E+00 9.99999E+00 1.58489E+01 2.51189E+01 3.98107E+01 6.30957E+00 9.99999E+00 1.58489E+01 2.51189E+01 3.98107E+01 6.30957E+01 
90000 
-1.13137E-05 
7.87673E-05 
7.03241E-05 
1.48109E-04 
2.59838E-04 
1.99497E-04 
3.92573E-04 
8.43546E-04 
2.33643E-04 
4.82898E-04 
1.08813E-03 
2.82424E-03 
2.51795E-04 
5.38684E-04 
1.25137E-03 
3.22015E-03 
2.56333E-04 
5.68399E-04 
1.36501E-03 
3.51770E-03 
9.62377E-03 
2.49216E-04 
5.80652E-04 
1.45112E-03 
3.78506E-03 
1.02463E-02 
2.31083E-04 
5.78348E-04 
1.50824E-03 
3.99228E-03 
1.07539E-02 
3.02136E-02 
2.06338E-04 
5.56584E-04 
1.49819E-03 
3.99578E-03 
1.07004E-02 
2.92390E-02 
8.31599E-02 
5.09125E-04 
1.37992E-03 
3.66532E-03 
9.71049E-03 
2.59168E-02 
7.10389E-02 
1.22117E-03 
3.20906E-03 
8.39162E-03 
2.19794E-02 
5.83940E-02 
1.60035E-01 
2.80322E-03 
7.14101E-03 
1.82274E-02 
4.69501E-02 
1.23622E-01 
3.34562E-01 
---
