PdfType: replica
Format: lhagrid1
---
4.34963E-04 7.77181E-04 7.77181E-04 1.38865E-03 1.38865E-03 2.48120E-03 2.48120E-03 2.48120E-03 4.43334E-03 4.43334E-03 4.43334E-03 4.43334E-03 7.92137E-03 7.92137E-03 7.92137E-03 7.92137E-03 1.41537E-02 1.41537E-02 1.41537E-02 1.41537E-02 1.41537E-02 2.52895E-02 2.52895E-02 2.52895E-02 2.52895E-02 2.52895E-02 4.51866E-02 4.51866E-02 4.51866E-02 4.51866E-02 4.51866E-02 4.51866E-02 8.07383E-02 8.07383E-02 8.07383E-02 8.07383E-02 8.07383E-02 8.07383E-02 8.07383E-02 1.44261E-01 1.44261E-01 1.44261E-01 1.44261E-01 1.44261E-01 1.44261E-01 2.57762E-01 2.57762E-01 2.57762E-01 2.57762E-01 2.57762E-01 2.57762E-01 4.60562E-01 4.60562E-01 4.60562E-01 4.60562E-01 4.60562E-01 4.60562E-01 
1.58489E+00 1.58489E+00 2.51189E+00 1.58489E+00 2.51189E+00 1.58489E+00 2.51189E+00 3.98107E+00 1.58489E+00 2.51189E+00 3.98107E+00 6.30957E+00 1.58489E+00 2.51189E+00 3.98107E+00 6.30957E+00 1.58489E+00 2.51189E+00 3.98107E+00 6.30957E+00 9.99999E+00 1.58489E+00 2.51189E+00 3.98107E+00 6.30957E+00 9.99999E+00 1.58489E+00 2.51189E+00 3.98107E+00 6.30957E+00 9.99999E+00 1.58489E+01 1.58489E+00 2.51189E+00 3.98107E+00 6.30957E+00 9.99999E+00 1.58489E+01 2.51189E+01 2.51189E+00 3.98107E+00 6.30957E+00 9.99999E+00 1.58489E+01 2.51189E+01 3.98107E+00 6.30957E+00 9.99999E+00 1.58489E+01 2.51189E+01 3.98107E+01 6.30957E+00 9.99999E+00 1.58489E+01 2.51189E+01 3.98107E+01 6.30957E+01 
90000 
1.28451E-04 
1.58926E-04 
3.06336E-04 
1.88014E-04 
3.97023E-04 
2.15537E-04 
4.76224E-04 
1.13405E-03 
2.40519E-04 
5.45171E-04 
1.30280E-03 
3.43334E-03 
2.61541E-04 
6.01108E-04 
1.44218E-03 
3.71717E-03 
2.75902E-04 
6.39434E-04 
1.54856E-03 
3.95494E-03 
1.06851E-02 
2.77629E-04 
6.52526E-04 
1.60999E-03 
4.13300E-03 
1.10067E-02 
2.58795E-04 
6.31209E-04 
1.60719E-03 
4.18799E-03 
1.11355E-02 
3.09970E-02 
2.21955E-04 
5.77895E-04 
1.52967E-03 
4.05072E-03 
1.08041E-02 
2.94672E-02 
8.37381E-02 
5.14578E-04 
1.39512E-03 
3.70967E-03 
9.84949E-03 
2.63285E-02 
7.22487E-02 
1.21844E-03 
3.19381E-03 
8.33537E-03 
2.17719E-02 
5.76960E-02 
1.58077E-01 
2.43380E-03 
6.26390E-03 
1.61667E-02 
4.21891E-02 
1.13099E-01 
3.15826E-01 
---
