PdfType: replica
Format: lhagrid1
---
4.34963E-04 7.77181E-04 7.77181E-04 1.38865E-03 1.38865E-03 2.48120E-03 2.48120E-03 2.48120E-03 4.43334E-03 4.43334E-03 4.43334E-03 4.43334E-03 7.92137E-03 7.92137E-03 7.92137E-03 7.92137E-03 1.41537E-02 1.41537E-02 1.41537E-02 1.41537E-02 1.41537E-02 2.52895E-02 2.52895E-02 2.52895E-02 2.52895E-02 2.52895E-02 4.51866E-02 4.51866E-02 4.51866E-02 4.51866E-02 4.51866E-02 4.51866E-02 8.07383E-02 8.07383E-02 8.07383E-02 8.07383E-02 8.07383E-02 8.07383E-02 8.07383E-02 1.44261E-01 1.44261E-01 1.44261E-01 1.44261E-01 1.44261E-01 1.44261E-01 2.57762E-01 2.57762E-01 2.57762E-01 2.57762E-01 2.57762E-01 2.57762E-01 4.60562E-01 4.60562E-01 4.60562E-01 4.60562E-01 4.60562E-01 4.60562E-01 
1.58489E+00 1.58489E+00 2.51189E+00 1.58489E+00 2.51189E+00 1.58489E+00 2.51189E+00 3.98107E+00 1.58489E+00 2.51189E+00 3.98107E+00 6.30957E+00 1.58489E+00 2.51189E+00 3.98107E+00 6.30957E+00 1.58489E+00 2.51189E+00 3.98107E+00 6.30957E+00 9.99999E+00 1.58489E+00 2.51189E+00 3.98107E+00 6.30957E+00 9.99999E+00 1.58489E+00 2.51189E+00 3.98107E+00 6.30957E+00 9.99999E+00 1.58489E+01 1.58489E+00 2.51189E+00 3.98107E+00 6.30957E+00 9.99999E+00 1.58489E+01 2.51189E+01 2.51189E+00 3.98107E+00 6.30957E+00 9.99999E+00 1.58489E+01 2.51189E+01 3.98107E+00 6.30957E+00 9.99999E+00 1.58489E+01 2.51189E+01 3.98107E+01 6.30957E+00 9.99999E+00 1.58489E+01 2.51189E+01 3.98107E+01 6.30957E+01 
90000 
1.04896E-04 
1.89524E-04 
3.63951E-04 
2.49143E-04 
5.03038E-04 
2.87265E-04 
5.95896E-04 
1.37569E-03 
3.05836E-04 
6.52657E-04 
1.52110E-03 
3.97376E-03 
3.07630E-04 
6.79120E-04 
1.61224E-03 
4.14779E-03 
2.96518E-04 
6.82288E-04 
1.66506E-03 
4.27562E-03 
1.16434E-02 
2.76126E-04 
6.68842E-04 
1.68763E-03 
4.37240E-03 
1.17380E-02 
2.49020E-04 
6.40237E-04 
1.66948E-03 
4.37584E-03 
1.16629E-02 
3.24053E-02 
2.19037E-04 
5.92523E-04 
1.57929E-03 
4.16485E-03 
1.10328E-02 
2.98638E-02 
8.42715E-02 
5.26160E-04 
1.40498E-03 
3.69360E-03 
9.69518E-03 
2.56976E-02 
7.01047E-02 
1.22474E-03 
3.18540E-03 
8.26227E-03 
2.15275E-02 
5.70421E-02 
1.56612E-01 
2.65693E-03 
6.82254E-03 
1.75705E-02 
4.57048E-02 
1.21844E-01 
3.36599E-01 
---
