PdfType: replica
Format: lhagrid1
---
4.34963E-04 7.77181E-04 7.77181E-04 1.38865E-03 1.38865E-03 2.48120E-03 2.48120E-03 2.48120E-03 4.43334E-03 4.43334E-03 4.43334E-03 4.43334E-03 7.92137E-03 7.92137E-03 7.92137E-03 7.92137E-03 1.41537E-02 1.41537E-02 1.41537E-02 1.41537E-02 1.41537E-02 2.52895E-02 2.52895E-02 2.52895E-02 2.52895E-02 2.52895E-02 4.51866E-02 4.51866E-02 4.51866E-02 4.51866E-02 4.51866E-02 4.51866E-02 8.07383E-02 8.07383E-02 8.07383E-02 8.07383E-02 8.07383E-02 8.07383E-02 8.07383E-02 1.44261E-01 1.44261E-01 1.44261E-01 1.44261E-01 1.44261E-01 1.44261E-01 2.57762E-01 2.57762E-01 2.57762E-01 2.57762E-01 2.57762E-01 2.57762E-01 4.60562E-01 4.60562E-01 4.60562E-01 4.60562E-01 4.60562E-01 4.60562E-01 
1.58489E+00 1.58489E+00 2.51189E+00 1.58489E+00 2.51189E+00 1.58489E+00 2.51189E+00 3.98107E+00 1.58489E+00 2.51189E+00 3.98107E+00 6.30957E+00 1.58489E+00 2.51189E+00 3.98107E+00 6.30957E+00 1.58489E+00 2.51189E+00 3.98107E+00 6.30957E+00 9.99999E+00 1.58489E+00 2.51189E+00 3.98107E+00 6.30957E+00 9.99999E+00 1.58489E+00 2.51189E+00 3.98107E+00 6.30957E+00 9.99999E+00 1.58489E+01 1.58489E+00 2.51189E+00 3.98107E+00 6.30957E+00 9.99999E+00 1.58489E+01 2.51189E+01 2.51189E+00 3.98107E+00 6.30957E+00 9.99999E+00 1.58489E+01 2.51189E+01 3.98107E+00 6.30957E+00 9.99999E+00 1.58489E+01 2.51189E+01 3.98107E+01 6.30957E+00 9.99999E+00 1.58489E+01 2.51189E+01 3.98107E+01 6.30957E+01 
90000 
3.32252E-04 
3.18838E-04 
6.57683E-04 
3.10963E-04 
6.64030E-04 
3.06515E-04 
6.77713E-04 
1.62218E-03 
3.04264E-04 
6.93760E-04 
1.66069E-03 
4.32234E-03 
3.03317E-04 
7.06198E-04 
1.69551E-03 
4.31588E-03 
3.01489E-04 
7.08106E-04 
1.70905E-03 
4.30509E-03 
1.14854E-02 
2.92486E-04 
6.88885E-04 
1.68024E-03 
4.24691E-03 
1.11459E-02 
2.65425E-04 
6.36183E-04 
1.59003E-03 
4.08521E-03 
1.07258E-02 
2.95783E-02 
2.18715E-04 
5.56247E-04 
1.45272E-03 
3.82546E-03 
1.01530E-02 
2.76253E-02 
7.84299E-02 
4.93765E-04 
1.34024E-03 
3.57674E-03 
9.51692E-03 
2.55047E-02 
7.01546E-02 
1.26103E-03 
3.30675E-03 
8.63145E-03 
2.25634E-02 
5.98255E-02 
1.63602E-01 
2.69504E-03 
6.87568E-03 
1.75810E-02 
4.53829E-02 
1.19918E-01 
3.27179E-01 
---
