PdfType: replica
Format: lhagrid1
---
4.34963E-04 7.77181E-04 7.77181E-04 1.38865E-03 1.38865E-03 2.48120E-03 2.48120E-03 2.48120E-03 4.43334E-03 4.43334E-03 4.43334E-03 4.43334E-03 7.92137E-03 7.92137E-03 7.92137E-03 7.92137E-03 1.41537E-02 1.41537E-02 1.41537E-02 1.41537E-02 1.41537E-02 2.52895E-02 2.52895E-02 2.52895E-02 2.52895E-02 2.52895E-02 4.51866E-02 4.51866E-02 4.51866E-02 4.51866E-02 4.51866E-02 4.51866E-02 8.07383E-02 8.07383E-02 8.07383E-02 8.07383E-02 8.07383E-02 8.07383E-02 8.07383E-02 1.44261E-01 1.44261E-01 1.44261E-01 1.44261E-01 1.44261E-01 1.44261E-01 2.57762E-01 2.57762E-01 2.57762E-01 2.57762E-01 2.57762E-01 2.57762E-01 4.60562E-01 4.60562E-01 4.60562E-01 4.60562E-01 4.60562E-01 4.60562E-01 
1.58489E+00 1.58489E+00 2.51189E+00 1.58489E+00 2.51189E+00 1.58489E+00 2.51189E+00 3.98107E+00 1.58489E+00 2.51189E+00 3.98107E+00 6.30957E+00 1.58489E+00 2.51189E+00 3.98107E+00 6.30957E+00 1.58489E+00 2.51189E+00 3.98107E+00 6.30957E+00 9.99999E+00 1.58489E+00 2.51189E+00 3.98107E+00 6.30957E+00 9.99999E+00 1.58489E+00 2.51189E+00 3.98107E+00 6.30957E+00 9.99999E+00 1.58489E+01 1.58489E+00 2.51189E+00 3.98107E+00 6.30957E+00 9.99999E+00 1.58489E+01 2.51189E+01 2.51189E+00 3.98107E+00 6.30957E+00 9.99999E+00 1.58489E+01 2.51189E+01 3.98107E+00 6.30957E+00 9.99999E+00 1.58489E+01 2.51189E+01 3.98107E+01 6.30957E+00 9.99999E+00 1.58489E+01 2.51189E+01 3.98107E+01 6.30957E+01 
90000 
2.62524E-04 
2.55012E-04 
5.32601E-04 
2.52158E-04 
5.40424E-04 
2.51737E-04 
5.57149E-04 
1.33974E-03 
2.52416E-04 
5.77736E-04 
1.39359E-03 
3.66712E-03 
2.53777E-04 
5.98129E-04 
1.45590E-03 
3.76370E-03 
2.55603E-04 
6.15927E-04 
1.51919E-03 
3.90096E-03 
1.05551E-02 
2.55659E-04 
6.26904E-04 
1.57252E-03 
4.05383E-03 
1.07952E-02 
2.46676E-04 
6.19285E-04 
1.58793E-03 
4.13561E-03 
1.09577E-02 
3.03753E-02 
2.21710E-04 
5.79433E-04 
1.52553E-03 
4.01887E-03 
1.06550E-02 
2.89251E-02 
8.18895E-02 
5.19855E-04 
1.39499E-03 
3.69233E-03 
9.76268E-03 
2.60389E-02 
7.13818E-02 
1.26878E-03 
3.31706E-03 
8.64004E-03 
2.25495E-02 
5.97451E-02 
1.63801E-01 
2.63320E-03 
6.63489E-03 
1.67470E-02 
4.26962E-02 
1.11693E-01 
3.03633E-01 
---
