PdfType: replica
Format: lhagrid1
---
4.34963E-04 7.77181E-04 7.77181E-04 1.38865E-03 1.38865E-03 2.48120E-03 2.48120E-03 2.48120E-03 4.43334E-03 4.43334E-03 4.43334E-03 4.43334E-03 7.92137E-03 7.92137E-03 7.92137E-03 7.92137E-03 1.41537E-02 1.41537E-02 1.41537E-02 1.41537E-02 1.41537E-02 2.52895E-02 2.52895E-02 2.52895E-02 2.52895E-02 2.52895E-02 4.51866E-02 4.51866E-02 4.51866E-02 4.51866E-02 4.51866E-02 4.51866E-02 8.07383E-02 8.07383E-02 8.07383E-02 8.07383E-02 8.07383E-02 8.07383E-02 8.07383E-02 1.44261E-01 1.44261E-01 1.44261E-01 1.44261E-01 1.44261E-01 1.44261E-01 2.57762E-01 2.57762E-01 2.57762E-01 2.57762E-01 2.57762E-01 2.57762E-01 4.60562E-01 4.60562E-01 4.60562E-01 4.60562E-01 4.60562E-01 4.60562E-01 
1.58489E+00 1.58489E+00 2.51189E+00 1.58489E+00 2.51189E+00 1.58489E+00 2.51189E+00 3.98107E+00 1.58489E+00 2.51189E+00 3.98107E+00 6.30957E+00 1.58489E+00 2.51189E+00 3.98107E+00 6.30957E+00 1.58489E+00 2.51189E+00 3.98107E+00 6.30957E+00 9.99999E+00 1.58489E+00 2.51189E+00 3.98107E+00 6.30957E+00 9.99999E+00 1.58489E+00 2.51189E+00 3.98107E+00 6.30957E+00 9.99999E+00 1.58489E+01 1.58489E+00 2.51189E+00 3.98107E+00 6.30957E+00 9.99999E+00 1.58489E+01 2.51189E+01 2.51189E+00 3.98107E+00 6.30957E+00 9.99999E+00 1.58489E+01 2.51189E+01 3.98107E+00 6.30957E+00 9.99999E+00 1.58489E+01 2.51189E+01 3.98107E+01 6.30957E+00 9.99999E+00 1.58489E+01 2.51189E+01 3.98107E+01 6.30957E+01 
90000 
1.23914E-04 
1.66314E-04 
4.89698E-04 
1.96336E-04 
5.25489E-04 
2.16768E-04 
5.55810E-04 
1.54218E-03 
2.29857E-04 
5.81969E-04 
1.55230E-03 
4.41547E-03 
2.37856E-04 
6.03792E-04 
1.58202E-03 
4.30948E-03 
2.42099E-04 
6.20173E-04 
1.61796E-03 
4.30420E-03 
1.20917E-02 
2.41140E-04 
6.26478E-04 
1.64234E-03 
4.33608E-03 
1.18257E-02 
2.30980E-04 
6.14320E-04 
1.62965E-03 
4.30985E-03 
1.15700E-02 
3.23132E-02 
2.11900E-04 
5.79177E-04 
1.55410E-03 
4.11930E-03 
1.09573E-02 
2.97616E-02 
8.42165E-02 
5.24758E-04 
1.40700E-03 
3.71288E-03 
9.77821E-03 
2.59875E-02 
7.10275E-02 
1.23949E-03 
3.23156E-03 
8.40153E-03 
2.19237E-02 
5.81212E-02 
1.59257E-01 
2.68250E-03 
6.91674E-03 
1.78511E-02 
4.64419E-02 
1.23372E-01 
3.36425E-01 
---
