PdfType: replica
Format: lhagrid1
---
4.34963E-04 7.77181E-04 7.77181E-04 1.38865E-03 1.38865E-03 2.48120E-03 2.48120E-03 2.48120E-03 4.43334E-03 4.43334E-03 4.43334E-03 4.43334E-03 7.92137E-03 7.92137E-03 7.92137E-03 7.92137E-03 1.41537E-02 1.41537E-02 1.41537E-02 1.41537E-02 1.41537E-02 2.52895E-02 2.52895E-02 2.52895E-02 2.52895E-02 2.52895E-02 4.51866E-02 4.51866E-02 4.51866E-02 4.51866E-02 4.51866E-02 4.51866E-02 8.07383E-02 8.07383E-02 8.07383E-02 8.07383E-02 8.07383E-02 8.07383E-02 8.07383E-02 1.44261E-01 1.44261E-01 1.44261E-01 1.44261E-01 1.44261E-01 1.44261E-01 2.57762E-01 2.57762E-01 2.57762E-01 2.57762E-01 2.57762E-01 2.57762E-01 4.60562E-01 4.60562E-01 4.60562E-01 4.60562E-01 4.60562E-01 4.60562E-01 
1.58489E+00 1.58489E+00 2.51189E+00 1.58489E+00 2.51189E+00 1.58489E+00 2.51189E+00 3.98107E+00 1.58489E+00 2.51189E+00 3.98107E+00 6.30957E+00 1.58489E+00 2.51189E+00 3.98107E+00 6.30957E+00 1.58489E+00 2.51189E+00 3.98107E+00 6.30957E+00 9.99999E+00 1.58489E+00 2.51189E+00 3.98107E+00 6.30957E+00 9.99999E+00 1.58489E+00 2.51189E+00 3.98107E+00 6.30957E+00 9.99999E+00 1.58489E+01 1.58489E+00 2.51189E+00 3.98107E+00 6.30957E+00 9.99999E+00 1.58489E+01 2.51189E+01 2.51189E+00 3.98107E+00 6.30957E+00 9.99999E+00 1.58489E+01 2.51189E+01 3.98107E+00 6.30957E+00 9.99999E+00 1.58489E+01 2.51189E+01 3.98107E+01 6.30957E+00 9.99999E+00 1.58489E+01 2.51189E+01 3.98107E+01 6.30957E+01 
90000 
5.38723E-05 
1.07476E-04 
1.46046E-04 
1.48489E-04 
2.87155E-04 
1.80312E-04 
3.91083E-04 
9.24472E-04 
2.04973E-04 
4.70875E-04 
1.14411E-03 
3.07280E-03 
2.24151E-04 
5.32259E-04 
1.31126E-03 
3.43526E-03 
2.38592E-04 
5.77409E-04 
1.43818E-03 
3.71626E-03 
1.01806E-02 
2.45954E-04 
6.03794E-04 
1.52241E-03 
3.92836E-03 
1.05093E-02 
2.40559E-04 
6.04311E-04 
1.54957E-03 
4.02552E-03 
1.06469E-02 
2.94795E-02 
2.22676E-04 
5.77760E-04 
1.50720E-03 
3.94442E-03 
1.03800E-02 
2.80377E-02 
7.92325E-02 
5.32700E-04 
1.39438E-03 
3.64704E-03 
9.53895E-03 
2.52905E-02 
6.91682E-02 
1.21409E-03 
3.16933E-03 
8.27553E-03 
2.17486E-02 
5.81035E-02 
1.59984E-01 
2.72066E-03 
7.29987E-03 
1.95512E-02 
5.24512E-02 
1.41012E-01 
3.67590E-01 
---
