PdfType: replica
Format: lhagrid1
---
4.34963E-04 7.77181E-04 7.77181E-04 1.38865E-03 1.38865E-03 2.48120E-03 2.48120E-03 2.48120E-03 4.43334E-03 4.43334E-03 4.43334E-03 4.43334E-03 7.92137E-03 7.92137E-03 7.92137E-03 7.92137E-03 1.41537E-02 1.41537E-02 1.41537E-02 1.41537E-02 1.41537E-02 2.52895E-02 2.52895E-02 2.52895E-02 2.52895E-02 2.52895E-02 4.51866E-02 4.51866E-02 4.51866E-02 4.51866E-02 4.51866E-02 4.51866E-02 8.07383E-02 8.07383E-02 8.07383E-02 8.07383E-02 8.07383E-02 8.07383E-02 8.07383E-02 1.44261E-01 1.44261E-01 1.44261E-01 1.44261E-01 1.44261E-01 1.44261E-01 2.57762E-01 2.57762E-01 2.57762E-01 2.57762E-01 2.57762E-01 2.57762E-01 4.60562E-01 4.60562E-01 4.60562E-01 4.60562E-01 4.60562E-01 4.60562E-01 
1.58489E+00 1.58489E+00 2.51189E+00 1.58489E+00 2.51189E+00 1.58489E+00 2.51189E+00 3.98107E+00 1.58489E+00 2.51189E+00 3.98107E+00 6.30957E+00 1.58489E+00 2.51189E+00 3.98107E+00 6.30957E+00 1.58489E+00 2.51189E+00 3.98107E+00 6.30957E+00 9.99999E+00 1.58489E+00 2.51189E+00 3.98107E+00 6.30957E+00 9.99999E+00 1.58489E+00 2.51189E+00 3.98107E+00 6.30957E+00 9.99999E+00 1.58489E+01 1.58489E+00 2.51189E+00 3.98107E+00 6.30957E+00 9.99999E+00 1.58489E+01 2.51189E+01 2.51189E+00 3.98107E+00 6.30957E+00 9.99999E+00 1.58489E+01 2.51189E+01 3.98107E+00 6.30957E+00 9.99999E+00 1.58489E+01 2.51189E+01 3.98107E+01 6.30957E+00 9.99999E+00 1.58489E+01 2.51189E+01 3.98107E+01 6.30957E+01 
90000 
1.94599E-03 
1.21597E-03 
2.19506E-03 
7.90361E-04 
1.41345E-03 
5.43726E-04 
9.93085E-04 
2.05897E-03 
4.03520E-04 
7.71449E-04 
1.64982E-03 
4.06704E-03 
3.25742E-04 
6.62813E-04 
1.49488E-03 
3.76367E-03 
2.83520E-04 
6.20605E-04 
1.48563E-03 
3.82085E-03 
1.04423E-02 
2.59315E-04 
6.14411E-04 
1.55166E-03 
4.06185E-03 
1.10177E-02 
2.38482E-04 
6.12342E-04 
1.61140E-03 
4.26697E-03 
1.14826E-02 
3.21695E-02 
2.12960E-04 
5.83576E-04 
1.57278E-03 
4.17857E-03 
1.11435E-02 
3.03119E-02 
8.58334E-02 
5.24398E-04 
1.41104E-03 
3.72260E-03 
9.80151E-03 
2.60263E-02 
7.10617E-02 
1.21408E-03 
3.16370E-03 
8.21783E-03 
2.14254E-02 
5.67750E-02 
1.55796E-01 
2.69957E-03 
6.87978E-03 
1.75805E-02 
4.53861E-02 
1.20209E-01 
3.30831E-01 
---
