PdfType: replica
Format: lhagrid1
---
4.34963E-04 7.77181E-04 7.77181E-04 1.38865E-03 1.38865E-03 2.48120E-03 2.48120E-03 2.48120E-03 4.43334E-03 4.43334E-03 4.43334E-03 4.43334E-03 7.92137E-03 7.92137E-03 7.92137E-03 7.92137E-03 1.41537E-02 1.41537E-02 1.41537E-02 1.41537E-02 1.41537E-02 2.52895E-02 2.52895E-02 2.52895E-02 2.52895E-02 2.52895E-02 4.51866E-02 4.51866E-02 4.51866E-02 4.51866E-02 4.51866E-02 4.51866E-02 8.07383E-02 8.07383E-02 8.07383E-02 8.07383E-02 8.07383E-02 8.07383E-02 8.07383E-02 1.44261E-01 1.44261E-01 1.44261E-01 1.44261E-01 1.44261E-01 1.44261E-01 2.57762E-01 2.57762E-01 2.57762E-01 2.57762E-01 2.57762E-01 2.57762E-01 4.60562E-01 4.60562E-01 4.60562E-01 4.60562E-01 4.60562E-01 4.60562E-01 
1.58489E+00 1.58489E+00 2.51189E+00 1.58489E+00 2.51189E+00 1.58489E+00 2.51189E+00 3.98107E+00 1.58489E+00 2.51189E+00 3.98107E+00 6.30957E+00 1.58489E+00 2.51189E+00 3.98107E+00 6.30957E+00 1.58489E+00 2.51189E+00 3.98107E+00 6.30957E+00 9.99999E+00 1.58489E+00 2.51189E+00 3.98107E+00 6.30957E+00 9.99999E+00 1.58489E+00 2.51189E+00 3.98107E+00 6.30957E+00 9.99999E+00 1.58489E+01 1.58489E+00 2.51189E+00 3.98107E+00 6.30957E+00 9.99999E+00 1.58489E+01 2.51189E+01 2.51189E+00 3.98107E+00 6.30957E+00 9.99999E+00 1.58489E+01 2.51189E+01 3.98107E+00 6.30957E+00 9.99999E+00 1.58489E+01 2.51189E+01 3.98107E+01 6.30957E+00 9.99999E+00 1.58489E+01 2.51189E+01 3.98107E+01 6.30957E+01 
90000 
6.87283E-05 
1.39831E-04 
1.84332E-04 
1.92502E-04 
3.38472E-04 
2.29920E-04 
4.48553E-04 
9.94191E-04 
2.54367E-04 
5.29256E-04 
1.22314E-03 
3.23667E-03 
2.68870E-04 
5.89012E-04 
1.40336E-03 
3.66212E-03 
2.76171E-04 
6.33110E-04 
1.55224E-03 
4.02753E-03 
1.10649E-02 
2.74699E-04 
6.58546E-04 
1.66131E-03 
4.32499E-03 
1.16673E-02 
2.56617E-04 
6.49754E-04 
1.68957E-03 
4.43672E-03 
1.18606E-02 
3.30664E-02 
2.21885E-04 
5.97675E-04 
1.59719E-03 
4.22629E-03 
1.12418E-02 
3.05355E-02 
8.63952E-02 
5.24737E-04 
1.41219E-03 
3.72882E-03 
9.82910E-03 
2.61272E-02 
7.14026E-02 
1.21851E-03 
3.18081E-03 
8.27401E-03 
2.15923E-02 
5.72553E-02 
1.57194E-01 
2.74317E-03 
6.99648E-03 
1.78884E-02 
4.61979E-02 
1.22370E-01 
3.36593E-01 
---
