PdfType: replica
Format: lhagrid1
---
4.34963E-04 7.77181E-04 7.77181E-04 1.38865E-03 1.38865E-03 2.48120E-03 2.48120E-03 2.48120E-03 4.43334E-03 4.43334E-03 4.43334E-03 4.43334E-03 7.92137E-03 7.92137E-03 7.92137E-03 7.92137E-03 1.41537E-02 1.41537E-02 1.41537E-02 1.41537E-02 1.41537E-02 2.52895E-02 2.52895E-02 2.52895E-02 2.52895E-02 2.52895E-02 4.51866E-02 4.51866E-02 4.51866E-02 4.51866E-02 4.51866E-02 4.51866E-02 8.07383E-02 8.07383E-02 8.07383E-02 8.07383E-02 8.07383E-02 8.07383E-02 8.07383E-02 1.44261E-01 1.44261E-01 1.44261E-01 1.44261E-01 1.44261E-01 1.44261E-01 2.57762E-01 2.57762E-01 2.57762E-01 2.57762E-01 2.57762E-01 2.57762E-01 4.60562E-01 4.60562E-01 4.60562E-01 4.60562E-01 4.60562E-01 4.60562E-01 
1.58489E+00 1.58489E+00 2.51189E+00 1.58489E+00 2.51189E+00 1.58489E+00 2.51189E+00 3.98107E+00 1.58489E+00 2.51189E+00 3.98107E+00 6.30957E+00 1.58489E+00 2.51189E+00 3.98107E+00 6.30957E+00 1.58489E+00 2.51189E+00 3.98107E+00 6.30957E+00 9.99999E+00 1.58489E+00 2.51189E+00 3.98107E+00 6.30957E+00 9.99999E+00 1.58489E+00 2.51189E+00 3.98107E+00 6.30957E+00 9.99999E+00 1.58489E+01 1.58489E+00 2.51189E+00 3.98107E+00 6.30957E+00 9.99999E+00 1.58489E+01 2.51189E+01 2.51189E+00 3.98107E+00 6.30957E+00 9.99999E+00 1.58489E+01 2.51189E+01 3.98107E+00 6.30957E+00 9.99999E+00 1.58489E+01 2.51189E+01 3.98107E+01 6.30957E+00 9.99999E+00 1.58489E+01 2.51189E+01 3.98107E+01 6.30957E+01 
90000 
-2.07808E-03 
-1.12666E-03 
-2.03620E-03 
-5.25131E-04 
-8.52984E-04 
-1.47068E-04 
-1.41398E-04 
-5.39752E-05 
8.01893E-05 
2.83958E-04 
8.53432E-04 
2.61454E-03 
2.03745E-04 
5.20515E-04 
1.34843E-03 
3.65432E-03 
2.57024E-04 
6.28315E-04 
1.58273E-03 
4.12639E-03 
1.13634E-02 
2.64652E-04 
6.51623E-04 
1.65112E-03 
4.27934E-03 
1.14826E-02 
2.46008E-04 
6.26379E-04 
1.62203E-03 
4.24082E-03 
1.12778E-02 
3.13238E-02 
2.18172E-04 
5.79710E-04 
1.53573E-03 
4.05297E-03 
1.07473E-02 
2.91630E-02 
8.25413E-02 
5.24988E-04 
1.40315E-03 
3.70518E-03 
9.77012E-03 
2.60141E-02 
7.12327E-02 
1.25246E-03 
3.27939E-03 
8.56160E-03 
2.24179E-02 
5.95784E-02 
1.63353E-01 
2.82370E-03 
7.23865E-03 
1.85766E-02 
4.80709E-02 
1.27090E-01 
3.45370E-01 
---
