PdfType: replica
Format: lhagrid1
---
4.34963E-04 7.77181E-04 7.77181E-04 1.38865E-03 1.38865E-03 2.48120E-03 2.48120E-03 2.48120E-03 4.43334E-03 4.43334E-03 4.43334E-03 4.43334E-03 7.92137E-03 7.92137E-03 7.92137E-03 7.92137E-03 1.41537E-02 1.41537E-02 1.41537E-02 1.41537E-02 1.41537E-02 2.52895E-02 2.52895E-02 2.52895E-02 2.52895E-02 2.52895E-02 4.51866E-02 4.51866E-02 4.51866E-02 4.51866E-02 4.51866E-02 4.51866E-02 8.07383E-02 8.07383E-02 8.07383E-02 8.07383E-02 8.07383E-02 8.07383E-02 8.07383E-02 1.44261E-01 1.44261E-01 1.44261E-01 1.44261E-01 1.44261E-01 1.44261E-01 2.57762E-01 2.57762E-01 2.57762E-01 2.57762E-01 2.57762E-01 2.57762E-01 4.60562E-01 4.60562E-01 4.60562E-01 4.60562E-01 4.60562E-01 4.60562E-01 
1.58489E+00 1.58489E+00 2.51189E+00 1.58489E+00 2.51189E+00 1.58489E+00 2.51189E+00 3.98107E+00 1.58489E+00 2.51189E+00 3.98107E+00 6.30957E+00 1.58489E+00 2.51189E+00 3.98107E+00 6.30957E+00 1.58489E+00 2.51189E+00 3.98107E+00 6.30957E+00 9.99999E+00 1.58489E+00 2.51189E+00 3.98107E+00 6.30957E+00 9.99999E+00 1.58489E+00 2.51189E+00 3.98107E+00 6.30957E+00 9.99999E+00 1.58489E+01 1.58489E+00 2.51189E+00 3.98107E+00 6.30957E+00 9.99999E+00 1.58489E+01 2.51189E+01 2.51189E+00 3.98107E+00 6.30957E+00 9.99999E+00 1.58489E+01 2.51189E+01 3.98107E+00 6.30957E+00 9.99999E+00 1.58489E+01 2.51189E+01 3.98107E+01 6.30957E+00 9.99999E+00 1.58489E+01 2.51189E+01 3.98107E+01 6.30957E+01 
90000 
-3.13327E-05 
8.59112E-05 
1.16407E-04 
1.71716E-04 
3.35794E-04 
2.32578E-04 
4.86875E-04 
1.12678E-03 
2.71907E-04 
5.88901E-04 
1.38524E-03 
3.66890E-03 
2.92748E-04 
6.51016E-04 
1.55258E-03 
4.02112E-03 
2.97659E-04 
6.79189E-04 
1.65094E-03 
4.24119E-03 
1.15821E-02 
2.86235E-04 
6.75822E-04 
1.68770E-03 
4.36207E-03 
1.17223E-02 
2.56131E-04 
6.40423E-04 
1.65830E-03 
4.34888E-03 
1.16289E-02 
3.24489E-02 
2.16536E-04 
5.83050E-04 
1.56334E-03 
4.15111E-03 
1.10736E-02 
3.01532E-02 
8.55244E-02 
5.26053E-04 
1.42190E-03 
3.76624E-03 
9.94513E-03 
2.64674E-02 
7.24020E-02 
1.24773E-03 
3.26012E-03 
8.48183E-03 
2.21352E-02 
5.86744E-02 
1.60725E-01 
2.74480E-03 
7.03345E-03 
1.80927E-02 
4.69916E-02 
1.24381E-01 
3.34285E-01 
---
