PdfType: replica
Format: lhagrid1
---
4.34963E-04 7.77181E-04 7.77181E-04 1.38865E-03 1.38865E-03 2.48120E-03 2.48120E-03 2.48120E-03 4.43334E-03 4.43334E-03 4.43334E-03 4.43334E-03 7.92137E-03 7.92137E-03 7.92137E-03 7.92137E-03 1.41537E-02 1.41537E-02 1.41537E-02 1.41537E-02 1.41537E-02 2.52895E-02 2.52895E-02 2.52895E-02 2.52895E-02 2.52895E-02 4.51866E-02 4.51866E-02 4.51866E-02 4.51866E-02 4.51866E-02 4.51866E-02 8.07383E-02 8.07383E-02 8.07383E-02 8.07383E-02 8.07383E-02 8.07383E-02 8.07383E-02 1.44261E-01 1.44261E-01 1.44261E-01 1.44261E-01 1.44261E-01 1.44261E-01 2.57762E-01 2.57762E-01 2.57762E-01 2.57762E-01 2.57762E-01 2.57762E-01 4.60562E-01 4.60562E-01 4.60562E-01 4.60562E-01 4.60562E-01 4.60562E-01 
1.58489E+00 1.58489E+00 2.51189E+00 1.58489E+00 2.51189E+00 1.58489E+00 2.51189E+00 3.98107E+00 1.58489E+00 2.51189E+00 3.98107E+00 6.30957E+00 1.58489E+00 2.51189E+00 3.98107E+00 6.30957E+00 1.58489E+00 2.51189E+00 3.98107E+00 6.30957E+00 9.99999E+00 1.58489E+00 2.51189E+00 3.98107E+00 6.30957E+00 9.99999E+00 1.58489E+00 2.51189E+00 3.98107E+00 6.30957E+00 9.99999E+00 1.58489E+01 1.58489E+00 2.51189E+00 3.98107E+00 6.30957E+00 9.99999E+00 1.58489E+01 2.51189E+01 2.51189E+00 3.98107E+00 6.30957E+00 9.99999E+00 1.58489E+01 2.51189E+01 3.98107E+00 6.30957E+00 9.99999E+00 1.58489E+01 2.51189E+01 3.98107E+01 6.30957E+00 9.99999E+00 1.58489E+01 2.51189E+01 3.98107E+01 6.30957E+01 
90000 
8.20441E-05 
1.48587E-04 
2.81139E-04 
1.99225E-04 
4.12584E-04 
2.36413E-04 
5.09242E-04 
1.19735E-03 
2.61216E-04 
5.79002E-04 
1.37334E-03 
3.61621E-03 
2.74870E-04 
6.25212E-04 
1.50124E-03 
3.87977E-03 
2.78862E-04 
6.51421E-04 
1.59354E-03 
4.09436E-03 
1.11265E-02 
2.73782E-04 
6.60311E-04 
1.65492E-03 
4.27623E-03 
1.14391E-02 
2.58126E-04 
6.48424E-04 
1.66943E-03 
4.35779E-03 
1.15771E-02 
3.21487E-02 
2.30341E-04 
6.04652E-04 
1.59354E-03 
4.19356E-03 
1.11049E-02 
3.01050E-02 
8.51470E-02 
5.30019E-04 
1.41761E-03 
3.74425E-03 
9.88125E-03 
2.63244E-02 
7.21195E-02 
1.26071E-03 
3.31215E-03 
8.66528E-03 
2.27196E-02 
6.04506E-02 
1.66101E-01 
2.92680E-03 
7.51168E-03 
1.92986E-02 
4.99855E-02 
1.32137E-01 
3.57670E-01 
---
