PdfType: replica
Format: lhagrid1
---
4.34963E-04 7.77181E-04 7.77181E-04 1.38865E-03 1.38865E-03 2.48120E-03 2.48120E-03 2.48120E-03 4.43334E-03 4.43334E-03 4.43334E-03 4.43334E-03 7.92137E-03 7.92137E-03 7.92137E-03 7.92137E-03 1.41537E-02 1.41537E-02 1.41537E-02 1.41537E-02 1.41537E-02 2.52895E-02 2.52895E-02 2.52895E-02 2.52895E-02 2.52895E-02 4.51866E-02 4.51866E-02 4.51866E-02 4.51866E-02 4.51866E-02 4.51866E-02 8.07383E-02 8.07383E-02 8.07383E-02 8.07383E-02 8.07383E-02 8.07383E-02 8.07383E-02 1.44261E-01 1.44261E-01 1.44261E-01 1.44261E-01 1.44261E-01 1.44261E-01 2.57762E-01 2.57762E-01 2.57762E-01 2.57762E-01 2.57762E-01 2.57762E-01 4.60562E-01 4.60562E-01 4.60562E-01 4.60562E-01 4.60562E-01 4.60562E-01 
1.58489E+00 1.58489E+00 2.51189E+00 1.58489E+00 2.51189E+00 1.58489E+00 2.51189E+00 3.98107E+00 1.58489E+00 2.51189E+00 3.98107E+00 6.30957E+00 1.58489E+00 2.51189E+00 3.98107E+00 6.30957E+00 1.58489E+00 2.51189E+00 3.98107E+00 6.30957E+00 9.99999E+00 1.58489E+00 2.51189E+00 3.98107E+00 6.30957E+00 9.99999E+00 1.58489E+00 2.51189E+00 3.98107E+00 6.30957E+00 9.99999E+00 1.58489E+01 1.58489E+00 2.51189E+00 3.98107E+00 6.30957E+00 9.99999E+00 1.58489E+01 2.51189E+01 2.51189E+00 3.98107E+00 6.30957E+00 9.99999E+00 1.58489E+01 2.51189E+01 3.98107E+00 6.30957E+00 9.99999E+00 1.58489E+01 2.51189E+01 3.98107E+01 6.30957E+00 9.99999E+00 1.58489E+01 2.51189E+01 3.98107E+01 6.30957E+01 
90000 
-3.81638E-04 
-1.33413E-04 
-3.26489E-04 
4.31955E-05 
7.06225E-05 
1.65372E-04 
3.34389E-04 
7.36961E-04 
2.42053E-04 
5.03904E-04 
1.15170E-03 
3.03405E-03 
2.80234E-04 
5.99555E-04 
1.40042E-03 
3.61382E-03 
2.86905E-04 
6.36837E-04 
1.53216E-03 
3.93880E-03 
1.07566E-02 
2.68439E-04 
6.30280E-04 
1.57882E-03 
4.10455E-03 
1.10829E-02 
2.33188E-04 
5.94945E-04 
1.56168E-03 
4.13009E-03 
1.11151E-02 
3.11509E-02 
1.99052E-04 
5.51196E-04 
1.49627E-03 
3.99374E-03 
1.06917E-02 
2.91696E-02 
8.28045E-02 
5.12551E-04 
1.38458E-03 
3.66069E-03 
9.65152E-03 
2.56516E-02 
7.00926E-02 
1.20832E-03 
3.14355E-03 
8.15526E-03 
2.12429E-02 
5.62522E-02 
1.54259E-01 
2.68652E-03 
6.87622E-03 
1.76317E-02 
4.56260E-02 
1.20830E-01 
3.30204E-01 
---
