PdfType: replica
Format: lhagrid1
---
4.34963E-04 7.77181E-04 7.77181E-04 1.38865E-03 1.38865E-03 2.48120E-03 2.48120E-03 2.48120E-03 4.43334E-03 4.43334E-03 4.43334E-03 4.43334E-03 7.92137E-03 7.92137E-03 7.92137E-03 7.92137E-03 1.41537E-02 1.41537E-02 1.41537E-02 1.41537E-02 1.41537E-02 2.52895E-02 2.52895E-02 2.52895E-02 2.52895E-02 2.52895E-02 4.51866E-02 4.51866E-02 4.51866E-02 4.51866E-02 4.51866E-02 4.51866E-02 8.07383E-02 8.07383E-02 8.07383E-02 8.07383E-02 8.07383E-02 8.07383E-02 8.07383E-02 1.44261E-01 1.44261E-01 1.44261E-01 1.44261E-01 1.44261E-01 1.44261E-01 2.57762E-01 2.57762E-01 2.57762E-01 2.57762E-01 2.57762E-01 2.57762E-01 4.60562E-01 4.60562E-01 4.60562E-01 4.60562E-01 4.60562E-01 4.60562E-01 
1.58489E+00 1.58489E+00 2.51189E+00 1.58489E+00 2.51189E+00 1.58489E+00 2.51189E+00 3.98107E+00 1.58489E+00 2.51189E+00 3.98107E+00 6.30957E+00 1.58489E+00 2.51189E+00 3.98107E+00 6.30957E+00 1.58489E+00 2.51189E+00 3.98107E+00 6.30957E+00 9.99999E+00 1.58489E+00 2.51189E+00 3.98107E+00 6.30957E+00 9.99999E+00 1.58489E+00 2.51189E+00 3.98107E+00 6.30957E+00 9.99999E+00 1.58489E+01 1.58489E+00 2.51189E+00 3.98107E+00 6.30957E+00 9.99999E+00 1.58489E+01 2.51189E+01 2.51189E+00 3.98107E+00 6.30957E+00 9.99999E+00 1.58489E+01 2.51189E+01 3.98107E+00 6.30957E+00 9.99999E+00 1.58489E+01 2.51189E+01 3.98107E+01 6.30957E+00 9.99999E+00 1.58489E+01 2.51189E+01 3.98107E+01 6.30957E+01 
90000 
2.59905E-04 
2.96770E-04 
5.74502E-04 
3.18813E-04 
6.47423E-04 
3.28340E-04 
6.91087E-04 
1.61445E-03 
3.27007E-04 
7.12039E-04 
1.67564E-03 
4.37049E-03 
3.17149E-04 
7.13378E-04 
1.70167E-03 
4.36002E-03 
3.01373E-04 
6.99153E-04 
1.70072E-03 
4.33690E-03 
1.17399E-02 
2.80651E-04 
6.72786E-04 
1.67828E-03 
4.31271E-03 
1.15019E-02 
2.52888E-04 
6.33572E-04 
1.62978E-03 
4.24860E-03 
1.12828E-02 
3.13135E-02 
2.19168E-04 
5.80789E-04 
1.53951E-03 
4.06381E-03 
1.07834E-02 
2.92652E-02 
8.27990E-02 
5.24607E-04 
1.40540E-03 
3.70955E-03 
9.77428E-03 
2.59876E-02 
7.10418E-02 
1.22962E-03 
3.20304E-03 
8.32352E-03 
2.17059E-02 
5.74940E-02 
1.57322E-01 
2.61133E-03 
6.74556E-03 
1.74282E-02 
4.53692E-02 
1.20505E-01 
3.27906E-01 
---
