PdfType: replica
Format: lhagrid1
---
4.34963E-04 7.77181E-04 7.77181E-04 1.38865E-03 1.38865E-03 2.48120E-03 2.48120E-03 2.48120E-03 4.43334E-03 4.43334E-03 4.43334E-03 4.43334E-03 7.92137E-03 7.92137E-03 7.92137E-03 7.92137E-03 1.41537E-02 1.41537E-02 1.41537E-02 1.41537E-02 1.41537E-02 2.52895E-02 2.52895E-02 2.52895E-02 2.52895E-02 2.52895E-02 4.51866E-02 4.51866E-02 4.51866E-02 4.51866E-02 4.51866E-02 4.51866E-02 8.07383E-02 8.07383E-02 8.07383E-02 8.07383E-02 8.07383E-02 8.07383E-02 8.07383E-02 1.44261E-01 1.44261E-01 1.44261E-01 1.44261E-01 1.44261E-01 1.44261E-01 2.57762E-01 2.57762E-01 2.57762E-01 2.57762E-01 2.57762E-01 2.57762E-01 4.60562E-01 4.60562E-01 4.60562E-01 4.60562E-01 4.60562E-01 4.60562E-01 
1.58489E+00 1.58489E+00 2.51189E+00 1.58489E+00 2.51189E+00 1.58489E+00 2.51189E+00 3.98107E+00 1.58489E+00 2.51189E+00 3.98107E+00 6.30957E+00 1.58489E+00 2.51189E+00 3.98107E+00 6.30957E+00 1.58489E+00 2.51189E+00 3.98107E+00 6.30957E+00 9.99999E+00 1.58489E+00 2.51189E+00 3.98107E+00 6.30957E+00 9.99999E+00 1.58489E+00 2.51189E+00 3.98107E+00 6.30957E+00 9.99999E+00 1.58489E+01 1.58489E+00 2.51189E+00 3.98107E+00 6.30957E+00 9.99999E+00 1.58489E+01 2.51189E+01 2.51189E+00 3.98107E+00 6.30957E+00 9.99999E+00 1.58489E+01 2.51189E+01 3.98107E+00 6.30957E+00 9.99999E+00 1.58489E+01 2.51189E+01 3.98107E+01 6.30957E+00 9.99999E+00 1.58489E+01 2.51189E+01 3.98107E+01 6.30957E+01 
90000 
-7.85607E-04 
-4.05689E-04 
-8.17762E-04 
-1.38567E-04 
-2.49621E-04 
4.83523E-05 
1.31971E-04 
3.18283E-04 
1.72548E-04 
3.87040E-04 
9.18203E-04 
2.48898E-03 
2.46070E-04 
5.46461E-04 
1.29913E-03 
3.38571E-03 
2.78850E-04 
6.30319E-04 
1.52478E-03 
3.92320E-03 
1.06901E-02 
2.77814E-04 
6.53354E-04 
1.62937E-03 
4.21567E-03 
1.13186E-02 
2.49242E-04 
6.27481E-04 
1.62882E-03 
4.27563E-03 
1.14291E-02 
3.18664E-02 
2.10901E-04 
5.73398E-04 
1.53971E-03 
4.08472E-03 
1.08819E-02 
2.95866E-02 
8.37757E-02 
5.17714E-04 
1.39291E-03 
3.67532E-03 
9.67568E-03 
2.56907E-02 
7.01529E-02 
1.21191E-03 
3.14815E-03 
8.15680E-03 
2.12239E-02 
5.61528E-02 
1.53923E-01 
2.58279E-03 
6.57868E-03 
1.68063E-02 
4.33817E-02 
1.14889E-01 
3.16129E-01 
---
