PdfType: replica
Format: lhagrid1
---
4.34963E-04 7.77181E-04 7.77181E-04 1.38865E-03 1.38865E-03 2.48120E-03 2.48120E-03 2.48120E-03 4.43334E-03 4.43334E-03 4.43334E-03 4.43334E-03 7.92137E-03 7.92137E-03 7.92137E-03 7.92137E-03 1.41537E-02 1.41537E-02 1.41537E-02 1.41537E-02 1.41537E-02 2.52895E-02 2.52895E-02 2.52895E-02 2.52895E-02 2.52895E-02 4.51866E-02 4.51866E-02 4.51866E-02 4.51866E-02 4.51866E-02 4.51866E-02 8.07383E-02 8.07383E-02 8.07383E-02 8.07383E-02 8.07383E-02 8.07383E-02 8.07383E-02 1.44261E-01 1.44261E-01 1.44261E-01 1.44261E-01 1.44261E-01 1.44261E-01 2.57762E-01 2.57762E-01 2.57762E-01 2.57762E-01 2.57762E-01 2.57762E-01 4.60562E-01 4.60562E-01 4.60562E-01 4.60562E-01 4.60562E-01 4.60562E-01 
1.58489E+00 1.58489E+00 2.51189E+00 1.58489E+00 2.51189E+00 1.58489E+00 2.51189E+00 3.98107E+00 1.58489E+00 2.51189E+00 3.98107E+00 6.30957E+00 1.58489E+00 2.51189E+00 3.98107E+00 6.30957E+00 1.58489E+00 2.51189E+00 3.98107E+00 6.30957E+00 9.99999E+00 1.58489E+00 2.51189E+00 3.98107E+00 6.30957E+00 9.99999E+00 1.58489E+00 2.51189E+00 3.98107E+00 6.30957E+00 9.99999E+00 1.58489E+01 1.58489E+00 2.51189E+00 3.98107E+00 6.30957E+00 9.99999E+00 1.58489E+01 2.51189E+01 2.51189E+00 3.98107E+00 6.30957E+00 9.99999E+00 1.58489E+01 2.51189E+01 3.98107E+00 6.30957E+00 9.99999E+00 1.58489E+01 2.51189E+01 3.98107E+01 6.30957E+00 9.99999E+00 1.58489E+01 2.51189E+01 3.98107E+01 6.30957E+01 
90000 
-9.66930E-05 
4.58607E-05 
1.06252E-04 
1.47210E-04 
3.26632E-04 
2.17441E-04 
4.78582E-04 
1.14803E-03 
2.61813E-04 
5.80785E-04 
1.38473E-03 
3.66753E-03 
2.84095E-04 
6.41311E-04 
1.53754E-03 
3.97707E-03 
2.87577E-04 
6.65829E-04 
1.62380E-03 
4.17043E-03 
1.13354E-02 
2.74928E-04 
6.59793E-04 
1.65314E-03 
4.27654E-03 
1.14657E-02 
2.48847E-04 
6.28040E-04 
1.62749E-03 
4.26927E-03 
1.14054E-02 
3.18000E-02 
2.15169E-04 
5.75960E-04 
1.54009E-03 
4.08721E-03 
1.09082E-02 
2.97277E-02 
8.43735E-02 
5.14265E-04 
1.39574E-03 
3.70883E-03 
9.83478E-03 
2.62627E-02 
7.20371E-02 
1.23124E-03 
3.22805E-03 
8.42676E-03 
2.20383E-02 
5.85330E-02 
1.61032E-01 
2.53709E-03 
6.62769E-03 
1.73782E-02 
4.60993E-02 
1.25827E-01 
3.59725E-01 
---
