PdfType: replica
Format: lhagrid1
---
4.34963E-04 7.77181E-04 7.77181E-04 1.38865E-03 1.38865E-03 2.48120E-03 2.48120E-03 2.48120E-03 4.43334E-03 4.43334E-03 4.43334E-03 4.43334E-03 7.92137E-03 7.92137E-03 7.92137E-03 7.92137E-03 1.41537E-02 1.41537E-02 1.41537E-02 1.41537E-02 1.41537E-02 2.52895E-02 2.52895E-02 2.52895E-02 2.52895E-02 2.52895E-02 4.51866E-02 4.51866E-02 4.51866E-02 4.51866E-02 4.51866E-02 4.51866E-02 8.07383E-02 8.07383E-02 8.07383E-02 8.07383E-02 8.07383E-02 8.07383E-02 8.07383E-02 1.44261E-01 1.44261E-01 1.44261E-01 1.44261E-01 1.44261E-01 1.44261E-01 2.57762E-01 2.57762E-01 2.57762E-01 2.57762E-01 2.57762E-01 2.57762E-01 4.60562E-01 4.60562E-01 4.60562E-01 4.60562E-01 4.60562E-01 4.60562E-01 
1.58489E+00 1.58489E+00 2.51189E+00 1.58489E+00 2.51189E+00 1.58489E+00 2.51189E+00 3.98107E+00 1.58489E+00 2.51189E+00 3.98107E+00 6.30957E+00 1.58489E+00 2.51189E+00 3.98107E+00 6.30957E+00 1.58489E+00 2.51189E+00 3.98107E+00 6.30957E+00 9.99999E+00 1.58489E+00 2.51189E+00 3.98107E+00 6.30957E+00 9.99999E+00 1.58489E+00 2.51189E+00 3.98107E+00 6.30957E+00 9.99999E+00 1.58489E+01 1.58489E+00 2.51189E+00 3.98107E+00 6.30957E+00 9.99999E+00 1.58489E+01 2.51189E+01 2.51189E+00 3.98107E+00 6.30957E+00 9.99999E+00 1.58489E+01 2.51189E+01 3.98107E+00 6.30957E+00 9.99999E+00 1.58489E+01 2.51189E+01 3.98107E+01 6.30957E+00 9.99999E+00 1.58489E+01 2.51189E+01 3.98107E+01 6.30957E+01 
90000 
5.73473E-05 
1.40648E-04 
1.86672E-04 
2.03403E-04 
3.63786E-04 
2.49155E-04 
4.88041E-04 
1.05894E-03 
2.79556E-04 
5.74993E-04 
1.29851E-03 
3.35686E-03 
2.96466E-04 
6.32817E-04 
1.47003E-03 
3.76073E-03 
3.01304E-04 
6.66622E-04 
1.59432E-03 
4.07110E-03 
1.10572E-02 
2.91852E-04 
6.74578E-04 
1.66742E-03 
4.29272E-03 
1.14940E-02 
2.62364E-04 
6.45754E-04 
1.65779E-03 
4.32821E-03 
1.15284E-02 
3.20813E-02 
2.17657E-04 
5.79094E-04 
1.54233E-03 
4.08065E-03 
1.08557E-02 
2.95050E-02 
8.35566E-02 
5.05574E-04 
1.36851E-03 
3.63016E-03 
9.60045E-03 
2.55849E-02 
7.00362E-02 
1.21932E-03 
3.19320E-03 
8.32730E-03 
2.17681E-02 
5.77373E-02 
1.57886E-01 
2.75318E-03 
7.03939E-03 
1.80332E-02 
4.66335E-02 
1.23528E-01 
3.38855E-01 
---
