PdfType: replica
Format: lhagrid1
---
4.34963E-04 7.77181E-04 7.77181E-04 1.38865E-03 1.38865E-03 2.48120E-03 2.48120E-03 2.48120E-03 4.43334E-03 4.43334E-03 4.43334E-03 4.43334E-03 7.92137E-03 7.92137E-03 7.92137E-03 7.92137E-03 1.41537E-02 1.41537E-02 1.41537E-02 1.41537E-02 1.41537E-02 2.52895E-02 2.52895E-02 2.52895E-02 2.52895E-02 2.52895E-02 4.51866E-02 4.51866E-02 4.51866E-02 4.51866E-02 4.51866E-02 4.51866E-02 8.07383E-02 8.07383E-02 8.07383E-02 8.07383E-02 8.07383E-02 8.07383E-02 8.07383E-02 1.44261E-01 1.44261E-01 1.44261E-01 1.44261E-01 1.44261E-01 1.44261E-01 2.57762E-01 2.57762E-01 2.57762E-01 2.57762E-01 2.57762E-01 2.57762E-01 4.60562E-01 4.60562E-01 4.60562E-01 4.60562E-01 4.60562E-01 4.60562E-01 
1.58489E+00 1.58489E+00 2.51189E+00 1.58489E+00 2.51189E+00 1.58489E+00 2.51189E+00 3.98107E+00 1.58489E+00 2.51189E+00 3.98107E+00 6.30957E+00 1.58489E+00 2.51189E+00 3.98107E+00 6.30957E+00 1.58489E+00 2.51189E+00 3.98107E+00 6.30957E+00 9.99999E+00 1.58489E+00 2.51189E+00 3.98107E+00 6.30957E+00 9.99999E+00 1.58489E+00 2.51189E+00 3.98107E+00 6.30957E+00 9.99999E+00 1.58489E+01 1.58489E+00 2.51189E+00 3.98107E+00 6.30957E+00 9.99999E+00 1.58489E+01 2.51189E+01 2.51189E+00 3.98107E+00 6.30957E+00 9.99999E+00 1.58489E+01 2.51189E+01 3.98107E+00 6.30957E+00 9.99999E+00 1.58489E+01 2.51189E+01 3.98107E+01 6.30957E+00 9.99999E+00 1.58489E+01 2.51189E+01 3.98107E+01 6.30957E+01 
90000 
4.33413E-04 
3.96622E-04 
7.43167E-04 
3.66747E-04 
7.22094E-04 
3.40588E-04 
7.04077E-04 
1.60907E-03 
3.16833E-04 
6.84767E-04 
1.58567E-03 
4.06017E-03 
2.95492E-04 
6.61916E-04 
1.55786E-03 
3.93915E-03 
2.76939E-04 
6.36985E-04 
1.52871E-03 
3.86307E-03 
1.03646E-02 
2.60525E-04 
6.13085E-04 
1.50686E-03 
3.85038E-03 
1.02158E-02 
2.43138E-04 
5.90130E-04 
1.49367E-03 
3.88144E-03 
1.02879E-02 
2.86131E-02 
2.20308E-04 
5.60274E-04 
1.46391E-03 
3.86115E-03 
1.02583E-02 
2.79520E-02 
7.95227E-02 
5.13043E-04 
1.37466E-03 
3.64895E-03 
9.67973E-03 
2.59062E-02 
7.12253E-02 
1.22885E-03 
3.24400E-03 
8.52407E-03 
2.23995E-02 
5.95974E-02 
1.62915E-01 
2.77772E-03 
7.12050E-03 
1.82495E-02 
4.70959E-02 
1.23659E-01 
3.29570E-01 
---
