PdfType: replica
Format: lhagrid1
---
4.34963E-04 7.77181E-04 7.77181E-04 1.38865E-03 1.38865E-03 2.48120E-03 2.48120E-03 2.48120E-03 4.43334E-03 4.43334E-03 4.43334E-03 4.43334E-03 7.92137E-03 7.92137E-03 7.92137E-03 7.92137E-03 1.41537E-02 1.41537E-02 1.41537E-02 1.41537E-02 1.41537E-02 2.52895E-02 2.52895E-02 2.52895E-02 2.52895E-02 2.52895E-02 4.51866E-02 4.51866E-02 4.51866E-02 4.51866E-02 4.51866E-02 4.51866E-02 8.07383E-02 8.07383E-02 8.07383E-02 8.07383E-02 8.07383E-02 8.07383E-02 8.07383E-02 1.44261E-01 1.44261E-01 1.44261E-01 1.44261E-01 1.44261E-01 1.44261E-01 2.57762E-01 2.57762E-01 2.57762E-01 2.57762E-01 2.57762E-01 2.57762E-01 4.60562E-01 4.60562E-01 4.60562E-01 4.60562E-01 4.60562E-01 4.60562E-01 
1.58489E+00 1.58489E+00 2.51189E+00 1.58489E+00 2.51189E+00 1.58489E+00 2.51189E+00 3.98107E+00 1.58489E+00 2.51189E+00 3.98107E+00 6.30957E+00 1.58489E+00 2.51189E+00 3.98107E+00 6.30957E+00 1.58489E+00 2.51189E+00 3.98107E+00 6.30957E+00 9.99999E+00 1.58489E+00 2.51189E+00 3.98107E+00 6.30957E+00 9.99999E+00 1.58489E+00 2.51189E+00 3.98107E+00 6.30957E+00 9.99999E+00 1.58489E+01 1.58489E+00 2.51189E+00 3.98107E+00 6.30957E+00 9.99999E+00 1.58489E+01 2.51189E+01 2.51189E+00 3.98107E+00 6.30957E+00 9.99999E+00 1.58489E+01 2.51189E+01 3.98107E+00 6.30957E+00 9.99999E+00 1.58489E+01 2.51189E+01 3.98107E+01 6.30957E+00 9.99999E+00 1.58489E+01 2.51189E+01 3.98107E+01 6.30957E+01 
90000 
1.14328E-03 
9.24326E-04 
1.89367E-03 
7.53764E-04 
1.52920E-03 
6.13104E-04 
1.25495E-03 
2.84463E-03 
4.93565E-04 
1.03224E-03 
2.32543E-03 
5.77192E-03 
3.93097E-04 
8.46687E-04 
1.93323E-03 
4.76523E-03 
3.14568E-04 
7.04556E-04 
1.66294E-03 
4.16012E-03 
1.10662E-02 
2.63414E-04 
6.22314E-04 
1.54060E-03 
3.96147E-03 
1.05632E-02 
2.38746E-04 
5.98834E-04 
1.54774E-03 
4.06109E-03 
1.08399E-02 
3.02256E-02 
2.19874E-04 
5.80622E-04 
1.53873E-03 
4.06175E-03 
1.07850E-02 
2.92835E-02 
8.28828E-02 
5.12805E-04 
1.37605E-03 
3.63294E-03 
9.58047E-03 
2.54874E-02 
6.97226E-02 
1.20512E-03 
3.15349E-03 
8.21748E-03 
2.14749E-02 
5.70073E-02 
1.56620E-01 
2.69012E-03 
6.89834E-03 
1.77317E-02 
4.60184E-02 
1.22325E-01 
3.36310E-01 
---
