PdfType: replica
Format: lhagrid1
---
4.34963E-04 7.77181E-04 7.77181E-04 1.38865E-03 1.38865E-03 2.48120E-03 2.48120E-03 2.48120E-03 4.43334E-03 4.43334E-03 4.43334E-03 4.43334E-03 7.92137E-03 7.92137E-03 7.92137E-03 7.92137E-03 1.41537E-02 1.41537E-02 1.41537E-02 1.41537E-02 1.41537E-02 2.52895E-02 2.52895E-02 2.52895E-02 2.52895E-02 2.52895E-02 4.51866E-02 4.51866E-02 4.51866E-02 4.51866E-02 4.51866E-02 4.51866E-02 8.07383E-02 8.07383E-02 8.07383E-02 8.07383E-02 8.07383E-02 8.07383E-02 8.07383E-02 1.44261E-01 1.44261E-01 1.44261E-01 1.44261E-01 1.44261E-01 1.44261E-01 2.57762E-01 2.57762E-01 2.57762E-01 2.57762E-01 2.57762E-01 2.57762E-01 4.60562E-01 4.60562E-01 4.60562E-01 4.60562E-01 4.60562E-01 4.60562E-01 
1.58489E+00 1.58489E+00 2.51189E+00 1.58489E+00 2.51189E+00 1.58489E+00 2.51189E+00 3.98107E+00 1.58489E+00 2.51189E+00 3.98107E+00 6.30957E+00 1.58489E+00 2.51189E+00 3.98107E+00 6.30957E+00 1.58489E+00 2.51189E+00 3.98107E+00 6.30957E+00 9.99999E+00 1.58489E+00 2.51189E+00 3.98107E+00 6.30957E+00 9.99999E+00 1.58489E+00 2.51189E+00 3.98107E+00 6.30957E+00 9.99999E+00 1.58489E+01 1.58489E+00 2.51189E+00 3.98107E+00 6.30957E+00 9.99999E+00 1.58489E+01 2.51189E+01 2.51189E+00 3.98107E+00 6.30957E+00 9.99999E+00 1.58489E+01 2.51189E+01 3.98107E+00 6.30957E+00 9.99999E+00 1.58489E+01 2.51189E+01 3.98107E+01 6.30957E+00 9.99999E+00 1.58489E+01 2.51189E+01 3.98107E+01 6.30957E+01 
90000 
1.36771E-04 
1.96907E-04 
3.28985E-04 
2.36457E-04 
4.53291E-04 
2.61439E-04 
5.39198E-04 
1.25349E-03 
2.76072E-04 
6.01296E-04 
1.42997E-03 
3.80477E-03 
2.84124E-04 
6.47136E-04 
1.56982E-03 
4.09813E-03 
2.87850E-04 
6.79897E-04 
1.68159E-03 
4.34907E-03 
1.18965E-02 
2.84853E-04 
6.93959E-04 
1.74970E-03 
4.52705E-03 
1.21296E-02 
2.66400E-04 
6.71891E-04 
1.73107E-03 
4.51008E-03 
1.19675E-02 
3.31717E-02 
2.28560E-04 
6.03601E-04 
1.59414E-03 
4.19435E-03 
1.11056E-02 
3.00853E-02 
8.50011E-02 
5.22295E-04 
1.40084E-03 
3.69997E-03 
9.75832E-03 
2.59666E-02 
7.10438E-02 
1.23924E-03 
3.23243E-03 
8.40641E-03 
2.19310E-02 
5.81150E-02 
1.59260E-01 
2.64823E-03 
6.76900E-03 
1.73278E-02 
4.47547E-02 
1.18242E-01 
3.21957E-01 
---
