PdfType: replica
Format: lhagrid1
---
4.34963E-04 7.77181E-04 7.77181E-04 1.38865E-03 1.38865E-03 2.48120E-03 2.48120E-03 2.48120E-03 4.43334E-03 4.43334E-03 4.43334E-03 4.43334E-03 7.92137E-03 7.92137E-03 7.92137E-03 7.92137E-03 1.41537E-02 1.41537E-02 1.41537E-02 1.41537E-02 1.41537E-02 2.52895E-02 2.52895E-02 2.52895E-02 2.52895E-02 2.52895E-02 4.51866E-02 4.51866E-02 4.51866E-02 4.51866E-02 4.51866E-02 4.51866E-02 8.07383E-02 8.07383E-02 8.07383E-02 8.07383E-02 8.07383E-02 8.07383E-02 8.07383E-02 1.44261E-01 1.44261E-01 1.44261E-01 1.44261E-01 1.44261E-01 1.44261E-01 2.57762E-01 2.57762E-01 2.57762E-01 2.57762E-01 2.57762E-01 2.57762E-01 4.60562E-01 4.60562E-01 4.60562E-01 4.60562E-01 4.60562E-01 4.60562E-01 
1.58489E+00 1.58489E+00 2.51189E+00 1.58489E+00 2.51189E+00 1.58489E+00 2.51189E+00 3.98107E+00 1.58489E+00 2.51189E+00 3.98107E+00 6.30957E+00 1.58489E+00 2.51189E+00 3.98107E+00 6.30957E+00 1.58489E+00 2.51189E+00 3.98107E+00 6.30957E+00 9.99999E+00 1.58489E+00 2.51189E+00 3.98107E+00 6.30957E+00 9.99999E+00 1.58489E+00 2.51189E+00 3.98107E+00 6.30957E+00 9.99999E+00 1.58489E+01 1.58489E+00 2.51189E+00 3.98107E+00 6.30957E+00 9.99999E+00 1.58489E+01 2.51189E+01 2.51189E+00 3.98107E+00 6.30957E+00 9.99999E+00 1.58489E+01 2.51189E+01 3.98107E+00 6.30957E+00 9.99999E+00 1.58489E+01 2.51189E+01 3.98107E+01 6.30957E+00 9.99999E+00 1.58489E+01 2.51189E+01 3.98107E+01 6.30957E+01 
90000 
-1.03131E-04 
1.76687E-05 
1.88658E-05 
1.09948E-04 
2.35780E-04 
1.79637E-04 
3.97730E-04 
9.57244E-04 
2.29643E-04 
5.18908E-04 
1.25182E-03 
3.36239E-03 
2.62419E-04 
6.04765E-04 
1.46792E-03 
3.83975E-03 
2.79808E-04 
6.57678E-04 
1.61799E-03 
4.18491E-03 
1.14263E-02 
2.80207E-04 
6.75964E-04 
1.69978E-03 
4.41076E-03 
1.18507E-02 
2.58948E-04 
6.54386E-04 
1.69850E-03 
4.46143E-03 
1.19323E-02 
3.32961E-02 
2.22743E-04 
6.00096E-04 
1.60938E-03 
4.27594E-03 
1.14216E-02 
3.11389E-02 
8.83871E-02 
5.38355E-04 
1.45936E-03 
3.87234E-03 
1.02547E-02 
2.73542E-02 
7.49754E-02 
1.28207E-03 
3.35761E-03 
8.75446E-03 
2.28735E-02 
6.07145E-02 
1.67124E-01 
2.75136E-03 
7.02092E-03 
1.80126E-02 
4.68276E-02 
1.25408E-01 
3.51661E-01 
---
