PdfType: replica
Format: lhagrid1
---
1.00000E-06 1.28121E-06 1.64152E-06 2.10317E-06 2.69463E-06 3.45242E-06 4.42329E-06 5.66715E-06 7.26076E-06 9.30241E-06 1.19180E-05 1.52689E-05 1.95617E-05 2.50609E-05 3.21053E-05 4.11287E-05 5.26863E-05 6.74889E-05 8.64459E-05 1.10720E-04 1.41800E-04 1.81585E-04 2.32503E-04 2.97652E-04 3.80981E-04 4.87518E-04 6.26039E-04 8.00452E-04 1.02297E-03 1.30657E-03 1.66759E-03 2.12729E-03 2.71054E-03 3.44865E-03 4.37927E-03 5.54908E-03 7.01192E-03 8.83064E-03 1.10763E-02 1.38266E-02 1.71641E-02 2.11717E-02 2.59364E-02 3.15062E-02 3.79623E-02 4.53425E-02 5.36750E-02 6.29705E-02 7.32221E-02 8.44039E-02 9.64793E-02 1.09332E-01 1.23067E-01 1.37507E-01 1.52639E-01 1.68416E-01 1.84794E-01 2.01731E-01 2.19016E-01 2.36948E-01 2.55242E-01 2.73927E-01 2.92954E-01 3.12340E-01 3.32036E-01 3.52019E-01 3.72282E-01 3.92772E-01 4.13533E-01 4.34326E-01 4.55495E-01 4.76836E-01 4.98342E-01 5.20006E-01 5.41818E-01 5.63773E-01 5.85861E-01 6.08077E-01 6.30459E-01 6.52800E-01 6.75387E-01 6.98063E-01 7.20830E-01 7.43683E-01 7.66623E-01 7.89636E-01 8.12791E-01 8.35940E-01 8.59175E-01 8.82485E-01 9.05866E-01 9.29311E-01 9.52817E-01 9.76387E-01 1.00000E+00 
1.14018E+00 1.22539E+00 1.32482E+00 1.44156E+00 1.57954E+00 1.74381E+00 1.94091E+00 2.12132E+00 2.17945E+00 2.49622E+00 2.89383E+00 3.39925E+00 4.05063E+00 4.90286E+00 6.03623E+00 7.57063E+00 9.68869E+00 1.26749E+01 1.69835E+01 2.33578E+01 3.30501E+01 4.82334E+01 7.28041E+01 1.13998E+02 1.85779E+02 3.16228E+02 
900 901 902 903 904 905 906 907 908 909 910 
7.55761E-01 4.37942E-02 7.95697E-01 4.61007E-02 2.37369E+03 1.15399E+00 6.68567E-02 1.11829E+03 7.55766E-01 4.37944E-02 2.72257E-01 
7.70538E-01 5.23188E-02 8.11395E-01 5.50460E-02 2.41741E+03 1.17654E+00 7.98023E-02 1.13861E+03 7.70544E-01 5.23191E-02 3.20130E-01 
8.02344E-01 6.75789E-02 8.40692E-01 6.87699E-02 2.46129E+03 1.21735E+00 9.89105E-02 1.15899E+03 8.02351E-01 6.75795E-02 3.80545E-01 
8.60658E-01 9.09127E-02 8.89813E-01 8.81455E-02 2.50532E+03 1.28418E+00 1.25260E-01 1.17944E+03 8.60666E-01 9.09135E-02 4.58584E-01 
9.39166E-01 1.19143E-01 9.56193E-01 1.11722E-01 2.55056E+03 1.37461E+00 1.57356E-01 1.20046E+03 9.39178E-01 1.19144E-01 5.59762E-01 
1.04195E+00 1.53096E-01 1.04342E+00 1.40241E-01 2.59599E+03 1.49355E+00 1.96221E-01 1.22158E+03 1.04197E+00 1.53098E-01 6.94750E-01 
1.17259E+00 1.93408E-01 1.15458E+00 1.74254E-01 2.64315E+03 1.64521E+00 2.42595E-01 1.24353E+03 1.17261E+00 1.93411E-01 8.75078E-01 
1.29535E+00 2.29439E-01 1.25925E+00 2.04755E-01 2.68054E+03 1.78802E+00 2.84189E-01 1.26097E+03 1.29537E+00 2.29444E-01 1.05832E+00 
1.33535E+00 2.40866E-01 1.29339E+00 2.14447E-01 2.69035E+03 1.83460E+00 2.97407E-01 1.26553E+03 1.33538E+00 2.40871E-01 1.12127E+00 
1.55314E+00 3.01011E-01 1.47952E+00 2.65554E-01 2.74361E+03 2.08851E+00 3.67094E-01 1.29042E+03 1.55318E+00 3.01019E-01 1.49835E+00 
1.82208E+00 3.71466E-01 1.70987E+00 3.25656E-01 2.79756E+03 2.40264E+00 4.49037E-01 1.31570E+03 1.82215E+00 3.71480E-01 2.05434E+00 
2.14886E+00 4.52452E-01 1.99013E+00 3.94608E-01 2.85226E+03 2.78450E+00 5.42848E-01 1.34142E+03 2.14898E+00 4.52476E-01 2.88358E+00 
2.54323E+00 5.45732E-01 2.32951E+00 4.74931E-01 2.90814E+03 3.24676E+00 6.52321E-01 1.36780E+03 2.54343E+00 5.45773E-01 4.16109E+00 
3.01424E+00 7.04591E-01 2.78857E+00 6.76213E-01 2.96434E+03 3.89349E+00 9.53496E-01 1.39447E+03 3.01461E+00 7.04679E-01 6.20574E+00 
3.57570E+00 8.35896E-01 3.33731E+00 8.05447E-01 3.02176E+03 4.66594E+00 1.13577E+00 1.42188E+03 3.57639E+00 8.36061E-01 9.54007E+00 
4.25683E+00 9.82010E-01 4.00378E+00 9.48509E-01 3.08100E+03 5.60284E+00 1.33682E+00 1.45035E+03 4.25818E+00 9.82332E-01 1.52377E+01 
5.07564E+00 1.14398E+00 4.80652E+00 1.10760E+00 3.14166E+03 6.72967E+00 1.56002E+00 1.47973E+03 5.07852E+00 1.14464E+00 2.53133E+01 
6.05278E+00 1.32199E+00 5.76654E+00 1.28290E+00 3.20391E+03 8.07514E+00 1.80545E+00 1.51013E+03 6.05935E+00 1.32345E+00 4.36745E+01 
7.21472E+00 1.51625E+00 6.91094E+00 1.47485E+00 3.26772E+03 9.67621E+00 2.07358E+00 1.54157E+03 7.23133E+00 1.51980E+00 7.86763E+01 
8.58695E+00 1.72611E+00 8.26597E+00 1.68293E+00 3.33307E+03 1.15685E+01 2.36353E+00 1.57403E+03 8.63427E+00 1.73576E+00 1.47109E+02 
1.02009E+01 1.95117E+00 9.86360E+00 1.90684E+00 3.39993E+03 1.37958E+01 2.67482E+00 1.60742E+03 1.03526E+01 1.98055E+00 2.82300E+02 
1.20927E+01 2.19066E+00 1.17398E+01 2.14569E+00 3.46847E+03 1.64082E+01 3.00631E+00 1.64163E+03 1.26191E+01 2.28703E+00 5.42710E+02 
1.43005E+01 2.44327E+00 1.39288E+01 2.39751E+00 3.53871E+03 1.94565E+01 3.35588E+00 1.67611E+03 1.60555E+01 2.74585E+00 9.89978E+02 
1.68668E+01 2.70741E+00 1.64602E+01 2.65867E+00 3.61057E+03 2.29931E+01 3.72032E+00 1.70955E+03 2.16217E+01 3.47660E+00 1.59146E+03 
1.98374E+01 2.98117E+00 1.93482E+01 2.92299E+00 3.68410E+03 2.70661E+01 4.09488E+00 1.73971E+03 2.92295E+01 4.40188E+00 2.15133E+03 
2.32644E+01 3.26267E+00 2.25962E+01 3.18313E+00 3.75933E+03 3.17239E+01 4.47432E+00 1.76424E+03 3.73138E+01 5.24402E+00 2.50546E+03 
1.48160E+00 8.53611E-02 1.55990E+00 8.98640E-02 4.25658E+03 2.26230E+00 1.30326E-01 2.00989E+03 1.48161E+00 8.53617E-02 4.87898E-01 
1.51107E+00 1.02256E-01 1.59132E+00 1.07666E-01 4.33580E+03 2.30748E+00 1.56114E-01 2.04670E+03 1.51108E+00 1.02256E-01 5.73830E-01 
1.57534E+00 1.32921E-01 1.65047E+00 1.35215E-01 4.41492E+03 2.38988E+00 1.94460E-01 2.08343E+03 1.57535E+00 1.32922E-01 6.82508E-01 
1.69134E+00 1.79369E-01 1.74816E+00 1.73781E-01 4.49420E+03 2.52279E+00 2.46908E-01 2.12022E+03 1.69136E+00 1.79371E-01 8.22189E-01 
1.84748E+00 2.35531E-01 1.88023E+00 2.20712E-01 4.57521E+03 2.70274E+00 3.10811E-01 2.15783E+03 1.84750E+00 2.35534E-01 1.00424E+00 
2.05070E+00 3.02806E-01 2.05271E+00 2.77233E-01 4.65788E+03 2.93795E+00 3.87839E-01 2.19624E+03 2.05073E+00 3.02810E-01 1.24524E+00 
2.30848E+00 3.82613E-01 2.27206E+00 3.44576E-01 4.74225E+03 3.23721E+00 4.79661E-01 2.23549E+03 2.30852E+00 3.82619E-01 1.56919E+00 
2.55069E+00 4.53877E-01 2.47858E+00 4.04910E-01 4.80896E+03 3.51898E+00 5.61939E-01 2.26656E+03 2.55074E+00 4.53886E-01 1.89927E+00 
2.62929E+00 4.76399E-01 2.54567E+00 4.24010E-01 4.82823E+03 3.61052E+00 5.87987E-01 2.27554E+03 2.62935E+00 4.76409E-01 2.01246E+00 
3.05682E+00 5.94804E-01 2.91106E+00 5.24634E-01 4.92287E+03 4.10898E+00 7.25198E-01 2.31972E+03 3.05691E+00 5.94821E-01 2.68817E+00 
3.58245E+00 7.32830E-01 3.36124E+00 6.42317E-01 5.01942E+03 4.72286E+00 8.85619E-01 2.36491E+03 3.58259E+00 7.32857E-01 3.67876E+00 
4.22156E+00 8.91894E-01 3.90964E+00 7.78200E-01 5.11795E+03 5.47019E+00 1.07068E+00 2.41119E+03 4.22179E+00 8.91941E-01 5.16769E+00 
4.99137E+00 1.07348E+00 4.57165E+00 9.33862E-01 5.21811E+03 6.37164E+00 1.28253E+00 2.45842E+03 4.99177E+00 1.07356E+00 7.46408E+00 
5.91051E+00 1.38462E+00 5.46796E+00 1.32995E+00 5.31918E+03 7.63454E+00 1.87572E+00 2.50634E+03 5.91122E+00 1.38479E+00 1.11239E+01 
7.00569E+00 1.63825E+00 6.53814E+00 1.57839E+00 5.42226E+03 9.14090E+00 2.22563E+00 2.55549E+03 7.00703E+00 1.63857E+00 1.71245E+01 
8.32911E+00 1.92052E+00 7.83324E+00 1.85497E+00 5.52832E+03 1.09615E+01 2.61436E+00 2.60640E+03 8.33177E+00 1.92114E+00 2.73392E+01 
9.91660E+00 2.23251E+00 9.38968E+00 2.16144E+00 5.63709E+03 1.31462E+01 3.04431E+00 2.65902E+03 9.92221E+00 2.23380E+00 4.53672E+01 
1.18087E+01 2.57454E+00 1.12488E+01 2.49837E+00 5.74853E+03 1.57517E+01 3.51599E+00 2.71339E+03 1.18215E+01 2.57739E+00 7.83433E+01 
1.40520E+01 2.94639E+00 1.34585E+01 2.86587E+00 5.86291E+03 1.88430E+01 4.02927E+00 2.76967E+03 1.40843E+01 2.95328E+00 1.41022E+02 
1.66980E+01 3.34725E+00 1.60716E+01 3.26344E+00 5.98005E+03 2.24921E+01 4.58319E+00 2.82778E+03 1.67897E+01 3.36591E+00 2.63670E+02 
1.98049E+01 3.77582E+00 1.91476E+01 3.68994E+00 6.10000E+03 2.67800E+01 5.17603E+00 2.88762E+03 2.00990E+01 3.83260E+00 5.06561E+02 
2.34375E+01 4.23011E+00 2.27506E+01 4.14320E+00 6.22285E+03 3.17965E+01 5.80496E+00 2.94887E+03 2.44571E+01 4.41613E+00 9.73853E+02 
2.76680E+01 4.70766E+00 2.69456E+01 4.61940E+00 6.34861E+03 3.76377E+01 6.46590E+00 3.01053E+03 3.10618E+01 5.29050E+00 1.77608E+03 
3.25759E+01 5.20538E+00 3.17870E+01 5.11157E+00 6.47740E+03 4.44015E+01 7.15267E+00 3.07038E+03 4.17561E+01 6.68393E+00 2.85490E+03 
3.82480E+01 5.71969E+00 3.73010E+01 5.60798E+00 6.60922E+03 5.21785E+01 7.85630E+00 3.12437E+03 5.63553E+01 8.44566E+00 3.85996E+03 
4.47792E+01 6.24661E+00 4.34888E+01 6.09422E+00 6.74411E+03 6.10543E+01 8.56622E+00 3.16825E+03 7.18184E+01 1.00400E+01 4.49494E+03 
1.41282E+00 8.07662E-02 1.48745E+00 8.50250E-02 3.60548E+03 2.15722E+00 1.23308E-01 1.69565E+03 1.41283E+00 8.07667E-02 4.13233E-01 
1.44211E+00 9.73282E-02 1.51870E+00 1.02506E-01 3.67212E+03 2.20218E+00 1.48642E-01 1.72647E+03 1.44212E+00 9.73289E-02 4.85894E-01 
1.50576E+00 1.27469E-01 1.57725E+00 1.29578E-01 3.73941E+03 2.28375E+00 1.86322E-01 1.75759E+03 1.50578E+00 1.27471E-01 5.78136E-01 
1.61891E+00 1.72761E-01 1.67256E+00 1.67205E-01 3.80609E+03 2.41345E+00 2.37503E-01 1.78839E+03 1.61892E+00 1.72763E-01 6.96245E-01 
1.77057E+00 2.27396E-01 1.80089E+00 2.12885E-01 3.87443E+03 2.58833E+00 2.99714E-01 1.81999E+03 1.77060E+00 2.27399E-01 8.50305E-01 
1.96704E+00 2.92652E-01 1.96766E+00 2.67726E-01 3.94465E+03 2.81578E+00 3.74460E-01 1.85248E+03 1.96707E+00 2.92656E-01 1.05439E+00 
2.21494E+00 3.69763E-01 2.17861E+00 3.32804E-01 4.01533E+03 3.10358E+00 4.63198E-01 1.88521E+03 2.21498E+00 3.69769E-01 1.32827E+00 
2.44736E+00 4.38450E-01 2.37679E+00 3.90964E-01 4.07117E+03 3.37398E+00 5.42513E-01 1.91111E+03 2.44742E+00 4.38459E-01 1.60779E+00 
2.52265E+00 4.60117E-01 2.44105E+00 4.09340E-01 4.08828E+03 3.46166E+00 5.67574E-01 1.91907E+03 2.52270E+00 4.60127E-01 1.70393E+00 
2.93124E+00 5.73735E-01 2.79027E+00 5.05902E-01 4.16786E+03 3.93804E+00 6.99245E-01 1.95606E+03 2.93132E+00 5.73751E-01 2.27619E+00 
3.43152E+00 7.05571E-01 3.21874E+00 6.18293E-01 4.24891E+03 4.52230E+00 8.52442E-01 1.99384E+03 3.43166E+00 7.05597E-01 3.11331E+00 
4.03817E+00 8.57040E-01 3.73939E+00 7.47829E-01 4.33190E+03 5.23183E+00 1.02891E+00 2.03267E+03 4.03839E+00 8.57084E-01 4.37332E+00 
4.76674E+00 1.02897E+00 4.36589E+00 8.95106E-01 4.41620E+03 6.08485E+00 1.22929E+00 2.07228E+03 4.76712E+00 1.02905E+00 6.31693E+00 
5.63745E+00 1.32380E+00 5.21513E+00 1.27187E+00 4.50120E+03 7.28146E+00 1.79391E+00 2.11243E+03 5.63813E+00 1.32397E+00 9.40959E+00 
6.67261E+00 1.56141E+00 6.22668E+00 1.50432E+00 4.58799E+03 8.70522E+00 2.12118E+00 2.15368E+03 6.67388E+00 1.56172E+00 1.44898E+01 
7.91917E+00 1.82503E+00 7.44670E+00 1.76271E+00 4.67715E+03 1.04202E+01 2.48431E+00 2.19634E+03 7.92169E+00 1.82563E+00 2.31290E+01 
9.41001E+00 2.11525E+00 8.90855E+00 2.04785E+00 4.76863E+03 1.24720E+01 2.88430E+00 2.24046E+03 9.41532E+00 2.11648E+00 3.83703E+01 
1.11816E+01 2.43198E+00 1.06495E+01 2.35995E+00 4.86242E+03 1.49117E+01 3.32115E+00 2.28608E+03 1.11937E+01 2.43467E+00 6.62741E+01 
1.32755E+01 2.77480E+00 1.27124E+01 2.69888E+00 4.95858E+03 1.77974E+01 3.79445E+00 2.33327E+03 1.33060E+01 2.78129E+00 1.19253E+02 
1.57387E+01 3.14283E+00 1.51453E+01 3.06403E+00 5.05703E+03 2.11946E+01 4.30310E+00 2.38199E+03 1.58250E+01 3.16033E+00 2.22886E+02 
1.86231E+01 3.53450E+00 1.80016E+01 3.45401E+00 5.15801E+03 2.51759E+01 4.84503E+00 2.43224E+03 1.88995E+01 3.58764E+00 4.28300E+02 
2.19862E+01 3.94782E+00 2.13380E+01 3.86658E+00 5.26137E+03 2.98207E+01 5.41735E+00 2.48365E+03 2.29422E+01 4.12138E+00 8.23351E+02 
2.58922E+01 4.38023E+00 2.52118E+01 4.29798E+00 5.36722E+03 3.52142E+01 6.01595E+00 2.53543E+03 2.90679E+01 4.92259E+00 1.50146E+03 
3.04110E+01 4.82875E+00 2.96696E+01 4.74160E+00 5.47559E+03 4.14420E+01 6.63490E+00 2.58567E+03 3.89787E+01 6.20019E+00 2.41300E+03 
3.56200E+01 5.29003E+00 3.47327E+01 5.18658E+00 5.58657E+03 4.85838E+01 7.26590E+00 2.63098E+03 5.24802E+01 7.81124E+00 3.26239E+03 
4.16018E+01 5.76020E+00 4.03972E+01 5.61955E+00 5.70022E+03 5.67118E+01 7.89896E+00 2.66779E+03 6.67180E+01 9.25814E+00 3.79865E+03 
1.33657E+00 7.57682E-02 1.40712E+00 7.97562E-02 3.02630E+03 2.04070E+00 1.15664E-01 1.41781E+03 1.33657E+00 7.57687E-02 3.46942E-01 
1.36580E+00 9.20197E-02 1.43827E+00 9.68914E-02 3.08215E+03 2.08553E+00 1.40492E-01 1.44355E+03 1.36581E+00 9.20203E-02 4.07891E-01 
1.42788E+00 1.21249E-01 1.49540E+00 1.23181E-01 3.13772E+03 2.16515E+00 1.77099E-01 1.46914E+03 1.42790E+00 1.21250E-01 4.85031E-01 
1.53775E+00 1.65149E-01 1.58798E+00 1.59673E-01 3.19368E+03 2.29116E+00 2.26745E-01 1.49490E+03 1.53777E+00 1.65151E-01 5.84195E-01 
1.68383E+00 2.17888E-01 1.71159E+00 2.03783E-01 3.25042E+03 2.45962E+00 2.86826E-01 1.52103E+03 1.68385E+00 2.17891E-01 7.13205E-01 
1.87212E+00 2.80680E-01 1.87143E+00 2.56567E-01 3.30848E+03 2.67763E+00 3.58774E-01 1.54779E+03 1.87215E+00 2.80684E-01 8.84352E-01 
2.10898E+00 3.54658E-01 2.07301E+00 3.19014E-01 3.36780E+03 2.95266E+00 4.43929E-01 1.57516E+03 2.10902E+00 3.54664E-01 1.11443E+00 
2.32994E+00 4.20265E-01 2.26142E+00 3.74572E-01 3.41396E+03 3.20973E+00 5.19698E-01 1.59648E+03 2.32999E+00 4.20274E-01 1.34825E+00 
2.40140E+00 4.40918E-01 2.32242E+00 3.92089E-01 3.42828E+03 3.29295E+00 5.43588E-01 1.60312E+03 2.40145E+00 4.40927E-01 1.42869E+00 
2.78850E+00 5.49007E-01 2.65328E+00 4.83954E-01 3.49447E+03 3.74429E+00 6.68854E-01 1.63378E+03 2.78858E+00 5.49022E-01 1.90837E+00 
3.26093E+00 6.73907E-01 3.05790E+00 5.90440E-01 3.56199E+03 4.29601E+00 8.14000E-01 1.66514E+03 3.26105E+00 6.73932E-01 2.61058E+00 
3.83169E+00 8.16724E-01 3.54777E+00 7.12584E-01 3.63087E+03 4.96357E+00 9.80389E-01 1.69725E+03 3.83190E+00 8.16766E-01 3.66550E+00 
4.51542E+00 9.78409E-01 4.13594E+00 8.51402E-01 3.70122E+03 5.76445E+00 1.16938E+00 1.73020E+03 4.51578E+00 9.78482E-01 5.29556E+00 
5.33307E+00 1.25498E+00 4.93336E+00 1.20595E+00 3.77162E+03 6.88798E+00 1.70101E+00 1.76335E+03 5.33371E+00 1.25513E+00 7.88341E+00 
6.30297E+00 1.47563E+00 5.88120E+00 1.42170E+00 3.84402E+03 8.22201E+00 2.00468E+00 1.79765E+03 6.30417E+00 1.47592E+00 1.21417E+01 
7.46679E+00 1.71950E+00 7.02036E+00 1.66074E+00 3.91814E+03 9.82323E+00 2.34060E+00 1.83302E+03 7.46917E+00 1.72006E+00 1.93760E+01 
8.85409E+00 1.98676E+00 8.38087E+00 1.92340E+00 3.99423E+03 1.17328E+01 2.70899E+00 1.86962E+03 8.85910E+00 1.98791E+00 3.21351E+01 
---
