PdfType: replica
Format: lhagrid1
---
1.00000E-06 1.28121E-06 1.64152E-06 2.10317E-06 2.69463E-06 3.45242E-06 4.42329E-06 5.66715E-06 7.26076E-06 9.30241E-06 1.19180E-05 1.52689E-05 1.95617E-05 2.50609E-05 3.21053E-05 4.11287E-05 5.26863E-05 6.74889E-05 8.64459E-05 1.10720E-04 1.41800E-04 1.81585E-04 2.32503E-04 2.97652E-04 3.80981E-04 4.87518E-04 6.26039E-04 8.00452E-04 1.02297E-03 1.30657E-03 1.66759E-03 2.12729E-03 2.71054E-03 3.44865E-03 4.37927E-03 5.54908E-03 7.01192E-03 8.83064E-03 1.10763E-02 1.38266E-02 1.71641E-02 2.11717E-02 2.59364E-02 3.15062E-02 3.79623E-02 4.53425E-02 5.36750E-02 6.29705E-02 7.32221E-02 8.44039E-02 9.64793E-02 1.09332E-01 1.23067E-01 1.37507E-01 1.52639E-01 1.68416E-01 1.84794E-01 2.01731E-01 2.19016E-01 2.36948E-01 2.55242E-01 2.73927E-01 2.92954E-01 3.12340E-01 3.32036E-01 3.52019E-01 3.72282E-01 3.92772E-01 4.13533E-01 4.34326E-01 4.55495E-01 4.76836E-01 4.98342E-01 5.20006E-01 5.41818E-01 5.63773E-01 5.85861E-01 6.08077E-01 6.30459E-01 6.52800E-01 6.75387E-01 6.98063E-01 7.20830E-01 7.43683E-01 7.66623E-01 7.89636E-01 8.12791E-01 8.35940E-01 8.59175E-01 8.82485E-01 9.05866E-01 9.29311E-01 9.52817E-01 9.76387E-01 1.00000E+00 
1.14018E+00 1.22539E+00 1.32482E+00 1.44156E+00 1.57954E+00 1.74381E+00 1.94091E+00 2.12132E+00 2.17945E+00 2.49622E+00 2.89383E+00 3.39925E+00 4.05063E+00 4.90286E+00 6.03623E+00 7.57063E+00 9.68869E+00 1.26749E+01 1.69835E+01 2.33578E+01 3.30501E+01 4.82334E+01 7.28041E+01 1.13998E+02 1.85779E+02 3.16228E+02 
900 901 902 903 904 905 906 907 908 909 910 
7.51943E-01 4.50459E-02 7.91792E-01 4.74292E-02 1.74210E+03 1.14836E+00 6.87868E-02 7.80834E+02 7.51947E-01 4.50462E-02 1.99809E-01 
7.66585E-01 5.35817E-02 8.07349E-01 5.63859E-02 1.77774E+03 1.17071E+00 8.17483E-02 7.96724E+02 7.66591E-01 5.35821E-02 2.35422E-01 
7.97880E-01 6.89090E-02 8.36211E-01 7.01614E-02 1.81375E+03 1.21092E+00 1.00925E-01 8.12772E+02 7.97887E-01 6.89096E-02 2.80427E-01 
8.55149E-01 9.23766E-02 8.84506E-01 8.96365E-02 1.85013E+03 1.27665E+00 1.27404E-01 8.28984E+02 8.55158E-01 9.23775E-02 3.38662E-01 
9.32262E-01 1.20779E-01 9.49760E-01 1.13346E-01 1.88763E+03 1.36557E+00 1.59676E-01 8.45707E+02 9.32273E-01 1.20780E-01 4.14280E-01 
1.03325E+00 1.54949E-01 1.03551E+00 1.42037E-01 1.92560E+03 1.48252E+00 1.98770E-01 8.62647E+02 1.03327E+00 1.54951E-01 5.15311E-01 
1.16167E+00 1.95530E-01 1.14484E+00 1.76267E-01 1.96499E+03 1.63169E+00 2.45436E-01 8.80248E+02 1.16169E+00 1.95533E-01 6.50566E-01 
1.28239E+00 2.31806E-01 1.24781E+00 2.06968E-01 1.99631E+03 1.77219E+00 2.87300E-01 8.94268E+02 1.28242E+00 2.31811E-01 7.88192E-01 
1.32174E+00 2.43311E-01 1.28140E+00 2.16725E-01 2.00475E+03 1.81802E+00 3.00605E-01 8.98041E+02 1.32177E+00 2.43316E-01 8.35551E-01 
1.53604E+00 3.03875E-01 1.46461E+00 2.68178E-01 2.04960E+03 2.06796E+00 3.70761E-01 9.18159E+02 1.53609E+00 3.03883E-01 1.11933E+00 
1.80084E+00 3.74828E-01 1.69146E+00 3.28697E-01 2.09533E+03 2.37734E+00 4.53267E-01 9.38731E+02 1.80091E+00 3.74842E-01 1.53855E+00 
2.12277E+00 4.56390E-01 1.96760E+00 3.98131E-01 2.14191E+03 2.75360E+00 5.47730E-01 9.59757E+02 2.12288E+00 4.56414E-01 2.16544E+00 
2.51151E+00 5.50336E-01 2.30219E+00 4.79019E-01 2.18972E+03 3.20934E+00 6.57970E-01 9.81430E+02 2.51170E+00 5.50377E-01 3.13314E+00 
2.97608E+00 7.10348E-01 2.75485E+00 6.81782E-01 2.23826E+03 3.84703E+00 9.61365E-01 1.00356E+03 2.97644E+00 7.10437E-01 4.68576E+00 
3.53019E+00 8.42577E-01 3.29631E+00 8.11924E-01 2.28812E+03 4.60919E+00 1.14492E+00 1.02643E+03 3.53087E+00 8.42743E-01 7.22426E+00 
4.20276E+00 9.89707E-01 3.95432E+00 9.55979E-01 2.33978E+03 5.53416E+00 1.34736E+00 1.05028E+03 4.20410E+00 9.90031E-01 1.15717E+01 
5.01171E+00 1.15278E+00 4.74729E+00 1.11615E+00 2.39292E+03 6.64725E+00 1.57208E+00 1.07500E+03 5.01456E+00 1.15345E+00 1.92802E+01 
5.97760E+00 1.33199E+00 5.69615E+00 1.29264E+00 2.44769E+03 7.97705E+00 1.81917E+00 1.10069E+03 5.98409E+00 1.33346E+00 3.33649E+01 
7.12676E+00 1.52754E+00 6.82785E+00 1.48586E+00 2.50411E+03 9.56032E+00 2.08906E+00 1.12738E+03 7.14316E+00 1.53112E+00 6.02849E+01 
8.48458E+00 1.73876E+00 8.16853E+00 1.69528E+00 2.56214E+03 1.14326E+01 2.38089E+00 1.15506E+03 8.53134E+00 1.74847E+00 1.13070E+02 
1.00823E+01 1.96524E+00 9.75006E+00 1.92061E+00 2.62180E+03 1.36374E+01 2.69414E+00 1.18368E+03 1.02323E+01 1.99483E+00 2.17644E+02 
1.19562E+01 2.20619E+00 1.16083E+01 2.16093E+00 2.68325E+03 1.62248E+01 3.02767E+00 1.21316E+03 1.24766E+01 2.30325E+00 4.19659E+02 
1.41440E+01 2.46031E+00 1.37774E+01 2.41424E+00 2.74650E+03 1.92453E+01 3.37931E+00 1.24308E+03 1.58799E+01 2.76500E+00 7.67714E+02 
1.66883E+01 2.72597E+00 1.62869E+01 2.67691E+00 2.81152E+03 2.27513E+01 3.74585E+00 1.27245E+03 2.13932E+01 3.50043E+00 1.23766E+03 
1.96347E+01 3.00125E+00 1.91514E+01 2.94268E+00 2.87836E+03 2.67911E+01 4.12248E+00 1.29948E+03 2.89313E+01 4.43153E+00 1.67809E+03 
2.30352E+01 3.28424E+00 2.23745E+01 3.20419E+00 2.94706E+03 3.14129E+01 4.50394E+00 1.32235E+03 3.69469E+01 5.27872E+00 1.96076E+03 
1.47614E+00 8.76754E-02 1.55439E+00 9.23231E-02 3.14279E+03 2.25439E+00 1.33900E-01 1.41596E+03 1.47614E+00 8.76760E-02 3.60233E-01 
1.50535E+00 1.04593E-01 1.58554E+00 1.10149E-01 3.20784E+03 2.29918E+00 1.59721E-01 1.44500E+03 1.50536E+00 1.04593E-01 4.24549E-01 
1.56870E+00 1.35394E-01 1.64391E+00 1.37803E-01 3.27327E+03 2.38050E+00 1.98207E-01 1.47419E+03 1.56871E+00 1.35395E-01 5.06019E-01 
1.68285E+00 1.82106E-01 1.74013E+00 1.76568E-01 3.33930E+03 2.51145E+00 2.50915E-01 1.50363E+03 1.68287E+00 1.82108E-01 6.10907E-01 
1.83654E+00 2.38611E-01 1.87022E+00 2.23764E-01 3.40704E+03 2.68873E+00 3.15171E-01 1.53386E+03 1.83656E+00 2.38613E-01 7.47825E-01 
2.03663E+00 3.06317E-01 2.04013E+00 2.80628E-01 3.47644E+03 2.92047E+00 3.92658E-01 1.56485E+03 2.03666E+00 3.06321E-01 9.29385E-01 
2.29054E+00 3.86656E-01 2.25628E+00 3.48403E-01 3.54755E+03 3.21539E+00 4.85059E-01 1.59664E+03 2.29058E+00 3.86662E-01 1.17387E+00 
2.52921E+00 4.58408E-01 2.45984E+00 4.09136E-01 3.60393E+03 3.49315E+00 5.67876E-01 1.62189E+03 2.52926E+00 4.58417E-01 1.42335E+00 
2.60668E+00 4.81085E-01 2.52598E+00 4.28365E-01 3.62033E+03 3.58339E+00 5.94097E-01 1.62923E+03 2.60674E+00 4.81095E-01 1.50899E+00 
3.02818E+00 6.00319E-01 2.88631E+00 5.29676E-01 3.70077E+03 4.07497E+00 7.32237E-01 1.66532E+03 3.02827E+00 6.00335E-01 2.02083E+00 
3.54666E+00 7.39323E-01 3.33045E+00 6.48178E-01 3.78320E+03 4.68064E+00 8.93767E-01 1.70242E+03 3.54680E+00 7.39351E-01 2.77272E+00 
4.17741E+00 8.99523E-01 3.87176E+00 7.85016E-01 3.86770E+03 5.41834E+00 1.08012E+00 1.74057E+03 4.17764E+00 8.99570E-01 3.90530E+00 
4.93754E+00 1.08241E+00 4.52553E+00 9.41777E-01 3.95406E+03 6.30859E+00 1.29346E+00 1.77972E+03 4.93794E+00 1.08249E+00 5.65592E+00 
5.84565E+00 1.39580E+00 5.41088E+00 1.34078E+00 4.04193E+03 7.55597E+00 1.89101E+00 1.81979E+03 5.84635E+00 1.39598E+00 8.45279E+00 
6.92827E+00 1.65122E+00 6.46861E+00 1.59095E+00 4.13212E+03 9.04473E+00 2.24338E+00 1.86116E+03 6.92959E+00 1.65155E+00 1.30499E+01 
8.23710E+00 1.93545E+00 7.74926E+00 1.86946E+00 4.22527E+03 1.08449E+01 2.63481E+00 1.90417E+03 8.23973E+00 1.93608E+00 2.08950E+01 
9.80783E+00 2.24958E+00 9.28908E+00 2.17802E+00 4.32125E+03 1.30063E+01 3.06769E+00 1.94882E+03 9.81338E+00 2.25088E+00 3.47768E+01 
1.16808E+01 2.59391E+00 1.11293E+01 2.51722E+00 4.42006E+03 1.55851E+01 3.54253E+00 1.99516E+03 1.16935E+01 2.59678E+00 6.02360E+01 
1.39025E+01 2.96821E+00 1.33174E+01 2.88714E+00 4.52190E+03 1.86463E+01 4.05920E+00 2.04334E+03 1.39345E+01 2.97515E+00 1.08759E+02 
1.65242E+01 3.37166E+00 1.59063E+01 3.28727E+00 4.62670E+03 2.22615E+01 4.61668E+00 2.09331E+03 1.66149E+01 3.39045E+00 2.03974E+02 
1.96038E+01 3.80291E+00 1.89551E+01 3.71646E+00 4.73452E+03 2.65116E+01 5.21324E+00 2.14503E+03 1.98950E+01 3.86011E+00 3.93077E+02 
2.32062E+01 4.25998E+00 2.25279E+01 4.17248E+00 4.84547E+03 3.14859E+01 5.84601E+00 2.19826E+03 2.42158E+01 4.44731E+00 7.57962E+02 
2.74031E+01 4.74035E+00 2.66894E+01 4.65151E+00 4.95958E+03 3.72805E+01 6.51085E+00 2.25224E+03 3.07647E+01 5.32724E+00 1.38638E+03 
3.22742E+01 5.24092E+00 3.14942E+01 5.14649E+00 5.07697E+03 4.39932E+01 7.20154E+00 2.30526E+03 4.13699E+01 6.72956E+00 2.23493E+03 
3.79059E+01 5.75805E+00 3.69689E+01 5.64561E+00 5.19771E+03 5.17146E+01 7.90903E+00 2.35410E+03 5.58522E+01 8.50231E+00 3.03089E+03 
4.43930E+01 6.28774E+00 4.31153E+01 6.13437E+00 5.32182E+03 6.05305E+01 8.62266E+00 2.39540E+03 7.12003E+01 1.01061E+01 3.54122E+03 
1.40199E+00 8.27860E-02 1.47630E+00 8.71751E-02 2.69058E+03 2.14114E+00 1.26434E-01 1.20735E+03 1.40200E+00 8.27865E-02 3.08376E-01 
1.43102E+00 9.93736E-02 1.50728E+00 1.04683E-01 2.74593E+03 2.18571E+00 1.51805E-01 1.23196E+03 1.43103E+00 9.93743E-02 3.63340E-01 
1.49371E+00 1.29650E-01 1.56501E+00 1.31861E-01 2.80207E+03 2.26615E+00 1.89629E-01 1.25691E+03 1.49372E+00 1.29651E-01 4.33216E-01 
1.60489E+00 1.75200E-01 1.65877E+00 1.69684E-01 2.85821E+03 2.39378E+00 2.41066E-01 1.28185E+03 1.60491E+00 1.75201E-01 5.22848E-01 
1.75395E+00 2.30169E-01 1.78499E+00 2.15626E-01 2.91593E+03 2.56583E+00 3.03626E-01 1.30751E+03 1.75397E+00 2.30171E-01 6.39945E-01 
1.94709E+00 2.95846E-01 1.94904E+00 2.70804E-01 2.97538E+03 2.78959E+00 3.78825E-01 1.33396E+03 1.94712E+00 2.95850E-01 7.95312E-01 
2.19087E+00 3.73474E-01 2.15659E+00 3.36304E-01 3.03563E+03 3.07279E+00 4.68129E-01 1.36080E+03 2.19091E+00 3.73480E-01 1.00418E+00 
2.41953E+00 4.42634E-01 2.35163E+00 3.94853E-01 3.08337E+03 3.33893E+00 5.47971E-01 1.38210E+03 2.41958E+00 4.42643E-01 1.21769E+00 
2.49361E+00 4.64452E-01 2.41489E+00 4.13353E-01 3.09792E+03 3.42525E+00 5.73200E-01 1.38860E+03 2.49367E+00 4.64462E-01 1.29115E+00 
2.89580E+00 5.78871E-01 2.75873E+00 5.10581E-01 3.16626E+03 3.89434E+00 7.05773E-01 1.41916E+03 2.89588E+00 5.78887E-01 1.72919E+00 
3.38850E+00 7.11648E-01 3.18080E+00 6.23761E-01 3.23620E+03 4.46990E+00 8.60038E-01 1.45053E+03 3.38864E+00 7.11675E-01 2.37128E+00 
3.98628E+00 8.64204E-01 3.69393E+00 7.54215E-01 3.30808E+03 5.16921E+00 1.03775E+00 1.48289E+03 3.98650E+00 8.64249E-01 3.33969E+00 
4.70459E+00 1.03737E+00 4.31170E+00 9.02538E-01 3.38149E+03 6.01038E+00 1.23954E+00 1.51608E+03 4.70497E+00 1.03745E+00 4.83685E+00 
5.56356E+00 1.33434E+00 5.14930E+00 1.28206E+00 3.45614E+03 7.19051E+00 1.80832E+00 1.55003E+03 5.56423E+00 1.33451E+00 7.22492E+00 
6.58534E+00 1.57362E+00 6.14759E+00 1.51615E+00 3.53283E+03 8.59554E+00 2.13788E+00 1.58513E+03 6.58660E+00 1.57393E+00 1.11572E+01 
7.81639E+00 1.83908E+00 7.35225E+00 1.77633E+00 3.61194E+03 1.02888E+01 2.50353E+00 1.62158E+03 7.81889E+00 1.83968E+00 1.78612E+01 
9.28942E+00 2.13129E+00 8.79644E+00 2.06342E+00 3.69349E+03 1.23159E+01 2.90625E+00 1.65945E+03 9.29467E+00 2.13252E+00 2.97185E+01 
1.10407E+01 2.45014E+00 1.05173E+01 2.37761E+00 3.77748E+03 1.47273E+01 3.34603E+00 1.69878E+03 1.10527E+01 2.45285E+00 5.14846E+01 
1.31117E+01 2.79522E+00 1.25573E+01 2.71877E+00 3.86399E+03 1.75810E+01 3.82244E+00 1.73964E+03 1.31418E+01 2.80175E+00 9.29229E+01 
1.55490E+01 3.16560E+00 1.49645E+01 3.08626E+00 3.95300E+03 2.09422E+01 4.33434E+00 1.78203E+03 1.56343E+01 3.18323E+00 1.74205E+02 
1.84045E+01 3.55972E+00 1.77920E+01 3.47868E+00 4.04469E+03 2.48834E+01 4.87965E+00 1.82597E+03 1.86777E+01 3.61324E+00 3.35776E+02 
2.17356E+01 3.97553E+00 2.10963E+01 3.89375E+00 4.13901E+03 2.94835E+01 5.45543E+00 1.87118E+03 2.26808E+01 4.15031E+00 6.47426E+02 
2.56060E+01 4.41048E+00 2.49346E+01 4.32768E+00 4.23605E+03 3.48276E+01 6.05753E+00 1.91706E+03 2.87469E+01 4.95658E+00 1.18409E+03 
3.00857E+01 4.86153E+00 2.93536E+01 4.77380E+00 4.33587E+03 4.10012E+01 6.67997E+00 1.96210E+03 3.85623E+01 6.24228E+00 1.90844E+03 
3.52518E+01 5.32530E+00 3.43750E+01 5.22118E+00 4.43858E+03 4.80839E+01 7.31437E+00 2.00362E+03 5.19386E+01 7.86333E+00 2.58804E+03 
4.11868E+01 5.79790E+00 3.99955E+01 5.65634E+00 4.54424E+03 5.61484E+01 7.95068E+00 2.03872E+03 6.60535E+01 9.31874E+00 3.02344E+03 
1.32399E+00 7.74979E-02 1.39414E+00 8.16017E-02 2.28275E+03 2.02197E+00 1.18349E-01 1.02061E+03 1.32400E+00 7.74984E-02 2.61698E-01 
1.35297E+00 9.37800E-02 1.42502E+00 9.87685E-02 2.32951E+03 2.06641E+00 1.43221E-01 1.04132E+03 1.35298E+00 9.37807E-02 3.08287E-01 
1.41411E+00 1.23143E-01 1.48135E+00 1.25165E-01 2.37639E+03 2.14493E+00 1.79973E-01 1.06209E+03 1.41412E+00 1.23144E-01 3.67345E-01 
1.52209E+00 1.67294E-01 1.57244E+00 1.61850E-01 2.42387E+03 2.26895E+00 2.29874E-01 1.08312E+03 1.52210E+00 1.67296E-01 4.43383E-01 
1.66566E+00 2.20359E-01 1.69403E+00 2.06218E-01 2.47227E+03 2.43470E+00 2.90298E-01 1.10457E+03 1.66568E+00 2.20361E-01 5.42473E-01 
1.85077E+00 2.83560E-01 1.85127E+00 2.59331E-01 2.52199E+03 2.64919E+00 3.62690E-01 1.12662E+03 1.85080E+00 2.83564E-01 6.74121E-01 
2.08373E+00 3.58040E-01 2.04962E+00 3.22189E-01 2.57295E+03 2.91984E+00 4.48398E-01 1.14926E+03 2.08376E+00 3.58046E-01 8.51401E-01 
2.30111E+00 4.24103E-01 2.23505E+00 3.78123E-01 2.61284E+03 3.17288E+00 5.24677E-01 1.16700E+03 2.30116E+00 4.24112E-01 1.03187E+00 
2.37143E+00 4.44901E-01 2.29510E+00 3.95761E-01 2.62511E+03 3.25481E+00 5.48730E-01 1.17247E+03 2.37148E+00 4.44910E-01 1.09398E+00 
2.75248E+00 5.53758E-01 2.62088E+00 4.88268E-01 2.68252E+03 3.69926E+00 6.74864E-01 1.19808E+03 2.75256E+00 5.53774E-01 1.46495E+00 
3.21777E+00 6.79557E-01 3.01948E+00 5.95508E-01 2.74133E+03 4.24280E+00 8.21033E-01 1.22439E+03 3.21789E+00 6.79582E-01 2.00910E+00 
3.78021E+00 8.23406E-01 3.50229E+00 7.18524E-01 2.80161E+03 4.90078E+00 9.88606E-01 1.25145E+03 3.78042E+00 8.23449E-01 2.82831E+00 
4.45434E+00 9.86259E-01 4.08229E+00 8.58335E-01 2.86344E+03 5.69056E+00 1.17894E+00 1.27934E+03 4.45469E+00 9.86333E-01 4.09688E+00 
5.26098E+00 1.26484E+00 4.86880E+00 1.21548E+00 2.92595E+03 6.79866E+00 1.71447E+00 1.30772E+03 5.26161E+00 1.26499E+00 6.11578E+00 
6.21837E+00 1.48704E+00 5.80424E+00 1.43274E+00 2.99053E+03 8.11518E+00 2.02028E+00 1.33723E+03 6.21956E+00 1.48734E+00 9.44580E+00 
7.36774E+00 1.73261E+00 6.92908E+00 1.67345E+00 3.05699E+03 9.69621E+00 2.35853E+00 1.36780E+03 7.37008E+00 1.73318E+00 1.51173E+01 
8.73850E+00 2.00170E+00 8.27318E+00 1.93790E+00 3.12552E+03 1.15827E+01 2.72944E+00 1.39958E+03 8.74344E+00 2.00286E+00 2.51455E+01 
---
