PdfType: replica
Format: lhagrid1
---
1.00000E-06 1.28121E-06 1.64152E-06 2.10317E-06 2.69463E-06 3.45242E-06 4.42329E-06 5.66715E-06 7.26076E-06 9.30241E-06 1.19180E-05 1.52689E-05 1.95617E-05 2.50609E-05 3.21053E-05 4.11287E-05 5.26863E-05 6.74889E-05 8.64459E-05 1.10720E-04 1.41800E-04 1.81585E-04 2.32503E-04 2.97652E-04 3.80981E-04 4.87518E-04 6.26039E-04 8.00452E-04 1.02297E-03 1.30657E-03 1.66759E-03 2.12729E-03 2.71054E-03 3.44865E-03 4.37927E-03 5.54908E-03 7.01192E-03 8.83064E-03 1.10763E-02 1.38266E-02 1.71641E-02 2.11717E-02 2.59364E-02 3.15062E-02 3.79623E-02 4.53425E-02 5.36750E-02 6.29705E-02 7.32221E-02 8.44039E-02 9.64793E-02 1.09332E-01 1.23067E-01 1.37507E-01 1.52639E-01 1.68416E-01 1.84794E-01 2.01731E-01 2.19016E-01 2.36948E-01 2.55242E-01 2.73927E-01 2.92954E-01 3.12340E-01 3.32036E-01 3.52019E-01 3.72282E-01 3.92772E-01 4.13533E-01 4.34326E-01 4.55495E-01 4.76836E-01 4.98342E-01 5.20006E-01 5.41818E-01 5.63773E-01 5.85861E-01 6.08077E-01 6.30459E-01 6.52800E-01 6.75387E-01 6.98063E-01 7.20830E-01 7.43683E-01 7.66623E-01 7.89636E-01 8.12791E-01 8.35940E-01 8.59175E-01 8.82485E-01 9.05866E-01 9.29311E-01 9.52817E-01 9.76387E-01 1.00000E+00 
1.14018E+00 1.22539E+00 1.32482E+00 1.44156E+00 1.57954E+00 1.74381E+00 1.94091E+00 2.12132E+00 2.17945E+00 2.49622E+00 2.89383E+00 3.39925E+00 4.05063E+00 4.90286E+00 6.03623E+00 7.57063E+00 9.68869E+00 1.26749E+01 1.69835E+01 2.33578E+01 3.30501E+01 4.82334E+01 7.28041E+01 1.13998E+02 1.85779E+02 3.16228E+02 
900 901 902 903 904 905 906 907 908 909 910 
7.83662E-01 4.54436E-02 8.25021E-01 4.78324E-02 1.13485E+03 1.19650E+00 6.93666E-02 6.00589E+02 7.83667E-01 4.54438E-02 1.30151E-01 
7.98315E-01 5.39967E-02 8.40594E-01 5.68078E-02 1.16426E+03 1.21886E+00 8.23551E-02 6.16048E+02 7.98321E-01 5.39971E-02 1.54184E-01 
8.30249E-01 6.93708E-02 8.69959E-01 7.06211E-02 1.19440E+03 1.25974E+00 1.01582E-01 6.31899E+02 8.30257E-01 6.93714E-02 1.84669E-01 
8.89006E-01 9.29018E-02 9.19389E-01 9.01460E-02 1.22528E+03 1.32695E+00 1.28128E-01 6.48147E+02 8.89015E-01 9.29027E-02 2.24295E-01 
9.68202E-01 1.21378E-01 9.86288E-01 1.13914E-01 1.25731E+03 1.41806E+00 1.60479E-01 6.65019E+02 9.68214E-01 1.21379E-01 2.75960E-01 
1.07196E+00 1.55633E-01 1.07427E+00 1.42674E-01 1.29026E+03 1.53800E+00 1.99666E-01 6.82390E+02 1.07197E+00 1.55635E-01 3.45244E-01 
1.20389E+00 1.96309E-01 1.18647E+00 1.76982E-01 1.32443E+03 1.69103E+00 2.46437E-01 7.00431E+02 1.20391E+00 1.96313E-01 4.38512E-01 
1.32788E+00 2.32668E-01 1.29215E+00 2.07751E-01 1.35176E+03 1.83519E+00 2.88392E-01 7.14879E+02 1.32791E+00 2.32673E-01 5.33743E-01 
1.36829E+00 2.44198E-01 1.32662E+00 2.17529E-01 1.35948E+03 1.88221E+00 3.01725E-01 7.18958E+02 1.36832E+00 2.44203E-01 5.66652E-01 
1.58831E+00 3.04891E-01 1.51459E+00 2.69089E-01 1.39901E+03 2.13859E+00 3.72026E-01 7.39900E+02 1.58835E+00 3.04900E-01 7.64029E-01 
1.86001E+00 3.75986E-01 1.74724E+00 3.29727E-01 1.43980E+03 2.45582E+00 4.54693E-01 7.61560E+02 1.86008E+00 3.76000E-01 1.05702E+00 
2.19014E+00 4.57702E-01 2.03030E+00 3.99290E-01 1.48171E+03 2.84145E+00 5.49329E-01 7.83873E+02 2.19026E+00 4.57726E-01 1.49803E+00 
2.58852E+00 5.51813E-01 2.37308E+00 4.80319E-01 1.52511E+03 3.30829E+00 6.59761E-01 8.07055E+02 2.58873E+00 5.51855E-01 2.18222E+00 
3.06430E+00 7.12128E-01 2.83676E+00 6.83489E-01 1.56984E+03 3.96150E+00 9.63771E-01 8.31028E+02 3.06467E+00 7.12217E-01 3.28664E+00 
3.63139E+00 8.44569E-01 3.39100E+00 8.13841E-01 1.61623E+03 4.74166E+00 1.14762E+00 8.55986E+02 3.63209E+00 8.44736E-01 5.10382E+00 
4.31927E+00 9.91919E-01 4.06408E+00 9.58112E-01 1.66463E+03 5.68782E+00 1.35037E+00 8.82145E+02 4.32065E+00 9.92243E-01 8.23295E+00 
5.14611E+00 1.15522E+00 4.87468E+00 1.11851E+00 1.71478E+03 6.82565E+00 1.57540E+00 9.09399E+02 5.14903E+00 1.15589E+00 1.38176E+01 
6.13269E+00 1.33466E+00 5.84398E+00 1.29523E+00 1.76685E+03 8.18409E+00 1.82281E+00 9.37848E+02 6.13934E+00 1.33614E+00 2.40878E+01 
7.30568E+00 1.53045E+00 6.99928E+00 1.48868E+00 1.82090E+03 9.80036E+00 2.09304E+00 9.67547E+02 7.32250E+00 1.53403E+00 4.38448E+01 
8.69075E+00 1.74190E+00 8.36699E+00 1.69835E+00 1.87686E+03 1.17103E+01 2.38519E+00 9.98470E+02 8.73864E+00 1.75164E+00 8.28697E+01 
1.03195E+01 1.96863E+00 9.97933E+00 1.92391E+00 1.93483E+03 1.39581E+01 2.69877E+00 1.03063E+03 1.04730E+01 1.99827E+00 1.60778E+02 
1.22284E+01 2.20982E+00 1.18725E+01 2.16447E+00 1.99495E+03 1.65941E+01 3.03263E+00 1.06399E+03 1.27607E+01 2.30703E+00 3.12581E+02 
1.44558E+01 2.46416E+00 1.40810E+01 2.41802E+00 2.05723E+03 1.96693E+01 3.38459E+00 1.09825E+03 1.62299E+01 2.76933E+00 5.76897E+02 
1.70444E+01 2.73005E+00 1.66342E+01 2.68091E+00 2.12169E+03 2.32366E+01 3.75144E+00 1.13263E+03 2.18496E+01 3.50567E+00 9.38640E+02 
2.00403E+01 3.00554E+00 1.95468E+01 2.94689E+00 2.18837E+03 2.73442E+01 4.12837E+00 1.16580E+03 2.95288E+01 4.43787E+00 1.28395E+03 
2.34958E+01 3.28875E+00 2.28217E+01 3.20858E+00 2.25736E+03 3.20407E+01 4.51010E+00 1.19629E+03 3.76855E+01 5.28595E+00 1.51200E+03 
1.53354E+00 8.84062E-02 1.61445E+00 9.30577E-02 2.09531E+03 2.34137E+00 1.34954E-01 1.10754E+03 1.53355E+00 8.84068E-02 2.40170E-01 
1.56279E+00 1.05359E-01 1.64564E+00 1.10922E-01 2.14997E+03 2.38621E+00 1.60832E-01 1.13618E+03 1.56280E+00 1.05360E-01 2.84543E-01 
1.62736E+00 1.36259E-01 1.70497E+00 1.38656E-01 2.20571E+03 2.46880E+00 1.99424E-01 1.16540E+03 1.62737E+00 1.36260E-01 3.40984E-01 
1.74425E+00 1.83099E-01 1.80329E+00 1.77521E-01 2.26275E+03 2.60250E+00 2.52267E-01 1.19532E+03 1.74426E+00 1.83100E-01 4.13963E-01 
1.90176E+00 2.39750E-01 1.93640E+00 2.24837E-01 2.32176E+03 2.78379E+00 3.16682E-01 1.22631E+03 1.90178E+00 2.39753E-01 5.09605E-01 
2.10689E+00 3.07626E-01 2.11038E+00 2.81838E-01 2.38267E+03 3.02099E+00 3.94355E-01 1.25833E+03 2.10693E+00 3.07630E-01 6.36968E-01 
2.36720E+00 3.88156E-01 2.33176E+00 3.49769E-01 2.44556E+03 3.32295E+00 4.86967E-01 1.29145E+03 2.36724E+00 3.88162E-01 8.09229E-01 
2.61182E+00 4.60070E-01 2.54025E+00 4.10637E-01 2.49571E+03 3.60736E+00 5.69966E-01 1.31789E+03 2.61188E+00 4.60079E-01 9.85662E-01 
2.69122E+00 4.82798E-01 2.60799E+00 4.29907E-01 2.51047E+03 3.69976E+00 5.96244E-01 1.32568E+03 2.69128E+00 4.82808E-01 1.04639E+00 
3.12307E+00 6.02285E-01 2.97695E+00 5.31429E-01 2.58275E+03 4.20301E+00 7.34669E-01 1.36388E+03 3.12317E+00 6.02301E-01 1.41033E+00 
3.65404E+00 7.41567E-01 3.43157E+00 6.50164E-01 2.65746E+03 4.82286E+00 8.96514E-01 1.40345E+03 3.65418E+00 7.41595E-01 1.94767E+00 
4.29961E+00 9.02067E-01 3.98540E+00 7.87255E-01 2.73465E+03 5.57750E+00 1.08321E+00 1.44445E+03 4.29984E+00 9.02114E-01 2.76130E+00 
5.07716E+00 1.08527E+00 4.65395E+00 9.44288E-01 2.81428E+03 6.48777E+00 1.29691E+00 1.48689E+03 5.07756E+00 1.08536E+00 4.02561E+00 
6.00548E+00 1.39926E+00 5.55917E+00 1.34409E+00 2.89640E+03 7.76317E+00 1.89568E+00 1.53081E+03 6.00621E+00 1.39943E+00 6.05732E+00 
7.11151E+00 1.65508E+00 6.63994E+00 1.59466E+00 2.98154E+03 9.28438E+00 2.24860E+00 1.57652E+03 7.11287E+00 1.65540E+00 9.41650E+00 
8.44790E+00 1.93972E+00 7.94772E+00 1.87358E+00 3.07005E+03 1.11227E+01 2.64061E+00 1.62427E+03 8.45059E+00 1.94036E+00 1.51829E+01 
1.00507E+01 2.25428E+00 9.51921E+00 2.18257E+00 3.16191E+03 1.33285E+01 3.07408E+00 1.67408E+03 1.00564E+01 2.25559E+00 2.54488E+01 
1.19609E+01 2.59906E+00 1.13961E+01 2.52220E+00 3.25719E+03 1.59588E+01 3.54954E+00 1.72604E+03 1.19739E+01 2.60194E+00 4.43944E+01 
1.42253E+01 2.97381E+00 1.36265E+01 2.89257E+00 3.35604E+03 1.90790E+01 4.06682E+00 1.78027E+03 1.42580E+01 2.98076E+00 8.07381E+01 
1.68957E+01 3.37770E+00 1.62638E+01 3.29315E+00 3.45849E+03 2.27618E+01 4.62493E+00 1.83678E+03 1.69885E+01 3.39652E+00 1.52543E+02 
2.00308E+01 3.80940E+00 1.93677E+01 3.72278E+00 3.56462E+03 2.70886E+01 5.22210E+00 1.89556E+03 2.03283E+01 3.86669E+00 2.96215E+02 
2.36958E+01 4.26690E+00 2.30030E+01 4.17925E+00 3.67455E+03 3.21498E+01 5.85547E+00 1.95645E+03 2.47267E+01 4.45453E+00 5.75797E+02 
2.79633E+01 4.74770E+00 2.72347E+01 4.65870E+00 3.78836E+03 3.80420E+01 6.52091E+00 2.01892E+03 3.13935E+01 5.33549E+00 1.06228E+03 
3.29133E+01 5.24867E+00 3.21175E+01 5.15409E+00 3.90619E+03 4.48637E+01 7.21217E+00 2.08164E+03 4.21890E+01 6.73951E+00 1.72787E+03 
3.86331E+01 5.76620E+00 3.76777E+01 5.65358E+00 4.02810E+03 5.27060E+01 7.92019E+00 2.14211E+03 5.69234E+01 8.51433E+00 2.36339E+03 
4.52180E+01 6.29625E+00 4.39160E+01 6.14266E+00 4.15421E+03 6.16546E+01 8.63432E+00 2.19763E+03 7.25231E+01 1.01198E+01 2.78235E+03 
1.45915E+00 8.34153E-02 1.53607E+00 8.77999E-02 1.84315E+03 2.22768E+00 1.27327E-01 9.72037E+02 1.45916E+00 8.34158E-02 2.11253E-01 
1.48826E+00 1.00041E-01 1.56715E+00 1.05349E-01 1.89068E+03 2.27238E+00 1.52760E-01 9.96893E+02 1.48827E+00 1.00042E-01 2.50172E-01 
1.55228E+00 1.30421E-01 1.62594E+00 1.32611E-01 1.93933E+03 2.35423E+00 1.90696E-01 1.02236E+03 1.55230E+00 1.30422E-01 2.99830E-01 
1.66635E+00 1.76097E-01 1.72191E+00 1.70535E-01 1.98884E+03 2.48476E+00 2.42269E-01 1.04829E+03 1.66636E+00 1.76099E-01 3.63811E-01 
1.81939E+00 2.31211E-01 1.85129E+00 2.16595E-01 2.04006E+03 2.66102E+00 3.04987E-01 1.07515E+03 1.81941E+00 2.31214E-01 4.47719E-01 
2.01776E+00 2.97055E-01 2.01956E+00 2.71909E-01 2.09307E+03 2.89045E+00 3.80370E-01 1.10299E+03 2.01779E+00 2.97059E-01 5.59487E-01 
2.26813E+00 3.74868E-01 2.23250E+00 3.37562E-01 2.14749E+03 3.18090E+00 4.69882E-01 1.13161E+03 2.26817E+00 3.74874E-01 7.10394E-01 
2.50291E+00 4.44186E-01 2.43261E+00 3.96242E-01 2.19084E+03 3.45388E+00 5.49900E-01 1.15445E+03 2.50297E+00 4.44195E-01 8.65204E-01 
2.57897E+00 4.66053E-01 2.49750E+00 4.14783E-01 2.20392E+03 3.54240E+00 5.75184E-01 1.16135E+03 2.57902E+00 4.66062E-01 9.18540E-01 
2.99174E+00 5.80715E-01 2.85017E+00 5.12214E-01 2.26649E+03 4.02343E+00 7.08033E-01 1.19438E+03 2.99182E+00 5.80731E-01 1.23781E+00 
3.49714E+00 7.13757E-01 3.28290E+00 6.25617E-01 2.33108E+03 4.61343E+00 8.62600E-01 1.22857E+03 3.49728E+00 7.13784E-01 1.70811E+00 
4.10998E+00 8.66597E-01 3.80875E+00 7.56311E-01 2.39791E+03 5.32996E+00 1.04064E+00 1.26405E+03 4.11021E+00 8.66642E-01 2.42083E+00 
4.84593E+00 1.04006E+00 4.44148E+00 9.04889E-01 2.46678E+03 6.19139E+00 1.24278E+00 1.30074E+03 4.84632E+00 1.04014E+00 3.52850E+00 
5.72541E+00 1.33759E+00 5.29925E+00 1.28516E+00 2.53776E+03 7.39996E+00 1.81269E+00 1.33868E+03 5.72610E+00 1.33776E+00 5.30523E+00 
6.77089E+00 1.57724E+00 6.32087E+00 1.51962E+00 2.61136E+03 8.83784E+00 2.14276E+00 1.37819E+03 6.77218E+00 1.57755E+00 8.24721E+00 
8.02973E+00 1.84308E+00 7.55289E+00 1.78018E+00 2.68780E+03 1.05696E+01 2.50895E+00 1.41941E+03 8.03229E+00 1.84369E+00 1.32920E+01 
9.53506E+00 2.13568E+00 9.02895E+00 2.06766E+00 2.76716E+03 1.26414E+01 2.91221E+00 1.46244E+03 9.54045E+00 2.13692E+00 2.22665E+01 
1.13236E+01 2.45493E+00 1.07866E+01 2.38225E+00 2.84945E+03 1.51043E+01 3.35254E+00 1.50732E+03 1.13359E+01 2.45765E+00 3.88414E+01 
1.34373E+01 2.80041E+00 1.28689E+01 2.72380E+00 2.93479E+03 1.80172E+01 3.82950E+00 1.55413E+03 1.34682E+01 2.80695E+00 7.05960E+01 
1.59233E+01 3.17119E+00 1.53245E+01 3.09169E+00 3.02321E+03 2.14458E+01 4.34196E+00 1.60291E+03 1.60106E+01 3.18884E+00 1.33293E+02 
1.88339E+01 3.56570E+00 1.82067E+01 3.48450E+00 3.11486E+03 2.54633E+01 4.88781E+00 1.65367E+03 1.91135E+01 3.61930E+00 2.58820E+02 
2.22272E+01 3.98189E+00 2.15730E+01 3.89996E+00 3.20976E+03 3.01495E+01 5.46412E+00 1.70625E+03 2.31937E+01 4.15695E+00 5.02949E+02 
2.61674E+01 4.41721E+00 2.54808E+01 4.33427E+00 3.30802E+03 3.55903E+01 6.06674E+00 1.76018E+03 2.93770E+01 4.96414E+00 9.27585E+02 
3.07250E+01 4.86860E+00 2.99768E+01 4.78073E+00 3.40971E+03 4.18715E+01 6.68967E+00 1.81428E+03 3.93815E+01 6.25136E+00 1.50813E+03 
3.59778E+01 5.33271E+00 3.50825E+01 5.22842E+00 3.51495E+03 4.90733E+01 7.32452E+00 1.86642E+03 5.30079E+01 7.87426E+00 2.06227E+03 
4.20089E+01 5.80562E+00 4.07932E+01 5.66385E+00 3.62383E+03 5.72680E+01 7.96124E+00 1.91422E+03 6.73714E+01 9.33114E+00 2.42697E+03 
1.37712E+00 7.80279E-02 1.44963E+00 8.21188E-02 1.60668E+03 2.10230E+00 1.19085E-01 8.45302E+02 1.37713E+00 7.80284E-02 1.84189E-01 
1.40625E+00 9.43514E-02 1.48068E+00 9.93309E-02 1.64748E+03 2.14697E+00 1.44024E-01 8.66626E+02 1.40626E+00 9.43521E-02 2.18028E-01 
1.46875E+00 1.23823E-01 1.53810E+00 1.25815E-01 1.68899E+03 2.22694E+00 1.80894E-01 8.88333E+02 1.46876E+00 1.23824E-01 2.61088E-01 
1.57955E+00 1.68099E-01 1.63137E+00 1.62601E-01 1.73150E+03 2.35382E+00 2.30931E-01 9.10592E+02 1.57957E+00 1.68101E-01 3.16738E-01 
1.72699E+00 2.21307E-01 1.75602E+00 2.07086E-01 1.77527E+03 2.52366E+00 2.91513E-01 9.33531E+02 1.72702E+00 2.21310E-01 3.89550E-01 
1.91714E+00 2.84670E-01 1.91733E+00 2.60333E-01 1.82054E+03 2.74361E+00 3.64084E-01 9.57295E+02 1.91717E+00 2.84674E-01 4.86624E-01 
2.15639E+00 3.59330E-01 2.12084E+00 3.23340E-01 1.86726E+03 3.02121E+00 4.49996E-01 9.81856E+02 2.15643E+00 3.59336E-01 6.17873E-01 
2.37960E+00 4.25545E-01 2.31109E+00 3.79401E-01 1.90421E+03 3.28075E+00 5.26446E-01 1.00131E+03 2.37965E+00 4.25553E-01 7.52016E-01 
2.45179E+00 4.46389E-01 2.37269E+00 3.97077E-01 1.91540E+03 3.36479E+00 5.50551E-01 1.00722E+03 2.45185E+00 4.46398E-01 7.98233E-01 
2.84287E+00 5.55478E-01 2.70683E+00 4.89778E-01 1.96891E+03 3.82054E+00 6.76950E-01 1.03546E+03 2.84295E+00 5.55494E-01 1.07526E+00 
3.32014E+00 6.81527E-01 3.11549E+00 5.97230E-01 2.02417E+03 4.37770E+00 8.23405E-01 1.06470E+03 3.32027E+00 6.81552E-01 1.48347E+00 
3.89672E+00 8.25643E-01 3.61025E+00 7.20472E-01 2.08123E+03 5.05184E+00 9.91284E-01 1.09499E+03 3.89694E+00 8.25686E-01 2.10106E+00 
4.58737E+00 9.88776E-01 4.20426E+00 8.60522E-01 2.14016E+03 5.86060E+00 1.18194E+00 1.12638E+03 4.58773E+00 9.88850E-01 3.06209E+00 
5.41324E+00 1.26787E+00 5.00969E+00 1.21837E+00 2.20071E+03 6.99537E+00 1.71855E+00 1.15874E+03 5.41389E+00 1.26803E+00 4.59999E+00 
6.39279E+00 1.49041E+00 5.96694E+00 1.43597E+00 2.26367E+03 8.34262E+00 2.02482E+00 1.19253E+03 6.39402E+00 1.49071E+00 7.15015E+00 
7.56805E+00 1.73633E+00 7.11728E+00 1.67702E+00 2.32897E+03 9.95950E+00 2.36355E+00 1.22775E+03 7.57046E+00 1.73690E+00 1.15176E+01 
8.96879E+00 2.00577E+00 8.49096E+00 1.94182E+00 2.39675E+03 1.18875E+01 2.73494E+00 1.26450E+03 8.97386E+00 2.00693E+00 1.92841E+01 
---
