PdfType: replica
Format: lhagrid1
---
1.00000E-06 1.28121E-06 1.64152E-06 2.10317E-06 2.69463E-06 3.45242E-06 4.42329E-06 5.66715E-06 7.26076E-06 9.30241E-06 1.19180E-05 1.52689E-05 1.95617E-05 2.50609E-05 3.21053E-05 4.11287E-05 5.26863E-05 6.74889E-05 8.64459E-05 1.10720E-04 1.41800E-04 1.81585E-04 2.32503E-04 2.97652E-04 3.80981E-04 4.87518E-04 6.26039E-04 8.00452E-04 1.02297E-03 1.30657E-03 1.66759E-03 2.12729E-03 2.71054E-03 3.44865E-03 4.37927E-03 5.54908E-03 7.01192E-03 8.83064E-03 1.10763E-02 1.38266E-02 1.71641E-02 2.11717E-02 2.59364E-02 3.15062E-02 3.79623E-02 4.53425E-02 5.36750E-02 6.29705E-02 7.32221E-02 8.44039E-02 9.64793E-02 1.09332E-01 1.23067E-01 1.37507E-01 1.52639E-01 1.68416E-01 1.84794E-01 2.01731E-01 2.19016E-01 2.36948E-01 2.55242E-01 2.73927E-01 2.92954E-01 3.12340E-01 3.32036E-01 3.52019E-01 3.72282E-01 3.92772E-01 4.13533E-01 4.34326E-01 4.55495E-01 4.76836E-01 4.98342E-01 5.20006E-01 5.41818E-01 5.63773E-01 5.85861E-01 6.08077E-01 6.30459E-01 6.52800E-01 6.75387E-01 6.98063E-01 7.20830E-01 7.43683E-01 7.66623E-01 7.89636E-01 8.12791E-01 8.35940E-01 8.59175E-01 8.82485E-01 9.05866E-01 9.29311E-01 9.52817E-01 9.76387E-01 1.00000E+00 
1.14018E+00 1.22539E+00 1.32482E+00 1.44156E+00 1.57954E+00 1.74381E+00 1.94091E+00 2.12132E+00 2.17945E+00 2.49622E+00 2.89383E+00 3.39925E+00 4.05063E+00 4.90286E+00 6.03623E+00 7.57063E+00 9.68869E+00 1.26749E+01 1.69835E+01 2.33578E+01 3.30501E+01 4.82334E+01 7.28041E+01 1.13998E+02 1.85779E+02 3.16228E+02 
900 901 902 903 904 905 906 907 908 909 910 
7.32868E-01 4.26858E-02 7.71467E-01 4.49219E-02 2.89298E+03 1.11881E+00 6.51432E-02 1.51139E+03 7.32873E-01 4.26860E-02 3.31826E-01 
7.47887E-01 5.12569E-02 7.87413E-01 5.39166E-02 2.94284E+03 1.14172E+00 7.81608E-02 1.53658E+03 7.47892E-01 5.12573E-02 3.89709E-01 
7.79843E-01 6.65754E-02 8.16889E-01 6.77027E-02 2.99264E+03 1.18280E+00 9.73599E-02 1.56169E+03 7.79850E-01 6.65760E-02 4.62699E-01 
8.38188E-01 8.99936E-02 8.66101E-01 8.71620E-02 3.04240E+03 1.24980E+00 1.23829E-01 1.58673E+03 8.38197E-01 8.99945E-02 5.56889E-01 
9.16663E-01 1.18342E-01 9.32518E-01 1.10850E-01 3.09343E+03 1.34032E+00 1.56084E-01 1.61241E+03 9.16674E-01 1.18343E-01 6.78895E-01 
1.01935E+00 1.52451E-01 1.01972E+00 1.39515E-01 3.14437E+03 1.45927E+00 1.95152E-01 1.63800E+03 1.01936E+00 1.52454E-01 8.41537E-01 
1.14981E+00 1.92963E-01 1.13080E+00 1.73708E-01 3.19729E+03 1.61085E+00 2.41779E-01 1.66465E+03 1.14983E+00 1.92966E-01 1.05853E+00 
1.27239E+00 2.29179E-01 1.23536E+00 2.04375E-01 3.23919E+03 1.75353E+00 2.83604E-01 1.68576E+03 1.27242E+00 2.29183E-01 1.27887E+00 
1.31234E+00 2.40665E-01 1.26946E+00 2.14120E-01 3.24996E+03 1.80007E+00 2.96896E-01 1.69113E+03 1.31237E+00 2.40670E-01 1.35448E+00 
1.52978E+00 3.01128E-01 1.45536E+00 2.65510E-01 3.30941E+03 2.05372E+00 3.66975E-01 1.72111E+03 1.52982E+00 3.01136E-01 1.80735E+00 
1.79829E+00 3.71962E-01 1.68542E+00 3.25947E-01 3.36939E+03 2.36748E+00 4.49381E-01 1.75139E+03 1.79837E+00 3.71975E-01 2.47437E+00 
2.12458E+00 4.53386E-01 1.96530E+00 3.95283E-01 3.43001E+03 2.74888E+00 5.43720E-01 1.78207E+03 2.12469E+00 4.53410E-01 3.46768E+00 
2.51837E+00 5.47168E-01 2.30425E+00 4.76048E-01 3.49174E+03 3.21059E+00 6.53802E-01 1.81340E+03 2.51857E+00 5.47209E-01 4.99616E+00 
2.98885E+00 7.06789E-01 2.76280E+00 6.78253E-01 3.55347E+03 3.85663E+00 9.56346E-01 1.84482E+03 2.98921E+00 7.06878E-01 7.43910E+00 
3.54972E+00 8.38760E-01 3.31091E+00 8.08144E-01 3.61633E+03 4.62822E+00 1.13955E+00 1.87697E+03 3.55039E+00 8.38926E-01 1.14170E+01 
4.23017E+00 9.85605E-01 3.97670E+00 9.51923E-01 3.68101E+03 5.56418E+00 1.34161E+00 1.91024E+03 4.23152E+00 9.85928E-01 1.82057E+01 
5.04827E+00 1.14837E+00 4.77870E+00 1.11179E+00 3.74705E+03 6.68999E+00 1.56590E+00 1.94444E+03 5.05113E+00 1.14903E+00 3.01926E+01 
6.02467E+00 1.32722E+00 5.73795E+00 1.28793E+00 3.81464E+03 8.03441E+00 1.81252E+00 1.97970E+03 6.03121E+00 1.32869E+00 5.20040E+01 
7.18586E+00 1.52239E+00 6.88156E+00 1.48078E+00 3.88373E+03 9.63441E+00 2.08190E+00 2.01601E+03 7.20240E+00 1.52595E+00 9.35237E+01 
8.55735E+00 1.73320E+00 8.23580E+00 1.68980E+00 3.95428E+03 1.15257E+01 2.37316E+00 2.05337E+03 8.60450E+00 1.74288E+00 1.74575E+02 
1.01706E+01 1.95924E+00 9.83269E+00 1.91468E+00 4.02625E+03 1.37520E+01 2.68581E+00 2.09164E+03 1.03218E+01 1.98874E+00 3.34477E+02 
1.20618E+01 2.19973E+00 1.17082E+01 2.15454E+00 4.09982E+03 1.63635E+01 3.01870E+00 2.13068E+03 1.25867E+01 2.29650E+00 6.42144E+02 
1.42691E+01 2.45335E+00 1.38967E+01 2.40737E+00 4.17502E+03 1.94111E+01 3.36967E+00 2.16985E+03 1.60200E+01 2.75718E+00 1.17011E+03 
1.68351E+01 2.71851E+00 1.64277E+01 2.66954E+00 4.25172E+03 2.29471E+01 3.73552E+00 2.20759E+03 2.15805E+01 3.49084E+00 1.87933E+03 
1.98056E+01 2.99327E+00 1.93157E+01 2.93483E+00 4.33000E+03 2.70200E+01 4.11146E+00 2.24127E+03 2.91817E+01 4.41974E+00 2.53748E+03 
2.32327E+01 3.27575E+00 2.25640E+01 3.19587E+00 4.40985E+03 3.16781E+01 4.49222E+00 2.26817E+03 3.72619E+01 5.26503E+00 2.94996E+03 
1.43888E+00 8.32542E-02 1.51466E+00 8.76209E-02 5.16553E+03 2.19660E+00 1.27065E-01 2.70012E+03 1.43889E+00 8.32547E-02 5.92084E-01 
1.46883E+00 1.00246E-01 1.54657E+00 1.05526E-01 5.25542E+03 2.24250E+00 1.53003E-01 2.74541E+03 1.46884E+00 1.00246E-01 6.95538E-01 
1.53343E+00 1.31035E-01 1.60610E+00 1.33205E-01 5.34478E+03 2.32547E+00 1.91539E-01 2.79034E+03 1.53344E+00 1.31036E-01 8.26258E-01 
1.64957E+00 1.77661E-01 1.70403E+00 1.71946E-01 5.43393E+03 2.45878E+00 2.44236E-01 2.83507E+03 1.64958E+00 1.77663E-01 9.94107E-01 
1.80575E+00 2.34069E-01 1.83625E+00 2.19109E-01 5.52478E+03 2.63901E+00 3.08467E-01 2.88062E+03 1.80577E+00 2.34072E-01 1.21267E+00 
2.00892E+00 3.01666E-01 2.00880E+00 2.75925E-01 5.61726E+03 2.87439E+00 3.85909E-01 2.92700E+03 2.00894E+00 3.01670E-01 1.50173E+00 
2.26653E+00 3.81877E-01 2.22813E+00 3.43633E-01 5.71140E+03 3.17369E+00 4.78240E-01 2.97421E+03 2.26657E+00 3.81883E-01 1.88988E+00 
2.50854E+00 4.53514E-01 2.43457E+00 4.04301E-01 5.78570E+03 3.45541E+00 5.60983E-01 3.01151E+03 2.50859E+00 4.53523E-01 2.28504E+00 
2.58708E+00 4.76155E-01 2.50162E+00 4.23508E-01 5.80706E+03 3.54691E+00 5.87179E-01 3.02221E+03 2.58714E+00 4.76165E-01 2.42046E+00 
3.01421E+00 5.95197E-01 2.86680E+00 5.24697E-01 5.91209E+03 4.04516E+00 7.25172E-01 3.07497E+03 3.01430E+00 5.95213E-01 3.22835E+00 
3.53934E+00 7.33974E-01 3.31666E+00 6.43043E-01 6.01893E+03 4.65869E+00 8.86509E-01 3.12872E+03 3.53948E+00 7.34001E-01 4.41133E+00 
4.17784E+00 8.93905E-01 3.86466E+00 7.79687E-01 6.12765E+03 5.40554E+00 1.07262E+00 3.18355E+03 4.17807E+00 8.93952E-01 6.18721E+00 
4.94696E+00 1.07648E+00 4.52618E+00 9.36213E-01 6.23779E+03 6.30642E+00 1.28565E+00 3.23926E+03 4.94735E+00 1.07656E+00 8.92275E+00 
5.86556E+00 1.38912E+00 5.42199E+00 1.33415E+00 6.34838E+03 7.56868E+00 1.88158E+00 3.29537E+03 5.86627E+00 1.38929E+00 1.32763E+01 
6.96015E+00 1.64404E+00 6.49153E+00 1.58385E+00 6.46072E+03 9.07416E+00 2.23328E+00 3.35261E+03 6.96148E+00 1.64437E+00 2.04045E+01 
8.28294E+00 1.92772E+00 7.78595E+00 1.86182E+00 6.57602E+03 1.08938E+01 2.62397E+00 3.41171E+03 8.28558E+00 1.92835E+00 3.25214E+01 
9.86980E+00 2.24124E+00 9.34169E+00 2.16979E+00 6.69395E+03 1.30776E+01 3.05603E+00 3.47256E+03 9.87538E+00 2.24253E+00 5.38752E+01 
1.17613E+01 2.58490E+00 1.12002E+01 2.50833E+00 6.81442E+03 1.56822E+01 3.52997E+00 3.53517E+03 1.17741E+01 2.58776E+00 9.28773E+01 
1.40041E+01 2.95847E+00 1.34093E+01 2.87754E+00 6.93773E+03 1.87728E+01 4.04564E+00 3.59976E+03 1.40363E+01 2.96539E+00 1.66900E+02 
1.66498E+01 3.36113E+00 1.60219E+01 3.27689E+00 7.06367E+03 2.24213E+01 4.60205E+00 3.66619E+03 1.67412E+01 3.37986E+00 3.11533E+02 
1.97565E+01 3.79155E+00 1.90976E+01 3.70525E+00 7.19225E+03 2.67089E+01 5.19747E+00 3.73432E+03 2.00498E+01 3.84857E+00 5.97578E+02 
2.33892E+01 4.24773E+00 2.27007E+01 4.16039E+00 7.32357E+03 3.17255E+01 5.82902E+00 3.80376E+03 2.44065E+01 4.43452E+00 1.14726E+03 
2.76202E+01 4.72719E+00 2.68961E+01 4.63849E+00 7.45762E+03 3.75673E+01 6.49260E+00 3.87332E+03 3.10076E+01 5.31243E+00 2.09006E+03 
3.25290E+01 5.22680E+00 3.17383E+01 5.13254E+00 7.59453E+03 4.43324E+01 7.18199E+00 3.94040E+03 4.16949E+01 6.71140E+00 3.35649E+03 
3.82026E+01 5.74297E+00 3.72538E+01 5.63074E+00 7.73428E+03 5.21114E+01 7.88817E+00 4.00026E+03 5.62866E+01 8.47999E+00 4.53274E+03 
4.47358E+01 6.27167E+00 4.34438E+01 6.11862E+00 7.87686E+03 6.09902E+01 8.60051E+00 4.04797E+03 7.17466E+01 1.00803E+01 5.26910E+03 
1.37248E+00 7.88443E-02 1.44469E+00 8.29754E-02 4.34669E+03 2.09511E+00 1.20327E-01 2.25970E+03 1.37248E+00 7.88448E-02 4.98182E-01 
1.40222E+00 9.55067E-02 1.47641E+00 1.00563E-01 4.42175E+03 2.14077E+00 1.45815E-01 2.29726E+03 1.40223E+00 9.55074E-02 5.85086E-01 
1.46617E+00 1.25779E-01 1.53531E+00 1.27770E-01 4.49735E+03 2.22287E+00 1.83694E-01 2.33504E+03 1.46618E+00 1.25780E-01 6.95320E-01 
1.57941E+00 1.71259E-01 1.63083E+00 1.65579E-01 4.57181E+03 2.35291E+00 2.35132E-01 2.37214E+03 1.57943E+00 1.71261E-01 8.36322E-01 
1.73107E+00 2.26147E-01 1.75926E+00 2.11495E-01 4.64799E+03 2.52800E+00 2.97676E-01 2.41010E+03 1.73109E+00 2.26150E-01 1.02008E+00 
1.92741E+00 2.91729E-01 1.92603E+00 2.66633E-01 4.72615E+03 2.75552E+00 3.72838E-01 2.44906E+03 1.92743E+00 2.91733E-01 1.26327E+00 
2.17505E+00 3.69242E-01 2.13689E+00 3.32075E-01 4.80444E+03 3.04326E+00 4.62081E-01 2.48805E+03 2.17509E+00 3.69248E-01 1.58930E+00 
2.40720E+00 4.38299E-01 2.33492E+00 3.90564E-01 4.86620E+03 3.31351E+00 5.41854E-01 2.51883E+03 2.40725E+00 4.38308E-01 1.92177E+00 
2.48239E+00 4.60083E-01 2.39913E+00 4.09044E-01 4.88521E+03 3.40113E+00 5.67059E-01 2.52834E+03 2.48245E+00 4.60093E-01 2.03609E+00 
2.89045E+00 5.74324E-01 2.74800E+00 5.06157E-01 4.97297E+03 3.87713E+00 6.99494E-01 2.57213E+03 2.89053E+00 5.74340E-01 2.71589E+00 
3.39006E+00 7.06888E-01 3.17601E+00 6.19190E-01 5.06206E+03 4.46084E+00 8.53576E-01 2.61666E+03 3.39020E+00 7.06915E-01 3.70913E+00 
3.99590E+00 8.59191E-01 3.69608E+00 7.49459E-01 5.15308E+03 5.16965E+00 1.03105E+00 2.66228E+03 3.99612E+00 8.59236E-01 5.20240E+00 
4.72355E+00 1.03206E+00 4.32189E+00 8.97559E-01 5.24525E+03 6.02182E+00 1.23256E+00 2.70861E+03 4.72392E+00 1.03214E+00 7.50287E+00 
5.59343E+00 1.32834E+00 5.17034E+00 1.27610E+00 5.33768E+03 7.21737E+00 1.79984E+00 2.75522E+03 5.59411E+00 1.32851E+00 1.11583E+01 
6.62765E+00 1.56716E+00 6.18091E+00 1.50975E+00 5.43171E+03 8.63977E+00 2.12879E+00 2.80286E+03 6.62892E+00 1.56747E+00 1.71548E+01 
7.87317E+00 1.83210E+00 7.39984E+00 1.76943E+00 5.52806E+03 1.03532E+01 2.49375E+00 2.85195E+03 7.87568E+00 1.83270E+00 2.73375E+01 
9.36288E+00 2.12374E+00 8.86051E+00 2.05597E+00 5.62664E+03 1.24035E+01 2.89570E+00 2.90252E+03 9.36817E+00 2.12497E+00 4.52764E+01 
1.11333E+01 2.44197E+00 1.06002E+01 2.36955E+00 5.72742E+03 1.48415E+01 3.33464E+00 2.95462E+03 1.11453E+01 2.44467E+00 7.80702E+01 
1.32260E+01 2.78637E+00 1.26618E+01 2.71005E+00 5.83047E+03 1.77255E+01 3.81013E+00 3.00831E+03 1.32564E+01 2.79288E+00 1.40241E+02 
1.56880E+01 3.15603E+00 1.50935E+01 3.07683E+00 5.93565E+03 2.11209E+01 4.32104E+00 3.06349E+03 1.57740E+01 3.17360E+00 2.61681E+02 
1.85713E+01 3.54938E+00 1.79486E+01 3.46848E+00 6.04326E+03 2.51006E+01 4.86530E+00 3.12022E+03 1.88468E+01 3.60274E+00 5.02066E+02 
2.19334E+01 3.96439E+00 2.12839E+01 3.88275E+00 6.15308E+03 2.97439E+01 5.43998E+00 3.17799E+03 2.28870E+01 4.13868E+00 9.63838E+02 
2.58385E+01 4.39850E+00 2.51568E+01 4.31585E+00 6.26523E+03 3.51362E+01 6.04094E+00 3.23588E+03 2.90072E+01 4.94311E+00 1.75572E+03 
3.03567E+01 4.84869E+00 2.96139E+01 4.76112E+00 6.37973E+03 4.13632E+01 6.66220E+00 3.29167E+03 3.89082E+01 6.22578E+00 2.81898E+03 
3.55654E+01 5.31160E+00 3.46769E+01 5.20767E+00 6.49666E+03 4.85046E+01 7.29543E+00 3.34141E+03 5.23983E+01 7.84305E+00 3.80673E+03 
4.15474E+01 5.78333E+00 4.03417E+01 5.64206E+00 6.61607E+03 5.66329E+01 7.93058E+00 3.38100E+03 6.66286E+01 9.29527E+00 4.42467E+03 
1.29967E+00 7.40335E-02 1.36798E+00 7.79024E-02 3.62414E+03 1.98385E+00 1.12967E-01 1.87385E+03 1.29968E+00 7.40340E-02 4.15483E-01 
1.32935E+00 9.03875E-02 1.39958E+00 9.51463E-02 3.68676E+03 2.02933E+00 1.37953E-01 1.90501E+03 1.32936E+00 9.03882E-02 4.87906E-01 
1.39171E+00 1.19753E-01 1.45704E+00 1.21575E-01 3.74876E+03 2.10946E+00 1.74762E-01 1.93579E+03 1.39172E+00 1.19754E-01 5.79486E-01 
1.50168E+00 1.63848E-01 1.54982E+00 1.58253E-01 3.81097E+03 2.23580E+00 2.24670E-01 1.96662E+03 1.50169E+00 1.63850E-01 6.97108E-01 
1.64775E+00 2.16845E-01 1.67354E+00 2.02601E-01 3.87383E+03 2.40448E+00 2.85085E-01 1.99775E+03 1.64777E+00 2.16847E-01 8.49985E-01 
1.83594E+00 2.79962E-01 1.83340E+00 2.55680E-01 3.93800E+03 2.62257E+00 3.57446E-01 2.02953E+03 1.83597E+00 2.79966E-01 1.05262E+00 
2.07259E+00 3.54339E-01 2.03491E+00 3.18484E-01 4.00342E+03 2.89756E+00 4.43098E-01 2.06193E+03 2.07263E+00 3.54345E-01 1.32476E+00 
2.29331E+00 4.20307E-01 2.22320E+00 3.74363E-01 4.05412E+03 3.15452E+00 5.19312E-01 2.08703E+03 2.29336E+00 4.20315E-01 1.60106E+00 
2.36468E+00 4.41073E-01 2.28415E+00 3.91982E-01 4.06996E+03 3.23769E+00 5.43342E-01 2.09492E+03 2.36474E+00 4.41083E-01 1.69610E+00 
2.75132E+00 5.49765E-01 2.61471E+00 4.84380E-01 4.14252E+03 3.68870E+00 6.69346E-01 2.13092E+03 2.75140E+00 5.49781E-01 2.26228E+00 
3.22315E+00 6.75364E-01 3.01893E+00 5.91481E-01 4.21632E+03 4.23995E+00 8.15339E-01 2.16759E+03 3.22328E+00 6.75389E-01 3.09018E+00 
3.79321E+00 8.18975E-01 3.50830E+00 7.14322E-01 4.29142E+03 4.90689E+00 9.82688E-01 2.20499E+03 3.79342E+00 8.19018E-01 4.33239E+00 
4.47612E+00 9.81549E-01 4.09586E+00 8.53919E-01 4.36792E+03 5.70703E+00 1.17275E+00 2.24324E+03 4.47648E+00 9.81623E-01 6.24949E+00 
5.29305E+00 1.25949E+00 4.89260E+00 1.21017E+00 4.44397E+03 6.82963E+00 1.70693E+00 2.28135E+03 5.29368E+00 1.25965E+00 9.28884E+00 
6.26214E+00 1.48127E+00 5.83959E+00 1.42703E+00 4.52198E+03 8.16249E+00 2.01216E+00 2.32065E+03 6.26333E+00 1.48156E+00 1.42833E+01 
7.42505E+00 1.72636E+00 6.97780E+00 1.66727E+00 4.60158E+03 9.76240E+00 2.34977E+00 2.36099E+03 7.42741E+00 1.72692E+00 2.27564E+01 
8.81138E+00 1.99492E+00 8.33727E+00 1.93121E+00 4.68308E+03 1.16705E+01 2.71997E+00 2.40257E+03 8.81635E+00 1.99608E+00 3.76788E+01 
---
