PdfType: replica
Format: lhagrid1
---
1.00000E-06 1.28121E-06 1.64152E-06 2.10317E-06 2.69463E-06 3.45242E-06 4.42329E-06 5.66715E-06 7.26076E-06 9.30241E-06 1.19180E-05 1.52689E-05 1.95617E-05 2.50609E-05 3.21053E-05 4.11287E-05 5.26863E-05 6.74889E-05 8.64459E-05 1.10720E-04 1.41800E-04 1.81585E-04 2.32503E-04 2.97652E-04 3.80981E-04 4.87518E-04 6.26039E-04 8.00452E-04 1.02297E-03 1.30657E-03 1.66759E-03 2.12729E-03 2.71054E-03 3.44865E-03 4.37927E-03 5.54908E-03 7.01192E-03 8.83064E-03 1.10763E-02 1.38266E-02 1.71641E-02 2.11717E-02 2.59364E-02 3.15062E-02 3.79623E-02 4.53425E-02 5.36750E-02 6.29705E-02 7.32221E-02 8.44039E-02 9.64793E-02 1.09332E-01 1.23067E-01 1.37507E-01 1.52639E-01 1.68416E-01 1.84794E-01 2.01731E-01 2.19016E-01 2.36948E-01 2.55242E-01 2.73927E-01 2.92954E-01 3.12340E-01 3.32036E-01 3.52019E-01 3.72282E-01 3.92772E-01 4.13533E-01 4.34326E-01 4.55495E-01 4.76836E-01 4.98342E-01 5.20006E-01 5.41818E-01 5.63773E-01 5.85861E-01 6.08077E-01 6.30459E-01 6.52800E-01 6.75387E-01 6.98063E-01 7.20830E-01 7.43683E-01 7.66623E-01 7.89636E-01 8.12791E-01 8.35940E-01 8.59175E-01 8.82485E-01 9.05866E-01 9.29311E-01 9.52817E-01 9.76387E-01 1.00000E+00 
1.14018E+00 1.22539E+00 1.32482E+00 1.44156E+00 1.57954E+00 1.74381E+00 1.94091E+00 2.12132E+00 2.17945E+00 2.49622E+00 2.89383E+00 3.39925E+00 4.05063E+00 4.90286E+00 6.03623E+00 7.57063E+00 9.68869E+00 1.26749E+01 1.69835E+01 2.33578E+01 3.30501E+01 4.82334E+01 7.28041E+01 1.13998E+02 1.85779E+02 3.16228E+02 
900 901 902 903 904 905 906 907 908 909 910 
8.08385E-01 4.77260E-02 8.51086E-01 5.02394E-02 1.97982E+03 1.23431E+00 7.28588E-02 7.85194E+02 8.08390E-01 4.77263E-02 2.27038E-01 
8.23731E-01 5.66985E-02 8.67407E-01 5.96627E-02 2.01930E+03 1.25775E+00 8.64981E-02 8.01658E+02 8.23737E-01 5.66989E-02 2.67376E-01 
8.57013E-01 7.28793E-02 8.98062E-01 7.41997E-02 2.05911E+03 1.30045E+00 1.06732E-01 8.18305E+02 8.57020E-01 7.28799E-02 3.18353E-01 
9.18045E-01 9.76321E-02 9.49472E-01 9.47378E-02 2.09926E+03 1.37039E+00 1.34655E-01 8.35152E+02 9.18054E-01 9.76330E-02 3.84216E-01 
1.00038E+00 1.27606E-01 1.01910E+00 1.19759E-01 2.14057E+03 1.46524E+00 1.68714E-01 8.52529E+02 1.00039E+00 1.27608E-01 4.69791E-01 
1.10827E+00 1.63672E-01 1.11066E+00 1.50042E-01 2.18250E+03 1.59009E+00 2.09976E-01 8.70237E+02 1.10829E+00 1.63675E-01 5.83935E-01 
1.24554E+00 2.06531E-01 1.22747E+00 1.86193E-01 2.22583E+03 1.74945E+00 2.59260E-01 8.88576E+02 1.24557E+00 2.06535E-01 7.36829E-01 
1.37470E+00 2.44871E-01 1.33759E+00 2.18640E-01 2.26021E+03 1.89969E+00 3.03504E-01 9.03177E+02 1.37473E+00 2.44875E-01 8.92440E-01 
1.41679E+00 2.57028E-01 1.37351E+00 2.28949E-01 2.26971E+03 1.94870E+00 3.17563E-01 9.07241E+02 1.41682E+00 2.57033E-01 9.45988E-01 
1.64603E+00 3.21048E-01 1.56944E+00 2.83339E-01 2.31887E+03 2.21597E+00 3.91723E-01 9.28222E+02 1.64608E+00 3.21057E-01 1.26635E+00 
1.92922E+00 3.96059E-01 1.81200E+00 3.47312E-01 2.36905E+03 2.54674E+00 4.78936E-01 9.49760E+02 1.92930E+00 3.96074E-01 1.73882E+00 
2.27380E+00 4.82435E-01 2.10755E+00 4.20897E-01 2.42018E+03 2.94945E+00 5.79069E-01 9.71841E+02 2.27392E+00 4.82460E-01 2.44609E+00 
2.68994E+00 5.81864E-01 2.46563E+00 5.06441E-01 2.47258E+03 3.43714E+00 6.95628E-01 9.94624E+02 2.69015E+00 5.81907E-01 3.53765E+00 
3.18692E+00 7.51440E-01 2.94995E+00 7.21348E-01 2.52566E+03 4.11944E+00 1.01720E+00 1.01796E+03 3.18730E+00 7.51534E-01 5.28601E+00 
3.77993E+00 8.91526E-01 3.52943E+00 8.59070E-01 2.58015E+03 4.93513E+00 1.21139E+00 1.04212E+03 3.78065E+00 8.91702E-01 8.14677E+00 
4.49953E+00 1.04758E+00 4.23349E+00 1.01187E+00 2.63650E+03 5.92485E+00 1.42614E+00 1.06733E+03 4.50096E+00 1.04792E+00 1.30385E+01 
5.36518E+00 1.22065E+00 5.08208E+00 1.18185E+00 2.69442E+03 7.11601E+00 1.66462E+00 1.09352E+03 5.36822E+00 1.22135E+00 2.17029E+01 
6.39903E+00 1.41095E+00 6.09775E+00 1.36927E+00 2.75406E+03 8.53945E+00 1.92701E+00 1.12077E+03 6.40598E+00 1.41251E+00 3.75368E+01 
7.62890E+00 1.61868E+00 7.30896E+00 1.57452E+00 2.81543E+03 1.02340E+01 2.21371E+00 1.14913E+03 7.64645E+00 1.62247E+00 6.77558E+01 
9.08245E+00 1.84324E+00 8.74420E+00 1.79715E+00 2.87849E+03 1.22383E+01 2.52396E+00 1.17857E+03 9.13247E+00 1.85353E+00 1.26970E+02 
1.07931E+01 2.08415E+00 1.04375E+01 2.03682E+00 2.94326E+03 1.45990E+01 2.85716E+00 1.20907E+03 1.09536E+01 2.11552E+00 2.44220E+02 
1.27991E+01 2.34057E+00 1.24268E+01 2.29255E+00 3.00989E+03 1.73689E+01 3.21209E+00 1.24052E+03 1.33562E+01 2.44353E+00 4.70345E+02 
1.51414E+01 2.61113E+00 1.47491E+01 2.56225E+00 3.07838E+03 2.06027E+01 3.58649E+00 1.27243E+03 1.69996E+01 2.93450E+00 8.59146E+02 
1.78653E+01 2.89416E+00 1.74358E+01 2.84208E+00 3.14872E+03 2.43564E+01 3.97698E+00 1.30371E+03 2.29019E+01 3.71638E+00 1.38278E+03 
2.10203E+01 3.18764E+00 2.05032E+01 3.12545E+00 3.22094E+03 2.86822E+01 4.37852E+00 1.33238E+03 3.09733E+01 4.70678E+00 1.87229E+03 
2.46619E+01 3.48952E+00 2.39547E+01 3.40447E+00 3.29509E+03 3.36316E+01 4.78545E+00 1.35639E+03 3.95562E+01 5.60866E+00 2.18559E+03 
1.50609E+00 8.82981E-02 1.58562E+00 9.29510E-02 3.36699E+03 2.29959E+00 1.34801E-01 1.33754E+03 1.50610E+00 8.82986E-02 3.85935E-01 
1.53541E+00 1.05289E-01 1.61690E+00 1.10861E-01 3.43480E+03 2.34456E+00 1.60747E-01 1.36588E+03 1.53542E+00 1.05290E-01 4.54571E-01 
1.59958E+00 1.36272E-01 1.67596E+00 1.38675E-01 3.50292E+03 2.42682E+00 1.99454E-01 1.39443E+03 1.59959E+00 1.36274E-01 5.41524E-01 
1.71542E+00 1.83243E-01 1.77353E+00 1.77653E-01 3.57151E+03 2.55955E+00 2.52451E-01 1.42328E+03 1.71544E+00 1.83245E-01 6.53371E-01 
1.87152E+00 2.40069E-01 1.90557E+00 2.25119E-01 3.64182E+03 2.73947E+00 3.17075E-01 1.45293E+03 1.87154E+00 2.40071E-01 7.99333E-01 
2.07480E+00 3.08168E-01 2.07811E+00 2.82314E-01 3.71381E+03 2.97475E+00 3.95012E-01 1.48337E+03 2.07483E+00 3.08172E-01 9.92793E-01 
2.33281E+00 3.88986E-01 2.29767E+00 3.50492E-01 3.78750E+03 3.27429E+00 4.87964E-01 1.51464E+03 2.33285E+00 3.88992E-01 1.25321E+00 
2.57536E+00 4.61175E-01 2.50448E+00 4.11596E-01 3.84582E+03 3.55646E+00 5.71286E-01 1.53946E+03 2.57542E+00 4.61184E-01 1.51885E+00 
2.65409E+00 4.83990E-01 2.57168E+00 4.30941E-01 3.86285E+03 3.64813E+00 5.97667E-01 1.54673E+03 2.65415E+00 4.84000E-01 1.61002E+00 
3.08246E+00 6.03972E-01 2.93780E+00 5.32889E-01 3.94604E+03 4.14757E+00 7.36675E-01 1.58232E+03 3.08255E+00 6.03989E-01 2.15477E+00 
3.60931E+00 7.43862E-01 3.38903E+00 6.52143E-01 4.03121E+03 4.76288E+00 8.99228E-01 1.61894E+03 3.60946E+00 7.43890E-01 2.95444E+00 
4.25016E+00 9.05138E-01 3.93896E+00 7.89940E-01 4.11838E+03 5.51229E+00 1.08690E+00 1.65666E+03 4.25040E+00 9.05185E-01 4.15814E+00 
5.02248E+00 1.08927E+00 4.60314E+00 9.47794E-01 4.20743E+03 6.41669E+00 1.30174E+00 1.69546E+03 5.02287E+00 1.08935E+00 6.01852E+00 
5.94474E+00 1.40481E+00 5.50236E+00 1.34954E+00 4.29776E+03 7.68362E+00 1.90342E+00 1.73523E+03 5.94546E+00 1.40499E+00 8.98659E+00 
7.04424E+00 1.66192E+00 6.57663E+00 1.60124E+00 4.39041E+03 9.19567E+00 2.25788E+00 1.77641E+03 7.04559E+00 1.66224E+00 1.38653E+01 
8.37326E+00 1.94818E+00 7.87709E+00 1.88174E+00 4.48596E+03 1.10237E+01 2.65212E+00 1.81927E+03 8.37593E+00 1.94882E+00 2.21835E+01 
9.96796E+00 2.26460E+00 9.44050E+00 2.19256E+00 4.58430E+03 1.32182E+01 3.08815E+00 1.86383E+03 9.97360E+00 2.26591E+00 3.68897E+01 
1.18693E+01 2.61149E+00 1.13086E+01 2.53427E+00 4.68546E+03 1.58362E+01 3.56652E+00 1.91017E+03 1.18822E+01 2.61438E+00 6.38502E+01 
1.41242E+01 2.98862E+00 1.35296E+01 2.90698E+00 4.78956E+03 1.89433E+01 4.08709E+00 1.95840E+03 1.41567E+01 2.99560E+00 1.15177E+02 
1.67847E+01 3.39517E+00 1.61569E+01 3.31019E+00 4.89658E+03 2.26121E+01 4.64887E+00 2.00851E+03 1.68769E+01 3.41409E+00 2.15802E+02 
1.99095E+01 3.82980E+00 1.92505E+01 3.74274E+00 5.00655E+03 2.69246E+01 5.25010E+00 2.06044E+03 2.02052E+01 3.88740E+00 4.15451E+02 
2.35641E+01 4.29052E+00 2.28752E+01 4.20239E+00 5.11958E+03 3.19712E+01 5.88791E+00 2.11393E+03 2.45892E+01 4.47918E+00 8.00110E+02 
2.78213E+01 4.77479E+00 2.70965E+01 4.68530E+00 5.23568E+03 3.78490E+01 6.55815E+00 2.16822E+03 3.12342E+01 5.36597E+00 1.46126E+03 
3.27613E+01 5.27949E+00 3.19694E+01 5.18436E+00 5.35498E+03 4.46570E+01 7.25453E+00 2.22145E+03 4.19942E+01 6.77908E+00 2.35162E+03 
3.84721E+01 5.80097E+00 3.75210E+01 5.68769E+00 5.47752E+03 5.24867E+01 7.96798E+00 2.27027E+03 5.66864E+01 8.56571E+00 3.18447E+03 
4.50493E+01 6.33518E+00 4.37525E+01 6.18065E+00 5.60334E+03 6.14251E+01 8.68773E+00 2.31117E+03 7.22527E+01 1.01824E+01 3.71691E+03 
1.42692E+00 8.30824E-02 1.50223E+00 8.74577E-02 2.86252E+03 2.17863E+00 1.26834E-01 1.13970E+03 1.42693E+00 8.30829E-02 3.28089E-01 
1.45605E+00 9.97109E-02 1.53331E+00 1.05005E-01 2.91990E+03 2.22334E+00 1.52262E-01 1.16373E+03 1.45606E+00 9.97117E-02 3.86371E-01 
1.51927E+00 1.30027E-01 1.59149E+00 1.32224E-01 2.97786E+03 2.30439E+00 1.90144E-01 1.18806E+03 1.51929E+00 1.30028E-01 4.60383E-01 
1.63186E+00 1.75679E-01 1.68635E+00 1.70132E-01 3.03586E+03 2.43347E+00 2.41697E-01 1.21251E+03 1.63187E+00 1.75681E-01 5.55343E-01 
1.78284E+00 2.30772E-01 1.81411E+00 2.16177E-01 3.09538E+03 2.60758E+00 3.04397E-01 1.23765E+03 1.78286E+00 2.30775E-01 6.79335E-01 
1.97850E+00 2.96599E-01 1.98021E+00 2.71481E-01 3.15654E+03 2.83411E+00 3.79766E-01 1.26355E+03 1.97853E+00 2.96603E-01 8.43726E-01 
2.22561E+00 3.74428E-01 2.19051E+00 3.37151E-01 3.21866E+03 3.12103E+00 4.69304E-01 1.28996E+03 2.22565E+00 3.74435E-01 1.06478E+00 
2.45732E+00 4.43763E-01 2.38810E+00 3.95848E-01 3.26779E+03 3.39062E+00 5.49347E-01 1.31092E+03 2.45738E+00 4.43772E-01 1.29052E+00 
2.53239E+00 4.65635E-01 2.45218E+00 4.14395E-01 3.28264E+03 3.47804E+00 5.74639E-01 1.31725E+03 2.53245E+00 4.65645E-01 1.36813E+00 
2.93995E+00 5.80364E-01 2.80053E+00 5.11887E-01 3.35287E+03 3.95325E+00 7.07573E-01 1.34736E+03 2.94004E+00 5.80380E-01 1.83103E+00 
3.43927E+00 7.13530E-01 3.22819E+00 6.25400E-01 3.42470E+03 4.53640E+00 8.62295E-01 1.37831E+03 3.43941E+00 7.13556E-01 2.50949E+00 
4.04491E+00 8.66531E-01 3.74799E+00 7.56230E-01 3.49836E+03 5.24475E+00 1.04052E+00 1.41025E+03 4.04513E+00 8.66576E-01 3.53171E+00 
4.77264E+00 1.04029E+00 4.37381E+00 9.05116E-01 3.57356E+03 6.09686E+00 1.24310E+00 1.44308E+03 4.77302E+00 1.04036E+00 5.11173E+00 
5.64258E+00 1.33817E+00 5.22215E+00 1.28575E+00 3.64980E+03 7.29213E+00 1.81352E+00 1.47674E+03 5.64326E+00 1.33834E+00 7.62966E+00 
6.67726E+00 1.57825E+00 6.23311E+00 1.52059E+00 3.72805E+03 8.71501E+00 2.14414E+00 1.51161E+03 6.67853E+00 1.57856E+00 1.17736E+01 
7.92367E+00 1.84465E+00 7.45287E+00 1.78169E+00 3.80868E+03 1.04295E+01 2.51109E+00 1.54788E+03 7.92619E+00 1.84525E+00 1.88338E+01 
9.41475E+00 2.13791E+00 8.91485E+00 2.06983E+00 3.89169E+03 1.24816E+01 2.91527E+00 1.58561E+03 9.42007E+00 2.13915E+00 3.13117E+01 
1.11873E+01 2.45798E+00 1.06566E+01 2.38521E+00 3.97709E+03 1.49223E+01 3.35672E+00 1.62486E+03 1.11994E+01 2.46070E+00 5.42011E+01 
1.32830E+01 2.80441E+00 1.27212E+01 2.72771E+00 4.06495E+03 1.78103E+01 3.83500E+00 1.66570E+03 1.33135E+01 2.81097E+00 9.77430E+01 
1.57490E+01 3.17629E+00 1.51568E+01 3.09667E+00 4.15526E+03 2.12111E+01 4.34896E+00 1.70814E+03 1.58354E+01 3.19397E+00 1.83084E+02 
1.86374E+01 3.57204E+00 1.80169E+01 3.49071E+00 4.24815E+03 2.51979E+01 4.89652E+00 1.75217E+03 1.89141E+01 3.62574E+00 3.52506E+02 
2.20064E+01 3.98962E+00 2.13589E+01 3.90754E+00 4.34359E+03 2.98503E+01 5.47475E+00 1.79754E+03 2.29633E+01 4.16502E+00 6.78849E+02 
2.59201E+01 4.42648E+00 2.52402E+01 4.34338E+00 4.44167E+03 3.52544E+01 6.07950E+00 1.84358E+03 2.90994E+01 4.97456E+00 1.23972E+03 
3.04491E+01 4.87958E+00 2.97080E+01 4.79152E+00 4.54244E+03 4.14961E+01 6.70477E+00 1.88875E+03 3.90281E+01 6.26547E+00 1.99487E+03 
3.56711E+01 5.34549E+00 3.47837E+01 5.24097E+00 4.64600E+03 4.86555E+01 7.34210E+00 1.93022E+03 5.25562E+01 7.89314E+00 2.70134E+03 
4.16693E+01 5.82035E+00 4.04638E+01 5.67823E+00 4.75239E+03 5.68057E+01 7.98145E+00 1.96499E+03 6.68270E+01 9.35481E+00 3.15271E+03 
1.34755E+00 7.77754E-02 1.41861E+00 8.18643E-02 2.42194E+03 2.05735E+00 1.18720E-01 9.66375E+02 1.34756E+00 7.77759E-02 2.77642E-01 
1.37660E+00 9.40819E-02 1.44958E+00 9.90593E-02 2.47025E+03 2.10191E+00 1.43634E-01 9.86623E+02 1.37661E+00 9.40826E-02 3.26907E-01 
1.43836E+00 1.23511E-01 1.50643E+00 1.25514E-01 2.51865E+03 2.18113E+00 1.80465E-01 1.00697E+03 1.43838E+00 1.23512E-01 3.89348E-01 
1.54765E+00 1.67749E-01 1.59854E+00 1.62271E-01 2.56751E+03 2.30650E+00 2.30465E-01 1.02758E+03 1.54767E+00 1.67751E-01 4.69660E-01 
1.69310E+00 2.20936E-01 1.72164E+00 2.06742E-01 2.61734E+03 2.47428E+00 2.91030E-01 1.04867E+03 1.69313E+00 2.20939E-01 5.74345E-01 
1.88067E+00 2.84281E-01 1.88088E+00 2.59976E-01 2.66845E+03 2.69146E+00 3.63586E-01 1.07035E+03 1.88069E+00 2.84284E-01 7.13265E-01 
2.11672E+00 3.58938E-01 2.08179E+00 3.22984E-01 2.72077E+03 2.96558E+00 4.49500E-01 1.09262E+03 2.11676E+00 3.58944E-01 9.00263E-01 
2.33706E+00 4.25177E-01 2.26969E+00 3.79068E-01 2.76179E+03 3.22195E+00 5.25983E-01 1.11015E+03 2.33711E+00 4.25186E-01 1.09069E+00 
2.40832E+00 4.46031E-01 2.33053E+00 3.96754E-01 2.77426E+03 3.30495E+00 5.50101E-01 1.11548E+03 2.40838E+00 4.46041E-01 1.15616E+00 
2.79447E+00 5.55183E-01 2.66058E+00 4.89512E-01 2.83313E+03 3.75519E+00 6.76580E-01 1.14076E+03 2.79455E+00 5.55198E-01 1.54716E+00 
3.26597E+00 6.81344E-01 3.06443E+00 5.97063E-01 2.89337E+03 4.30586E+00 8.23173E-01 1.16677E+03 3.26610E+00 6.81369E-01 2.12050E+00 
3.83584E+00 8.25620E-01 3.55354E+00 7.20439E-01 2.95503E+03 4.97238E+00 9.91233E-01 1.19356E+03 3.83605E+00 8.25663E-01 2.98316E+00 
4.51874E+00 9.88944E-01 4.14098E+00 8.60607E-01 3.01816E+03 5.77224E+00 1.18204E+00 1.22119E+03 4.51910E+00 9.89018E-01 4.31803E+00 
5.33575E+00 1.26841E+00 4.93770E+00 1.21886E+00 3.08191E+03 6.89474E+00 1.71922E+00 1.24942E+03 5.33639E+00 1.26857E+00 6.44196E+00 
6.30516E+00 1.49140E+00 5.88495E+00 1.43692E+00 3.14761E+03 8.22791E+00 2.02616E+00 1.27878E+03 6.30636E+00 1.49170E+00 9.94133E+00 
7.46888E+00 1.73786E+00 7.02392E+00 1.67851E+00 3.21519E+03 9.82881E+00 2.36565E+00 1.30927E+03 7.47126E+00 1.73842E+00 1.58993E+01 
8.85653E+00 2.00795E+00 8.38464E+00 1.94394E+00 3.28478E+03 1.17386E+01 2.73794E+00 1.34102E+03 8.86153E+00 2.00911E+00 2.64267E+01 
---
