PdfType: replica
Format: lhagrid1
---
1.00000E-06 1.28121E-06 1.64152E-06 2.10317E-06 2.69463E-06 3.45242E-06 4.42329E-06 5.66715E-06 7.26076E-06 9.30241E-06 1.19180E-05 1.52689E-05 1.95617E-05 2.50609E-05 3.21053E-05 4.11287E-05 5.26863E-05 6.74889E-05 8.64459E-05 1.10720E-04 1.41800E-04 1.81585E-04 2.32503E-04 2.97652E-04 3.80981E-04 4.87518E-04 6.26039E-04 8.00452E-04 1.02297E-03 1.30657E-03 1.66759E-03 2.12729E-03 2.71054E-03 3.44865E-03 4.37927E-03 5.54908E-03 7.01192E-03 8.83064E-03 1.10763E-02 1.38266E-02 1.71641E-02 2.11717E-02 2.59364E-02 3.15062E-02 3.79623E-02 4.53425E-02 5.36750E-02 6.29705E-02 7.32221E-02 8.44039E-02 9.64793E-02 1.09332E-01 1.23067E-01 1.37507E-01 1.52639E-01 1.68416E-01 1.84794E-01 2.01731E-01 2.19016E-01 2.36948E-01 2.55242E-01 2.73927E-01 2.92954E-01 3.12340E-01 3.32036E-01 3.52019E-01 3.72282E-01 3.92772E-01 4.13533E-01 4.34326E-01 4.55495E-01 4.76836E-01 4.98342E-01 5.20006E-01 5.41818E-01 5.63773E-01 5.85861E-01 6.08077E-01 6.30459E-01 6.52800E-01 6.75387E-01 6.98063E-01 7.20830E-01 7.43683E-01 7.66623E-01 7.89636E-01 8.12791E-01 8.35940E-01 8.59175E-01 8.82485E-01 9.05866E-01 9.29311E-01 9.52817E-01 9.76387E-01 1.00000E+00 
1.14018E+00 1.22539E+00 1.32482E+00 1.44156E+00 1.57954E+00 1.74381E+00 1.94091E+00 2.12132E+00 2.17945E+00 2.49622E+00 2.89383E+00 3.39925E+00 4.05063E+00 4.90286E+00 6.03623E+00 7.57063E+00 9.68869E+00 1.26749E+01 1.69835E+01 2.33578E+01 3.30501E+01 4.82334E+01 7.28041E+01 1.13998E+02 1.85779E+02 3.16228E+02 
900 901 902 903 904 905 906 907 908 909 910 
7.82546E-01 4.51902E-02 8.23706E-01 4.75534E-02 2.73216E+03 1.19455E+00 6.89580E-02 1.31279E+03 7.82551E-01 4.51904E-02 3.13318E-01 
7.98144E-01 5.41399E-02 8.40284E-01 5.69534E-02 2.78302E+03 1.21837E+00 8.25646E-02 1.33720E+03 7.98150E-01 5.41403E-02 3.68498E-01 
8.31750E-01 7.02012E-02 8.71260E-01 7.14018E-02 2.83405E+03 1.26153E+00 1.02684E-01 1.36170E+03 8.31757E-01 7.02018E-02 4.38164E-01 
8.93261E-01 9.47392E-02 9.23100E-01 9.17859E-02 2.88526E+03 1.33208E+00 1.30408E-01 1.38629E+03 8.93270E-01 9.47401E-02 5.28069E-01 
9.76173E-01 1.24458E-01 9.93238E-01 1.16617E-01 2.93783E+03 1.42765E+00 1.64219E-01 1.41156E+03 9.76185E-01 1.24459E-01 6.44760E-01 
1.08475E+00 1.60223E-01 1.08541E+00 1.46670E-01 2.99094E+03 1.55337E+00 2.05177E-01 1.43712E+03 1.08477E+00 1.60225E-01 8.00257E-01 
1.22283E+00 2.02731E-01 1.20294E+00 1.82546E-01 3.04577E+03 1.71372E+00 2.54097E-01 1.46355E+03 1.22285E+00 2.02735E-01 1.00825E+00 
1.35269E+00 2.40763E-01 1.31369E+00 2.14748E-01 3.08919E+03 1.86485E+00 2.98015E-01 1.48451E+03 1.35272E+00 2.40767E-01 1.21975E+00 
1.39501E+00 2.52824E-01 1.34981E+00 2.24981E-01 3.10104E+03 1.91414E+00 3.11971E-01 1.49023E+03 1.39504E+00 2.52829E-01 1.29247E+00 
1.62543E+00 3.16345E-01 1.54677E+00 2.78968E-01 3.16289E+03 2.18285E+00 3.85592E-01 1.52017E+03 1.62548E+00 3.16354E-01 1.72728E+00 
1.90999E+00 3.90787E-01 1.79054E+00 3.42474E-01 3.22575E+03 2.51531E+00 4.72180E-01 1.55070E+03 1.91007E+00 3.90801E-01 2.36771E+00 
2.25615E+00 4.76527E-01 2.08747E+00 4.15537E-01 3.28959E+03 2.91993E+00 5.71611E-01 1.58181E+03 2.25627E+00 4.76552E-01 3.32482E+00 
2.67409E+00 5.75246E-01 2.44713E+00 5.00486E-01 3.35477E+03 3.40982E+00 6.87370E-01 1.61373E+03 2.67430E+00 5.75289E-01 4.79991E+00 
3.17323E+00 7.43505E-01 2.93366E+00 7.13633E-01 3.42033E+03 4.09531E+00 1.00629E+00 1.64601E+03 3.17361E+00 7.43598E-01 7.15854E+00 
3.76869E+00 8.82629E-01 3.51559E+00 8.50411E-01 3.48732E+03 4.91449E+00 1.19915E+00 1.67921E+03 3.76941E+00 8.82804E-01 1.10111E+01 
4.49115E+00 1.03765E+00 4.22251E+00 1.00221E+00 3.55636E+03 5.90829E+00 1.41249E+00 1.71367E+03 4.49258E+00 1.03799E+00 1.75884E+01 
5.36028E+00 1.20962E+00 5.07454E+00 1.17111E+00 3.62708E+03 7.10435E+00 1.64946E+00 1.74924E+03 5.36331E+00 1.21032E+00 2.92174E+01 
6.39989E+00 1.39875E+00 6.09586E+00 1.35737E+00 3.69963E+03 8.53577E+00 1.91024E+00 1.78604E+03 6.40683E+00 1.40030E+00 5.04311E+01 
7.62835E+00 1.60527E+00 7.30589E+00 1.56141E+00 3.77398E+03 1.02287E+01 2.19526E+00 1.82409E+03 7.64590E+00 1.60902E+00 9.08475E+01 
9.08761E+00 1.82854E+00 8.74677E+00 1.78278E+00 3.85011E+03 1.22410E+01 2.50375E+00 1.86337E+03 9.13764E+00 1.83876E+00 1.69903E+02 
1.08033E+01 2.06815E+00 1.04451E+01 2.02114E+00 3.92799E+03 1.46088E+01 2.83515E+00 1.90379E+03 1.09640E+01 2.09928E+00 3.26200E+02 
1.28148E+01 2.32324E+00 1.24399E+01 2.27554E+00 4.00777E+03 1.73864E+01 3.18823E+00 1.94519E+03 1.33725E+01 2.42543E+00 6.27284E+02 
1.51629E+01 2.59245E+00 1.47680E+01 2.54389E+00 4.08946E+03 2.06284E+01 3.56077E+00 1.98694E+03 1.70235E+01 2.91350E+00 1.14461E+03 
1.78932E+01 2.87414E+00 1.74610E+01 2.82238E+00 4.17300E+03 2.43909E+01 3.94940E+00 2.02754E+03 2.29369E+01 3.69065E+00 1.84071E+03 
2.10549E+01 3.16628E+00 2.05350E+01 3.10448E+00 4.25842E+03 2.87261E+01 4.34914E+00 2.06439E+03 3.10232E+01 4.67524E+00 2.48920E+03 
2.47037E+01 3.46686E+00 2.39935E+01 3.38234E+00 4.34575E+03 3.36854E+01 4.75434E+00 2.09477E+03 3.96218E+01 5.57222E+00 2.89935E+03 
1.46085E+00 8.38513E-02 1.53764E+00 8.82365E-02 4.62421E+03 2.22989E+00 1.27953E-01 2.21806E+03 1.46086E+00 8.38518E-02 5.30041E-01 
1.49063E+00 1.00798E-01 1.56938E+00 1.06100E-01 4.71090E+03 2.27553E+00 1.53833E-01 2.25958E+03 1.49064E+00 1.00799E-01 6.23454E-01 
1.55534E+00 1.31551E-01 1.62899E+00 1.33742E-01 4.79758E+03 2.35860E+00 1.92315E-01 2.30110E+03 1.55535E+00 1.31552E-01 7.41669E-01 
1.67201E+00 1.78120E-01 1.72731E+00 1.72430E-01 4.88443E+03 2.49240E+00 2.44937E-01 2.34272E+03 1.67203E+00 1.78122E-01 8.93556E-01 
1.82911E+00 2.34467E-01 1.86025E+00 2.19537E-01 4.97322E+03 2.67358E+00 3.09091E-01 2.38530E+03 1.82913E+00 2.34470E-01 1.09156E+00 
2.03357E+00 3.02001E-01 2.03384E+00 2.76296E-01 5.06387E+03 2.91035E+00 3.86453E-01 2.42883E+03 2.03360E+00 3.02005E-01 1.35371E+00 
2.29298E+00 3.82161E-01 2.25463E+00 3.43957E-01 5.15642E+03 3.21162E+00 4.78717E-01 2.47334E+03 2.29302E+00 3.82168E-01 1.70616E+00 
2.53676E+00 4.53774E-01 2.46254E+00 4.04601E-01 5.22949E+03 3.49532E+00 5.61425E-01 2.50854E+03 2.53681E+00 4.53783E-01 2.06532E+00 
2.61587E+00 4.76409E-01 2.53008E+00 4.23802E-01 5.25076E+03 3.58748E+00 5.87613E-01 2.51880E+03 2.61593E+00 4.76419E-01 2.18851E+00 
3.04628E+00 5.95458E-01 2.89800E+00 5.24993E-01 5.35461E+03 4.08943E+00 7.25608E-01 2.56896E+03 3.04637E+00 5.95474E-01 2.92395E+00 
3.57551E+00 7.34290E-01 3.35132E+00 6.43379E-01 5.46057E+03 4.70764E+00 8.86996E-01 2.62031E+03 3.57565E+00 7.34317E-01 4.00203E+00 
4.21908E+00 8.94382E-01 3.90364E+00 7.80197E-01 5.56867E+03 5.46038E+00 1.07335E+00 2.67289E+03 4.21931E+00 8.94429E-01 5.62247E+00 
4.99451E+00 1.07720E+00 4.57056E+00 9.36958E-01 5.67868E+03 6.36858E+00 1.28672E+00 2.72664E+03 4.99490E+00 1.07728E+00 8.12318E+00 
5.92051E+00 1.39032E+00 5.47359E+00 1.33545E+00 5.78947E+03 7.64102E+00 1.88348E+00 2.78111E+03 5.92122E+00 1.39049E+00 1.21060E+01 
7.02423E+00 1.64567E+00 6.55209E+00 1.58544E+00 5.90259E+03 9.15912E+00 2.23554E+00 2.83708E+03 7.02557E+00 1.64599E+00 1.86415E+01 
8.35820E+00 1.93005E+00 7.85751E+00 1.86410E+00 6.01887E+03 1.09942E+01 2.62721E+00 2.89501E+03 8.36087E+00 1.93069E+00 2.97653E+01 
9.95893E+00 2.24448E+00 9.42689E+00 2.17296E+00 6.13810E+03 1.31972E+01 3.06050E+00 2.95488E+03 9.96456E+00 2.24578E+00 4.93966E+01 
1.18704E+01 2.58926E+00 1.13049E+01 2.51259E+00 6.26026E+03 1.58292E+01 3.53598E+00 3.01677E+03 1.18832E+01 2.59213E+00 8.53218E+01 
1.41224E+01 2.96419E+00 1.35235E+01 2.88313E+00 6.38553E+03 1.89330E+01 4.05351E+00 3.08079E+03 1.41549E+01 2.97112E+00 1.53592E+02 
1.67928E+01 3.36847E+00 1.61606E+01 3.28407E+00 6.51379E+03 2.26156E+01 4.61215E+00 3.14689E+03 1.68850E+01 3.38724E+00 2.87201E+02 
1.99264E+01 3.80077E+00 1.92629E+01 3.71429E+00 6.64506E+03 2.69405E+01 5.21016E+00 3.21496E+03 2.02223E+01 3.85793E+00 5.51874E+02 
2.35904E+01 4.25912E+00 2.28970E+01 4.17157E+00 6.77942E+03 3.20002E+01 5.84470E+00 3.28463E+03 2.46164E+01 4.44640E+00 1.06119E+03 
2.78576E+01 4.74102E+00 2.71284E+01 4.65210E+00 6.91688E+03 3.78922E+01 6.51166E+00 3.35482E+03 3.12745E+01 5.32801E+00 1.93589E+03 
3.28085E+01 5.24336E+00 3.20121E+01 5.14883E+00 7.05752E+03 4.47153E+01 7.20480E+00 3.42310E+03 4.20534E+01 6.73267E+00 3.11269E+03 
3.85308E+01 5.76253E+00 3.75751E+01 5.64995E+00 7.20136E+03 5.25612E+01 7.91509E+00 3.48505E+03 5.67710E+01 8.50892E+00 4.20952E+03 
4.51204E+01 6.29449E+00 4.38185E+01 6.14091E+00 7.34841E+03 6.15166E+01 8.63184E+00 3.53606E+03 7.23643E+01 1.01170E+01 4.90234E+03 
1.39034E+00 7.91898E-02 1.46334E+00 8.33250E-02 3.90577E+03 2.12212E+00 1.20829E-01 1.86924E+03 1.39035E+00 7.91903E-02 4.47662E-01 
1.41987E+00 9.57691E-02 1.49483E+00 1.00821E-01 3.97854E+03 2.16743E+00 1.46184E-01 1.90400E+03 1.41988E+00 9.57699E-02 5.26455E-01 
1.48363E+00 1.25857E-01 1.55355E+00 1.27867E-01 4.05178E+03 2.24926E+00 1.83838E-01 1.93899E+03 1.48364E+00 1.25858E-01 6.26414E-01 
1.59710E+00 1.71123E-01 1.64919E+00 1.65492E-01 4.12463E+03 2.37944E+00 2.35024E-01 1.97380E+03 1.59711E+00 1.71125E-01 7.54513E-01 
1.74917E+00 2.25756E-01 1.77790E+00 2.11188E-01 4.19923E+03 2.55488E+00 2.97265E-01 2.00949E+03 1.74919E+00 2.25758E-01 9.21598E-01 
1.94615E+00 2.91038E-01 1.94516E+00 2.66069E-01 4.27573E+03 2.78303E+00 3.72074E-01 2.04613E+03 1.94618E+00 2.91042E-01 1.14288E+00 
2.19484E+00 3.68236E-01 2.15685E+00 3.31240E-01 4.35310E+03 3.07187E+00 4.60946E-01 2.08323E+03 2.19488E+00 3.68242E-01 1.44008E+00 
2.42796E+00 4.37017E-01 2.35567E+00 3.89492E-01 4.41416E+03 3.34318E+00 5.40395E-01 2.11257E+03 2.42802E+00 4.37026E-01 1.74326E+00 
2.50347E+00 4.58717E-01 2.42014E+00 4.07900E-01 4.43265E+03 3.43115E+00 5.65501E-01 2.12147E+03 2.50353E+00 4.58726E-01 1.84744E+00 
2.91339E+00 5.72555E-01 2.77055E+00 5.04667E-01 4.51964E+03 3.90920E+00 6.97462E-01 2.16338E+03 2.91348E+00 5.72570E-01 2.46822E+00 
3.41547E+00 7.04716E-01 3.20061E+00 6.17354E-01 4.60830E+03 4.49568E+00 8.51072E-01 2.20623E+03 3.41560E+00 7.04742E-01 3.37681E+00 
4.02429E+00 8.56596E-01 3.72318E+00 7.47254E-01 4.69894E+03 5.20788E+00 1.02804E+00 2.25022E+03 4.02451E+00 8.56641E-01 4.74378E+00 
4.75569E+00 1.02912E+00 4.35220E+00 8.95112E-01 4.79112E+03 6.06440E+00 1.22924E+00 2.29516E+03 4.75607E+00 1.02920E+00 6.85347E+00 
5.63000E+00 1.32473E+00 5.20497E+00 1.27269E+00 4.88389E+03 7.26602E+00 1.79505E+00 2.34067E+03 5.63068E+00 1.32489E+00 1.02096E+01 
6.66965E+00 1.56319E+00 6.22091E+00 1.50596E+00 4.97867E+03 8.69600E+00 2.12345E+00 2.38747E+03 6.67093E+00 1.56350E+00 1.57237E+01 
7.92191E+00 1.82786E+00 7.44649E+00 1.76536E+00 5.07598E+03 1.04188E+01 2.48803E+00 2.43587E+03 7.92443E+00 1.82845E+00 2.51017E+01 
9.42004E+00 2.11929E+00 8.91547E+00 2.05169E+00 5.17578E+03 1.24808E+01 2.88969E+00 2.48591E+03 9.42536E+00 2.12051E+00 4.16464E+01 
1.12039E+01 2.43743E+00 1.06684E+01 2.36518E+00 5.27807E+03 1.49372E+01 3.32850E+00 2.53764E+03 1.12160E+01 2.44013E+00 7.19403E+01 
1.32980E+01 2.78187E+00 1.27317E+01 2.70570E+00 5.38288E+03 1.78235E+01 3.80403E+00 2.59115E+03 1.33285E+01 2.78837E+00 1.29462E+02 
1.57754E+01 3.15169E+00 1.51786E+01 3.07262E+00 5.49016E+03 2.12404E+01 4.31516E+00 2.64638E+03 1.58620E+01 3.16924E+00 2.42003E+02 
1.86745E+01 3.54536E+00 1.80493E+01 3.46457E+00 5.60008E+03 2.52419E+01 4.85983E+00 2.70332E+03 1.89516E+01 3.59866E+00 4.65064E+02 
2.20547E+01 3.96084E+00 2.14026E+01 3.87930E+00 5.71252E+03 2.99103E+01 5.43516E+00 2.76158E+03 2.30136E+01 4.13497E+00 8.94166E+02 
2.59807E+01 4.39561E+00 2.52963E+01 4.31304E+00 5.82758E+03 3.53315E+01 6.03701E+00 2.82029E+03 2.91670E+01 4.93985E+00 1.63098E+03 
3.05231E+01 4.84663E+00 2.97773E+01 4.75913E+00 5.94528E+03 4.15918E+01 6.65942E+00 2.87737E+03 3.91219E+01 6.22315E+00 2.62190E+03 
3.57594E+01 5.31054E+00 3.48671E+01 5.20666E+00 6.06569E+03 4.87712E+01 7.29402E+00 2.92915E+03 5.26847E+01 7.84150E+00 3.54549E+03 
4.17731E+01 5.78344E+00 4.05620E+01 5.64220E+00 6.18885E+03 5.69427E+01 7.93079E+00 2.97173E+03 6.69915E+01 9.29547E+00 4.12842E+03 
1.31720E+00 7.44126E-02 1.38628E+00 7.82880E-02 3.28227E+03 2.01033E+00 1.13521E-01 1.56707E+03 1.31721E+00 7.44131E-02 3.76268E-01 
1.34661E+00 9.06621E-02 1.41761E+00 9.54236E-02 3.34317E+03 2.05542E+00 1.38351E-01 1.59608E+03 1.34662E+00 9.06628E-02 4.42427E-01 
1.40885E+00 1.19863E-01 1.47494E+00 1.21703E-01 3.40388E+03 2.13534E+00 1.74951E-01 1.62500E+03 1.40886E+00 1.19864E-01 5.26191E-01 
1.51896E+00 1.63729E-01 1.56777E+00 1.58184E-01 3.46487E+03 2.26173E+00 2.24589E-01 1.65407E+03 1.51898E+00 1.63731E-01 6.33809E-01 
1.66544E+00 2.16472E-01 1.69178E+00 2.02314E-01 3.52689E+03 2.43077E+00 2.84705E-01 1.68366E+03 1.66546E+00 2.16474E-01 7.73929E-01 
1.85426E+00 2.79293E-01 1.85211E+00 2.55138E-01 3.59031E+03 2.64947E+00 3.56716E-01 1.71395E+03 1.85428E+00 2.79296E-01 9.59678E-01 
2.09181E+00 3.53343E-01 2.05432E+00 3.17663E-01 3.65507E+03 2.92540E+00 4.41983E-01 1.74494E+03 2.09184E+00 3.53349E-01 1.20942E+00 
2.31349E+00 4.19053E-01 2.24339E+00 3.73320E-01 3.70566E+03 3.18340E+00 5.17894E-01 1.76918E+03 2.31354E+00 4.19061E-01 1.46344E+00 
2.38517E+00 4.39742E-01 2.30460E+00 3.90872E-01 3.72109E+03 3.26691E+00 5.41833E-01 1.77659E+03 2.38523E+00 4.39751E-01 1.55075E+00 
2.77356E+00 5.48046E-01 2.63660E+00 4.82937E-01 3.79348E+03 3.71986E+00 6.67380E-01 1.81138E+03 2.77364E+00 5.48061E-01 2.07161E+00 
3.24768E+00 6.73254E-01 3.04273E+00 5.89702E-01 3.86730E+03 4.27367E+00 8.12915E-01 1.84697E+03 3.24780E+00 6.73279E-01 2.83431E+00 
3.82057E+00 8.16476E-01 3.53447E+00 7.12200E-01 3.94258E+03 4.94382E+00 9.79793E-01 1.88342E+03 3.82078E+00 8.16518E-01 3.98016E+00 
4.50694E+00 9.78646E-01 4.12493E+00 8.51400E-01 4.01941E+03 5.74786E+00 1.16929E+00 1.92080E+03 4.50730E+00 9.78719E-01 5.75057E+00 
5.32809E+00 1.25600E+00 4.92583E+00 1.20681E+00 4.09633E+03 6.87635E+00 1.70218E+00 1.95846E+03 5.32873E+00 1.25615E+00 8.56249E+00 
6.30221E+00 1.47749E+00 5.87781E+00 1.42342E+00 4.17528E+03 8.21623E+00 2.00707E+00 1.99738E+03 6.30341E+00 1.47778E+00 1.31874E+01 
7.47146E+00 1.72236E+00 7.02227E+00 1.66344E+00 4.25615E+03 9.82496E+00 2.34438E+00 2.03754E+03 7.47384E+00 1.72292E+00 2.10478E+01 
8.86574E+00 1.99078E+00 8.38959E+00 1.92723E+00 4.33912E+03 1.17441E+01 2.71437E+00 2.07909E+03 8.87075E+00 1.99193E+00 3.49115E+01 
---
