PdfType: replica
Format: lhagrid1
---
4.34963E-04 7.77181E-04 7.77181E-04 1.38865E-03 1.38865E-03 2.48120E-03 2.48120E-03 2.48120E-03 4.43334E-03 4.43334E-03 4.43334E-03 4.43334E-03 7.92137E-03 7.92137E-03 7.92137E-03 7.92137E-03 1.41537E-02 1.41537E-02 1.41537E-02 1.41537E-02 1.41537E-02 2.52895E-02 2.52895E-02 2.52895E-02 2.52895E-02 2.52895E-02 4.51866E-02 4.51866E-02 4.51866E-02 4.51866E-02 4.51866E-02 4.51866E-02 8.07383E-02 8.07383E-02 8.07383E-02 8.07383E-02 8.07383E-02 8.07383E-02 8.07383E-02 1.44261E-01 1.44261E-01 1.44261E-01 1.44261E-01 1.44261E-01 1.44261E-01 2.57762E-01 2.57762E-01 2.57762E-01 2.57762E-01 2.57762E-01 2.57762E-01 4.60562E-01 4.60562E-01 4.60562E-01 4.60562E-01 4.60562E-01 4.60562E-01 
1.58489E+00 1.58489E+00 2.51189E+00 1.58489E+00 2.51189E+00 1.58489E+00 2.51189E+00 3.98107E+00 1.58489E+00 2.51189E+00 3.98107E+00 6.30957E+00 1.58489E+00 2.51189E+00 3.98107E+00 6.30957E+00 1.58489E+00 2.51189E+00 3.98107E+00 6.30957E+00 9.99999E+00 1.58489E+00 2.51189E+00 3.98107E+00 6.30957E+00 9.99999E+00 1.58489E+00 2.51189E+00 3.98107E+00 6.30957E+00 9.99999E+00 1.58489E+01 1.58489E+00 2.51189E+00 3.98107E+00 6.30957E+00 9.99999E+00 1.58489E+01 2.51189E+01 2.51189E+00 3.98107E+00 6.30957E+00 9.99999E+00 1.58489E+01 2.51189E+01 3.98107E+00 6.30957E+00 9.99999E+00 1.58489E+01 2.51189E+01 3.98107E+01 6.30957E+00 9.99999E+00 1.58489E+01 2.51189E+01 3.98107E+01 6.30957E+01 
90000 
2.16232E-04 
2.14086E-04 
5.15329E-04 
2.11760E-04 
5.11900E-04 
2.09178E-04 
5.08489E-04 
1.25579E-03 
2.06325E-04 
5.04488E-04 
1.24859E-03 
3.16317E-03 
2.03173E-04 
4.99561E-04 
1.23956E-03 
3.13653E-03 
1.99602E-04 
4.93260E-04 
1.22705E-03 
3.09658E-03 
7.86481E-03 
1.95312E-04 
4.84746E-04 
1.20860E-03 
3.04020E-03 
7.71145E-03 
1.89800E-04 
4.72609E-04 
1.18027E-03 
2.95973E-03 
7.48992E-03 
1.90338E-02 
1.82554E-04 
4.55271E-04 
1.13769E-03 
2.84637E-03 
7.18046E-03 
1.81804E-02 
4.66452E-02 
4.32298E-04 
1.08036E-03 
2.69970E-03 
6.79030E-03 
1.71318E-02 
4.36515E-02 
1.01426E-03 
2.53439E-03 
6.36130E-03 
1.60045E-02 
4.05410E-02 
1.04732E-01 
2.34026E-03 
5.86316E-03 
1.47175E-02 
3.71137E-02 
9.47426E-02 
2.50220E-01 
---
