PdfType: replica
Format: lhagrid1
---
4.34963E-04 7.77181E-04 7.77181E-04 1.38865E-03 1.38865E-03 2.48120E-03 2.48120E-03 2.48120E-03 4.43334E-03 4.43334E-03 4.43334E-03 4.43334E-03 7.92137E-03 7.92137E-03 7.92137E-03 7.92137E-03 1.41537E-02 1.41537E-02 1.41537E-02 1.41537E-02 1.41537E-02 2.52895E-02 2.52895E-02 2.52895E-02 2.52895E-02 2.52895E-02 4.51866E-02 4.51866E-02 4.51866E-02 4.51866E-02 4.51866E-02 4.51866E-02 8.07383E-02 8.07383E-02 8.07383E-02 8.07383E-02 8.07383E-02 8.07383E-02 8.07383E-02 1.44261E-01 1.44261E-01 1.44261E-01 1.44261E-01 1.44261E-01 1.44261E-01 2.57762E-01 2.57762E-01 2.57762E-01 2.57762E-01 2.57762E-01 2.57762E-01 4.60562E-01 4.60562E-01 4.60562E-01 4.60562E-01 4.60562E-01 4.60562E-01 
1.58489E+00 1.58489E+00 2.51189E+00 1.58489E+00 2.51189E+00 1.58489E+00 2.51189E+00 3.98107E+00 1.58489E+00 2.51189E+00 3.98107E+00 6.30957E+00 1.58489E+00 2.51189E+00 3.98107E+00 6.30957E+00 1.58489E+00 2.51189E+00 3.98107E+00 6.30957E+00 9.99999E+00 1.58489E+00 2.51189E+00 3.98107E+00 6.30957E+00 9.99999E+00 1.58489E+00 2.51189E+00 3.98107E+00 6.30957E+00 9.99999E+00 1.58489E+01 1.58489E+00 2.51189E+00 3.98107E+00 6.30957E+00 9.99999E+00 1.58489E+01 2.51189E+01 2.51189E+00 3.98107E+00 6.30957E+00 9.99999E+00 1.58489E+01 2.51189E+01 3.98107E+00 6.30957E+00 9.99999E+00 1.58489E+01 2.51189E+01 3.98107E+01 6.30957E+00 9.99999E+00 1.58489E+01 2.51189E+01 3.98107E+01 6.30957E+01 
90000 
2.20185E-04 
2.18986E-04 
5.25003E-04 
2.17634E-04 
5.23344E-04 
2.16013E-04 
5.21798E-04 
1.28275E-03 
2.14056E-04 
5.19648E-04 
1.27958E-03 
3.22988E-03 
2.11692E-04 
5.16455E-04 
1.27464E-03 
3.21277E-03 
2.08768E-04 
5.11706E-04 
1.26612E-03 
3.18310E-03 
8.06185E-03 
2.04930E-04 
5.04533E-04 
1.25160E-03 
3.13721E-03 
7.93642E-03 
1.99537E-04 
4.93364E-04 
1.22677E-03 
3.06665E-03 
7.74230E-03 
1.96463E-02 
1.91833E-04 
4.75799E-04 
1.18478E-03 
2.95639E-03 
7.44196E-03 
1.88126E-02 
4.82203E-02 
4.49389E-04 
1.11967E-03 
2.79193E-03 
7.00879E-03 
1.76556E-02 
4.49253E-02 
1.03668E-03 
2.58724E-03 
6.48698E-03 
1.63058E-02 
4.12670E-02 
1.06483E-01 
2.36760E-03 
5.93069E-03 
1.48849E-02 
3.75287E-02 
9.57684E-02 
2.52722E-01 
---
