PdfType: replica
Format: lhagrid1
---
4.34963E-04 7.77181E-04 7.77181E-04 1.38865E-03 1.38865E-03 2.48120E-03 2.48120E-03 2.48120E-03 4.43334E-03 4.43334E-03 4.43334E-03 4.43334E-03 7.92137E-03 7.92137E-03 7.92137E-03 7.92137E-03 1.41537E-02 1.41537E-02 1.41537E-02 1.41537E-02 1.41537E-02 2.52895E-02 2.52895E-02 2.52895E-02 2.52895E-02 2.52895E-02 4.51866E-02 4.51866E-02 4.51866E-02 4.51866E-02 4.51866E-02 4.51866E-02 8.07383E-02 8.07383E-02 8.07383E-02 8.07383E-02 8.07383E-02 8.07383E-02 8.07383E-02 1.44261E-01 1.44261E-01 1.44261E-01 1.44261E-01 1.44261E-01 1.44261E-01 2.57762E-01 2.57762E-01 2.57762E-01 2.57762E-01 2.57762E-01 2.57762E-01 4.60562E-01 4.60562E-01 4.60562E-01 4.60562E-01 4.60562E-01 4.60562E-01 
1.58489E+00 1.58489E+00 2.51189E+00 1.58489E+00 2.51189E+00 1.58489E+00 2.51189E+00 3.98107E+00 1.58489E+00 2.51189E+00 3.98107E+00 6.30957E+00 1.58489E+00 2.51189E+00 3.98107E+00 6.30957E+00 1.58489E+00 2.51189E+00 3.98107E+00 6.30957E+00 9.99999E+00 1.58489E+00 2.51189E+00 3.98107E+00 6.30957E+00 9.99999E+00 1.58489E+00 2.51189E+00 3.98107E+00 6.30957E+00 9.99999E+00 1.58489E+01 1.58489E+00 2.51189E+00 3.98107E+00 6.30957E+00 9.99999E+00 1.58489E+01 2.51189E+01 2.51189E+00 3.98107E+00 6.30957E+00 9.99999E+00 1.58489E+01 2.51189E+01 3.98107E+00 6.30957E+00 9.99999E+00 1.58489E+01 2.51189E+01 3.98107E+01 6.30957E+00 9.99999E+00 1.58489E+01 2.51189E+01 3.98107E+01 6.30957E+01 
90000 
2.12590E-04 
2.10459E-04 
5.09547E-04 
2.08214E-04 
5.06150E-04 
2.05775E-04 
5.02763E-04 
1.24489E-03 
2.03104E-04 
4.98812E-04 
1.23752E-03 
3.13984E-03 
2.00135E-04 
4.93943E-04 
1.22828E-03 
3.11262E-03 
1.96728E-04 
4.87730E-04 
1.21566E-03 
3.07214E-03 
7.81019E-03 
1.92663E-04 
4.79566E-04 
1.19783E-03 
3.01708E-03 
7.66039E-03 
1.87750E-04 
4.68703E-04 
1.17234E-03 
2.94342E-03 
7.45496E-03 
1.89573E-02 
1.81860E-04 
4.54273E-04 
1.13629E-03 
2.84514E-03 
7.18075E-03 
1.81882E-02 
4.66822E-02 
4.34485E-04 
1.08569E-03 
2.71261E-03 
6.82220E-03 
1.72107E-02 
4.38487E-02 
1.01616E-03 
2.53757E-03 
6.36708E-03 
1.60146E-02 
4.05584E-02 
1.04767E-01 
2.33444E-03 
5.85318E-03 
1.47033E-02 
3.71042E-02 
9.47873E-02 
2.50551E-01 
---
