PdfType: replica
Format: lhagrid1
---
4.34963E-04 7.77181E-04 7.77181E-04 1.38865E-03 1.38865E-03 2.48120E-03 2.48120E-03 2.48120E-03 4.43334E-03 4.43334E-03 4.43334E-03 4.43334E-03 7.92137E-03 7.92137E-03 7.92137E-03 7.92137E-03 1.41537E-02 1.41537E-02 1.41537E-02 1.41537E-02 1.41537E-02 2.52895E-02 2.52895E-02 2.52895E-02 2.52895E-02 2.52895E-02 4.51866E-02 4.51866E-02 4.51866E-02 4.51866E-02 4.51866E-02 4.51866E-02 8.07383E-02 8.07383E-02 8.07383E-02 8.07383E-02 8.07383E-02 8.07383E-02 8.07383E-02 1.44261E-01 1.44261E-01 1.44261E-01 1.44261E-01 1.44261E-01 1.44261E-01 2.57762E-01 2.57762E-01 2.57762E-01 2.57762E-01 2.57762E-01 2.57762E-01 4.60562E-01 4.60562E-01 4.60562E-01 4.60562E-01 4.60562E-01 4.60562E-01 
1.58489E+00 1.58489E+00 2.51189E+00 1.58489E+00 2.51189E+00 1.58489E+00 2.51189E+00 3.98107E+00 1.58489E+00 2.51189E+00 3.98107E+00 6.30957E+00 1.58489E+00 2.51189E+00 3.98107E+00 6.30957E+00 1.58489E+00 2.51189E+00 3.98107E+00 6.30957E+00 9.99999E+00 1.58489E+00 2.51189E+00 3.98107E+00 6.30957E+00 9.99999E+00 1.58489E+00 2.51189E+00 3.98107E+00 6.30957E+00 9.99999E+00 1.58489E+01 1.58489E+00 2.51189E+00 3.98107E+00 6.30957E+00 9.99999E+00 1.58489E+01 2.51189E+01 2.51189E+00 3.98107E+00 6.30957E+00 9.99999E+00 1.58489E+01 2.51189E+01 3.98107E+00 6.30957E+00 9.99999E+00 1.58489E+01 2.51189E+01 3.98107E+01 6.30957E+00 9.99999E+00 1.58489E+01 2.51189E+01 3.98107E+01 6.30957E+01 
90000 
2.18697E-04 
2.17153E-04 
5.21350E-04 
2.15463E-04 
5.19042E-04 
2.13523E-04 
5.16825E-04 
1.27257E-03 
2.11251E-04 
5.13926E-04 
1.26759E-03 
3.20360E-03 
2.08474E-04 
5.09687E-04 
1.26004E-03 
3.17953E-03 
2.04806E-04 
5.03149E-04 
1.24718E-03 
3.13857E-03 
7.95666E-03 
1.99636E-04 
4.93035E-04 
1.22579E-03 
3.07609E-03 
7.79076E-03 
1.92706E-04 
4.78560E-04 
1.19325E-03 
2.98821E-03 
7.55423E-03 
1.91826E-02 
1.84760E-04 
4.60213E-04 
1.14904E-03 
2.87343E-03 
7.24271E-03 
1.83272E-02 
4.70027E-02 
4.36992E-04 
1.09077E-03 
2.72396E-03 
6.84629E-03 
1.72635E-02 
4.39663E-02 
1.01685E-03 
2.53991E-03 
6.37436E-03 
1.60350E-02 
4.06084E-02 
1.04850E-01 
2.34944E-03 
5.88905E-03 
1.47885E-02 
3.73022E-02 
9.52123E-02 
2.51190E-01 
---
