PdfType: replica
Format: lhagrid1
---
4.34963E-04 7.77181E-04 7.77181E-04 1.38865E-03 1.38865E-03 2.48120E-03 2.48120E-03 2.48120E-03 4.43334E-03 4.43334E-03 4.43334E-03 4.43334E-03 7.92137E-03 7.92137E-03 7.92137E-03 7.92137E-03 1.41537E-02 1.41537E-02 1.41537E-02 1.41537E-02 1.41537E-02 2.52895E-02 2.52895E-02 2.52895E-02 2.52895E-02 2.52895E-02 4.51866E-02 4.51866E-02 4.51866E-02 4.51866E-02 4.51866E-02 4.51866E-02 8.07383E-02 8.07383E-02 8.07383E-02 8.07383E-02 8.07383E-02 8.07383E-02 8.07383E-02 1.44261E-01 1.44261E-01 1.44261E-01 1.44261E-01 1.44261E-01 1.44261E-01 2.57762E-01 2.57762E-01 2.57762E-01 2.57762E-01 2.57762E-01 2.57762E-01 4.60562E-01 4.60562E-01 4.60562E-01 4.60562E-01 4.60562E-01 4.60562E-01 
1.58489E+00 1.58489E+00 2.51189E+00 1.58489E+00 2.51189E+00 1.58489E+00 2.51189E+00 3.98107E+00 1.58489E+00 2.51189E+00 3.98107E+00 6.30957E+00 1.58489E+00 2.51189E+00 3.98107E+00 6.30957E+00 1.58489E+00 2.51189E+00 3.98107E+00 6.30957E+00 9.99999E+00 1.58489E+00 2.51189E+00 3.98107E+00 6.30957E+00 9.99999E+00 1.58489E+00 2.51189E+00 3.98107E+00 6.30957E+00 9.99999E+00 1.58489E+01 1.58489E+00 2.51189E+00 3.98107E+00 6.30957E+00 9.99999E+00 1.58489E+01 2.51189E+01 2.51189E+00 3.98107E+00 6.30957E+00 9.99999E+00 1.58489E+01 2.51189E+01 3.98107E+00 6.30957E+00 9.99999E+00 1.58489E+01 2.51189E+01 3.98107E+01 6.30957E+00 9.99999E+00 1.58489E+01 2.51189E+01 3.98107E+01 6.30957E+01 
90000 
2.13829E-04 
2.11643E-04 
5.11454E-04 
2.09347E-04 
5.08019E-04 
2.06879E-04 
5.04671E-04 
1.24858E-03 
2.04223E-04 
5.00855E-04 
1.24159E-03 
3.14874E-03 
2.01334E-04 
4.96241E-04 
1.23300E-03 
3.12286E-03 
1.98067E-04 
4.90372E-04 
1.22120E-03 
3.08405E-03 
7.83707E-03 
1.94106E-04 
4.82427E-04 
1.20386E-03 
3.02979E-03 
7.68868E-03 
1.89002E-04 
4.71123E-04 
1.17732E-03 
2.95346E-03 
7.47649E-03 
1.90043E-02 
1.82356E-04 
4.55040E-04 
1.13751E-03 
2.84677E-03 
7.18230E-03 
1.81871E-02 
4.66675E-02 
4.33266E-04 
1.08283E-03 
2.70619E-03 
6.80685E-03 
1.71742E-02 
4.37605E-02 
1.01765E-03 
2.54335E-03 
6.38518E-03 
1.60675E-02 
4.07063E-02 
1.05167E-01 
2.36446E-03 
5.92664E-03 
1.48830E-02 
3.75432E-02 
9.58533E-02 
2.53084E-01 
---
