PdfType: replica
Format: lhagrid1
---
4.34963E-04 7.77181E-04 7.77181E-04 1.38865E-03 1.38865E-03 2.48120E-03 2.48120E-03 2.48120E-03 4.43334E-03 4.43334E-03 4.43334E-03 4.43334E-03 7.92137E-03 7.92137E-03 7.92137E-03 7.92137E-03 1.41537E-02 1.41537E-02 1.41537E-02 1.41537E-02 1.41537E-02 2.52895E-02 2.52895E-02 2.52895E-02 2.52895E-02 2.52895E-02 4.51866E-02 4.51866E-02 4.51866E-02 4.51866E-02 4.51866E-02 4.51866E-02 8.07383E-02 8.07383E-02 8.07383E-02 8.07383E-02 8.07383E-02 8.07383E-02 8.07383E-02 1.44261E-01 1.44261E-01 1.44261E-01 1.44261E-01 1.44261E-01 1.44261E-01 2.57762E-01 2.57762E-01 2.57762E-01 2.57762E-01 2.57762E-01 2.57762E-01 4.60562E-01 4.60562E-01 4.60562E-01 4.60562E-01 4.60562E-01 4.60562E-01 
1.58489E+00 1.58489E+00 2.51189E+00 1.58489E+00 2.51189E+00 1.58489E+00 2.51189E+00 3.98107E+00 1.58489E+00 2.51189E+00 3.98107E+00 6.30957E+00 1.58489E+00 2.51189E+00 3.98107E+00 6.30957E+00 1.58489E+00 2.51189E+00 3.98107E+00 6.30957E+00 9.99999E+00 1.58489E+00 2.51189E+00 3.98107E+00 6.30957E+00 9.99999E+00 1.58489E+00 2.51189E+00 3.98107E+00 6.30957E+00 9.99999E+00 1.58489E+01 1.58489E+00 2.51189E+00 3.98107E+00 6.30957E+00 9.99999E+00 1.58489E+01 2.51189E+01 2.51189E+00 3.98107E+00 6.30957E+00 9.99999E+00 1.58489E+01 2.51189E+01 3.98107E+00 6.30957E+00 9.99999E+00 1.58489E+01 2.51189E+01 3.98107E+01 6.30957E+00 9.99999E+00 1.58489E+01 2.51189E+01 3.98107E+01 6.30957E+01 
90000 
2.20578E-04 
2.19402E-04 
5.25804E-04 
2.18041E-04 
5.24145E-04 
2.16370E-04 
5.22513E-04 
1.28403E-03 
2.14311E-04 
5.20145E-04 
1.28042E-03 
3.23139E-03 
2.11787E-04 
5.16564E-04 
1.27462E-03 
3.21245E-03 
2.08646E-04 
5.11265E-04 
1.26488E-03 
3.17990E-03 
8.05392E-03 
2.04558E-04 
5.03548E-04 
1.24925E-03 
3.13127E-03 
7.92357E-03 
1.99040E-04 
4.92241E-04 
1.22426E-03 
3.06049E-03 
7.72893E-03 
1.96205E-02 
1.91497E-04 
4.74989E-04 
1.18276E-03 
2.95144E-03 
7.42949E-03 
1.87849E-02 
4.81845E-02 
4.47917E-04 
1.11584E-03 
2.78227E-03 
6.98465E-03 
1.75971E-02 
4.47941E-02 
1.03233E-03 
2.57700E-03 
6.46264E-03 
1.62468E-02 
4.11204E-02 
1.06098E-01 
2.36358E-03 
5.91845E-03 
1.48491E-02 
3.74228E-02 
9.54254E-02 
2.51378E-01 
---
