PdfType: replica
Format: lhagrid1
---
4.34963E-04 7.77181E-04 7.77181E-04 1.38865E-03 1.38865E-03 2.48120E-03 2.48120E-03 2.48120E-03 4.43334E-03 4.43334E-03 4.43334E-03 4.43334E-03 7.92137E-03 7.92137E-03 7.92137E-03 7.92137E-03 1.41537E-02 1.41537E-02 1.41537E-02 1.41537E-02 1.41537E-02 2.52895E-02 2.52895E-02 2.52895E-02 2.52895E-02 2.52895E-02 4.51866E-02 4.51866E-02 4.51866E-02 4.51866E-02 4.51866E-02 4.51866E-02 8.07383E-02 8.07383E-02 8.07383E-02 8.07383E-02 8.07383E-02 8.07383E-02 8.07383E-02 1.44261E-01 1.44261E-01 1.44261E-01 1.44261E-01 1.44261E-01 1.44261E-01 2.57762E-01 2.57762E-01 2.57762E-01 2.57762E-01 2.57762E-01 2.57762E-01 4.60562E-01 4.60562E-01 4.60562E-01 4.60562E-01 4.60562E-01 4.60562E-01 
1.58489E+00 1.58489E+00 2.51189E+00 1.58489E+00 2.51189E+00 1.58489E+00 2.51189E+00 3.98107E+00 1.58489E+00 2.51189E+00 3.98107E+00 6.30957E+00 1.58489E+00 2.51189E+00 3.98107E+00 6.30957E+00 1.58489E+00 2.51189E+00 3.98107E+00 6.30957E+00 9.99999E+00 1.58489E+00 2.51189E+00 3.98107E+00 6.30957E+00 9.99999E+00 1.58489E+00 2.51189E+00 3.98107E+00 6.30957E+00 9.99999E+00 1.58489E+01 1.58489E+00 2.51189E+00 3.98107E+00 6.30957E+00 9.99999E+00 1.58489E+01 2.51189E+01 2.51189E+00 3.98107E+00 6.30957E+00 9.99999E+00 1.58489E+01 2.51189E+01 3.98107E+00 6.30957E+00 9.99999E+00 1.58489E+01 2.51189E+01 3.98107E+01 6.30957E+00 9.99999E+00 1.58489E+01 2.51189E+01 3.98107E+01 6.30957E+01 
90000 
2.20004E-04 
2.18773E-04 
5.24754E-04 
2.17382E-04 
5.23000E-04 
2.15715E-04 
5.21329E-04 
1.28188E-03 
2.13704E-04 
5.19040E-04 
1.27843E-03 
3.22700E-03 
2.11284E-04 
5.15725E-04 
1.27323E-03 
3.20956E-03 
2.08320E-04 
5.10903E-04 
1.26453E-03 
3.17980E-03 
8.05453E-03 
2.04479E-04 
5.03705E-04 
1.24987E-03 
3.13375E-03 
7.92834E-03 
1.99103E-04 
4.92430E-04 
1.22457E-03 
3.06187E-03 
7.73064E-03 
1.96184E-02 
1.91284E-04 
4.74432E-04 
1.18137E-03 
2.94816E-03 
7.42199E-03 
1.87636E-02 
4.80975E-02 
4.47353E-04 
1.11468E-03 
2.77965E-03 
6.97910E-03 
1.75829E-02 
4.47445E-02 
1.03091E-03 
2.57311E-03 
6.45281E-03 
1.62229E-02 
4.10660E-02 
1.06003E-01 
2.35350E-03 
5.89565E-03 
1.47976E-02 
3.73130E-02 
9.52508E-02 
2.51603E-01 
---
