PdfType: replica
Format: lhagrid1
---
4.34963E-04 7.77181E-04 7.77181E-04 1.38865E-03 1.38865E-03 2.48120E-03 2.48120E-03 2.48120E-03 4.43334E-03 4.43334E-03 4.43334E-03 4.43334E-03 7.92137E-03 7.92137E-03 7.92137E-03 7.92137E-03 1.41537E-02 1.41537E-02 1.41537E-02 1.41537E-02 1.41537E-02 2.52895E-02 2.52895E-02 2.52895E-02 2.52895E-02 2.52895E-02 4.51866E-02 4.51866E-02 4.51866E-02 4.51866E-02 4.51866E-02 4.51866E-02 8.07383E-02 8.07383E-02 8.07383E-02 8.07383E-02 8.07383E-02 8.07383E-02 8.07383E-02 1.44261E-01 1.44261E-01 1.44261E-01 1.44261E-01 1.44261E-01 1.44261E-01 2.57762E-01 2.57762E-01 2.57762E-01 2.57762E-01 2.57762E-01 2.57762E-01 4.60562E-01 4.60562E-01 4.60562E-01 4.60562E-01 4.60562E-01 4.60562E-01 
1.58489E+00 1.58489E+00 2.51189E+00 1.58489E+00 2.51189E+00 1.58489E+00 2.51189E+00 3.98107E+00 1.58489E+00 2.51189E+00 3.98107E+00 6.30957E+00 1.58489E+00 2.51189E+00 3.98107E+00 6.30957E+00 1.58489E+00 2.51189E+00 3.98107E+00 6.30957E+00 9.99999E+00 1.58489E+00 2.51189E+00 3.98107E+00 6.30957E+00 9.99999E+00 1.58489E+00 2.51189E+00 3.98107E+00 6.30957E+00 9.99999E+00 1.58489E+01 1.58489E+00 2.51189E+00 3.98107E+00 6.30957E+00 9.99999E+00 1.58489E+01 2.51189E+01 2.51189E+00 3.98107E+00 6.30957E+00 9.99999E+00 1.58489E+01 2.51189E+01 3.98107E+00 6.30957E+00 9.99999E+00 1.58489E+01 2.51189E+01 3.98107E+01 6.30957E+00 9.99999E+00 1.58489E+01 2.51189E+01 3.98107E+01 6.30957E+01 
90000 
2.20166E-04 
2.18958E-04 
5.24958E-04 
2.17602E-04 
5.23284E-04 
2.15986E-04 
5.21734E-04 
1.28261E-03 
2.14043E-04 
5.19591E-04 
1.27942E-03 
3.22952E-03 
2.11694E-04 
5.16392E-04 
1.27441E-03 
3.21213E-03 
2.08752E-04 
5.11544E-04 
1.26558E-03 
3.18158E-03 
8.05804E-03 
2.04774E-04 
5.04004E-04 
1.25013E-03 
3.13331E-03 
7.92670E-03 
1.99014E-04 
4.91989E-04 
1.22327E-03 
3.05791E-03 
7.72065E-03 
1.95922E-02 
1.90773E-04 
4.73227E-04 
1.17851E-03 
2.94116E-03 
7.40466E-03 
1.87206E-02 
4.79900E-02 
4.46170E-04 
1.11208E-03 
2.77384E-03 
6.96541E-03 
1.75505E-02 
4.46669E-02 
1.03167E-03 
2.57538E-03 
6.45881E-03 
1.62380E-02 
4.11013E-02 
1.06068E-01 
2.35962E-03 
5.90951E-03 
1.48292E-02 
3.73840E-02 
9.53946E-02 
2.51766E-01 
---
