PdfType: replica
Format: lhagrid1
---
4.34963E-04 7.77181E-04 7.77181E-04 1.38865E-03 1.38865E-03 2.48120E-03 2.48120E-03 2.48120E-03 4.43334E-03 4.43334E-03 4.43334E-03 4.43334E-03 7.92137E-03 7.92137E-03 7.92137E-03 7.92137E-03 1.41537E-02 1.41537E-02 1.41537E-02 1.41537E-02 1.41537E-02 2.52895E-02 2.52895E-02 2.52895E-02 2.52895E-02 2.52895E-02 4.51866E-02 4.51866E-02 4.51866E-02 4.51866E-02 4.51866E-02 4.51866E-02 8.07383E-02 8.07383E-02 8.07383E-02 8.07383E-02 8.07383E-02 8.07383E-02 8.07383E-02 1.44261E-01 1.44261E-01 1.44261E-01 1.44261E-01 1.44261E-01 1.44261E-01 2.57762E-01 2.57762E-01 2.57762E-01 2.57762E-01 2.57762E-01 2.57762E-01 4.60562E-01 4.60562E-01 4.60562E-01 4.60562E-01 4.60562E-01 4.60562E-01 
1.58489E+00 1.58489E+00 2.51189E+00 1.58489E+00 2.51189E+00 1.58489E+00 2.51189E+00 3.98107E+00 1.58489E+00 2.51189E+00 3.98107E+00 6.30957E+00 1.58489E+00 2.51189E+00 3.98107E+00 6.30957E+00 1.58489E+00 2.51189E+00 3.98107E+00 6.30957E+00 9.99999E+00 1.58489E+00 2.51189E+00 3.98107E+00 6.30957E+00 9.99999E+00 1.58489E+00 2.51189E+00 3.98107E+00 6.30957E+00 9.99999E+00 1.58489E+01 1.58489E+00 2.51189E+00 3.98107E+00 6.30957E+00 9.99999E+00 1.58489E+01 2.51189E+01 2.51189E+00 3.98107E+00 6.30957E+00 9.99999E+00 1.58489E+01 2.51189E+01 3.98107E+00 6.30957E+00 9.99999E+00 1.58489E+01 2.51189E+01 3.98107E+01 6.30957E+00 9.99999E+00 1.58489E+01 2.51189E+01 3.98107E+01 6.30957E+01 
90000 
2.10492E-04 
2.08227E-04 
5.05815E-04 
2.05920E-04 
5.02288E-04 
2.03508E-04 
4.98868E-04 
1.23749E-03 
2.00961E-04 
4.95046E-04 
1.23029E-03 
3.12459E-03 
1.98216E-04 
4.90497E-04 
1.22154E-03 
3.09841E-03 
1.95127E-04 
4.84772E-04 
1.20970E-03 
3.05942E-03 
7.78132E-03 
1.91424E-04 
4.77125E-04 
1.19262E-03 
3.00555E-03 
7.63293E-03 
1.86730E-04 
4.66442E-04 
1.16712E-03 
2.93098E-03 
7.42448E-03 
1.88806E-02 
1.80657E-04 
4.51470E-04 
1.12965E-03 
2.82882E-03 
7.14112E-03 
1.80899E-02 
4.64275E-02 
4.31284E-04 
1.07839E-03 
2.69557E-03 
6.78165E-03 
1.71128E-02 
4.36068E-02 
1.01450E-03 
2.53466E-03 
6.36122E-03 
1.60025E-02 
4.05305E-02 
1.04680E-01 
2.33683E-03 
5.85509E-03 
1.46980E-02 
3.70632E-02 
9.45890E-02 
2.49598E-01 
---
