PdfType: replica
Format: lhagrid1
---
4.34963E-04 7.77181E-04 7.77181E-04 1.38865E-03 1.38865E-03 2.48120E-03 2.48120E-03 2.48120E-03 4.43334E-03 4.43334E-03 4.43334E-03 4.43334E-03 7.92137E-03 7.92137E-03 7.92137E-03 7.92137E-03 1.41537E-02 1.41537E-02 1.41537E-02 1.41537E-02 1.41537E-02 2.52895E-02 2.52895E-02 2.52895E-02 2.52895E-02 2.52895E-02 4.51866E-02 4.51866E-02 4.51866E-02 4.51866E-02 4.51866E-02 4.51866E-02 8.07383E-02 8.07383E-02 8.07383E-02 8.07383E-02 8.07383E-02 8.07383E-02 8.07383E-02 1.44261E-01 1.44261E-01 1.44261E-01 1.44261E-01 1.44261E-01 1.44261E-01 2.57762E-01 2.57762E-01 2.57762E-01 2.57762E-01 2.57762E-01 2.57762E-01 4.60562E-01 4.60562E-01 4.60562E-01 4.60562E-01 4.60562E-01 4.60562E-01 
1.58489E+00 1.58489E+00 2.51189E+00 1.58489E+00 2.51189E+00 1.58489E+00 2.51189E+00 3.98107E+00 1.58489E+00 2.51189E+00 3.98107E+00 6.30957E+00 1.58489E+00 2.51189E+00 3.98107E+00 6.30957E+00 1.58489E+00 2.51189E+00 3.98107E+00 6.30957E+00 9.99999E+00 1.58489E+00 2.51189E+00 3.98107E+00 6.30957E+00 9.99999E+00 1.58489E+00 2.51189E+00 3.98107E+00 6.30957E+00 9.99999E+00 1.58489E+01 1.58489E+00 2.51189E+00 3.98107E+00 6.30957E+00 9.99999E+00 1.58489E+01 2.51189E+01 2.51189E+00 3.98107E+00 6.30957E+00 9.99999E+00 1.58489E+01 2.51189E+01 3.98107E+00 6.30957E+00 9.99999E+00 1.58489E+01 2.51189E+01 3.98107E+01 6.30957E+00 9.99999E+00 1.58489E+01 2.51189E+01 3.98107E+01 6.30957E+01 
90000 
2.14549E-04 
2.12388E-04 
5.12820E-04 
2.10147E-04 
5.09489E-04 
2.07766E-04 
5.06328E-04 
1.25196E-03 
2.05221E-04 
5.02753E-04 
1.24547E-03 
3.15685E-03 
2.02434E-04 
4.98358E-04 
1.23735E-03 
3.13171E-03 
1.99188E-04 
4.92547E-04 
1.22570E-03 
3.09317E-03 
7.85633E-03 
1.95086E-04 
4.84364E-04 
1.20794E-03 
3.03819E-03 
7.70620E-03 
1.89723E-04 
4.72658E-04 
1.18075E-03 
2.96102E-03 
7.49271E-03 
1.90367E-02 
1.83030E-04 
4.56665E-04 
1.14143E-03 
2.85622E-03 
7.20400E-03 
1.82355E-02 
4.67619E-02 
4.35727E-04 
1.08857E-03 
2.71967E-03 
6.83796E-03 
1.72458E-02 
4.39213E-02 
1.02073E-03 
2.54923E-03 
6.39584E-03 
1.60859E-02 
4.07353E-02 
1.05208E-01 
2.34598E-03 
5.87912E-03 
1.47619E-02 
3.72380E-02 
9.51001E-02 
2.51330E-01 
---
