PdfType: replica
Format: lhagrid1
---
4.34963E-04 7.77181E-04 7.77181E-04 1.38865E-03 1.38865E-03 2.48120E-03 2.48120E-03 2.48120E-03 4.43334E-03 4.43334E-03 4.43334E-03 4.43334E-03 7.92137E-03 7.92137E-03 7.92137E-03 7.92137E-03 1.41537E-02 1.41537E-02 1.41537E-02 1.41537E-02 1.41537E-02 2.52895E-02 2.52895E-02 2.52895E-02 2.52895E-02 2.52895E-02 4.51866E-02 4.51866E-02 4.51866E-02 4.51866E-02 4.51866E-02 4.51866E-02 8.07383E-02 8.07383E-02 8.07383E-02 8.07383E-02 8.07383E-02 8.07383E-02 8.07383E-02 1.44261E-01 1.44261E-01 1.44261E-01 1.44261E-01 1.44261E-01 1.44261E-01 2.57762E-01 2.57762E-01 2.57762E-01 2.57762E-01 2.57762E-01 2.57762E-01 4.60562E-01 4.60562E-01 4.60562E-01 4.60562E-01 4.60562E-01 4.60562E-01 
1.58489E+00 1.58489E+00 2.51189E+00 1.58489E+00 2.51189E+00 1.58489E+00 2.51189E+00 3.98107E+00 1.58489E+00 2.51189E+00 3.98107E+00 6.30957E+00 1.58489E+00 2.51189E+00 3.98107E+00 6.30957E+00 1.58489E+00 2.51189E+00 3.98107E+00 6.30957E+00 9.99999E+00 1.58489E+00 2.51189E+00 3.98107E+00 6.30957E+00 9.99999E+00 1.58489E+00 2.51189E+00 3.98107E+00 6.30957E+00 9.99999E+00 1.58489E+01 1.58489E+00 2.51189E+00 3.98107E+00 6.30957E+00 9.99999E+00 1.58489E+01 2.51189E+01 2.51189E+00 3.98107E+00 6.30957E+00 9.99999E+00 1.58489E+01 2.51189E+01 3.98107E+00 6.30957E+00 9.99999E+00 1.58489E+01 2.51189E+01 3.98107E+01 6.30957E+00 9.99999E+00 1.58489E+01 2.51189E+01 3.98107E+01 6.30957E+01 
90000 
2.15588E-04 
2.13348E-04 
5.14153E-04 
2.10943E-04 
5.10568E-04 
2.08309E-04 
5.07025E-04 
1.25311E-03 
2.05445E-04 
5.02960E-04 
1.24571E-03 
3.15725E-03 
2.02348E-04 
4.98101E-04 
1.23677E-03 
3.13056E-03 
1.98941E-04 
4.92117E-04 
1.22492E-03 
3.09195E-03 
7.85412E-03 
1.95000E-04 
4.84349E-04 
1.20812E-03 
3.03936E-03 
7.70927E-03 
1.90095E-04 
4.73500E-04 
1.18263E-03 
2.96556E-03 
7.50306E-03 
1.90584E-02 
1.83529E-04 
4.57493E-04 
1.14281E-03 
2.85832E-03 
7.20743E-03 
1.82387E-02 
4.67475E-02 
4.34203E-04 
1.08433E-03 
2.70821E-03 
6.80862E-03 
1.71704E-02 
4.37242E-02 
1.01271E-03 
2.53047E-03 
6.35169E-03 
1.59812E-02 
4.04848E-02 
1.04600E-01 
2.34945E-03 
5.88936E-03 
1.47904E-02 
3.73150E-02 
9.53076E-02 
2.51915E-01 
---
