PdfType: replica
Format: lhagrid1
---
4.34963E-04 7.77181E-04 7.77181E-04 1.38865E-03 1.38865E-03 2.48120E-03 2.48120E-03 2.48120E-03 4.43334E-03 4.43334E-03 4.43334E-03 4.43334E-03 7.92137E-03 7.92137E-03 7.92137E-03 7.92137E-03 1.41537E-02 1.41537E-02 1.41537E-02 1.41537E-02 1.41537E-02 2.52895E-02 2.52895E-02 2.52895E-02 2.52895E-02 2.52895E-02 4.51866E-02 4.51866E-02 4.51866E-02 4.51866E-02 4.51866E-02 4.51866E-02 8.07383E-02 8.07383E-02 8.07383E-02 8.07383E-02 8.07383E-02 8.07383E-02 8.07383E-02 1.44261E-01 1.44261E-01 1.44261E-01 1.44261E-01 1.44261E-01 1.44261E-01 2.57762E-01 2.57762E-01 2.57762E-01 2.57762E-01 2.57762E-01 2.57762E-01 4.60562E-01 4.60562E-01 4.60562E-01 4.60562E-01 4.60562E-01 4.60562E-01 
1.58489E+00 1.58489E+00 2.51189E+00 1.58489E+00 2.51189E+00 1.58489E+00 2.51189E+00 3.98107E+00 1.58489E+00 2.51189E+00 3.98107E+00 6.30957E+00 1.58489E+00 2.51189E+00 3.98107E+00 6.30957E+00 1.58489E+00 2.51189E+00 3.98107E+00 6.30957E+00 9.99999E+00 1.58489E+00 2.51189E+00 3.98107E+00 6.30957E+00 9.99999E+00 1.58489E+00 2.51189E+00 3.98107E+00 6.30957E+00 9.99999E+00 1.58489E+01 1.58489E+00 2.51189E+00 3.98107E+00 6.30957E+00 9.99999E+00 1.58489E+01 2.51189E+01 2.51189E+00 3.98107E+00 6.30957E+00 9.99999E+00 1.58489E+01 2.51189E+01 3.98107E+00 6.30957E+00 9.99999E+00 1.58489E+01 2.51189E+01 3.98107E+01 6.30957E+00 9.99999E+00 1.58489E+01 2.51189E+01 3.98107E+01 6.30957E+01 
90000 
2.18513E-04 
2.16939E-04 
5.20738E-04 
2.15217E-04 
5.18355E-04 
2.13231E-04 
5.16041E-04 
1.27074E-03 
2.10882E-04 
5.12996E-04 
1.26545E-03 
3.19920E-03 
2.07982E-04 
5.08541E-04 
1.25746E-03 
3.17435E-03 
2.04157E-04 
5.01748E-04 
1.24411E-03 
3.13237E-03 
7.94318E-03 
1.98902E-04 
4.91552E-04 
1.22266E-03 
3.06966E-03 
7.77730E-03 
1.92169E-04 
4.77580E-04 
1.19137E-03 
2.98423E-03 
7.54672E-03 
1.91679E-02 
1.84768E-04 
4.60416E-04 
1.14977E-03 
2.87480E-03 
7.24688E-03 
1.83381E-02 
4.70301E-02 
4.37781E-04 
1.09230E-03 
2.72644E-03 
6.85012E-03 
1.72679E-02 
4.39672E-02 
1.01431E-03 
2.53315E-03 
6.35540E-03 
1.59844E-02 
4.04791E-02 
1.04544E-01 
2.34644E-03 
5.88209E-03 
1.47732E-02 
3.72740E-02 
9.52045E-02 
2.51607E-01 
---
