PdfType: replica
Format: lhagrid1
---
4.34963E-04 7.77181E-04 7.77181E-04 1.38865E-03 1.38865E-03 2.48120E-03 2.48120E-03 2.48120E-03 4.43334E-03 4.43334E-03 4.43334E-03 4.43334E-03 7.92137E-03 7.92137E-03 7.92137E-03 7.92137E-03 1.41537E-02 1.41537E-02 1.41537E-02 1.41537E-02 1.41537E-02 2.52895E-02 2.52895E-02 2.52895E-02 2.52895E-02 2.52895E-02 4.51866E-02 4.51866E-02 4.51866E-02 4.51866E-02 4.51866E-02 4.51866E-02 8.07383E-02 8.07383E-02 8.07383E-02 8.07383E-02 8.07383E-02 8.07383E-02 8.07383E-02 1.44261E-01 1.44261E-01 1.44261E-01 1.44261E-01 1.44261E-01 1.44261E-01 2.57762E-01 2.57762E-01 2.57762E-01 2.57762E-01 2.57762E-01 2.57762E-01 4.60562E-01 4.60562E-01 4.60562E-01 4.60562E-01 4.60562E-01 4.60562E-01 
1.58489E+00 1.58489E+00 2.51189E+00 1.58489E+00 2.51189E+00 1.58489E+00 2.51189E+00 3.98107E+00 1.58489E+00 2.51189E+00 3.98107E+00 6.30957E+00 1.58489E+00 2.51189E+00 3.98107E+00 6.30957E+00 1.58489E+00 2.51189E+00 3.98107E+00 6.30957E+00 9.99999E+00 1.58489E+00 2.51189E+00 3.98107E+00 6.30957E+00 9.99999E+00 1.58489E+00 2.51189E+00 3.98107E+00 6.30957E+00 9.99999E+00 1.58489E+01 1.58489E+00 2.51189E+00 3.98107E+00 6.30957E+00 9.99999E+00 1.58489E+01 2.51189E+01 2.51189E+00 3.98107E+00 6.30957E+00 9.99999E+00 1.58489E+01 2.51189E+01 3.98107E+00 6.30957E+00 9.99999E+00 1.58489E+01 2.51189E+01 3.98107E+01 6.30957E+00 9.99999E+00 1.58489E+01 2.51189E+01 3.98107E+01 6.30957E+01 
90000 
2.16694E-04 
2.14578E-04 
5.16553E-04 
2.12262E-04 
5.13106E-04 
2.09692E-04 
5.09693E-04 
1.25843E-03 
2.06908E-04 
5.05809E-04 
1.25147E-03 
3.16985E-03 
2.03963E-04 
5.01297E-04 
1.24340E-03 
3.14518E-03 
2.00837E-04 
4.95924E-04 
1.23299E-03 
3.10981E-03 
7.89479E-03 
1.97231E-04 
4.88865E-04 
1.21782E-03 
3.06070E-03 
7.75844E-03 
1.92334E-04 
4.78033E-04 
1.19238E-03 
2.98692E-03 
7.55214E-03 
1.91754E-02 
1.84973E-04 
4.60399E-04 
1.14905E-03 
2.87222E-03 
7.23920E-03 
1.83147E-02 
4.69464E-02 
4.35293E-04 
1.08720E-03 
2.71581E-03 
6.82820E-03 
1.72217E-02 
4.38629E-02 
1.02027E-03 
2.54939E-03 
6.39855E-03 
1.60968E-02 
4.07685E-02 
1.05287E-01 
2.35543E-03 
5.89963E-03 
1.48061E-02 
3.73313E-02 
9.52849E-02 
2.51615E-01 
---
