PdfType: replica
Format: lhagrid1
---
4.34963E-04 7.77181E-04 7.77181E-04 1.38865E-03 1.38865E-03 2.48120E-03 2.48120E-03 2.48120E-03 4.43334E-03 4.43334E-03 4.43334E-03 4.43334E-03 7.92137E-03 7.92137E-03 7.92137E-03 7.92137E-03 1.41537E-02 1.41537E-02 1.41537E-02 1.41537E-02 1.41537E-02 2.52895E-02 2.52895E-02 2.52895E-02 2.52895E-02 2.52895E-02 4.51866E-02 4.51866E-02 4.51866E-02 4.51866E-02 4.51866E-02 4.51866E-02 8.07383E-02 8.07383E-02 8.07383E-02 8.07383E-02 8.07383E-02 8.07383E-02 8.07383E-02 1.44261E-01 1.44261E-01 1.44261E-01 1.44261E-01 1.44261E-01 1.44261E-01 2.57762E-01 2.57762E-01 2.57762E-01 2.57762E-01 2.57762E-01 2.57762E-01 4.60562E-01 4.60562E-01 4.60562E-01 4.60562E-01 4.60562E-01 4.60562E-01 
1.58489E+00 1.58489E+00 2.51189E+00 1.58489E+00 2.51189E+00 1.58489E+00 2.51189E+00 3.98107E+00 1.58489E+00 2.51189E+00 3.98107E+00 6.30957E+00 1.58489E+00 2.51189E+00 3.98107E+00 6.30957E+00 1.58489E+00 2.51189E+00 3.98107E+00 6.30957E+00 9.99999E+00 1.58489E+00 2.51189E+00 3.98107E+00 6.30957E+00 9.99999E+00 1.58489E+00 2.51189E+00 3.98107E+00 6.30957E+00 9.99999E+00 1.58489E+01 1.58489E+00 2.51189E+00 3.98107E+00 6.30957E+00 9.99999E+00 1.58489E+01 2.51189E+01 2.51189E+00 3.98107E+00 6.30957E+00 9.99999E+00 1.58489E+01 2.51189E+01 3.98107E+00 6.30957E+00 9.99999E+00 1.58489E+01 2.51189E+01 3.98107E+01 6.30957E+00 9.99999E+00 1.58489E+01 2.51189E+01 3.98107E+01 6.30957E+01 
90000 
2.10864E-04 
2.08755E-04 
5.06611E-04 
2.06635E-04 
5.03440E-04 
2.04460E-04 
5.00508E-04 
1.24075E-03 
2.02217E-04 
4.97340E-04 
1.23494E-03 
3.13569E-03 
1.99849E-04 
4.93618E-04 
1.22802E-03 
3.11315E-03 
1.97176E-04 
4.88833E-04 
1.21835E-03 
3.07858E-03 
7.82655E-03 
1.93815E-04 
4.82039E-04 
1.20336E-03 
3.02922E-03 
7.68850E-03 
1.89234E-04 
4.71800E-04 
1.17913E-03 
2.95797E-03 
7.48766E-03 
1.90298E-02 
1.83010E-04 
4.56654E-04 
1.14145E-03 
2.85615E-03 
7.20474E-03 
1.82392E-02 
4.67773E-02 
4.35486E-04 
1.08788E-03 
2.71778E-03 
6.83331E-03 
1.72344E-02 
4.38934E-02 
1.01899E-03 
2.54535E-03 
6.38723E-03 
1.60669E-02 
4.06930E-02 
1.05109E-01 
2.35186E-03 
5.89738E-03 
1.48152E-02 
3.73867E-02 
9.54978E-02 
2.52315E-01 
---
