PdfType: replica
Format: lhagrid1
---
4.34963E-04 7.77181E-04 7.77181E-04 1.38865E-03 1.38865E-03 2.48120E-03 2.48120E-03 2.48120E-03 4.43334E-03 4.43334E-03 4.43334E-03 4.43334E-03 7.92137E-03 7.92137E-03 7.92137E-03 7.92137E-03 1.41537E-02 1.41537E-02 1.41537E-02 1.41537E-02 1.41537E-02 2.52895E-02 2.52895E-02 2.52895E-02 2.52895E-02 2.52895E-02 4.51866E-02 4.51866E-02 4.51866E-02 4.51866E-02 4.51866E-02 4.51866E-02 8.07383E-02 8.07383E-02 8.07383E-02 8.07383E-02 8.07383E-02 8.07383E-02 8.07383E-02 1.44261E-01 1.44261E-01 1.44261E-01 1.44261E-01 1.44261E-01 1.44261E-01 2.57762E-01 2.57762E-01 2.57762E-01 2.57762E-01 2.57762E-01 2.57762E-01 4.60562E-01 4.60562E-01 4.60562E-01 4.60562E-01 4.60562E-01 4.60562E-01 
1.58489E+00 1.58489E+00 2.51189E+00 1.58489E+00 2.51189E+00 1.58489E+00 2.51189E+00 3.98107E+00 1.58489E+00 2.51189E+00 3.98107E+00 6.30957E+00 1.58489E+00 2.51189E+00 3.98107E+00 6.30957E+00 1.58489E+00 2.51189E+00 3.98107E+00 6.30957E+00 9.99999E+00 1.58489E+00 2.51189E+00 3.98107E+00 6.30957E+00 9.99999E+00 1.58489E+00 2.51189E+00 3.98107E+00 6.30957E+00 9.99999E+00 1.58489E+01 1.58489E+00 2.51189E+00 3.98107E+00 6.30957E+00 9.99999E+00 1.58489E+01 2.51189E+01 2.51189E+00 3.98107E+00 6.30957E+00 9.99999E+00 1.58489E+01 2.51189E+01 3.98107E+00 6.30957E+00 9.99999E+00 1.58489E+01 2.51189E+01 3.98107E+01 6.30957E+00 9.99999E+00 1.58489E+01 2.51189E+01 3.98107E+01 6.30957E+01 
90000 
2.16743E-04 
2.14727E-04 
5.16593E-04 
2.12524E-04 
5.13377E-04 
2.10048E-04 
5.10157E-04 
1.25920E-03 
2.07275E-04 
5.06316E-04 
1.25232E-03 
3.17095E-03 
2.04180E-04 
5.01529E-04 
1.24364E-03 
3.14514E-03 
2.00661E-04 
4.95396E-04 
1.23160E-03 
3.10661E-03 
7.88723E-03 
1.96456E-04 
4.87157E-04 
1.21392E-03 
3.05243E-03 
7.73944E-03 
1.91088E-04 
4.75418E-04 
1.18663E-03 
2.97474E-03 
7.52498E-03 
1.91153E-02 
1.83920E-04 
4.58275E-04 
1.14454E-03 
2.86248E-03 
7.21855E-03 
1.82704E-02 
4.68520E-02 
4.34531E-04 
1.08544E-03 
2.71141E-03 
6.81825E-03 
1.71985E-02 
4.38091E-02 
1.01625E-03 
2.53911E-03 
6.37298E-03 
1.60334E-02 
4.06130E-02 
1.04917E-01 
2.34500E-03 
5.87456E-03 
1.47453E-02 
3.71825E-02 
9.49205E-02 
2.50728E-01 
---
