PdfType: replica
Format: lhagrid1
---
4.34963E-04 7.77181E-04 7.77181E-04 1.38865E-03 1.38865E-03 2.48120E-03 2.48120E-03 2.48120E-03 4.43334E-03 4.43334E-03 4.43334E-03 4.43334E-03 7.92137E-03 7.92137E-03 7.92137E-03 7.92137E-03 1.41537E-02 1.41537E-02 1.41537E-02 1.41537E-02 1.41537E-02 2.52895E-02 2.52895E-02 2.52895E-02 2.52895E-02 2.52895E-02 4.51866E-02 4.51866E-02 4.51866E-02 4.51866E-02 4.51866E-02 4.51866E-02 8.07383E-02 8.07383E-02 8.07383E-02 8.07383E-02 8.07383E-02 8.07383E-02 8.07383E-02 1.44261E-01 1.44261E-01 1.44261E-01 1.44261E-01 1.44261E-01 1.44261E-01 2.57762E-01 2.57762E-01 2.57762E-01 2.57762E-01 2.57762E-01 2.57762E-01 4.60562E-01 4.60562E-01 4.60562E-01 4.60562E-01 4.60562E-01 4.60562E-01 
1.58489E+00 1.58489E+00 2.51189E+00 1.58489E+00 2.51189E+00 1.58489E+00 2.51189E+00 3.98107E+00 1.58489E+00 2.51189E+00 3.98107E+00 6.30957E+00 1.58489E+00 2.51189E+00 3.98107E+00 6.30957E+00 1.58489E+00 2.51189E+00 3.98107E+00 6.30957E+00 9.99999E+00 1.58489E+00 2.51189E+00 3.98107E+00 6.30957E+00 9.99999E+00 1.58489E+00 2.51189E+00 3.98107E+00 6.30957E+00 9.99999E+00 1.58489E+01 1.58489E+00 2.51189E+00 3.98107E+00 6.30957E+00 9.99999E+00 1.58489E+01 2.51189E+01 2.51189E+00 3.98107E+00 6.30957E+00 9.99999E+00 1.58489E+01 2.51189E+01 3.98107E+00 6.30957E+00 9.99999E+00 1.58489E+01 2.51189E+01 3.98107E+01 6.30957E+00 9.99999E+00 1.58489E+01 2.51189E+01 3.98107E+01 6.30957E+01 
90000 
1.12709E-05 
1.25282E-05 
2.52565E-05 
1.36418E-05 
2.91137E-05 
1.47926E-05 
3.25438E-05 
6.46677E-05 
1.62040E-05 
3.62923E-05 
7.68961E-05 
1.66074E-04 
1.81914E-05 
4.11948E-05 
9.02760E-05 
2.06981E-04 
2.12276E-05 
4.81008E-05 
1.07312E-04 
2.42126E-04 
3.36028E-04 
2.52231E-05 
5.65796E-05 
1.27403E-04 
2.78943E-04 
4.67535E-04 
2.75561E-05 
6.15026E-05 
1.39417E-04 
3.01431E-04 
5.48916E-04 
-2.68190E-04 
2.39547E-05 
5.46888E-05 
1.26099E-04 
2.75528E-04 
5.17644E-04 
8.84988E-06 
-9.43328E-03 
4.15152E-05 
9.98582E-05 
2.24695E-04 
4.37081E-04 
1.46803E-04 
-6.42773E-03 
9.25996E-05 
2.18433E-04 
4.64224E-04 
5.18825E-04 
-3.23428E-03 
-4.03913E-02 
2.45555E-04 
5.69278E-04 
1.04355E-03 
-9.54625E-05 
-1.90373E-02 
-1.81803E-01 
---
