PdfType: replica
Format: lhagrid1
---
4.34963E-04 7.77181E-04 7.77181E-04 1.38865E-03 1.38865E-03 2.48120E-03 2.48120E-03 2.48120E-03 4.43334E-03 4.43334E-03 4.43334E-03 4.43334E-03 7.92137E-03 7.92137E-03 7.92137E-03 7.92137E-03 1.41537E-02 1.41537E-02 1.41537E-02 1.41537E-02 1.41537E-02 2.52895E-02 2.52895E-02 2.52895E-02 2.52895E-02 2.52895E-02 4.51866E-02 4.51866E-02 4.51866E-02 4.51866E-02 4.51866E-02 4.51866E-02 8.07383E-02 8.07383E-02 8.07383E-02 8.07383E-02 8.07383E-02 8.07383E-02 8.07383E-02 1.44261E-01 1.44261E-01 1.44261E-01 1.44261E-01 1.44261E-01 1.44261E-01 2.57762E-01 2.57762E-01 2.57762E-01 2.57762E-01 2.57762E-01 2.57762E-01 4.60562E-01 4.60562E-01 4.60562E-01 4.60562E-01 4.60562E-01 4.60562E-01 
1.58489E+00 1.58489E+00 2.51189E+00 1.58489E+00 2.51189E+00 1.58489E+00 2.51189E+00 3.98107E+00 1.58489E+00 2.51189E+00 3.98107E+00 6.30957E+00 1.58489E+00 2.51189E+00 3.98107E+00 6.30957E+00 1.58489E+00 2.51189E+00 3.98107E+00 6.30957E+00 9.99999E+00 1.58489E+00 2.51189E+00 3.98107E+00 6.30957E+00 9.99999E+00 1.58489E+00 2.51189E+00 3.98107E+00 6.30957E+00 9.99999E+00 1.58489E+01 1.58489E+00 2.51189E+00 3.98107E+00 6.30957E+00 9.99999E+00 1.58489E+01 2.51189E+01 2.51189E+00 3.98107E+00 6.30957E+00 9.99999E+00 1.58489E+01 2.51189E+01 3.98107E+00 6.30957E+00 9.99999E+00 1.58489E+01 2.51189E+01 3.98107E+01 6.30957E+00 9.99999E+00 1.58489E+01 2.51189E+01 3.98107E+01 6.30957E+01 
90000 
1.46938E-05 
1.59560E-05 
3.31698E-05 
1.70866E-05 
3.70808E-05 
1.82447E-05 
4.05833E-05 
8.33801E-05 
1.96366E-05 
4.43656E-05 
9.59465E-05 
2.09354E-04 
2.15681E-05 
4.92401E-05 
1.09542E-04 
2.52327E-04 
2.45315E-05 
5.61039E-05 
1.26768E-04 
2.89338E-04 
4.46679E-04 
2.85173E-05 
6.46670E-05 
1.47294E-04 
3.28235E-04 
5.88847E-04 
3.09646E-05 
6.98414E-05 
1.59987E-04 
3.52735E-04 
6.79324E-04 
7.99751E-05 
2.74124E-05 
6.31024E-05 
1.46898E-04 
3.27358E-04 
6.51453E-04 
3.74487E-04 
-8.28964E-03 
4.98453E-05 
1.20616E-04 
2.76701E-04 
5.70552E-04 
5.05026E-04 
-5.36000E-03 
1.13215E-04 
2.70314E-04 
5.95572E-04 
8.62300E-04 
-2.26726E-03 
-3.72049E-02 
2.92133E-04 
6.86185E-04 
1.34006E-03 
6.80616E-04 
-1.68434E-02 
-1.74490E-01 
---
