PdfType: replica
Format: lhagrid1
---
4.34963E-04 7.77181E-04 7.77181E-04 1.38865E-03 1.38865E-03 2.48120E-03 2.48120E-03 2.48120E-03 4.43334E-03 4.43334E-03 4.43334E-03 4.43334E-03 7.92137E-03 7.92137E-03 7.92137E-03 7.92137E-03 1.41537E-02 1.41537E-02 1.41537E-02 1.41537E-02 1.41537E-02 2.52895E-02 2.52895E-02 2.52895E-02 2.52895E-02 2.52895E-02 4.51866E-02 4.51866E-02 4.51866E-02 4.51866E-02 4.51866E-02 4.51866E-02 8.07383E-02 8.07383E-02 8.07383E-02 8.07383E-02 8.07383E-02 8.07383E-02 8.07383E-02 1.44261E-01 1.44261E-01 1.44261E-01 1.44261E-01 1.44261E-01 1.44261E-01 2.57762E-01 2.57762E-01 2.57762E-01 2.57762E-01 2.57762E-01 2.57762E-01 4.60562E-01 4.60562E-01 4.60562E-01 4.60562E-01 4.60562E-01 4.60562E-01 
1.58489E+00 1.58489E+00 2.51189E+00 1.58489E+00 2.51189E+00 1.58489E+00 2.51189E+00 3.98107E+00 1.58489E+00 2.51189E+00 3.98107E+00 6.30957E+00 1.58489E+00 2.51189E+00 3.98107E+00 6.30957E+00 1.58489E+00 2.51189E+00 3.98107E+00 6.30957E+00 9.99999E+00 1.58489E+00 2.51189E+00 3.98107E+00 6.30957E+00 9.99999E+00 1.58489E+00 2.51189E+00 3.98107E+00 6.30957E+00 9.99999E+00 1.58489E+01 1.58489E+00 2.51189E+00 3.98107E+00 6.30957E+00 9.99999E+00 1.58489E+01 2.51189E+01 2.51189E+00 3.98107E+00 6.30957E+00 9.99999E+00 1.58489E+01 2.51189E+01 3.98107E+00 6.30957E+00 9.99999E+00 1.58489E+01 2.51189E+01 3.98107E+01 6.30957E+00 9.99999E+00 1.58489E+01 2.51189E+01 3.98107E+01 6.30957E+01 
90000 
2.18183E-04 
2.19142E-04 
5.30684E-04 
2.20086E-04 
5.32745E-04 
2.20942E-04 
5.35469E-04 
1.31874E-03 
2.21729E-04 
5.38433E-04 
1.32569E-03 
3.34431E-03 
2.22482E-04 
5.41513E-04 
1.33394E-03 
3.35442E-03 
2.23264E-04 
5.44602E-04 
1.34284E-03 
3.36321E-03 
8.49498E-03 
2.23769E-04 
5.47088E-04 
1.35106E-03 
3.37031E-03 
8.49588E-03 
2.22759E-04 
5.46686E-04 
1.35312E-03 
3.36705E-03 
8.46961E-03 
2.14297E-02 
2.18360E-04 
5.39014E-04 
1.33810E-03 
3.33029E-03 
8.36059E-03 
2.10915E-02 
5.39853E-02 
5.22571E-04 
1.30249E-03 
3.24890E-03 
8.14908E-03 
2.05179E-02 
5.22163E-02 
1.27076E-03 
3.17874E-03 
7.97150E-03 
2.00435E-02 
5.07620E-02 
1.31237E-01 
3.14818E-03 
7.88955E-03 
1.98059E-02 
4.99425E-02 
1.27498E-01 
3.36849E-01 
---
