PdfType: replica
Format: lhagrid1
---
4.34963E-04 7.77181E-04 7.77181E-04 1.38865E-03 1.38865E-03 2.48120E-03 2.48120E-03 2.48120E-03 4.43334E-03 4.43334E-03 4.43334E-03 4.43334E-03 7.92137E-03 7.92137E-03 7.92137E-03 7.92137E-03 1.41537E-02 1.41537E-02 1.41537E-02 1.41537E-02 1.41537E-02 2.52895E-02 2.52895E-02 2.52895E-02 2.52895E-02 2.52895E-02 4.51866E-02 4.51866E-02 4.51866E-02 4.51866E-02 4.51866E-02 4.51866E-02 8.07383E-02 8.07383E-02 8.07383E-02 8.07383E-02 8.07383E-02 8.07383E-02 8.07383E-02 1.44261E-01 1.44261E-01 1.44261E-01 1.44261E-01 1.44261E-01 1.44261E-01 2.57762E-01 2.57762E-01 2.57762E-01 2.57762E-01 2.57762E-01 2.57762E-01 4.60562E-01 4.60562E-01 4.60562E-01 4.60562E-01 4.60562E-01 4.60562E-01 
1.58489E+00 1.58489E+00 2.51189E+00 1.58489E+00 2.51189E+00 1.58489E+00 2.51189E+00 3.98107E+00 1.58489E+00 2.51189E+00 3.98107E+00 6.30957E+00 1.58489E+00 2.51189E+00 3.98107E+00 6.30957E+00 1.58489E+00 2.51189E+00 3.98107E+00 6.30957E+00 9.99999E+00 1.58489E+00 2.51189E+00 3.98107E+00 6.30957E+00 9.99999E+00 1.58489E+00 2.51189E+00 3.98107E+00 6.30957E+00 9.99999E+00 1.58489E+01 1.58489E+00 2.51189E+00 3.98107E+00 6.30957E+00 9.99999E+00 1.58489E+01 2.51189E+01 2.51189E+00 3.98107E+00 6.30957E+00 9.99999E+00 1.58489E+01 2.51189E+01 3.98107E+00 6.30957E+00 9.99999E+00 1.58489E+01 2.51189E+01 3.98107E+01 6.30957E+00 9.99999E+00 1.58489E+01 2.51189E+01 3.98107E+01 6.30957E+01 
90000 
2.43234E-05 
2.61173E-05 
5.31844E-05 
2.76730E-05 
5.80139E-05 
2.90975E-05 
6.22990E-05 
1.31823E-04 
3.05145E-05 
6.64570E-05 
1.45059E-04 
3.30162E-04 
3.21135E-05 
7.10038E-05 
1.58107E-04 
3.69201E-04 
3.43042E-05 
7.66568E-05 
1.73054E-04 
3.99976E-04 
7.39870E-04 
3.72279E-05 
8.34381E-05 
1.90160E-04 
4.30527E-04 
8.49084E-04 
3.86796E-05 
8.67858E-05 
1.99073E-04 
4.45588E-04 
9.08302E-04 
6.84295E-04 
3.35274E-05 
7.67981E-05 
1.78888E-04 
4.03793E-04 
8.38237E-04 
8.49426E-04 
-6.97095E-03 
5.91843E-05 
1.43365E-04 
3.33184E-04 
7.11206E-04 
8.67446E-04 
-4.35446E-03 
1.32834E-04 
3.18849E-04 
7.16710E-04 
1.17048E-03 
-1.44966E-03 
-3.48033E-02 
3.33114E-04 
7.87119E-04 
1.59432E-03 
1.34753E-03 
-1.49279E-02 
-1.67867E-01 
---
