PdfType: replica
Format: lhagrid1
---
4.34963E-04 7.77181E-04 7.77181E-04 1.38865E-03 1.38865E-03 2.48120E-03 2.48120E-03 2.48120E-03 4.43334E-03 4.43334E-03 4.43334E-03 4.43334E-03 7.92137E-03 7.92137E-03 7.92137E-03 7.92137E-03 1.41537E-02 1.41537E-02 1.41537E-02 1.41537E-02 1.41537E-02 2.52895E-02 2.52895E-02 2.52895E-02 2.52895E-02 2.52895E-02 4.51866E-02 4.51866E-02 4.51866E-02 4.51866E-02 4.51866E-02 4.51866E-02 8.07383E-02 8.07383E-02 8.07383E-02 8.07383E-02 8.07383E-02 8.07383E-02 8.07383E-02 1.44261E-01 1.44261E-01 1.44261E-01 1.44261E-01 1.44261E-01 1.44261E-01 2.57762E-01 2.57762E-01 2.57762E-01 2.57762E-01 2.57762E-01 2.57762E-01 4.60562E-01 4.60562E-01 4.60562E-01 4.60562E-01 4.60562E-01 4.60562E-01 
1.58489E+00 1.58489E+00 2.51189E+00 1.58489E+00 2.51189E+00 1.58489E+00 2.51189E+00 3.98107E+00 1.58489E+00 2.51189E+00 3.98107E+00 6.30957E+00 1.58489E+00 2.51189E+00 3.98107E+00 6.30957E+00 1.58489E+00 2.51189E+00 3.98107E+00 6.30957E+00 9.99999E+00 1.58489E+00 2.51189E+00 3.98107E+00 6.30957E+00 9.99999E+00 1.58489E+00 2.51189E+00 3.98107E+00 6.30957E+00 9.99999E+00 1.58489E+01 1.58489E+00 2.51189E+00 3.98107E+00 6.30957E+00 9.99999E+00 1.58489E+01 2.51189E+01 2.51189E+00 3.98107E+00 6.30957E+00 9.99999E+00 1.58489E+01 2.51189E+01 3.98107E+00 6.30957E+00 9.99999E+00 1.58489E+01 2.51189E+01 3.98107E+01 6.30957E+00 9.99999E+00 1.58489E+01 2.51189E+01 3.98107E+01 6.30957E+01 
90000 
2.05067E-04 
2.06000E-04 
5.07015E-04 
2.06974E-04 
5.08838E-04 
2.07934E-04 
5.11143E-04 
1.26861E-03 
2.08890E-04 
5.13728E-04 
1.27424E-03 
3.23091E-03 
2.09924E-04 
5.16703E-04 
1.28148E-03 
3.23900E-03 
2.11346E-04 
5.20538E-04 
1.29110E-03 
3.24801E-03 
8.22771E-03 
2.13352E-04 
5.25417E-04 
1.30322E-03 
3.26118E-03 
8.23985E-03 
2.14205E-04 
5.27577E-04 
1.30857E-03 
3.26162E-03 
8.21430E-03 
2.07934E-02 
2.09260E-04 
5.17644E-04 
1.28680E-03 
3.20699E-03 
8.05885E-03 
2.03393E-02 
5.20268E-02 
5.00358E-04 
1.25035E-03 
3.12471E-03 
7.85081E-03 
1.97887E-02 
5.03672E-02 
1.23808E-03 
3.09880E-03 
7.77815E-03 
1.95673E-02 
4.95494E-02 
1.27903E-01 
3.09915E-03 
7.76929E-03 
1.95067E-02 
4.91773E-02 
1.25397E-01 
3.30104E-01 
---
