PdfType: replica
Format: lhagrid1
---
4.34963E-04 7.77181E-04 7.77181E-04 1.38865E-03 1.38865E-03 2.48120E-03 2.48120E-03 2.48120E-03 4.43334E-03 4.43334E-03 4.43334E-03 4.43334E-03 7.92137E-03 7.92137E-03 7.92137E-03 7.92137E-03 1.41537E-02 1.41537E-02 1.41537E-02 1.41537E-02 1.41537E-02 2.52895E-02 2.52895E-02 2.52895E-02 2.52895E-02 2.52895E-02 4.51866E-02 4.51866E-02 4.51866E-02 4.51866E-02 4.51866E-02 4.51866E-02 8.07383E-02 8.07383E-02 8.07383E-02 8.07383E-02 8.07383E-02 8.07383E-02 8.07383E-02 1.44261E-01 1.44261E-01 1.44261E-01 1.44261E-01 1.44261E-01 1.44261E-01 2.57762E-01 2.57762E-01 2.57762E-01 2.57762E-01 2.57762E-01 2.57762E-01 4.60562E-01 4.60562E-01 4.60562E-01 4.60562E-01 4.60562E-01 4.60562E-01 
1.58489E+00 1.58489E+00 2.51189E+00 1.58489E+00 2.51189E+00 1.58489E+00 2.51189E+00 3.98107E+00 1.58489E+00 2.51189E+00 3.98107E+00 6.30957E+00 1.58489E+00 2.51189E+00 3.98107E+00 6.30957E+00 1.58489E+00 2.51189E+00 3.98107E+00 6.30957E+00 9.99999E+00 1.58489E+00 2.51189E+00 3.98107E+00 6.30957E+00 9.99999E+00 1.58489E+00 2.51189E+00 3.98107E+00 6.30957E+00 9.99999E+00 1.58489E+01 1.58489E+00 2.51189E+00 3.98107E+00 6.30957E+00 9.99999E+00 1.58489E+01 2.51189E+01 2.51189E+00 3.98107E+00 6.30957E+00 9.99999E+00 1.58489E+01 2.51189E+01 3.98107E+00 6.30957E+00 9.99999E+00 1.58489E+01 2.51189E+01 3.98107E+01 6.30957E+00 9.99999E+00 1.58489E+01 2.51189E+01 3.98107E+01 6.30957E+01 
90000 
2.08995E-04 
2.09517E-04 
5.12307E-04 
2.10050E-04 
5.13488E-04 
2.10557E-04 
5.15216E-04 
1.27562E-03 
2.11091E-04 
5.17311E-04 
1.28061E-03 
3.24227E-03 
2.11814E-04 
5.20053E-04 
1.28789E-03 
3.25083E-03 
2.13194E-04 
5.24254E-04 
1.29895E-03 
3.26396E-03 
8.26094E-03 
2.15674E-04 
5.30517E-04 
1.31469E-03 
3.28633E-03 
8.29551E-03 
2.17491E-04 
5.34763E-04 
1.32484E-03 
3.29817E-03 
8.29788E-03 
2.09835E-02 
2.12739E-04 
5.25281E-04 
1.30439E-03 
3.24729E-03 
8.15298E-03 
2.05583E-02 
5.25181E-02 
5.06991E-04 
1.26664E-03 
3.16468E-03 
7.94670E-03 
2.00181E-02 
5.09041E-02 
1.25561E-03 
3.14306E-03 
7.88578E-03 
1.98295E-02 
5.01827E-02 
1.29373E-01 
3.14196E-03 
7.87556E-03 
1.97690E-02 
4.98152E-02 
1.26878E-01 
3.33016E-01 
---
