PdfType: replica
Format: lhagrid1
---
4.34963E-04 7.77181E-04 7.77181E-04 1.38865E-03 1.38865E-03 2.48120E-03 2.48120E-03 2.48120E-03 4.43334E-03 4.43334E-03 4.43334E-03 4.43334E-03 7.92137E-03 7.92137E-03 7.92137E-03 7.92137E-03 1.41537E-02 1.41537E-02 1.41537E-02 1.41537E-02 1.41537E-02 2.52895E-02 2.52895E-02 2.52895E-02 2.52895E-02 2.52895E-02 4.51866E-02 4.51866E-02 4.51866E-02 4.51866E-02 4.51866E-02 4.51866E-02 8.07383E-02 8.07383E-02 8.07383E-02 8.07383E-02 8.07383E-02 8.07383E-02 8.07383E-02 1.44261E-01 1.44261E-01 1.44261E-01 1.44261E-01 1.44261E-01 1.44261E-01 2.57762E-01 2.57762E-01 2.57762E-01 2.57762E-01 2.57762E-01 2.57762E-01 4.60562E-01 4.60562E-01 4.60562E-01 4.60562E-01 4.60562E-01 4.60562E-01 
1.58489E+00 1.58489E+00 2.51189E+00 1.58489E+00 2.51189E+00 1.58489E+00 2.51189E+00 3.98107E+00 1.58489E+00 2.51189E+00 3.98107E+00 6.30957E+00 1.58489E+00 2.51189E+00 3.98107E+00 6.30957E+00 1.58489E+00 2.51189E+00 3.98107E+00 6.30957E+00 9.99999E+00 1.58489E+00 2.51189E+00 3.98107E+00 6.30957E+00 9.99999E+00 1.58489E+00 2.51189E+00 3.98107E+00 6.30957E+00 9.99999E+00 1.58489E+01 1.58489E+00 2.51189E+00 3.98107E+00 6.30957E+00 9.99999E+00 1.58489E+01 2.51189E+01 2.51189E+00 3.98107E+00 6.30957E+00 9.99999E+00 1.58489E+01 2.51189E+01 3.98107E+00 6.30957E+00 9.99999E+00 1.58489E+01 2.51189E+01 3.98107E+01 6.30957E+00 9.99999E+00 1.58489E+01 2.51189E+01 3.98107E+01 6.30957E+01 
90000 
3.33023E-05 
3.40305E-05 
7.10719E-05 
3.45147E-05 
7.37666E-05 
3.48664E-05 
7.60314E-05 
1.66536E-04 
3.52538E-05 
7.82297E-05 
1.75197E-04 
4.11228E-04 
3.59300E-05 
8.09554E-05 
1.84137E-04 
4.38872E-04 
3.73436E-05 
8.50262E-05 
1.95550E-04 
4.60565E-04 
9.07689E-04 
3.96470E-05 
9.06591E-05 
2.10251E-04 
4.85342E-04 
9.99308E-04 
4.10964E-05 
9.43986E-05 
2.20414E-04 
5.03364E-04 
1.06248E-03 
1.10380E-03 
3.77325E-05 
8.80926E-05 
2.08082E-04 
4.78063E-04 
1.02746E-03 
1.33516E-03 
-5.68332E-03 
7.27866E-05 
1.76650E-04 
4.14419E-04 
9.13672E-04 
1.37825E-03 
-3.01967E-03 
1.61876E-04 
3.92101E-04 
9.00715E-04 
1.64289E-03 
-1.71920E-04 
-3.09089E-02 
4.03723E-04 
9.65574E-04 
2.05313E-03 
2.57760E-03 
-1.12972E-02 
-1.54928E-01 
---
