PdfType: replica
Format: lhagrid1
---
4.34963E-04 7.77181E-04 7.77181E-04 1.38865E-03 1.38865E-03 2.48120E-03 2.48120E-03 2.48120E-03 4.43334E-03 4.43334E-03 4.43334E-03 4.43334E-03 7.92137E-03 7.92137E-03 7.92137E-03 7.92137E-03 1.41537E-02 1.41537E-02 1.41537E-02 1.41537E-02 1.41537E-02 2.52895E-02 2.52895E-02 2.52895E-02 2.52895E-02 2.52895E-02 4.51866E-02 4.51866E-02 4.51866E-02 4.51866E-02 4.51866E-02 4.51866E-02 8.07383E-02 8.07383E-02 8.07383E-02 8.07383E-02 8.07383E-02 8.07383E-02 8.07383E-02 1.44261E-01 1.44261E-01 1.44261E-01 1.44261E-01 1.44261E-01 1.44261E-01 2.57762E-01 2.57762E-01 2.57762E-01 2.57762E-01 2.57762E-01 2.57762E-01 4.60562E-01 4.60562E-01 4.60562E-01 4.60562E-01 4.60562E-01 4.60562E-01 
1.58489E+00 1.58489E+00 2.51189E+00 1.58489E+00 2.51189E+00 1.58489E+00 2.51189E+00 3.98107E+00 1.58489E+00 2.51189E+00 3.98107E+00 6.30957E+00 1.58489E+00 2.51189E+00 3.98107E+00 6.30957E+00 1.58489E+00 2.51189E+00 3.98107E+00 6.30957E+00 9.99999E+00 1.58489E+00 2.51189E+00 3.98107E+00 6.30957E+00 9.99999E+00 1.58489E+00 2.51189E+00 3.98107E+00 6.30957E+00 9.99999E+00 1.58489E+01 1.58489E+00 2.51189E+00 3.98107E+00 6.30957E+00 9.99999E+00 1.58489E+01 2.51189E+01 2.51189E+00 3.98107E+00 6.30957E+00 9.99999E+00 1.58489E+01 2.51189E+01 3.98107E+00 6.30957E+00 9.99999E+00 1.58489E+01 2.51189E+01 3.98107E+01 6.30957E+00 9.99999E+00 1.58489E+01 2.51189E+01 3.98107E+01 6.30957E+01 
90000 
2.15285E-04 
2.16677E-04 
5.29176E-04 
2.18182E-04 
5.32040E-04 
2.19736E-04 
5.35769E-04 
1.32374E-03 
2.21364E-04 
5.40062E-04 
1.33310E-03 
3.36833E-03 
2.23131E-04 
5.44876E-04 
1.34462E-03 
3.38515E-03 
2.25137E-04 
5.50100E-04 
1.35758E-03 
3.40194E-03 
8.59651E-03 
2.26877E-04 
5.54568E-04 
1.36933E-03 
3.41548E-03 
8.61024E-03 
2.26069E-04 
5.53964E-04 
1.36999E-03 
3.40778E-03 
8.57058E-03 
2.16949E-02 
2.19671E-04 
5.41956E-04 
1.34508E-03 
3.34833E-03 
8.40753E-03 
2.12248E-02 
5.44358E-02 
5.22389E-04 
1.30340E-03 
3.25415E-03 
8.16997E-03 
2.05956E-02 
5.25276E-02 
1.28085E-03 
3.20516E-03 
8.04340E-03 
2.02420E-02 
5.13450E-02 
1.33223E-01 
3.19165E-03 
8.00095E-03 
2.00940E-02 
5.07127E-02 
1.29725E-01 
3.44476E-01 
---
