PdfType: replica
Format: lhagrid1
---
4.34963E-04 7.77181E-04 7.77181E-04 1.38865E-03 1.38865E-03 2.48120E-03 2.48120E-03 2.48120E-03 4.43334E-03 4.43334E-03 4.43334E-03 4.43334E-03 7.92137E-03 7.92137E-03 7.92137E-03 7.92137E-03 1.41537E-02 1.41537E-02 1.41537E-02 1.41537E-02 1.41537E-02 2.52895E-02 2.52895E-02 2.52895E-02 2.52895E-02 2.52895E-02 4.51866E-02 4.51866E-02 4.51866E-02 4.51866E-02 4.51866E-02 4.51866E-02 8.07383E-02 8.07383E-02 8.07383E-02 8.07383E-02 8.07383E-02 8.07383E-02 8.07383E-02 1.44261E-01 1.44261E-01 1.44261E-01 1.44261E-01 1.44261E-01 1.44261E-01 2.57762E-01 2.57762E-01 2.57762E-01 2.57762E-01 2.57762E-01 2.57762E-01 4.60562E-01 4.60562E-01 4.60562E-01 4.60562E-01 4.60562E-01 4.60562E-01 
1.58489E+00 1.58489E+00 2.51189E+00 1.58489E+00 2.51189E+00 1.58489E+00 2.51189E+00 3.98107E+00 1.58489E+00 2.51189E+00 3.98107E+00 6.30957E+00 1.58489E+00 2.51189E+00 3.98107E+00 6.30957E+00 1.58489E+00 2.51189E+00 3.98107E+00 6.30957E+00 9.99999E+00 1.58489E+00 2.51189E+00 3.98107E+00 6.30957E+00 9.99999E+00 1.58489E+00 2.51189E+00 3.98107E+00 6.30957E+00 9.99999E+00 1.58489E+01 1.58489E+00 2.51189E+00 3.98107E+00 6.30957E+00 9.99999E+00 1.58489E+01 2.51189E+01 2.51189E+00 3.98107E+00 6.30957E+00 9.99999E+00 1.58489E+01 2.51189E+01 3.98107E+00 6.30957E+00 9.99999E+00 1.58489E+01 2.51189E+01 3.98107E+01 6.30957E+00 9.99999E+00 1.58489E+01 2.51189E+01 3.98107E+01 6.30957E+01 
90000 
3.91757E-05 
4.00700E-05 
8.46699E-05 
4.07466E-05 
8.79219E-05 
4.13275E-05 
9.08275E-05 
2.00584E-04 
4.19988E-05 
9.37800E-05 
2.11504E-04 
4.93635E-04 
4.30192E-05 
9.73727E-05 
2.22839E-04 
5.29436E-04 
4.47775E-05 
1.02269E-04 
2.36466E-04 
5.58336E-04 
1.14168E-03 
4.72155E-05 
1.08236E-04 
2.52243E-04 
5.87285E-04 
1.25246E-03 
4.83156E-05 
1.11367E-04 
2.61491E-04 
6.04571E-04 
1.31977E-03 
1.80167E-03 
4.42924E-05 
1.04018E-04 
2.47406E-04 
5.76560E-04 
1.27974E-03 
2.01970E-03 
-3.56302E-03 
8.79640E-05 
2.14429E-04 
5.09785E-04 
1.15675E-03 
2.02628E-03 
-1.10543E-03 
1.97479E-04 
4.81222E-04 
1.12728E-03 
2.23466E-03 
1.47843E-03 
-2.55837E-02 
4.89412E-04 
1.18165E-03 
2.60661E-03 
4.05212E-03 
-6.98193E-03 
-1.39629E-01 
---
