PdfType: replica
Format: lhagrid1
---
4.34963E-04 7.77181E-04 7.77181E-04 1.38865E-03 1.38865E-03 2.48120E-03 2.48120E-03 2.48120E-03 4.43334E-03 4.43334E-03 4.43334E-03 4.43334E-03 7.92137E-03 7.92137E-03 7.92137E-03 7.92137E-03 1.41537E-02 1.41537E-02 1.41537E-02 1.41537E-02 1.41537E-02 2.52895E-02 2.52895E-02 2.52895E-02 2.52895E-02 2.52895E-02 4.51866E-02 4.51866E-02 4.51866E-02 4.51866E-02 4.51866E-02 4.51866E-02 8.07383E-02 8.07383E-02 8.07383E-02 8.07383E-02 8.07383E-02 8.07383E-02 8.07383E-02 1.44261E-01 1.44261E-01 1.44261E-01 1.44261E-01 1.44261E-01 1.44261E-01 2.57762E-01 2.57762E-01 2.57762E-01 2.57762E-01 2.57762E-01 2.57762E-01 4.60562E-01 4.60562E-01 4.60562E-01 4.60562E-01 4.60562E-01 4.60562E-01 
1.58489E+00 1.58489E+00 2.51189E+00 1.58489E+00 2.51189E+00 1.58489E+00 2.51189E+00 3.98107E+00 1.58489E+00 2.51189E+00 3.98107E+00 6.30957E+00 1.58489E+00 2.51189E+00 3.98107E+00 6.30957E+00 1.58489E+00 2.51189E+00 3.98107E+00 6.30957E+00 9.99999E+00 1.58489E+00 2.51189E+00 3.98107E+00 6.30957E+00 9.99999E+00 1.58489E+00 2.51189E+00 3.98107E+00 6.30957E+00 9.99999E+00 1.58489E+01 1.58489E+00 2.51189E+00 3.98107E+00 6.30957E+00 9.99999E+00 1.58489E+01 2.51189E+01 2.51189E+00 3.98107E+00 6.30957E+00 9.99999E+00 1.58489E+01 2.51189E+01 3.98107E+00 6.30957E+00 9.99999E+00 1.58489E+01 2.51189E+01 3.98107E+01 6.30957E+00 9.99999E+00 1.58489E+01 2.51189E+01 3.98107E+01 6.30957E+01 
90000 
2.29759E-05 
2.40255E-05 
4.58224E-05 
2.48336E-05 
4.94625E-05 
2.55475E-05 
5.26233E-05 
1.05691E-04 
2.63702E-05 
5.58126E-05 
1.17395E-04 
2.54949E-04 
2.75817E-05 
5.97058E-05 
1.29433E-04 
2.93834E-04 
2.96012E-05 
6.50413E-05 
1.43955E-04 
3.25337E-04 
5.35819E-04 
3.23643E-05 
7.15641E-05 
1.60820E-04 
3.56973E-04 
6.57466E-04 
3.36941E-05 
7.50655E-05 
1.70799E-04 
3.76149E-04 
7.33352E-04 
2.18865E-04 
2.97608E-05 
6.79111E-05 
1.57298E-04 
3.49853E-04 
7.01709E-04 
4.85149E-04 
-8.06986E-03 
5.31641E-05 
1.27691E-04 
2.91677E-04 
6.01819E-04 
5.63145E-04 
-5.31266E-03 
1.14865E-04 
2.73867E-04 
5.99779E-04 
8.56172E-04 
-2.36954E-03 
-3.80336E-02 
2.84741E-04 
6.64467E-04 
1.27807E-03 
4.95329E-04 
-1.74801E-02 
-1.77290E-01 
---
