PdfType: replica
Format: lhagrid1
---
4.34963E-04 7.77181E-04 7.77181E-04 1.38865E-03 1.38865E-03 2.48120E-03 2.48120E-03 2.48120E-03 4.43334E-03 4.43334E-03 4.43334E-03 4.43334E-03 7.92137E-03 7.92137E-03 7.92137E-03 7.92137E-03 1.41537E-02 1.41537E-02 1.41537E-02 1.41537E-02 1.41537E-02 2.52895E-02 2.52895E-02 2.52895E-02 2.52895E-02 2.52895E-02 4.51866E-02 4.51866E-02 4.51866E-02 4.51866E-02 4.51866E-02 4.51866E-02 8.07383E-02 8.07383E-02 8.07383E-02 8.07383E-02 8.07383E-02 8.07383E-02 8.07383E-02 1.44261E-01 1.44261E-01 1.44261E-01 1.44261E-01 1.44261E-01 1.44261E-01 2.57762E-01 2.57762E-01 2.57762E-01 2.57762E-01 2.57762E-01 2.57762E-01 4.60562E-01 4.60562E-01 4.60562E-01 4.60562E-01 4.60562E-01 4.60562E-01 
1.58489E+00 1.58489E+00 2.51189E+00 1.58489E+00 2.51189E+00 1.58489E+00 2.51189E+00 3.98107E+00 1.58489E+00 2.51189E+00 3.98107E+00 6.30957E+00 1.58489E+00 2.51189E+00 3.98107E+00 6.30957E+00 1.58489E+00 2.51189E+00 3.98107E+00 6.30957E+00 9.99999E+00 1.58489E+00 2.51189E+00 3.98107E+00 6.30957E+00 9.99999E+00 1.58489E+00 2.51189E+00 3.98107E+00 6.30957E+00 9.99999E+00 1.58489E+01 1.58489E+00 2.51189E+00 3.98107E+00 6.30957E+00 9.99999E+00 1.58489E+01 2.51189E+01 2.51189E+00 3.98107E+00 6.30957E+00 9.99999E+00 1.58489E+01 2.51189E+01 3.98107E+00 6.30957E+00 9.99999E+00 1.58489E+01 2.51189E+01 3.98107E+01 6.30957E+00 9.99999E+00 1.58489E+01 2.51189E+01 3.98107E+01 6.30957E+01 
90000 
2.10409E-05 
2.24868E-05 
3.96157E-05 
2.36752E-05 
4.38289E-05 
2.46821E-05 
4.75959E-05 
8.86972E-05 
2.56565E-05 
5.11970E-05 
1.01276E-04 
2.03114E-04 
2.68328E-05 
5.51321E-05 
1.13587E-04 
2.42724E-04 
2.85673E-05 
5.99979E-05 
1.27385E-04 
2.73448E-04 
3.67235E-04 
3.06474E-05 
6.53517E-05 
1.42139E-04 
3.02018E-04 
4.87059E-04 
3.07391E-05 
6.66136E-05 
1.47627E-04 
3.13028E-04 
5.51342E-04 
-3.69645E-04 
2.52556E-05 
5.61165E-05 
1.26763E-04 
2.70639E-04 
4.91056E-04 
-1.13232E-04 
-1.00455E-02 
3.88738E-05 
9.19984E-05 
2.01598E-04 
3.72344E-04 
-4.53806E-05 
-7.08452E-03 
8.13927E-05 
1.91337E-04 
3.91973E-04 
3.19217E-04 
-3.84090E-03 
-4.25950E-02 
2.25430E-04 
5.21053E-04 
9.23935E-04 
-4.06305E-04 
-1.98866E-02 
-1.84035E-01 
---
