PdfType: replica
Format: lhagrid1
---
4.34963E-04 7.77181E-04 7.77181E-04 1.38865E-03 1.38865E-03 2.48120E-03 2.48120E-03 2.48120E-03 4.43334E-03 4.43334E-03 4.43334E-03 4.43334E-03 7.92137E-03 7.92137E-03 7.92137E-03 7.92137E-03 1.41537E-02 1.41537E-02 1.41537E-02 1.41537E-02 1.41537E-02 2.52895E-02 2.52895E-02 2.52895E-02 2.52895E-02 2.52895E-02 4.51866E-02 4.51866E-02 4.51866E-02 4.51866E-02 4.51866E-02 4.51866E-02 8.07383E-02 8.07383E-02 8.07383E-02 8.07383E-02 8.07383E-02 8.07383E-02 8.07383E-02 1.44261E-01 1.44261E-01 1.44261E-01 1.44261E-01 1.44261E-01 1.44261E-01 2.57762E-01 2.57762E-01 2.57762E-01 2.57762E-01 2.57762E-01 2.57762E-01 4.60562E-01 4.60562E-01 4.60562E-01 4.60562E-01 4.60562E-01 4.60562E-01 
1.58489E+00 1.58489E+00 2.51189E+00 1.58489E+00 2.51189E+00 1.58489E+00 2.51189E+00 3.98107E+00 1.58489E+00 2.51189E+00 3.98107E+00 6.30957E+00 1.58489E+00 2.51189E+00 3.98107E+00 6.30957E+00 1.58489E+00 2.51189E+00 3.98107E+00 6.30957E+00 9.99999E+00 1.58489E+00 2.51189E+00 3.98107E+00 6.30957E+00 9.99999E+00 1.58489E+00 2.51189E+00 3.98107E+00 6.30957E+00 9.99999E+00 1.58489E+01 1.58489E+00 2.51189E+00 3.98107E+00 6.30957E+00 9.99999E+00 1.58489E+01 2.51189E+01 2.51189E+00 3.98107E+00 6.30957E+00 9.99999E+00 1.58489E+01 2.51189E+01 3.98107E+00 6.30957E+00 9.99999E+00 1.58489E+01 2.51189E+01 3.98107E+01 6.30957E+00 9.99999E+00 1.58489E+01 2.51189E+01 3.98107E+01 6.30957E+01 
90000 
1.97269E-05 
2.12514E-05 
4.07330E-05 
2.25808E-05 
4.51345E-05 
2.38408E-05 
4.91065E-05 
9.80697E-05 
2.51757E-05 
5.30838E-05 
1.11047E-04 
2.40348E-04 
2.67423E-05 
5.75080E-05 
1.23906E-04 
2.80412E-04 
2.87499E-05 
6.27215E-05 
1.37989E-04 
3.10681E-04 
5.00996E-04 
3.09974E-05 
6.82419E-05 
1.52710E-04 
3.37483E-04 
6.10604E-04 
3.18401E-05 
7.08661E-05 
1.60897E-04 
3.52312E-04 
6.74482E-04 
6.49431E-05 
2.83792E-05 
6.45619E-05 
1.48907E-04 
3.28529E-04 
6.44127E-04 
3.13279E-04 
-8.69279E-03 
4.93969E-05 
1.17213E-04 
2.63917E-04 
5.25666E-04 
3.46428E-04 
-5.99256E-03 
9.47792E-05 
2.21898E-04 
4.67875E-04 
5.18269E-04 
-3.25594E-03 
-4.05060E-02 
2.10727E-04 
4.75575E-04 
7.86708E-04 
-8.44733E-04 
-2.15503E-02 
-1.92531E-01 
---
