PdfType: replica
Format: lhagrid1
---
4.34963E-04 7.77181E-04 7.77181E-04 1.38865E-03 1.38865E-03 2.48120E-03 2.48120E-03 2.48120E-03 4.43334E-03 4.43334E-03 4.43334E-03 4.43334E-03 7.92137E-03 7.92137E-03 7.92137E-03 7.92137E-03 1.41537E-02 1.41537E-02 1.41537E-02 1.41537E-02 1.41537E-02 2.52895E-02 2.52895E-02 2.52895E-02 2.52895E-02 2.52895E-02 4.51866E-02 4.51866E-02 4.51866E-02 4.51866E-02 4.51866E-02 4.51866E-02 8.07383E-02 8.07383E-02 8.07383E-02 8.07383E-02 8.07383E-02 8.07383E-02 8.07383E-02 1.44261E-01 1.44261E-01 1.44261E-01 1.44261E-01 1.44261E-01 1.44261E-01 2.57762E-01 2.57762E-01 2.57762E-01 2.57762E-01 2.57762E-01 2.57762E-01 4.60562E-01 4.60562E-01 4.60562E-01 4.60562E-01 4.60562E-01 4.60562E-01 
1.58489E+00 1.58489E+00 2.51189E+00 1.58489E+00 2.51189E+00 1.58489E+00 2.51189E+00 3.98107E+00 1.58489E+00 2.51189E+00 3.98107E+00 6.30957E+00 1.58489E+00 2.51189E+00 3.98107E+00 6.30957E+00 1.58489E+00 2.51189E+00 3.98107E+00 6.30957E+00 9.99999E+00 1.58489E+00 2.51189E+00 3.98107E+00 6.30957E+00 9.99999E+00 1.58489E+00 2.51189E+00 3.98107E+00 6.30957E+00 9.99999E+00 1.58489E+01 1.58489E+00 2.51189E+00 3.98107E+00 6.30957E+00 9.99999E+00 1.58489E+01 2.51189E+01 2.51189E+00 3.98107E+00 6.30957E+00 9.99999E+00 1.58489E+01 2.51189E+01 3.98107E+00 6.30957E+00 9.99999E+00 1.58489E+01 2.51189E+01 3.98107E+01 6.30957E+00 9.99999E+00 1.58489E+01 2.51189E+01 3.98107E+01 6.30957E+01 
90000 
2.08102E-04 
2.08349E-04 
5.05049E-04 
2.08590E-04 
5.05967E-04 
2.08824E-04 
5.07575E-04 
1.25193E-03 
2.09191E-04 
5.09737E-04 
1.25753E-03 
3.17711E-03 
2.09939E-04 
5.12795E-04 
1.26584E-03 
3.18847E-03 
2.11436E-04 
5.17244E-04 
1.27755E-03 
3.20320E-03 
8.08794E-03 
2.13477E-04 
5.22562E-04 
1.29139E-03 
3.22172E-03 
8.11638E-03 
2.13758E-04 
5.24268E-04 
1.29703E-03 
3.22535E-03 
8.10398E-03 
2.04336E-02 
2.08508E-04 
5.14434E-04 
1.27658E-03 
3.17582E-03 
7.96519E-03 
2.00390E-02 
5.08908E-02 
4.95760E-04 
1.23677E-03 
3.08624E-03 
7.74070E-03 
1.94598E-02 
4.92575E-02 
1.21495E-03 
3.03988E-03 
7.62256E-03 
1.91440E-02 
4.83005E-02 
1.23522E-01 
3.02553E-03 
7.58085E-03 
1.90152E-02 
4.78311E-02 
1.21275E-01 
3.14538E-01 
---
