PdfType: replica
Format: lhagrid1
---
4.34963E-04 7.77181E-04 7.77181E-04 1.38865E-03 1.38865E-03 2.48120E-03 2.48120E-03 2.48120E-03 4.43334E-03 4.43334E-03 4.43334E-03 4.43334E-03 7.92137E-03 7.92137E-03 7.92137E-03 7.92137E-03 1.41537E-02 1.41537E-02 1.41537E-02 1.41537E-02 1.41537E-02 2.52895E-02 2.52895E-02 2.52895E-02 2.52895E-02 2.52895E-02 4.51866E-02 4.51866E-02 4.51866E-02 4.51866E-02 4.51866E-02 4.51866E-02 8.07383E-02 8.07383E-02 8.07383E-02 8.07383E-02 8.07383E-02 8.07383E-02 8.07383E-02 1.44261E-01 1.44261E-01 1.44261E-01 1.44261E-01 1.44261E-01 1.44261E-01 2.57762E-01 2.57762E-01 2.57762E-01 2.57762E-01 2.57762E-01 2.57762E-01 4.60562E-01 4.60562E-01 4.60562E-01 4.60562E-01 4.60562E-01 4.60562E-01 
1.58489E+00 1.58489E+00 2.51189E+00 1.58489E+00 2.51189E+00 1.58489E+00 2.51189E+00 3.98107E+00 1.58489E+00 2.51189E+00 3.98107E+00 6.30957E+00 1.58489E+00 2.51189E+00 3.98107E+00 6.30957E+00 1.58489E+00 2.51189E+00 3.98107E+00 6.30957E+00 9.99999E+00 1.58489E+00 2.51189E+00 3.98107E+00 6.30957E+00 9.99999E+00 1.58489E+00 2.51189E+00 3.98107E+00 6.30957E+00 9.99999E+00 1.58489E+01 1.58489E+00 2.51189E+00 3.98107E+00 6.30957E+00 9.99999E+00 1.58489E+01 2.51189E+01 2.51189E+00 3.98107E+00 6.30957E+00 9.99999E+00 1.58489E+01 2.51189E+01 3.98107E+00 6.30957E+00 9.99999E+00 1.58489E+01 2.51189E+01 3.98107E+01 6.30957E+00 9.99999E+00 1.58489E+01 2.51189E+01 3.98107E+01 6.30957E+01 
90000 
2.80397E-05 
2.86886E-05 
5.58410E-05 
2.91866E-05 
5.88230E-05 
2.96821E-05 
6.16296E-05 
1.26848E-04 
3.04019E-05 
6.47325E-05 
1.38256E-04 
3.04679E-04 
3.16505E-05 
6.88258E-05 
1.50781E-04 
3.43778E-04 
3.38182E-05 
7.45808E-05 
1.66344E-04 
3.77553E-04 
6.57579E-04 
3.66590E-05 
8.13916E-05 
1.83982E-04 
4.11555E-04 
7.84804E-04 
3.76859E-05 
8.43573E-05 
1.92800E-04 
4.28867E-04 
8.56967E-04 
4.98494E-04 
3.28930E-05 
7.52175E-05 
1.74546E-04 
3.91536E-04 
8.00256E-04 
7.15159E-04 
-7.56208E-03 
5.72346E-05 
1.37348E-04 
3.15108E-04 
6.59280E-04 
7.06782E-04 
-4.93537E-03 
1.19765E-04 
2.86065E-04 
6.31697E-04 
9.41042E-04 
-2.12845E-03 
-3.72284E-02 
2.96139E-04 
6.92613E-04 
1.34663E-03 
6.56135E-04 
-1.71418E-02 
-1.76870E-01 
---
