PdfType: replica
Format: lhagrid1
---
4.34963E-04 7.77181E-04 7.77181E-04 1.38865E-03 1.38865E-03 2.48120E-03 2.48120E-03 2.48120E-03 4.43334E-03 4.43334E-03 4.43334E-03 4.43334E-03 7.92137E-03 7.92137E-03 7.92137E-03 7.92137E-03 1.41537E-02 1.41537E-02 1.41537E-02 1.41537E-02 1.41537E-02 2.52895E-02 2.52895E-02 2.52895E-02 2.52895E-02 2.52895E-02 4.51866E-02 4.51866E-02 4.51866E-02 4.51866E-02 4.51866E-02 4.51866E-02 8.07383E-02 8.07383E-02 8.07383E-02 8.07383E-02 8.07383E-02 8.07383E-02 8.07383E-02 1.44261E-01 1.44261E-01 1.44261E-01 1.44261E-01 1.44261E-01 1.44261E-01 2.57762E-01 2.57762E-01 2.57762E-01 2.57762E-01 2.57762E-01 2.57762E-01 4.60562E-01 4.60562E-01 4.60562E-01 4.60562E-01 4.60562E-01 4.60562E-01 
1.58489E+00 1.58489E+00 2.51189E+00 1.58489E+00 2.51189E+00 1.58489E+00 2.51189E+00 3.98107E+00 1.58489E+00 2.51189E+00 3.98107E+00 6.30957E+00 1.58489E+00 2.51189E+00 3.98107E+00 6.30957E+00 1.58489E+00 2.51189E+00 3.98107E+00 6.30957E+00 9.99999E+00 1.58489E+00 2.51189E+00 3.98107E+00 6.30957E+00 9.99999E+00 1.58489E+00 2.51189E+00 3.98107E+00 6.30957E+00 9.99999E+00 1.58489E+01 1.58489E+00 2.51189E+00 3.98107E+00 6.30957E+00 9.99999E+00 1.58489E+01 2.51189E+01 2.51189E+00 3.98107E+00 6.30957E+00 9.99999E+00 1.58489E+01 2.51189E+01 3.98107E+00 6.30957E+00 9.99999E+00 1.58489E+01 2.51189E+01 3.98107E+01 6.30957E+00 9.99999E+00 1.58489E+01 2.51189E+01 3.98107E+01 6.30957E+01 
90000 
2.77618E-05 
2.85416E-05 
5.65547E-05 
2.91808E-05 
5.96953E-05 
2.98219E-05 
6.26825E-05 
1.30468E-04 
3.06960E-05 
6.60159E-05 
1.42213E-04 
3.16149E-04 
3.21485E-05 
7.04884E-05 
1.55441E-04 
3.56465E-04 
3.47008E-05 
7.70172E-05 
1.72572E-04 
3.93292E-04 
6.94131E-04 
3.82807E-05 
8.52112E-05 
1.92983E-04 
4.32693E-04 
8.32307E-04 
4.00229E-05 
8.93074E-05 
2.03840E-04 
4.53659E-04 
9.13005E-04 
6.14495E-04 
3.46719E-05 
7.89026E-05 
1.82750E-04 
4.10048E-04 
8.43569E-04 
8.15258E-04 
-7.34264E-03 
5.89727E-05 
1.41769E-04 
3.26397E-04 
6.87659E-04 
7.79707E-04 
-4.73875E-03 
1.24777E-04 
2.98720E-04 
6.63426E-04 
1.02299E-03 
-1.90301E-03 
-3.65141E-02 
3.07711E-04 
7.21164E-04 
1.41983E-03 
8.57370E-04 
-1.65063E-02 
-1.74332E-01 
---
