PdfType: replica
Format: lhagrid1
---
4.34963E-04 7.77181E-04 7.77181E-04 1.38865E-03 1.38865E-03 2.48120E-03 2.48120E-03 2.48120E-03 4.43334E-03 4.43334E-03 4.43334E-03 4.43334E-03 7.92137E-03 7.92137E-03 7.92137E-03 7.92137E-03 1.41537E-02 1.41537E-02 1.41537E-02 1.41537E-02 1.41537E-02 2.52895E-02 2.52895E-02 2.52895E-02 2.52895E-02 2.52895E-02 4.51866E-02 4.51866E-02 4.51866E-02 4.51866E-02 4.51866E-02 4.51866E-02 8.07383E-02 8.07383E-02 8.07383E-02 8.07383E-02 8.07383E-02 8.07383E-02 8.07383E-02 1.44261E-01 1.44261E-01 1.44261E-01 1.44261E-01 1.44261E-01 1.44261E-01 2.57762E-01 2.57762E-01 2.57762E-01 2.57762E-01 2.57762E-01 2.57762E-01 4.60562E-01 4.60562E-01 4.60562E-01 4.60562E-01 4.60562E-01 4.60562E-01 
1.58489E+00 1.58489E+00 2.51189E+00 1.58489E+00 2.51189E+00 1.58489E+00 2.51189E+00 3.98107E+00 1.58489E+00 2.51189E+00 3.98107E+00 6.30957E+00 1.58489E+00 2.51189E+00 3.98107E+00 6.30957E+00 1.58489E+00 2.51189E+00 3.98107E+00 6.30957E+00 9.99999E+00 1.58489E+00 2.51189E+00 3.98107E+00 6.30957E+00 9.99999E+00 1.58489E+00 2.51189E+00 3.98107E+00 6.30957E+00 9.99999E+00 1.58489E+01 1.58489E+00 2.51189E+00 3.98107E+00 6.30957E+00 9.99999E+00 1.58489E+01 2.51189E+01 2.51189E+00 3.98107E+00 6.30957E+00 9.99999E+00 1.58489E+01 2.51189E+01 3.98107E+00 6.30957E+00 9.99999E+00 1.58489E+01 2.51189E+01 3.98107E+01 6.30957E+00 9.99999E+00 1.58489E+01 2.51189E+01 3.98107E+01 6.30957E+01 
90000 
2.66761E-05 
2.84657E-05 
5.85912E-05 
2.99785E-05 
6.33062E-05 
3.13014E-05 
6.73930E-05 
1.44326E-04 
3.25425E-05 
7.12049E-05 
1.56741E-04 
3.60230E-04 
3.38732E-05 
7.51992E-05 
1.68549E-04 
3.95987E-04 
3.56713E-05 
8.00484E-05 
1.81745E-04 
4.22703E-04 
8.02365E-04 
3.80654E-05 
8.58558E-05 
1.96862E-04 
4.49081E-04 
9.00944E-04 
3.91538E-05 
8.87359E-05 
2.05078E-04 
4.63063E-04 
9.57564E-04 
8.30718E-04 
3.46370E-05 
8.01316E-05 
1.88010E-04 
4.27959E-04 
9.02760E-04 
1.02700E-03 
-6.43484E-03 
6.44187E-05 
1.56515E-04 
3.65707E-04 
7.93942E-04 
1.08075E-03 
-3.78063E-03 
1.46970E-04 
3.54931E-04 
8.07548E-04 
1.40246E-03 
-8.35626E-04 
-3.30333E-02 
3.73931E-04 
8.91157E-04 
1.86363E-03 
2.07412E-03 
-1.27674E-02 
-1.60074E-01 
---
