PdfType: replica
Format: lhagrid1
---
4.34963E-04 7.77181E-04 7.77181E-04 1.38865E-03 1.38865E-03 2.48120E-03 2.48120E-03 2.48120E-03 4.43334E-03 4.43334E-03 4.43334E-03 4.43334E-03 7.92137E-03 7.92137E-03 7.92137E-03 7.92137E-03 1.41537E-02 1.41537E-02 1.41537E-02 1.41537E-02 1.41537E-02 2.52895E-02 2.52895E-02 2.52895E-02 2.52895E-02 2.52895E-02 4.51866E-02 4.51866E-02 4.51866E-02 4.51866E-02 4.51866E-02 4.51866E-02 8.07383E-02 8.07383E-02 8.07383E-02 8.07383E-02 8.07383E-02 8.07383E-02 8.07383E-02 1.44261E-01 1.44261E-01 1.44261E-01 1.44261E-01 1.44261E-01 1.44261E-01 2.57762E-01 2.57762E-01 2.57762E-01 2.57762E-01 2.57762E-01 2.57762E-01 4.60562E-01 4.60562E-01 4.60562E-01 4.60562E-01 4.60562E-01 4.60562E-01 
1.58489E+00 1.58489E+00 2.51189E+00 1.58489E+00 2.51189E+00 1.58489E+00 2.51189E+00 3.98107E+00 1.58489E+00 2.51189E+00 3.98107E+00 6.30957E+00 1.58489E+00 2.51189E+00 3.98107E+00 6.30957E+00 1.58489E+00 2.51189E+00 3.98107E+00 6.30957E+00 9.99999E+00 1.58489E+00 2.51189E+00 3.98107E+00 6.30957E+00 9.99999E+00 1.58489E+00 2.51189E+00 3.98107E+00 6.30957E+00 9.99999E+00 1.58489E+01 1.58489E+00 2.51189E+00 3.98107E+00 6.30957E+00 9.99999E+00 1.58489E+01 2.51189E+01 2.51189E+00 3.98107E+00 6.30957E+00 9.99999E+00 1.58489E+01 2.51189E+01 3.98107E+00 6.30957E+00 9.99999E+00 1.58489E+01 2.51189E+01 3.98107E+01 6.30957E+00 9.99999E+00 1.58489E+01 2.51189E+01 3.98107E+01 6.30957E+01 
90000 
3.09918E-05 
3.17614E-05 
6.51279E-05 
3.23368E-05 
6.82479E-05 
3.28506E-05 
7.10042E-05 
1.51919E-04 
3.35084E-05 
7.38754E-05 
1.62972E-04 
3.69854E-04 
3.46121E-05 
7.75751E-05 
1.74665E-04 
4.08324E-04 
3.66369E-05 
8.29508E-05 
1.89340E-04 
4.40317E-04 
8.28986E-04 
3.95949E-05 
8.98628E-05 
2.07032E-04 
4.73726E-04 
9.55962E-04 
4.12004E-05 
9.38155E-05 
2.17772E-04 
4.94389E-04 
1.03512E-03 
1.01759E-03 
3.70779E-05 
8.60953E-05 
2.02693E-04 
4.64266E-04 
9.93699E-04 
1.26072E-03 
-5.78958E-03 
6.97977E-05 
1.69514E-04 
3.97694E-04 
8.74123E-04 
1.29010E-03 
-3.17977E-03 
1.56778E-04 
3.79787E-04 
8.71735E-04 
1.57375E-03 
-3.41109E-04 
-3.13483E-02 
4.05382E-04 
9.72227E-04 
2.07655E-03 
2.65845E-03 
-1.09893E-02 
-1.53465E-01 
---
