PdfType: replica
Format: lhagrid1
---
4.34963E-04 7.77181E-04 7.77181E-04 1.38865E-03 1.38865E-03 2.48120E-03 2.48120E-03 2.48120E-03 4.43334E-03 4.43334E-03 4.43334E-03 4.43334E-03 7.92137E-03 7.92137E-03 7.92137E-03 7.92137E-03 1.41537E-02 1.41537E-02 1.41537E-02 1.41537E-02 1.41537E-02 2.52895E-02 2.52895E-02 2.52895E-02 2.52895E-02 2.52895E-02 4.51866E-02 4.51866E-02 4.51866E-02 4.51866E-02 4.51866E-02 4.51866E-02 8.07383E-02 8.07383E-02 8.07383E-02 8.07383E-02 8.07383E-02 8.07383E-02 8.07383E-02 1.44261E-01 1.44261E-01 1.44261E-01 1.44261E-01 1.44261E-01 1.44261E-01 2.57762E-01 2.57762E-01 2.57762E-01 2.57762E-01 2.57762E-01 2.57762E-01 4.60562E-01 4.60562E-01 4.60562E-01 4.60562E-01 4.60562E-01 4.60562E-01 
1.58489E+00 1.58489E+00 2.51189E+00 1.58489E+00 2.51189E+00 1.58489E+00 2.51189E+00 3.98107E+00 1.58489E+00 2.51189E+00 3.98107E+00 6.30957E+00 1.58489E+00 2.51189E+00 3.98107E+00 6.30957E+00 1.58489E+00 2.51189E+00 3.98107E+00 6.30957E+00 9.99999E+00 1.58489E+00 2.51189E+00 3.98107E+00 6.30957E+00 9.99999E+00 1.58489E+00 2.51189E+00 3.98107E+00 6.30957E+00 9.99999E+00 1.58489E+01 1.58489E+00 2.51189E+00 3.98107E+00 6.30957E+00 9.99999E+00 1.58489E+01 2.51189E+01 2.51189E+00 3.98107E+00 6.30957E+00 9.99999E+00 1.58489E+01 2.51189E+01 3.98107E+00 6.30957E+00 9.99999E+00 1.58489E+01 2.51189E+01 3.98107E+01 6.30957E+00 9.99999E+00 1.58489E+01 2.51189E+01 3.98107E+01 6.30957E+01 
90000 
1.91166E-05 
2.01722E-05 
4.27098E-05 
2.10939E-05 
4.60458E-05 
2.19380E-05 
4.89166E-05 
1.02389E-04 
2.28003E-05 
5.16825E-05 
1.12985E-04 
2.46389E-04 
2.38681E-05 
5.48880E-05 
1.23350E-04 
2.84084E-04 
2.56363E-05 
5.95018E-05 
1.36171E-04 
3.13221E-04 
4.99690E-04 
2.86058E-05 
6.62746E-05 
1.53221E-04 
3.45643E-04 
6.32142E-04 
3.11357E-05 
7.15385E-05 
1.65874E-04 
3.69920E-04 
7.23758E-04 
1.78840E-04 
2.80475E-05 
6.52768E-05 
1.53228E-04 
3.44765E-04 
6.98070E-04 
4.97609E-04 
-7.96187E-03 
5.23141E-05 
1.27837E-04 
2.96605E-04 
6.24656E-04 
6.52410E-04 
-4.94547E-03 
1.25145E-04 
3.01669E-04 
6.76127E-04 
1.06442E-03 
-1.78659E-03 
-3.62476E-02 
3.53983E-04 
8.49424E-04 
1.77125E-03 
1.83535E-03 
-1.35887E-02 
-1.64006E-01 
---
