PdfType: replica
Format: lhagrid1
---
4.34963E-04 7.77181E-04 7.77181E-04 1.38865E-03 1.38865E-03 2.48120E-03 2.48120E-03 2.48120E-03 4.43334E-03 4.43334E-03 4.43334E-03 4.43334E-03 7.92137E-03 7.92137E-03 7.92137E-03 7.92137E-03 1.41537E-02 1.41537E-02 1.41537E-02 1.41537E-02 1.41537E-02 2.52895E-02 2.52895E-02 2.52895E-02 2.52895E-02 2.52895E-02 4.51866E-02 4.51866E-02 4.51866E-02 4.51866E-02 4.51866E-02 4.51866E-02 8.07383E-02 8.07383E-02 8.07383E-02 8.07383E-02 8.07383E-02 8.07383E-02 8.07383E-02 1.44261E-01 1.44261E-01 1.44261E-01 1.44261E-01 1.44261E-01 1.44261E-01 2.57762E-01 2.57762E-01 2.57762E-01 2.57762E-01 2.57762E-01 2.57762E-01 4.60562E-01 4.60562E-01 4.60562E-01 4.60562E-01 4.60562E-01 4.60562E-01 
1.58489E+00 1.58489E+00 2.51189E+00 1.58489E+00 2.51189E+00 1.58489E+00 2.51189E+00 3.98107E+00 1.58489E+00 2.51189E+00 3.98107E+00 6.30957E+00 1.58489E+00 2.51189E+00 3.98107E+00 6.30957E+00 1.58489E+00 2.51189E+00 3.98107E+00 6.30957E+00 9.99999E+00 1.58489E+00 2.51189E+00 3.98107E+00 6.30957E+00 9.99999E+00 1.58489E+00 2.51189E+00 3.98107E+00 6.30957E+00 9.99999E+00 1.58489E+01 1.58489E+00 2.51189E+00 3.98107E+00 6.30957E+00 9.99999E+00 1.58489E+01 2.51189E+01 2.51189E+00 3.98107E+00 6.30957E+00 9.99999E+00 1.58489E+01 2.51189E+01 3.98107E+00 6.30957E+00 9.99999E+00 1.58489E+01 2.51189E+01 3.98107E+01 6.30957E+00 9.99999E+00 1.58489E+01 2.51189E+01 3.98107E+01 6.30957E+01 
90000 
2.10228E-04 
2.10494E-04 
5.13898E-04 
2.10782E-04 
5.14719E-04 
2.11098E-04 
5.16206E-04 
1.27749E-03 
2.11575E-04 
5.18280E-04 
1.28252E-03 
3.24671E-03 
2.12465E-04 
5.21313E-04 
1.29036E-03 
3.25622E-03 
2.14148E-04 
5.25828E-04 
1.30174E-03 
3.26930E-03 
8.27188E-03 
2.16394E-04 
5.31269E-04 
1.31538E-03 
3.28647E-03 
8.29387E-03 
2.16800E-04 
5.33047E-04 
1.32082E-03 
3.28910E-03 
8.27617E-03 
2.09284E-02 
2.11892E-04 
5.23889E-04 
1.30180E-03 
3.24249E-03 
8.14282E-03 
2.05344E-02 
5.24464E-02 
5.08002E-04 
1.26824E-03 
3.16672E-03 
7.94985E-03 
2.00205E-02 
5.08905E-02 
1.25141E-03 
3.13115E-03 
7.85375E-03 
1.97439E-02 
4.99515E-02 
1.28721E-01 
3.11307E-03 
7.80067E-03 
1.95769E-02 
4.93261E-02 
1.25647E-01 
3.30014E-01 
---
