PdfType: replica
Format: lhagrid1
---
4.34963E-04 7.77181E-04 7.77181E-04 1.38865E-03 1.38865E-03 2.48120E-03 2.48120E-03 2.48120E-03 4.43334E-03 4.43334E-03 4.43334E-03 4.43334E-03 7.92137E-03 7.92137E-03 7.92137E-03 7.92137E-03 1.41537E-02 1.41537E-02 1.41537E-02 1.41537E-02 1.41537E-02 2.52895E-02 2.52895E-02 2.52895E-02 2.52895E-02 2.52895E-02 4.51866E-02 4.51866E-02 4.51866E-02 4.51866E-02 4.51866E-02 4.51866E-02 8.07383E-02 8.07383E-02 8.07383E-02 8.07383E-02 8.07383E-02 8.07383E-02 8.07383E-02 1.44261E-01 1.44261E-01 1.44261E-01 1.44261E-01 1.44261E-01 1.44261E-01 2.57762E-01 2.57762E-01 2.57762E-01 2.57762E-01 2.57762E-01 2.57762E-01 4.60562E-01 4.60562E-01 4.60562E-01 4.60562E-01 4.60562E-01 4.60562E-01 
1.58489E+00 1.58489E+00 2.51189E+00 1.58489E+00 2.51189E+00 1.58489E+00 2.51189E+00 3.98107E+00 1.58489E+00 2.51189E+00 3.98107E+00 6.30957E+00 1.58489E+00 2.51189E+00 3.98107E+00 6.30957E+00 1.58489E+00 2.51189E+00 3.98107E+00 6.30957E+00 9.99999E+00 1.58489E+00 2.51189E+00 3.98107E+00 6.30957E+00 9.99999E+00 1.58489E+00 2.51189E+00 3.98107E+00 6.30957E+00 9.99999E+00 1.58489E+01 1.58489E+00 2.51189E+00 3.98107E+00 6.30957E+00 9.99999E+00 1.58489E+01 2.51189E+01 2.51189E+00 3.98107E+00 6.30957E+00 9.99999E+00 1.58489E+01 2.51189E+01 3.98107E+00 6.30957E+00 9.99999E+00 1.58489E+01 2.51189E+01 3.98107E+01 6.30957E+00 9.99999E+00 1.58489E+01 2.51189E+01 3.98107E+01 6.30957E+01 
90000 
2.28419E-05 
2.40816E-05 
5.35374E-05 
2.51649E-05 
5.72328E-05 
2.62286E-05 
6.04716E-05 
1.34503E-04 
2.74433E-05 
6.38487E-05 
1.45753E-04 
3.42524E-04 
2.90741E-05 
6.80983E-05 
1.57733E-04 
3.79334E-04 
3.16382E-05 
7.42202E-05 
1.73243E-04 
4.10867E-04 
7.83954E-04 
3.54253E-05 
8.25567E-05 
1.93284E-04 
4.47398E-04 
9.08518E-04 
3.84287E-05 
8.89010E-05 
2.08319E-04 
4.75657E-04 
9.98218E-04 
9.53720E-04 
3.56736E-05 
8.35352E-05 
1.97755E-04 
4.54489E-04 
9.74629E-04 
1.22618E-03 
-5.83090E-03 
6.98246E-05 
1.70358E-04 
4.01158E-04 
8.85689E-04 
1.32684E-03 
-3.05640E-03 
1.61884E-04 
3.92470E-04 
9.03329E-04 
1.65479E-03 
-1.18231E-04 
-3.06338E-02 
4.09808E-04 
9.80632E-04 
2.08900E-03 
2.65409E-03 
-1.11963E-02 
-1.55285E-01 
---
