PdfType: replica
Format: lhagrid1
---
4.34963E-04 7.77181E-04 7.77181E-04 1.38865E-03 1.38865E-03 2.48120E-03 2.48120E-03 2.48120E-03 4.43334E-03 4.43334E-03 4.43334E-03 4.43334E-03 7.92137E-03 7.92137E-03 7.92137E-03 7.92137E-03 1.41537E-02 1.41537E-02 1.41537E-02 1.41537E-02 1.41537E-02 2.52895E-02 2.52895E-02 2.52895E-02 2.52895E-02 2.52895E-02 4.51866E-02 4.51866E-02 4.51866E-02 4.51866E-02 4.51866E-02 4.51866E-02 8.07383E-02 8.07383E-02 8.07383E-02 8.07383E-02 8.07383E-02 8.07383E-02 8.07383E-02 1.44261E-01 1.44261E-01 1.44261E-01 1.44261E-01 1.44261E-01 1.44261E-01 2.57762E-01 2.57762E-01 2.57762E-01 2.57762E-01 2.57762E-01 2.57762E-01 4.60562E-01 4.60562E-01 4.60562E-01 4.60562E-01 4.60562E-01 4.60562E-01 
1.58489E+00 1.58489E+00 2.51189E+00 1.58489E+00 2.51189E+00 1.58489E+00 2.51189E+00 3.98107E+00 1.58489E+00 2.51189E+00 3.98107E+00 6.30957E+00 1.58489E+00 2.51189E+00 3.98107E+00 6.30957E+00 1.58489E+00 2.51189E+00 3.98107E+00 6.30957E+00 9.99999E+00 1.58489E+00 2.51189E+00 3.98107E+00 6.30957E+00 9.99999E+00 1.58489E+00 2.51189E+00 3.98107E+00 6.30957E+00 9.99999E+00 1.58489E+01 1.58489E+00 2.51189E+00 3.98107E+00 6.30957E+00 9.99999E+00 1.58489E+01 2.51189E+01 2.51189E+00 3.98107E+00 6.30957E+00 9.99999E+00 1.58489E+01 2.51189E+01 3.98107E+00 6.30957E+00 9.99999E+00 1.58489E+01 2.51189E+01 3.98107E+01 6.30957E+00 9.99999E+00 1.58489E+01 2.51189E+01 3.98107E+01 6.30957E+01 
90000 
1.97890E-04 
1.98575E-04 
4.90687E-04 
1.99283E-04 
4.92020E-04 
1.99971E-04 
4.93701E-04 
1.22806E-03 
2.00654E-04 
4.95606E-04 
1.23229E-03 
3.12936E-03 
2.01428E-04 
4.97927E-04 
1.23803E-03 
3.13485E-03 
2.02672E-04 
5.01313E-04 
1.24653E-03 
3.14132E-03 
7.96208E-03 
2.04791E-04 
5.06314E-04 
1.25863E-03 
3.15387E-03 
7.97360E-03 
2.06325E-04 
5.09536E-04 
1.26576E-03 
3.15731E-03 
7.95479E-03 
2.01146E-02 
2.02408E-04 
5.01378E-04 
1.24746E-03 
3.11009E-03 
7.81639E-03 
1.97085E-02 
5.02263E-02 
4.86177E-04 
1.21548E-03 
3.03862E-03 
7.63372E-03 
1.92247E-02 
4.87902E-02 
1.20731E-03 
3.02215E-03 
7.58543E-03 
1.90713E-02 
4.81955E-02 
1.23667E-01 
3.03966E-03 
7.62286E-03 
1.91373E-02 
4.81930E-02 
1.22439E-01 
3.18961E-01 
---
