PdfType: replica
Format: lhagrid1
---
4.34963E-04 7.77181E-04 7.77181E-04 1.38865E-03 1.38865E-03 2.48120E-03 2.48120E-03 2.48120E-03 4.43334E-03 4.43334E-03 4.43334E-03 4.43334E-03 7.92137E-03 7.92137E-03 7.92137E-03 7.92137E-03 1.41537E-02 1.41537E-02 1.41537E-02 1.41537E-02 1.41537E-02 2.52895E-02 2.52895E-02 2.52895E-02 2.52895E-02 2.52895E-02 4.51866E-02 4.51866E-02 4.51866E-02 4.51866E-02 4.51866E-02 4.51866E-02 8.07383E-02 8.07383E-02 8.07383E-02 8.07383E-02 8.07383E-02 8.07383E-02 8.07383E-02 1.44261E-01 1.44261E-01 1.44261E-01 1.44261E-01 1.44261E-01 1.44261E-01 2.57762E-01 2.57762E-01 2.57762E-01 2.57762E-01 2.57762E-01 2.57762E-01 4.60562E-01 4.60562E-01 4.60562E-01 4.60562E-01 4.60562E-01 4.60562E-01 
1.58489E+00 1.58489E+00 2.51189E+00 1.58489E+00 2.51189E+00 1.58489E+00 2.51189E+00 3.98107E+00 1.58489E+00 2.51189E+00 3.98107E+00 6.30957E+00 1.58489E+00 2.51189E+00 3.98107E+00 6.30957E+00 1.58489E+00 2.51189E+00 3.98107E+00 6.30957E+00 9.99999E+00 1.58489E+00 2.51189E+00 3.98107E+00 6.30957E+00 9.99999E+00 1.58489E+00 2.51189E+00 3.98107E+00 6.30957E+00 9.99999E+00 1.58489E+01 1.58489E+00 2.51189E+00 3.98107E+00 6.30957E+00 9.99999E+00 1.58489E+01 2.51189E+01 2.51189E+00 3.98107E+00 6.30957E+00 9.99999E+00 1.58489E+01 2.51189E+01 3.98107E+00 6.30957E+00 9.99999E+00 1.58489E+01 2.51189E+01 3.98107E+01 6.30957E+00 9.99999E+00 1.58489E+01 2.51189E+01 3.98107E+01 6.30957E+01 
90000 
2.66094E-05 
2.85219E-05 
5.86230E-05 
3.02043E-05 
6.37646E-05 
3.17739E-05 
6.83849E-05 
1.45873E-04 
3.33633E-05 
7.29291E-05 
1.60174E-04 
3.65259E-04 
3.51355E-05 
7.78599E-05 
1.74219E-04 
4.07820E-04 
3.73666E-05 
8.36280E-05 
1.89580E-04 
4.40650E-04 
8.42025E-04 
3.99692E-05 
8.98808E-05 
2.05879E-04 
4.70385E-04 
9.55023E-04 
4.10933E-05 
9.29296E-05 
2.14866E-04 
4.86268E-04 
1.01933E-03 
1.01624E-03 
3.69981E-05 
8.54374E-05 
2.00612E-04 
4.57931E-04 
9.78209E-04 
1.22770E-03 
-5.82940E-03 
6.94523E-05 
1.68253E-04 
3.94449E-04 
8.62681E-04 
1.25327E-03 
-3.30257E-03 
1.53122E-04 
3.70289E-04 
8.46747E-04 
1.51089E-03 
-4.86768E-04 
-3.15998E-02 
3.83367E-04 
9.15332E-04 
1.92825E-03 
2.26209E-03 
-1.21224E-02 
-1.57254E-01 
---
