PdfType: replica
Format: lhagrid1
---
4.34963E-04 7.77181E-04 7.77181E-04 1.38865E-03 1.38865E-03 2.48120E-03 2.48120E-03 2.48120E-03 4.43334E-03 4.43334E-03 4.43334E-03 4.43334E-03 7.92137E-03 7.92137E-03 7.92137E-03 7.92137E-03 1.41537E-02 1.41537E-02 1.41537E-02 1.41537E-02 1.41537E-02 2.52895E-02 2.52895E-02 2.52895E-02 2.52895E-02 2.52895E-02 4.51866E-02 4.51866E-02 4.51866E-02 4.51866E-02 4.51866E-02 4.51866E-02 8.07383E-02 8.07383E-02 8.07383E-02 8.07383E-02 8.07383E-02 8.07383E-02 8.07383E-02 1.44261E-01 1.44261E-01 1.44261E-01 1.44261E-01 1.44261E-01 1.44261E-01 2.57762E-01 2.57762E-01 2.57762E-01 2.57762E-01 2.57762E-01 2.57762E-01 4.60562E-01 4.60562E-01 4.60562E-01 4.60562E-01 4.60562E-01 4.60562E-01 
1.58489E+00 1.58489E+00 2.51189E+00 1.58489E+00 2.51189E+00 1.58489E+00 2.51189E+00 3.98107E+00 1.58489E+00 2.51189E+00 3.98107E+00 6.30957E+00 1.58489E+00 2.51189E+00 3.98107E+00 6.30957E+00 1.58489E+00 2.51189E+00 3.98107E+00 6.30957E+00 9.99999E+00 1.58489E+00 2.51189E+00 3.98107E+00 6.30957E+00 9.99999E+00 1.58489E+00 2.51189E+00 3.98107E+00 6.30957E+00 9.99999E+00 1.58489E+01 1.58489E+00 2.51189E+00 3.98107E+00 6.30957E+00 9.99999E+00 1.58489E+01 2.51189E+01 2.51189E+00 3.98107E+00 6.30957E+00 9.99999E+00 1.58489E+01 2.51189E+01 3.98107E+00 6.30957E+00 9.99999E+00 1.58489E+01 2.51189E+01 3.98107E+01 6.30957E+00 9.99999E+00 1.58489E+01 2.51189E+01 3.98107E+01 6.30957E+01 
90000 
3.55195E-05 
3.64217E-05 
7.56263E-05 
3.71808E-05 
7.89448E-05 
3.79166E-05 
8.21369E-05 
1.77890E-04 
3.88478E-05 
8.56379E-05 
1.90083E-04 
4.33712E-04 
4.03109E-05 
9.01931E-05 
2.03657E-04 
4.75374E-04 
4.28139E-05 
9.66776E-05 
2.20916E-04 
5.13161E-04 
9.97577E-04 
4.62960E-05 
1.04787E-04 
2.41509E-04 
5.53736E-04 
1.14206E-03 
4.81240E-05 
1.09362E-04 
2.53985E-04 
5.79418E-04 
1.23554E-03 
1.48258E-03 
4.33845E-05 
1.00481E-04 
2.36521E-04 
5.44777E-04 
1.18587E-03 
1.72086E-03 
-4.69593E-03 
8.04553E-05 
1.94846E-04 
4.59106E-04 
1.02288E-03 
1.65695E-03 
-2.24458E-03 
1.74471E-04 
4.23770E-04 
9.80797E-04 
1.84860E-03 
3.75766E-04 
-2.93184E-02 
4.41080E-04 
1.06034E-03 
2.29496E-03 
3.20292E-03 
-9.61430E-03 
-1.49903E-01 
---
