PdfType: replica
Format: lhagrid1
---
4.34963E-04 7.77181E-04 7.77181E-04 1.38865E-03 1.38865E-03 2.48120E-03 2.48120E-03 2.48120E-03 4.43334E-03 4.43334E-03 4.43334E-03 4.43334E-03 7.92137E-03 7.92137E-03 7.92137E-03 7.92137E-03 1.41537E-02 1.41537E-02 1.41537E-02 1.41537E-02 1.41537E-02 2.52895E-02 2.52895E-02 2.52895E-02 2.52895E-02 2.52895E-02 4.51866E-02 4.51866E-02 4.51866E-02 4.51866E-02 4.51866E-02 4.51866E-02 8.07383E-02 8.07383E-02 8.07383E-02 8.07383E-02 8.07383E-02 8.07383E-02 8.07383E-02 1.44261E-01 1.44261E-01 1.44261E-01 1.44261E-01 1.44261E-01 1.44261E-01 2.57762E-01 2.57762E-01 2.57762E-01 2.57762E-01 2.57762E-01 2.57762E-01 4.60562E-01 4.60562E-01 4.60562E-01 4.60562E-01 4.60562E-01 4.60562E-01 
1.58489E+00 1.58489E+00 2.51189E+00 1.58489E+00 2.51189E+00 1.58489E+00 2.51189E+00 3.98107E+00 1.58489E+00 2.51189E+00 3.98107E+00 6.30957E+00 1.58489E+00 2.51189E+00 3.98107E+00 6.30957E+00 1.58489E+00 2.51189E+00 3.98107E+00 6.30957E+00 9.99999E+00 1.58489E+00 2.51189E+00 3.98107E+00 6.30957E+00 9.99999E+00 1.58489E+00 2.51189E+00 3.98107E+00 6.30957E+00 9.99999E+00 1.58489E+01 1.58489E+00 2.51189E+00 3.98107E+00 6.30957E+00 9.99999E+00 1.58489E+01 2.51189E+01 2.51189E+00 3.98107E+00 6.30957E+00 9.99999E+00 1.58489E+01 2.51189E+01 3.98107E+00 6.30957E+00 9.99999E+00 1.58489E+01 2.51189E+01 3.98107E+01 6.30957E+00 9.99999E+00 1.58489E+01 2.51189E+01 3.98107E+01 6.30957E+01 
90000 
3.40220E-05 
3.57930E-05 
7.72421E-05 
3.73296E-05 
8.19818E-05 
3.87252E-05 
8.61855E-05 
1.91792E-04 
4.00829E-05 
9.02049E-05 
2.04696E-04 
4.82225E-04 
4.15455E-05 
9.44572E-05 
2.17108E-04 
5.19811E-04 
4.34551E-05 
9.95603E-05 
2.30911E-04 
5.48139E-04 
1.13387E-03 
4.59916E-05 
1.05674E-04 
2.46679E-04 
5.75707E-04 
1.23367E-03 
4.73074E-05 
1.08849E-04 
2.55234E-04 
5.89462E-04 
1.28603E-03 
1.74448E-03 
4.24757E-05 
9.93880E-05 
2.35918E-04 
5.48545E-04 
1.21311E-03 
1.87015E-03 
-3.83303E-03 
8.20111E-05 
2.00713E-04 
4.78141E-04 
1.08249E-03 
1.85428E-03 
-1.48450E-03 
1.90850E-04 
4.65259E-04 
1.08964E-03 
2.14606E-03 
1.27275E-03 
-2.60267E-02 
4.86948E-04 
1.17673E-03 
2.59655E-03 
4.02595E-03 
-7.09150E-03 
-1.40285E-01 
---
