PdfType: replica
Format: lhagrid1
---
4.34963E-04 7.77181E-04 7.77181E-04 1.38865E-03 1.38865E-03 2.48120E-03 2.48120E-03 2.48120E-03 4.43334E-03 4.43334E-03 4.43334E-03 4.43334E-03 7.92137E-03 7.92137E-03 7.92137E-03 7.92137E-03 1.41537E-02 1.41537E-02 1.41537E-02 1.41537E-02 1.41537E-02 2.52895E-02 2.52895E-02 2.52895E-02 2.52895E-02 2.52895E-02 4.51866E-02 4.51866E-02 4.51866E-02 4.51866E-02 4.51866E-02 4.51866E-02 8.07383E-02 8.07383E-02 8.07383E-02 8.07383E-02 8.07383E-02 8.07383E-02 8.07383E-02 1.44261E-01 1.44261E-01 1.44261E-01 1.44261E-01 1.44261E-01 1.44261E-01 2.57762E-01 2.57762E-01 2.57762E-01 2.57762E-01 2.57762E-01 2.57762E-01 4.60562E-01 4.60562E-01 4.60562E-01 4.60562E-01 4.60562E-01 4.60562E-01 
1.58489E+00 1.58489E+00 2.51189E+00 1.58489E+00 2.51189E+00 1.58489E+00 2.51189E+00 3.98107E+00 1.58489E+00 2.51189E+00 3.98107E+00 6.30957E+00 1.58489E+00 2.51189E+00 3.98107E+00 6.30957E+00 1.58489E+00 2.51189E+00 3.98107E+00 6.30957E+00 9.99999E+00 1.58489E+00 2.51189E+00 3.98107E+00 6.30957E+00 9.99999E+00 1.58489E+00 2.51189E+00 3.98107E+00 6.30957E+00 9.99999E+00 1.58489E+01 1.58489E+00 2.51189E+00 3.98107E+00 6.30957E+00 9.99999E+00 1.58489E+01 2.51189E+01 2.51189E+00 3.98107E+00 6.30957E+00 9.99999E+00 1.58489E+01 2.51189E+01 3.98107E+00 6.30957E+00 9.99999E+00 1.58489E+01 2.51189E+01 3.98107E+01 6.30957E+00 9.99999E+00 1.58489E+01 2.51189E+01 3.98107E+01 6.30957E+01 
90000 
3.88288E-05 
3.99002E-05 
8.77639E-05 
4.07221E-05 
9.10072E-05 
4.14006E-05 
9.37467E-05 
2.12915E-04 
4.20829E-05 
9.63687E-05 
2.22346E-04 
5.33497E-04 
4.29962E-05 
9.94505E-05 
2.31893E-04 
5.62478E-04 
4.45881E-05 
1.03823E-04 
2.43824E-04 
5.85162E-04 
1.23825E-03 
4.70641E-05 
1.09726E-04 
2.58917E-04 
6.10409E-04 
1.32981E-03 
4.86065E-05 
1.13409E-04 
2.68610E-04 
6.26619E-04 
1.38753E-03 
2.02739E-03 
4.49252E-05 
1.06395E-04 
2.54733E-04 
5.97817E-04 
1.34241E-03 
2.21565E-03 
-2.84654E-03 
9.20018E-05 
2.25830E-04 
5.40849E-04 
1.24175E-03 
2.26635E-03 
-3.59173E-04 
2.16487E-04 
5.29847E-04 
1.25237E-03 
2.56375E-03 
2.39686E-03 
-2.26470E-02 
5.48055E-04 
1.33108E-03 
2.99094E-03 
5.07147E-03 
-4.06264E-03 
-1.29751E-01 
---
