PdfType: replica
Format: lhagrid1
---
4.34963E-04 7.77181E-04 7.77181E-04 1.38865E-03 1.38865E-03 2.48120E-03 2.48120E-03 2.48120E-03 4.43334E-03 4.43334E-03 4.43334E-03 4.43334E-03 7.92137E-03 7.92137E-03 7.92137E-03 7.92137E-03 1.41537E-02 1.41537E-02 1.41537E-02 1.41537E-02 1.41537E-02 2.52895E-02 2.52895E-02 2.52895E-02 2.52895E-02 2.52895E-02 4.51866E-02 4.51866E-02 4.51866E-02 4.51866E-02 4.51866E-02 4.51866E-02 8.07383E-02 8.07383E-02 8.07383E-02 8.07383E-02 8.07383E-02 8.07383E-02 8.07383E-02 1.44261E-01 1.44261E-01 1.44261E-01 1.44261E-01 1.44261E-01 1.44261E-01 2.57762E-01 2.57762E-01 2.57762E-01 2.57762E-01 2.57762E-01 2.57762E-01 4.60562E-01 4.60562E-01 4.60562E-01 4.60562E-01 4.60562E-01 4.60562E-01 
1.58489E+00 1.58489E+00 2.51189E+00 1.58489E+00 2.51189E+00 1.58489E+00 2.51189E+00 3.98107E+00 1.58489E+00 2.51189E+00 3.98107E+00 6.30957E+00 1.58489E+00 2.51189E+00 3.98107E+00 6.30957E+00 1.58489E+00 2.51189E+00 3.98107E+00 6.30957E+00 9.99999E+00 1.58489E+00 2.51189E+00 3.98107E+00 6.30957E+00 9.99999E+00 1.58489E+00 2.51189E+00 3.98107E+00 6.30957E+00 9.99999E+00 1.58489E+01 1.58489E+00 2.51189E+00 3.98107E+00 6.30957E+00 9.99999E+00 1.58489E+01 2.51189E+01 2.51189E+00 3.98107E+00 6.30957E+00 9.99999E+00 1.58489E+01 2.51189E+01 3.98107E+00 6.30957E+00 9.99999E+00 1.58489E+01 2.51189E+01 3.98107E+01 6.30957E+00 9.99999E+00 1.58489E+01 2.51189E+01 3.98107E+01 6.30957E+01 
90000 
2.07114E-04 
2.08279E-04 
5.10827E-04 
2.09537E-04 
5.13243E-04 
2.10858E-04 
5.16405E-04 
1.27895E-03 
2.12307E-04 
5.20180E-04 
1.28728E-03 
3.25797E-03 
2.14030E-04 
5.24725E-04 
1.29808E-03 
3.27365E-03 
2.16231E-04 
5.30158E-04 
1.31120E-03 
3.29029E-03 
8.31950E-03 
2.18388E-04 
5.35210E-04 
1.32364E-03 
3.30445E-03 
8.33397E-03 
2.17672E-04 
5.34372E-04 
1.32293E-03 
3.29266E-03 
8.28242E-03 
2.09439E-02 
2.10675E-04 
5.20809E-04 
1.29417E-03 
3.22420E-03 
8.09877E-03 
2.04330E-02 
5.22475E-02 
5.03014E-04 
1.25691E-03 
3.14087E-03 
7.88997E-03 
1.98845E-02 
5.06056E-02 
1.24509E-03 
3.11693E-03 
7.82314E-03 
1.96794E-02 
4.98293E-02 
1.28595E-01 
3.12653E-03 
7.83895E-03 
1.96829E-02 
4.96181E-02 
1.26469E-01 
3.32489E-01 
---
