PdfType: replica
Format: lhagrid1
---
4.34963E-04 7.77181E-04 7.77181E-04 1.38865E-03 1.38865E-03 2.48120E-03 2.48120E-03 2.48120E-03 4.43334E-03 4.43334E-03 4.43334E-03 4.43334E-03 7.92137E-03 7.92137E-03 7.92137E-03 7.92137E-03 1.41537E-02 1.41537E-02 1.41537E-02 1.41537E-02 1.41537E-02 2.52895E-02 2.52895E-02 2.52895E-02 2.52895E-02 2.52895E-02 4.51866E-02 4.51866E-02 4.51866E-02 4.51866E-02 4.51866E-02 4.51866E-02 8.07383E-02 8.07383E-02 8.07383E-02 8.07383E-02 8.07383E-02 8.07383E-02 8.07383E-02 1.44261E-01 1.44261E-01 1.44261E-01 1.44261E-01 1.44261E-01 1.44261E-01 2.57762E-01 2.57762E-01 2.57762E-01 2.57762E-01 2.57762E-01 2.57762E-01 4.60562E-01 4.60562E-01 4.60562E-01 4.60562E-01 4.60562E-01 4.60562E-01 
1.58489E+00 1.58489E+00 2.51189E+00 1.58489E+00 2.51189E+00 1.58489E+00 2.51189E+00 3.98107E+00 1.58489E+00 2.51189E+00 3.98107E+00 6.30957E+00 1.58489E+00 2.51189E+00 3.98107E+00 6.30957E+00 1.58489E+00 2.51189E+00 3.98107E+00 6.30957E+00 9.99999E+00 1.58489E+00 2.51189E+00 3.98107E+00 6.30957E+00 9.99999E+00 1.58489E+00 2.51189E+00 3.98107E+00 6.30957E+00 9.99999E+00 1.58489E+01 1.58489E+00 2.51189E+00 3.98107E+00 6.30957E+00 9.99999E+00 1.58489E+01 2.51189E+01 2.51189E+00 3.98107E+00 6.30957E+00 9.99999E+00 1.58489E+01 2.51189E+01 3.98107E+00 6.30957E+00 9.99999E+00 1.58489E+01 2.51189E+01 3.98107E+01 6.30957E+00 9.99999E+00 1.58489E+01 2.51189E+01 3.98107E+01 6.30957E+01 
90000 
2.15397E-05 
2.30105E-05 
4.07422E-05 
2.43052E-05 
4.53084E-05 
2.55419E-05 
4.96567E-05 
9.29506E-05 
2.69226E-05 
5.42119E-05 
1.08087E-04 
2.16638E-04 
2.87425E-05 
5.96150E-05 
1.23999E-04 
2.66500E-04 
3.14063E-05 
6.65111E-05 
1.42558E-04 
3.09427E-04 
4.55838E-04 
3.46460E-05 
7.42506E-05 
1.62778E-04 
3.51132E-04 
6.11911E-04 
3.57515E-05 
7.76525E-05 
1.73295E-04 
3.74132E-04 
7.05516E-04 
5.86341E-05 
3.04808E-05 
6.79521E-05 
1.54568E-04 
3.37495E-04 
6.55613E-04 
3.16253E-04 
-8.77494E-03 
4.83810E-05 
1.14201E-04 
2.55072E-04 
5.01536E-04 
2.79297E-04 
-6.20432E-03 
9.31833E-05 
2.18741E-04 
4.56780E-04 
4.72809E-04 
-3.48533E-03 
-4.18944E-02 
2.18074E-04 
4.94503E-04 
8.34555E-04 
-7.25954E-04 
-2.12603E-02 
-1.91770E-01 
---
