PdfType: replica
Format: lhagrid1
---
4.34963E-04 7.77181E-04 7.77181E-04 1.38865E-03 1.38865E-03 2.48120E-03 2.48120E-03 2.48120E-03 4.43334E-03 4.43334E-03 4.43334E-03 4.43334E-03 7.92137E-03 7.92137E-03 7.92137E-03 7.92137E-03 1.41537E-02 1.41537E-02 1.41537E-02 1.41537E-02 1.41537E-02 2.52895E-02 2.52895E-02 2.52895E-02 2.52895E-02 2.52895E-02 4.51866E-02 4.51866E-02 4.51866E-02 4.51866E-02 4.51866E-02 4.51866E-02 8.07383E-02 8.07383E-02 8.07383E-02 8.07383E-02 8.07383E-02 8.07383E-02 8.07383E-02 1.44261E-01 1.44261E-01 1.44261E-01 1.44261E-01 1.44261E-01 1.44261E-01 2.57762E-01 2.57762E-01 2.57762E-01 2.57762E-01 2.57762E-01 2.57762E-01 4.60562E-01 4.60562E-01 4.60562E-01 4.60562E-01 4.60562E-01 4.60562E-01 
1.58489E+00 1.58489E+00 2.51189E+00 1.58489E+00 2.51189E+00 1.58489E+00 2.51189E+00 3.98107E+00 1.58489E+00 2.51189E+00 3.98107E+00 6.30957E+00 1.58489E+00 2.51189E+00 3.98107E+00 6.30957E+00 1.58489E+00 2.51189E+00 3.98107E+00 6.30957E+00 9.99999E+00 1.58489E+00 2.51189E+00 3.98107E+00 6.30957E+00 9.99999E+00 1.58489E+00 2.51189E+00 3.98107E+00 6.30957E+00 9.99999E+00 1.58489E+01 1.58489E+00 2.51189E+00 3.98107E+00 6.30957E+00 9.99999E+00 1.58489E+01 2.51189E+01 2.51189E+00 3.98107E+00 6.30957E+00 9.99999E+00 1.58489E+01 2.51189E+01 3.98107E+00 6.30957E+00 9.99999E+00 1.58489E+01 2.51189E+01 3.98107E+01 6.30957E+00 9.99999E+00 1.58489E+01 2.51189E+01 3.98107E+01 6.30957E+01 
90000 
2.10073E-04 
2.10561E-04 
5.16794E-04 
2.11052E-04 
5.17802E-04 
2.11509E-04 
5.19281E-04 
1.28832E-03 
2.11984E-04 
5.21069E-04 
1.29240E-03 
3.27695E-03 
2.12614E-04 
5.23384E-04 
1.29840E-03 
3.28208E-03 
2.13731E-04 
5.26741E-04 
1.30712E-03 
3.28912E-03 
8.33831E-03 
2.15450E-04 
5.31169E-04 
1.31838E-03 
3.30057E-03 
8.34459E-03 
2.16165E-04 
5.33189E-04 
1.32362E-03 
3.30113E-03 
8.31891E-03 
2.10872E-02 
2.11982E-04 
5.24853E-04 
1.30544E-03 
3.25476E-03 
8.18215E-03 
2.06704E-02 
5.30113E-02 
5.08966E-04 
1.27175E-03 
3.17857E-03 
7.98637E-03 
2.01407E-02 
5.13517E-02 
1.25865E-03 
3.15096E-03 
7.91087E-03 
1.99116E-02 
5.04874E-02 
1.30772E-01 
3.15827E-03 
7.92022E-03 
1.98944E-02 
5.01971E-02 
1.28252E-01 
3.39316E-01 
---
