PdfType: replica
Format: lhagrid1
---
4.34963E-04 7.77181E-04 7.77181E-04 1.38865E-03 1.38865E-03 2.48120E-03 2.48120E-03 2.48120E-03 4.43334E-03 4.43334E-03 4.43334E-03 4.43334E-03 7.92137E-03 7.92137E-03 7.92137E-03 7.92137E-03 1.41537E-02 1.41537E-02 1.41537E-02 1.41537E-02 1.41537E-02 2.52895E-02 2.52895E-02 2.52895E-02 2.52895E-02 2.52895E-02 4.51866E-02 4.51866E-02 4.51866E-02 4.51866E-02 4.51866E-02 4.51866E-02 8.07383E-02 8.07383E-02 8.07383E-02 8.07383E-02 8.07383E-02 8.07383E-02 8.07383E-02 1.44261E-01 1.44261E-01 1.44261E-01 1.44261E-01 1.44261E-01 1.44261E-01 2.57762E-01 2.57762E-01 2.57762E-01 2.57762E-01 2.57762E-01 2.57762E-01 4.60562E-01 4.60562E-01 4.60562E-01 4.60562E-01 4.60562E-01 4.60562E-01 
1.58489E+00 1.58489E+00 2.51189E+00 1.58489E+00 2.51189E+00 1.58489E+00 2.51189E+00 3.98107E+00 1.58489E+00 2.51189E+00 3.98107E+00 6.30957E+00 1.58489E+00 2.51189E+00 3.98107E+00 6.30957E+00 1.58489E+00 2.51189E+00 3.98107E+00 6.30957E+00 9.99999E+00 1.58489E+00 2.51189E+00 3.98107E+00 6.30957E+00 9.99999E+00 1.58489E+00 2.51189E+00 3.98107E+00 6.30957E+00 9.99999E+00 1.58489E+01 1.58489E+00 2.51189E+00 3.98107E+00 6.30957E+00 9.99999E+00 1.58489E+01 2.51189E+01 2.51189E+00 3.98107E+00 6.30957E+00 9.99999E+00 1.58489E+01 2.51189E+01 3.98107E+00 6.30957E+00 9.99999E+00 1.58489E+01 2.51189E+01 3.98107E+01 6.30957E+00 9.99999E+00 1.58489E+01 2.51189E+01 3.98107E+01 6.30957E+01 
90000 
2.10089E-04 
2.11074E-04 
5.19767E-04 
2.12182E-04 
5.21824E-04 
2.13386E-04 
5.24619E-04 
1.30220E-03 
2.14740E-04 
5.28027E-04 
1.30955E-03 
3.31919E-03 
2.16350E-04 
5.32156E-04 
1.31920E-03 
3.33222E-03 
2.18368E-04 
5.37068E-04 
1.33095E-03 
3.34548E-03 
8.47354E-03 
2.20392E-04 
5.41808E-04 
1.34264E-03 
3.35754E-03 
8.48278E-03 
2.20311E-04 
5.42345E-04 
1.34506E-03 
3.35251E-03 
8.44662E-03 
2.14181E-02 
2.15288E-04 
5.32839E-04 
1.32506E-03 
3.30336E-03 
8.30507E-03 
2.09939E-02 
5.39510E-02 
5.16984E-04 
1.29122E-03 
3.22628E-03 
8.10578E-03 
2.04498E-02 
5.22198E-02 
1.27429E-03 
3.18950E-03 
8.00677E-03 
2.01568E-02 
5.11552E-02 
1.32864E-01 
3.18520E-03 
7.98660E-03 
2.00622E-02 
5.06459E-02 
1.29617E-01 
3.44555E-01 
---
