PdfType: replica
Format: lhagrid1
---
4.34963E-04 7.77181E-04 7.77181E-04 1.38865E-03 1.38865E-03 2.48120E-03 2.48120E-03 2.48120E-03 4.43334E-03 4.43334E-03 4.43334E-03 4.43334E-03 7.92137E-03 7.92137E-03 7.92137E-03 7.92137E-03 1.41537E-02 1.41537E-02 1.41537E-02 1.41537E-02 1.41537E-02 2.52895E-02 2.52895E-02 2.52895E-02 2.52895E-02 2.52895E-02 4.51866E-02 4.51866E-02 4.51866E-02 4.51866E-02 4.51866E-02 4.51866E-02 8.07383E-02 8.07383E-02 8.07383E-02 8.07383E-02 8.07383E-02 8.07383E-02 8.07383E-02 1.44261E-01 1.44261E-01 1.44261E-01 1.44261E-01 1.44261E-01 1.44261E-01 2.57762E-01 2.57762E-01 2.57762E-01 2.57762E-01 2.57762E-01 2.57762E-01 4.60562E-01 4.60562E-01 4.60562E-01 4.60562E-01 4.60562E-01 4.60562E-01 
1.58489E+00 1.58489E+00 2.51189E+00 1.58489E+00 2.51189E+00 1.58489E+00 2.51189E+00 3.98107E+00 1.58489E+00 2.51189E+00 3.98107E+00 6.30957E+00 1.58489E+00 2.51189E+00 3.98107E+00 6.30957E+00 1.58489E+00 2.51189E+00 3.98107E+00 6.30957E+00 9.99999E+00 1.58489E+00 2.51189E+00 3.98107E+00 6.30957E+00 9.99999E+00 1.58489E+00 2.51189E+00 3.98107E+00 6.30957E+00 9.99999E+00 1.58489E+01 1.58489E+00 2.51189E+00 3.98107E+00 6.30957E+00 9.99999E+00 1.58489E+01 2.51189E+01 2.51189E+00 3.98107E+00 6.30957E+00 9.99999E+00 1.58489E+01 2.51189E+01 3.98107E+00 6.30957E+00 9.99999E+00 1.58489E+01 2.51189E+01 3.98107E+01 6.30957E+00 9.99999E+00 1.58489E+01 2.51189E+01 3.98107E+01 6.30957E+01 
90000 
2.06256E-05 
2.18425E-05 
4.33149E-05 
2.28886E-05 
4.71215E-05 
2.39015E-05 
5.05705E-05 
1.03424E-04 
2.50715E-05 
5.41837E-05 
1.15637E-04 
2.53409E-04 
2.66546E-05 
5.85986E-05 
1.28448E-04 
2.93369E-04 
2.90038E-05 
6.44176E-05 
1.43722E-04 
3.25924E-04 
5.36238E-04 
3.19097E-05 
7.10894E-05 
1.60648E-04 
3.57368E-04 
6.58128E-04 
3.30851E-05 
7.41527E-05 
1.69400E-04 
3.73714E-04 
7.27351E-04 
1.90994E-04 
2.89471E-05 
6.64092E-05 
1.54316E-04 
3.43768E-04 
6.86836E-04 
4.40271E-04 
-8.25669E-03 
5.19639E-05 
1.25170E-04 
2.86488E-04 
5.90106E-04 
5.34734E-04 
-5.39221E-03 
1.14868E-04 
2.74071E-04 
6.02031E-04 
8.67353E-04 
-2.31786E-03 
-3.77661E-02 
2.97545E-04 
6.97677E-04 
1.36530E-03 
7.27657E-04 
-1.68370E-02 
-1.75312E-01 
---
