PdfType: replica
Format: lhagrid1
---
4.34963E-04 7.77181E-04 7.77181E-04 1.38865E-03 1.38865E-03 2.48120E-03 2.48120E-03 2.48120E-03 4.43334E-03 4.43334E-03 4.43334E-03 4.43334E-03 7.92137E-03 7.92137E-03 7.92137E-03 7.92137E-03 1.41537E-02 1.41537E-02 1.41537E-02 1.41537E-02 1.41537E-02 2.52895E-02 2.52895E-02 2.52895E-02 2.52895E-02 2.52895E-02 4.51866E-02 4.51866E-02 4.51866E-02 4.51866E-02 4.51866E-02 4.51866E-02 8.07383E-02 8.07383E-02 8.07383E-02 8.07383E-02 8.07383E-02 8.07383E-02 8.07383E-02 1.44261E-01 1.44261E-01 1.44261E-01 1.44261E-01 1.44261E-01 1.44261E-01 2.57762E-01 2.57762E-01 2.57762E-01 2.57762E-01 2.57762E-01 2.57762E-01 4.60562E-01 4.60562E-01 4.60562E-01 4.60562E-01 4.60562E-01 4.60562E-01 
1.58489E+00 1.58489E+00 2.51189E+00 1.58489E+00 2.51189E+00 1.58489E+00 2.51189E+00 3.98107E+00 1.58489E+00 2.51189E+00 3.98107E+00 6.30957E+00 1.58489E+00 2.51189E+00 3.98107E+00 6.30957E+00 1.58489E+00 2.51189E+00 3.98107E+00 6.30957E+00 9.99999E+00 1.58489E+00 2.51189E+00 3.98107E+00 6.30957E+00 9.99999E+00 1.58489E+00 2.51189E+00 3.98107E+00 6.30957E+00 9.99999E+00 1.58489E+01 1.58489E+00 2.51189E+00 3.98107E+00 6.30957E+00 9.99999E+00 1.58489E+01 2.51189E+01 2.51189E+00 3.98107E+00 6.30957E+00 9.99999E+00 1.58489E+01 2.51189E+01 3.98107E+00 6.30957E+00 9.99999E+00 1.58489E+01 2.51189E+01 3.98107E+01 6.30957E+00 9.99999E+00 1.58489E+01 2.51189E+01 3.98107E+01 6.30957E+01 
90000 
2.85503E-05 
3.01500E-05 
6.39573E-05 
3.15712E-05 
6.83476E-05 
3.28850E-05 
7.23157E-05 
1.57385E-04 
3.41931E-05 
7.61933E-05 
1.70015E-04 
3.91933E-04 
3.56696E-05 
8.04603E-05 
1.82518E-04 
4.30673E-04 
3.77446E-05 
8.58960E-05 
1.97071E-04 
4.61335E-04 
8.91837E-04 
4.06916E-05 
9.27454E-05 
2.14306E-04 
4.92435E-04 
1.00500E-03 
4.23616E-05 
9.63423E-05 
2.23390E-04 
5.07229E-04 
1.06420E-03 
1.08027E-03 
3.70823E-05 
8.57146E-05 
2.01269E-04 
4.59898E-04 
9.80485E-04 
1.21428E-03 
-6.00097E-03 
6.72103E-05 
1.63682E-04 
3.84374E-04 
8.40576E-04 
1.19619E-03 
-3.50100E-03 
1.53286E-04 
3.70354E-04 
8.46093E-04 
1.49827E-03 
-5.95651E-04 
-3.23656E-02 
3.86915E-04 
9.21020E-04 
1.93251E-03 
2.23365E-03 
-1.23244E-02 
-1.57609E-01 
---
