PdfType: replica
Format: lhagrid1
---
4.34963E-04 7.77181E-04 7.77181E-04 1.38865E-03 1.38865E-03 2.48120E-03 2.48120E-03 2.48120E-03 4.43334E-03 4.43334E-03 4.43334E-03 4.43334E-03 7.92137E-03 7.92137E-03 7.92137E-03 7.92137E-03 1.41537E-02 1.41537E-02 1.41537E-02 1.41537E-02 1.41537E-02 2.52895E-02 2.52895E-02 2.52895E-02 2.52895E-02 2.52895E-02 4.51866E-02 4.51866E-02 4.51866E-02 4.51866E-02 4.51866E-02 4.51866E-02 8.07383E-02 8.07383E-02 8.07383E-02 8.07383E-02 8.07383E-02 8.07383E-02 8.07383E-02 1.44261E-01 1.44261E-01 1.44261E-01 1.44261E-01 1.44261E-01 1.44261E-01 2.57762E-01 2.57762E-01 2.57762E-01 2.57762E-01 2.57762E-01 2.57762E-01 4.60562E-01 4.60562E-01 4.60562E-01 4.60562E-01 4.60562E-01 4.60562E-01 
1.58489E+00 1.58489E+00 2.51189E+00 1.58489E+00 2.51189E+00 1.58489E+00 2.51189E+00 3.98107E+00 1.58489E+00 2.51189E+00 3.98107E+00 6.30957E+00 1.58489E+00 2.51189E+00 3.98107E+00 6.30957E+00 1.58489E+00 2.51189E+00 3.98107E+00 6.30957E+00 9.99999E+00 1.58489E+00 2.51189E+00 3.98107E+00 6.30957E+00 9.99999E+00 1.58489E+00 2.51189E+00 3.98107E+00 6.30957E+00 9.99999E+00 1.58489E+01 1.58489E+00 2.51189E+00 3.98107E+00 6.30957E+00 9.99999E+00 1.58489E+01 2.51189E+01 2.51189E+00 3.98107E+00 6.30957E+00 9.99999E+00 1.58489E+01 2.51189E+01 3.98107E+00 6.30957E+00 9.99999E+00 1.58489E+01 2.51189E+01 3.98107E+01 6.30957E+00 9.99999E+00 1.58489E+01 2.51189E+01 3.98107E+01 6.30957E+01 
90000 
3.22903E-05 
3.32845E-05 
6.70543E-05 
3.39989E-05 
7.04066E-05 
3.44739E-05 
7.31797E-05 
1.54331E-04 
3.48229E-05 
7.55758E-05 
1.64676E-04 
3.68672E-04 
3.52893E-05 
7.81487E-05 
1.74398E-04 
4.03987E-04 
3.64882E-05 
8.20981E-05 
1.86581E-04 
4.31590E-04 
8.02595E-04 
3.90994E-05 
8.87358E-05 
2.04377E-04 
4.66291E-04 
9.33457E-04 
4.15739E-05 
9.47242E-05 
2.19752E-04 
4.97976E-04 
1.03808E-03 
9.95196E-04 
3.80657E-05 
8.79568E-05 
2.06432E-04 
4.71464E-04 
1.00851E-03 
1.29007E-03 
-5.74552E-03 
7.08955E-05 
1.72254E-04 
4.03933E-04 
8.88887E-04 
1.32103E-03 
-3.15172E-03 
1.62431E-04 
3.93840E-04 
9.01371E-04 
1.62715E-03 
-3.19343E-04 
-3.20245E-02 
4.08841E-04 
9.77411E-04 
2.07781E-03 
2.60769E-03 
-1.14263E-02 
-1.56580E-01 
---
