PdfType: replica
Format: lhagrid1
---
4.34963E-04 7.77181E-04 7.77181E-04 1.38865E-03 1.38865E-03 2.48120E-03 2.48120E-03 2.48120E-03 4.43334E-03 4.43334E-03 4.43334E-03 4.43334E-03 7.92137E-03 7.92137E-03 7.92137E-03 7.92137E-03 1.41537E-02 1.41537E-02 1.41537E-02 1.41537E-02 1.41537E-02 2.52895E-02 2.52895E-02 2.52895E-02 2.52895E-02 2.52895E-02 4.51866E-02 4.51866E-02 4.51866E-02 4.51866E-02 4.51866E-02 4.51866E-02 8.07383E-02 8.07383E-02 8.07383E-02 8.07383E-02 8.07383E-02 8.07383E-02 8.07383E-02 1.44261E-01 1.44261E-01 1.44261E-01 1.44261E-01 1.44261E-01 1.44261E-01 2.57762E-01 2.57762E-01 2.57762E-01 2.57762E-01 2.57762E-01 2.57762E-01 4.60562E-01 4.60562E-01 4.60562E-01 4.60562E-01 4.60562E-01 4.60562E-01 
1.58489E+00 1.58489E+00 2.51189E+00 1.58489E+00 2.51189E+00 1.58489E+00 2.51189E+00 3.98107E+00 1.58489E+00 2.51189E+00 3.98107E+00 6.30957E+00 1.58489E+00 2.51189E+00 3.98107E+00 6.30957E+00 1.58489E+00 2.51189E+00 3.98107E+00 6.30957E+00 9.99999E+00 1.58489E+00 2.51189E+00 3.98107E+00 6.30957E+00 9.99999E+00 1.58489E+00 2.51189E+00 3.98107E+00 6.30957E+00 9.99999E+00 1.58489E+01 1.58489E+00 2.51189E+00 3.98107E+00 6.30957E+00 9.99999E+00 1.58489E+01 2.51189E+01 2.51189E+00 3.98107E+00 6.30957E+00 9.99999E+00 1.58489E+01 2.51189E+01 3.98107E+00 6.30957E+00 9.99999E+00 1.58489E+01 2.51189E+01 3.98107E+01 6.30957E+00 9.99999E+00 1.58489E+01 2.51189E+01 3.98107E+01 6.30957E+01 
90000 
2.68507E-05 
2.86345E-05 
5.69788E-05 
3.01923E-05 
6.18153E-05 
3.16079E-05 
6.62006E-05 
1.37803E-04 
3.29885E-05 
7.04344E-05 
1.51438E-04 
3.36839E-04 
3.44625E-05 
7.48616E-05 
1.64546E-04 
3.77291E-04 
3.62426E-05 
7.98030E-05 
1.78343E-04 
4.07262E-04 
7.38805E-04 
3.81681E-05 
8.48351E-05 
1.92302E-04 
4.32944E-04 
8.45632E-04 
3.85295E-05 
8.65680E-05 
1.98735E-04 
4.44535E-04 
9.02944E-04 
6.50147E-04 
3.40771E-05 
7.82989E-05 
1.82658E-04 
4.12501E-04 
8.56068E-04 
8.71531E-04 
-7.06266E-03 
6.15821E-05 
1.48169E-04 
3.43170E-04 
7.30440E-04 
8.98242E-04 
-4.35021E-03 
1.31139E-04 
3.14457E-04 
7.05768E-04 
1.14727E-03 
-1.47498E-03 
-3.46384E-02 
3.29350E-04 
7.77903E-04 
1.57310E-03 
1.30050E-03 
-1.50283E-02 
-1.68119E-01 
---
