PdfType: replica
Format: lhagrid1
---
4.34963E-04 7.77181E-04 7.77181E-04 1.38865E-03 1.38865E-03 2.48120E-03 2.48120E-03 2.48120E-03 4.43334E-03 4.43334E-03 4.43334E-03 4.43334E-03 7.92137E-03 7.92137E-03 7.92137E-03 7.92137E-03 1.41537E-02 1.41537E-02 1.41537E-02 1.41537E-02 1.41537E-02 2.52895E-02 2.52895E-02 2.52895E-02 2.52895E-02 2.52895E-02 4.51866E-02 4.51866E-02 4.51866E-02 4.51866E-02 4.51866E-02 4.51866E-02 8.07383E-02 8.07383E-02 8.07383E-02 8.07383E-02 8.07383E-02 8.07383E-02 8.07383E-02 1.44261E-01 1.44261E-01 1.44261E-01 1.44261E-01 1.44261E-01 1.44261E-01 2.57762E-01 2.57762E-01 2.57762E-01 2.57762E-01 2.57762E-01 2.57762E-01 4.60562E-01 4.60562E-01 4.60562E-01 4.60562E-01 4.60562E-01 4.60562E-01 
1.58489E+00 1.58489E+00 2.51189E+00 1.58489E+00 2.51189E+00 1.58489E+00 2.51189E+00 3.98107E+00 1.58489E+00 2.51189E+00 3.98107E+00 6.30957E+00 1.58489E+00 2.51189E+00 3.98107E+00 6.30957E+00 1.58489E+00 2.51189E+00 3.98107E+00 6.30957E+00 9.99999E+00 1.58489E+00 2.51189E+00 3.98107E+00 6.30957E+00 9.99999E+00 1.58489E+00 2.51189E+00 3.98107E+00 6.30957E+00 9.99999E+00 1.58489E+01 1.58489E+00 2.51189E+00 3.98107E+00 6.30957E+00 9.99999E+00 1.58489E+01 2.51189E+01 2.51189E+00 3.98107E+00 6.30957E+00 9.99999E+00 1.58489E+01 2.51189E+01 3.98107E+00 6.30957E+00 9.99999E+00 1.58489E+01 2.51189E+01 3.98107E+01 6.30957E+00 9.99999E+00 1.58489E+01 2.51189E+01 3.98107E+01 6.30957E+01 
90000 
2.15212E-04 
2.16619E-04 
5.25368E-04 
2.18028E-04 
5.28200E-04 
2.19339E-04 
5.31673E-04 
1.30942E-03 
2.20529E-04 
5.35303E-04 
1.31760E-03 
3.32331E-03 
2.21583E-04 
5.38845E-04 
1.32666E-03 
3.33482E-03 
2.22500E-04 
5.42050E-04 
1.33566E-03 
3.34330E-03 
8.44113E-03 
2.22893E-04 
5.44208E-04 
1.34317E-03 
3.34844E-03 
8.43806E-03 
2.21450E-04 
5.43053E-04 
1.34377E-03 
3.34252E-03 
8.40571E-03 
2.12550E-02 
2.16404E-04 
5.34293E-04 
1.32651E-03 
3.30189E-03 
8.28695E-03 
2.08948E-02 
5.34137E-02 
5.16732E-04 
1.28819E-03 
3.21427E-03 
8.06142E-03 
2.02912E-02 
5.15930E-02 
1.25717E-03 
3.14491E-03 
7.88840E-03 
1.98342E-02 
5.02062E-02 
1.29569E-01 
3.12402E-03 
7.83048E-03 
1.96579E-02 
4.95550E-02 
1.26381E-01 
3.32940E-01 
---
