PdfType: replica
Format: lhagrid1
---
4.34963E-04 7.77181E-04 7.77181E-04 1.38865E-03 1.38865E-03 2.48120E-03 2.48120E-03 2.48120E-03 4.43334E-03 4.43334E-03 4.43334E-03 4.43334E-03 7.92137E-03 7.92137E-03 7.92137E-03 7.92137E-03 1.41537E-02 1.41537E-02 1.41537E-02 1.41537E-02 1.41537E-02 2.52895E-02 2.52895E-02 2.52895E-02 2.52895E-02 2.52895E-02 4.51866E-02 4.51866E-02 4.51866E-02 4.51866E-02 4.51866E-02 4.51866E-02 8.07383E-02 8.07383E-02 8.07383E-02 8.07383E-02 8.07383E-02 8.07383E-02 8.07383E-02 1.44261E-01 1.44261E-01 1.44261E-01 1.44261E-01 1.44261E-01 1.44261E-01 2.57762E-01 2.57762E-01 2.57762E-01 2.57762E-01 2.57762E-01 2.57762E-01 4.60562E-01 4.60562E-01 4.60562E-01 4.60562E-01 4.60562E-01 4.60562E-01 
1.58489E+00 1.58489E+00 2.51189E+00 1.58489E+00 2.51189E+00 1.58489E+00 2.51189E+00 3.98107E+00 1.58489E+00 2.51189E+00 3.98107E+00 6.30957E+00 1.58489E+00 2.51189E+00 3.98107E+00 6.30957E+00 1.58489E+00 2.51189E+00 3.98107E+00 6.30957E+00 9.99999E+00 1.58489E+00 2.51189E+00 3.98107E+00 6.30957E+00 9.99999E+00 1.58489E+00 2.51189E+00 3.98107E+00 6.30957E+00 9.99999E+00 1.58489E+01 1.58489E+00 2.51189E+00 3.98107E+00 6.30957E+00 9.99999E+00 1.58489E+01 2.51189E+01 2.51189E+00 3.98107E+00 6.30957E+00 9.99999E+00 1.58489E+01 2.51189E+01 3.98107E+00 6.30957E+00 9.99999E+00 1.58489E+01 2.51189E+01 3.98107E+01 6.30957E+00 9.99999E+00 1.58489E+01 2.51189E+01 3.98107E+01 6.30957E+01 
90000 
2.18207E-04 
2.17877E-04 
5.30337E-04 
2.17646E-04 
5.30315E-04 
2.17554E-04 
5.31207E-04 
1.31386E-03 
2.17796E-04 
5.33012E-04 
1.31847E-03 
3.33726E-03 
2.18721E-04 
5.36308E-04 
1.32707E-03 
3.34843E-03 
2.20862E-04 
5.41902E-04 
1.34095E-03 
3.36706E-03 
8.52336E-03 
2.24064E-04 
5.49255E-04 
1.35869E-03 
3.39294E-03 
8.56378E-03 
2.25240E-04 
5.52365E-04 
1.36672E-03 
3.40037E-03 
8.55497E-03 
2.16658E-02 
2.19411E-04 
5.41257E-04 
1.34332E-03 
3.34344E-03 
8.39554E-03 
2.11964E-02 
5.43761E-02 
5.21713E-04 
1.30211E-03 
3.25118E-03 
8.16323E-03 
2.05801E-02 
5.24945E-02 
1.28217E-03 
3.20852E-03 
8.04926E-03 
2.02519E-02 
5.13618E-02 
1.33259E-01 
3.18409E-03 
7.97869E-03 
2.00330E-02 
5.05512E-02 
1.29308E-01 
3.43448E-01 
---
