PdfType: replica
Format: lhagrid1
---
4.34963E-04 7.77181E-04 7.77181E-04 1.38865E-03 1.38865E-03 2.48120E-03 2.48120E-03 2.48120E-03 4.43334E-03 4.43334E-03 4.43334E-03 4.43334E-03 7.92137E-03 7.92137E-03 7.92137E-03 7.92137E-03 1.41537E-02 1.41537E-02 1.41537E-02 1.41537E-02 1.41537E-02 2.52895E-02 2.52895E-02 2.52895E-02 2.52895E-02 2.52895E-02 4.51866E-02 4.51866E-02 4.51866E-02 4.51866E-02 4.51866E-02 4.51866E-02 8.07383E-02 8.07383E-02 8.07383E-02 8.07383E-02 8.07383E-02 8.07383E-02 8.07383E-02 1.44261E-01 1.44261E-01 1.44261E-01 1.44261E-01 1.44261E-01 1.44261E-01 2.57762E-01 2.57762E-01 2.57762E-01 2.57762E-01 2.57762E-01 2.57762E-01 4.60562E-01 4.60562E-01 4.60562E-01 4.60562E-01 4.60562E-01 4.60562E-01 
1.58489E+00 1.58489E+00 2.51189E+00 1.58489E+00 2.51189E+00 1.58489E+00 2.51189E+00 3.98107E+00 1.58489E+00 2.51189E+00 3.98107E+00 6.30957E+00 1.58489E+00 2.51189E+00 3.98107E+00 6.30957E+00 1.58489E+00 2.51189E+00 3.98107E+00 6.30957E+00 9.99999E+00 1.58489E+00 2.51189E+00 3.98107E+00 6.30957E+00 9.99999E+00 1.58489E+00 2.51189E+00 3.98107E+00 6.30957E+00 9.99999E+00 1.58489E+01 1.58489E+00 2.51189E+00 3.98107E+00 6.30957E+00 9.99999E+00 1.58489E+01 2.51189E+01 2.51189E+00 3.98107E+00 6.30957E+00 9.99999E+00 1.58489E+01 2.51189E+01 3.98107E+00 6.30957E+00 9.99999E+00 1.58489E+01 2.51189E+01 3.98107E+01 6.30957E+00 9.99999E+00 1.58489E+01 2.51189E+01 3.98107E+01 6.30957E+01 
90000 
1.75695E-05 
1.89128E-05 
3.28972E-05 
2.00003E-05 
3.70365E-05 
2.09668E-05 
4.06873E-05 
7.51846E-05 
2.20169E-05 
4.43657E-05 
8.79108E-05 
1.79976E-04 
2.34776E-05 
4.88319E-05 
1.01221E-04 
2.21023E-04 
2.59036E-05 
5.50759E-05 
1.17797E-04 
2.56390E-04 
3.50938E-04 
2.93924E-05 
6.31580E-05 
1.38176E-04 
2.95477E-04 
4.86718E-04 
3.15012E-05 
6.83238E-05 
1.51781E-04 
3.23022E-04 
5.80409E-04 
-2.67870E-04 
2.72306E-05 
6.02631E-05 
1.35881E-04 
2.91208E-04 
5.37453E-04 
-7.33370E-06 
-9.80527E-03 
4.09850E-05 
9.62327E-05 
2.10678E-04 
3.90585E-04 
-1.02716E-05 
-7.03576E-03 
7.97459E-05 
1.86547E-04 
3.78532E-04 
2.78456E-04 
-3.99096E-03 
-4.33572E-02 
2.14002E-04 
4.90492E-04 
8.40390E-04 
-6.56345E-04 
-2.08185E-02 
-1.88994E-01 
---
