PdfType: replica
Format: lhagrid1
---
4.34963E-04 7.77181E-04 7.77181E-04 1.38865E-03 1.38865E-03 2.48120E-03 2.48120E-03 2.48120E-03 4.43334E-03 4.43334E-03 4.43334E-03 4.43334E-03 7.92137E-03 7.92137E-03 7.92137E-03 7.92137E-03 1.41537E-02 1.41537E-02 1.41537E-02 1.41537E-02 1.41537E-02 2.52895E-02 2.52895E-02 2.52895E-02 2.52895E-02 2.52895E-02 4.51866E-02 4.51866E-02 4.51866E-02 4.51866E-02 4.51866E-02 4.51866E-02 8.07383E-02 8.07383E-02 8.07383E-02 8.07383E-02 8.07383E-02 8.07383E-02 8.07383E-02 1.44261E-01 1.44261E-01 1.44261E-01 1.44261E-01 1.44261E-01 1.44261E-01 2.57762E-01 2.57762E-01 2.57762E-01 2.57762E-01 2.57762E-01 2.57762E-01 4.60562E-01 4.60562E-01 4.60562E-01 4.60562E-01 4.60562E-01 4.60562E-01 
1.58489E+00 1.58489E+00 2.51189E+00 1.58489E+00 2.51189E+00 1.58489E+00 2.51189E+00 3.98107E+00 1.58489E+00 2.51189E+00 3.98107E+00 6.30957E+00 1.58489E+00 2.51189E+00 3.98107E+00 6.30957E+00 1.58489E+00 2.51189E+00 3.98107E+00 6.30957E+00 9.99999E+00 1.58489E+00 2.51189E+00 3.98107E+00 6.30957E+00 9.99999E+00 1.58489E+00 2.51189E+00 3.98107E+00 6.30957E+00 9.99999E+00 1.58489E+01 1.58489E+00 2.51189E+00 3.98107E+00 6.30957E+00 9.99999E+00 1.58489E+01 2.51189E+01 2.51189E+00 3.98107E+00 6.30957E+00 9.99999E+00 1.58489E+01 2.51189E+01 3.98107E+00 6.30957E+00 9.99999E+00 1.58489E+01 2.51189E+01 3.98107E+01 6.30957E+00 9.99999E+00 1.58489E+01 2.51189E+01 3.98107E+01 6.30957E+01 
90000 
2.81419E-05 
2.94534E-05 
5.73469E-05 
3.05186E-05 
6.12701E-05 
3.14417E-05 
6.48302E-05 
1.33498E-04 
3.23983E-05 
6.83802E-05 
1.45542E-04 
3.22111E-04 
3.36555E-05 
7.25025E-05 
1.57964E-04 
3.59555E-04 
3.56203E-05 
7.78537E-05 
1.72560E-04 
3.90423E-04 
6.86764E-04 
3.81307E-05 
8.39286E-05 
1.88518E-04 
4.20007E-04 
7.99691E-04 
3.86415E-05 
8.57260E-05 
1.94761E-04 
4.30992E-04 
8.56772E-04 
4.77691E-04 
3.29367E-05 
7.48411E-05 
1.73068E-04 
3.86408E-04 
7.85524E-04 
6.67618E-04 
-7.75372E-03 
5.65705E-05 
1.36045E-04 
3.12243E-04 
6.52080E-04 
6.83366E-04 
-5.04374E-03 
1.22853E-04 
2.94741E-04 
6.53741E-04 
9.97512E-04 
-1.98212E-03 
-3.68317E-02 
3.17543E-04 
7.51094E-04 
1.50938E-03 
1.14384E-03 
-1.54319E-02 
-1.69220E-01 
---
