PdfType: replica
Format: lhagrid1
---
4.34963E-04 7.77181E-04 7.77181E-04 1.38865E-03 1.38865E-03 2.48120E-03 2.48120E-03 2.48120E-03 4.43334E-03 4.43334E-03 4.43334E-03 4.43334E-03 7.92137E-03 7.92137E-03 7.92137E-03 7.92137E-03 1.41537E-02 1.41537E-02 1.41537E-02 1.41537E-02 1.41537E-02 2.52895E-02 2.52895E-02 2.52895E-02 2.52895E-02 2.52895E-02 4.51866E-02 4.51866E-02 4.51866E-02 4.51866E-02 4.51866E-02 4.51866E-02 8.07383E-02 8.07383E-02 8.07383E-02 8.07383E-02 8.07383E-02 8.07383E-02 8.07383E-02 1.44261E-01 1.44261E-01 1.44261E-01 1.44261E-01 1.44261E-01 1.44261E-01 2.57762E-01 2.57762E-01 2.57762E-01 2.57762E-01 2.57762E-01 2.57762E-01 4.60562E-01 4.60562E-01 4.60562E-01 4.60562E-01 4.60562E-01 4.60562E-01 
1.58489E+00 1.58489E+00 2.51189E+00 1.58489E+00 2.51189E+00 1.58489E+00 2.51189E+00 3.98107E+00 1.58489E+00 2.51189E+00 3.98107E+00 6.30957E+00 1.58489E+00 2.51189E+00 3.98107E+00 6.30957E+00 1.58489E+00 2.51189E+00 3.98107E+00 6.30957E+00 9.99999E+00 1.58489E+00 2.51189E+00 3.98107E+00 6.30957E+00 9.99999E+00 1.58489E+00 2.51189E+00 3.98107E+00 6.30957E+00 9.99999E+00 1.58489E+01 1.58489E+00 2.51189E+00 3.98107E+00 6.30957E+00 9.99999E+00 1.58489E+01 2.51189E+01 2.51189E+00 3.98107E+00 6.30957E+00 9.99999E+00 1.58489E+01 2.51189E+01 3.98107E+00 6.30957E+00 9.99999E+00 1.58489E+01 2.51189E+01 3.98107E+01 6.30957E+00 9.99999E+00 1.58489E+01 2.51189E+01 3.98107E+01 6.30957E+01 
90000 
1.94367E-05 
2.09686E-05 
4.27564E-05 
2.23035E-05 
4.71337E-05 
2.35625E-05 
5.09826E-05 
1.06020E-04 
2.48977E-05 
5.48231E-05 
1.18757E-04 
2.64442E-04 
2.65460E-05 
5.92969E-05 
1.31651E-04 
3.04948E-04 
2.89710E-05 
6.52544E-05 
1.47171E-04 
3.37733E-04 
5.75454E-04 
3.23254E-05 
7.27930E-05 
1.65858E-04 
3.72267E-04 
7.01515E-04 
3.44236E-05 
7.75314E-05 
1.77937E-04 
3.95343E-04 
7.83945E-04 
3.49079E-04 
3.05379E-05 
7.02350E-05 
1.63708E-04 
3.67624E-04 
7.48171E-04 
6.09938E-04 
-7.70500E-03 
5.51391E-05 
1.33449E-04 
3.08462E-04 
6.48262E-04 
6.98754E-04 
-4.85962E-03 
1.24259E-04 
2.97769E-04 
6.64190E-04 
1.03593E-03 
-1.81562E-03 
-3.59465E-02 
3.18994E-04 
7.53093E-04 
1.51005E-03 
1.12805E-03 
-1.55670E-02 
-1.70183E-01 
---
