PdfType: replica
Format: lhagrid1
---
4.34963E-04 7.77181E-04 7.77181E-04 1.38865E-03 1.38865E-03 2.48120E-03 2.48120E-03 2.48120E-03 4.43334E-03 4.43334E-03 4.43334E-03 4.43334E-03 7.92137E-03 7.92137E-03 7.92137E-03 7.92137E-03 1.41537E-02 1.41537E-02 1.41537E-02 1.41537E-02 1.41537E-02 2.52895E-02 2.52895E-02 2.52895E-02 2.52895E-02 2.52895E-02 4.51866E-02 4.51866E-02 4.51866E-02 4.51866E-02 4.51866E-02 4.51866E-02 8.07383E-02 8.07383E-02 8.07383E-02 8.07383E-02 8.07383E-02 8.07383E-02 8.07383E-02 1.44261E-01 1.44261E-01 1.44261E-01 1.44261E-01 1.44261E-01 1.44261E-01 2.57762E-01 2.57762E-01 2.57762E-01 2.57762E-01 2.57762E-01 2.57762E-01 4.60562E-01 4.60562E-01 4.60562E-01 4.60562E-01 4.60562E-01 4.60562E-01 
1.58489E+00 1.58489E+00 2.51189E+00 1.58489E+00 2.51189E+00 1.58489E+00 2.51189E+00 3.98107E+00 1.58489E+00 2.51189E+00 3.98107E+00 6.30957E+00 1.58489E+00 2.51189E+00 3.98107E+00 6.30957E+00 1.58489E+00 2.51189E+00 3.98107E+00 6.30957E+00 9.99999E+00 1.58489E+00 2.51189E+00 3.98107E+00 6.30957E+00 9.99999E+00 1.58489E+00 2.51189E+00 3.98107E+00 6.30957E+00 9.99999E+00 1.58489E+01 1.58489E+00 2.51189E+00 3.98107E+00 6.30957E+00 9.99999E+00 1.58489E+01 2.51189E+01 2.51189E+00 3.98107E+00 6.30957E+00 9.99999E+00 1.58489E+01 2.51189E+01 3.98107E+00 6.30957E+00 9.99999E+00 1.58489E+01 2.51189E+01 3.98107E+01 6.30957E+00 9.99999E+00 1.58489E+01 2.51189E+01 3.98107E+01 6.30957E+01 
90000 
2.06711E-04 
2.06970E-04 
5.07754E-04 
2.07306E-04 
5.08598E-04 
2.07737E-04 
5.10131E-04 
1.26539E-03 
2.08388E-04 
5.12342E-04 
1.27056E-03 
3.22077E-03 
2.09474E-04 
5.15589E-04 
1.27861E-03 
3.23093E-03 
2.11324E-04 
5.20336E-04 
1.29026E-03 
3.24446E-03 
8.21571E-03 
2.13781E-04 
5.26097E-04 
1.30429E-03 
3.26204E-03 
8.23811E-03 
2.14750E-04 
5.28717E-04 
1.31111E-03 
3.26678E-03 
8.22442E-03 
2.08072E-02 
2.10541E-04 
5.20657E-04 
1.29394E-03 
3.22365E-03 
8.09674E-03 
2.04220E-02 
5.21775E-02 
5.03984E-04 
1.25805E-03 
3.14175E-03 
7.88702E-03 
1.98630E-02 
5.04963E-02 
1.23788E-03 
3.09740E-03 
7.77210E-03 
1.95443E-02 
4.94575E-02 
1.27469E-01 
3.08620E-03 
7.73633E-03 
1.94204E-02 
4.89408E-02 
1.24689E-01 
3.27571E-01 
---
