PdfType: replica
Format: lhagrid1
---
4.34963E-04 7.77181E-04 7.77181E-04 1.38865E-03 1.38865E-03 2.48120E-03 2.48120E-03 2.48120E-03 4.43334E-03 4.43334E-03 4.43334E-03 4.43334E-03 7.92137E-03 7.92137E-03 7.92137E-03 7.92137E-03 1.41537E-02 1.41537E-02 1.41537E-02 1.41537E-02 1.41537E-02 2.52895E-02 2.52895E-02 2.52895E-02 2.52895E-02 2.52895E-02 4.51866E-02 4.51866E-02 4.51866E-02 4.51866E-02 4.51866E-02 4.51866E-02 8.07383E-02 8.07383E-02 8.07383E-02 8.07383E-02 8.07383E-02 8.07383E-02 8.07383E-02 1.44261E-01 1.44261E-01 1.44261E-01 1.44261E-01 1.44261E-01 1.44261E-01 2.57762E-01 2.57762E-01 2.57762E-01 2.57762E-01 2.57762E-01 2.57762E-01 4.60562E-01 4.60562E-01 4.60562E-01 4.60562E-01 4.60562E-01 4.60562E-01 
1.58489E+00 1.58489E+00 2.51189E+00 1.58489E+00 2.51189E+00 1.58489E+00 2.51189E+00 3.98107E+00 1.58489E+00 2.51189E+00 3.98107E+00 6.30957E+00 1.58489E+00 2.51189E+00 3.98107E+00 6.30957E+00 1.58489E+00 2.51189E+00 3.98107E+00 6.30957E+00 9.99999E+00 1.58489E+00 2.51189E+00 3.98107E+00 6.30957E+00 9.99999E+00 1.58489E+00 2.51189E+00 3.98107E+00 6.30957E+00 9.99999E+00 1.58489E+01 1.58489E+00 2.51189E+00 3.98107E+00 6.30957E+00 9.99999E+00 1.58489E+01 2.51189E+01 2.51189E+00 3.98107E+00 6.30957E+00 9.99999E+00 1.58489E+01 2.51189E+01 3.98107E+00 6.30957E+00 9.99999E+00 1.58489E+01 2.51189E+01 3.98107E+01 6.30957E+00 9.99999E+00 1.58489E+01 2.51189E+01 3.98107E+01 6.30957E+01 
90000 
1.67809E-05 
1.85282E-05 
3.58536E-05 
2.01149E-05 
4.07892E-05 
2.16930E-05 
4.53393E-05 
9.03069E-05 
2.34451E-05 
5.00928E-05 
1.05158E-04 
2.26068E-04 
2.55980E-05 
5.56556E-05 
1.20540E-04 
2.72501E-04 
2.84517E-05 
6.25242E-05 
1.38191E-04 
3.10783E-04 
4.99261E-04 
3.17477E-05 
7.00622E-05 
1.57188E-04 
3.47291E-04 
6.33381E-04 
3.32488E-05 
7.39571E-05 
1.68062E-04 
3.69033E-04 
7.14583E-04 
1.69149E-04 
2.93523E-05 
6.68914E-05 
1.54631E-04 
3.43352E-04 
6.82213E-04 
4.24776E-04 
-8.28396E-03 
5.12851E-05 
1.22558E-04 
2.78862E-04 
5.67408E-04 
4.71920E-04 
-5.55499E-03 
1.05967E-04 
2.50727E-04 
5.42630E-04 
7.15678E-04 
-2.70836E-03 
-3.87985E-02 
2.56558E-04 
5.92635E-04 
1.09237E-03 
-4.69175E-06 
-1.89627E-02 
-1.82642E-01 
---
