PdfType: replica
Format: lhagrid1
---
4.34963E-04 7.77181E-04 7.77181E-04 1.38865E-03 1.38865E-03 2.48120E-03 2.48120E-03 2.48120E-03 4.43334E-03 4.43334E-03 4.43334E-03 4.43334E-03 7.92137E-03 7.92137E-03 7.92137E-03 7.92137E-03 1.41537E-02 1.41537E-02 1.41537E-02 1.41537E-02 1.41537E-02 2.52895E-02 2.52895E-02 2.52895E-02 2.52895E-02 2.52895E-02 4.51866E-02 4.51866E-02 4.51866E-02 4.51866E-02 4.51866E-02 4.51866E-02 8.07383E-02 8.07383E-02 8.07383E-02 8.07383E-02 8.07383E-02 8.07383E-02 8.07383E-02 1.44261E-01 1.44261E-01 1.44261E-01 1.44261E-01 1.44261E-01 1.44261E-01 2.57762E-01 2.57762E-01 2.57762E-01 2.57762E-01 2.57762E-01 2.57762E-01 4.60562E-01 4.60562E-01 4.60562E-01 4.60562E-01 4.60562E-01 4.60562E-01 
1.58489E+00 1.58489E+00 2.51189E+00 1.58489E+00 2.51189E+00 1.58489E+00 2.51189E+00 3.98107E+00 1.58489E+00 2.51189E+00 3.98107E+00 6.30957E+00 1.58489E+00 2.51189E+00 3.98107E+00 6.30957E+00 1.58489E+00 2.51189E+00 3.98107E+00 6.30957E+00 9.99999E+00 1.58489E+00 2.51189E+00 3.98107E+00 6.30957E+00 9.99999E+00 1.58489E+00 2.51189E+00 3.98107E+00 6.30957E+00 9.99999E+00 1.58489E+01 1.58489E+00 2.51189E+00 3.98107E+00 6.30957E+00 9.99999E+00 1.58489E+01 2.51189E+01 2.51189E+00 3.98107E+00 6.30957E+00 9.99999E+00 1.58489E+01 2.51189E+01 3.98107E+00 6.30957E+00 9.99999E+00 1.58489E+01 2.51189E+01 3.98107E+01 6.30957E+00 9.99999E+00 1.58489E+01 2.51189E+01 3.98107E+01 6.30957E+01 
90000 
2.11626E-04 
2.12597E-04 
5.20076E-04 
2.13606E-04 
5.22076E-04 
2.14613E-04 
5.24730E-04 
1.29853E-03 
2.15676E-04 
5.27841E-04 
1.30553E-03 
3.30317E-03 
2.16935E-04 
5.31568E-04 
1.31474E-03 
3.31546E-03 
2.18656E-04 
5.36205E-04 
1.32642E-03 
3.32938E-03 
8.42338E-03 
2.20652E-04 
5.41215E-04 
1.33923E-03 
3.34492E-03 
8.44172E-03 
2.20844E-04 
5.42485E-04 
1.34353E-03 
3.34471E-03 
8.41741E-03 
2.13108E-02 
2.15536E-04 
5.32341E-04 
1.32207E-03 
3.29230E-03 
8.26832E-03 
2.08702E-02 
5.34774E-02 
5.13559E-04 
1.28186E-03 
3.20137E-03 
8.03800E-03 
2.02589E-02 
5.16222E-02 
1.26204E-03 
3.15888E-03 
7.92816E-03 
1.99496E-02 
5.05661E-02 
1.30901E-01 
3.15795E-03 
7.91864E-03 
1.98883E-02 
5.01725E-02 
1.28153E-01 
3.38862E-01 
---
