PdfType: replica
Format: lhagrid1
---
4.34963E-04 7.77181E-04 7.77181E-04 1.38865E-03 1.38865E-03 2.48120E-03 2.48120E-03 2.48120E-03 4.43334E-03 4.43334E-03 4.43334E-03 4.43334E-03 7.92137E-03 7.92137E-03 7.92137E-03 7.92137E-03 1.41537E-02 1.41537E-02 1.41537E-02 1.41537E-02 1.41537E-02 2.52895E-02 2.52895E-02 2.52895E-02 2.52895E-02 2.52895E-02 4.51866E-02 4.51866E-02 4.51866E-02 4.51866E-02 4.51866E-02 4.51866E-02 8.07383E-02 8.07383E-02 8.07383E-02 8.07383E-02 8.07383E-02 8.07383E-02 8.07383E-02 1.44261E-01 1.44261E-01 1.44261E-01 1.44261E-01 1.44261E-01 1.44261E-01 2.57762E-01 2.57762E-01 2.57762E-01 2.57762E-01 2.57762E-01 2.57762E-01 4.60562E-01 4.60562E-01 4.60562E-01 4.60562E-01 4.60562E-01 4.60562E-01 
1.58489E+00 1.58489E+00 2.51189E+00 1.58489E+00 2.51189E+00 1.58489E+00 2.51189E+00 3.98107E+00 1.58489E+00 2.51189E+00 3.98107E+00 6.30957E+00 1.58489E+00 2.51189E+00 3.98107E+00 6.30957E+00 1.58489E+00 2.51189E+00 3.98107E+00 6.30957E+00 9.99999E+00 1.58489E+00 2.51189E+00 3.98107E+00 6.30957E+00 9.99999E+00 1.58489E+00 2.51189E+00 3.98107E+00 6.30957E+00 9.99999E+00 1.58489E+01 1.58489E+00 2.51189E+00 3.98107E+00 6.30957E+00 9.99999E+00 1.58489E+01 2.51189E+01 2.51189E+00 3.98107E+00 6.30957E+00 9.99999E+00 1.58489E+01 2.51189E+01 3.98107E+00 6.30957E+00 9.99999E+00 1.58489E+01 2.51189E+01 3.98107E+01 6.30957E+00 9.99999E+00 1.58489E+01 2.51189E+01 3.98107E+01 6.30957E+01 
90000 
1.96778E-04 
1.96998E-04 
4.88603E-04 
1.97356E-04 
4.89341E-04 
1.97911E-04 
4.90770E-04 
1.22367E-03 
1.98823E-04 
4.93101E-04 
1.22885E-03 
3.12546E-03 
2.00364E-04 
4.96889E-04 
1.23761E-03 
3.13752E-03 
2.02959E-04 
5.02792E-04 
1.25116E-03 
3.15429E-03 
7.99756E-03 
2.06477E-04 
5.10255E-04 
1.26808E-03 
3.17664E-03 
8.03013E-03 
2.08390E-04 
5.14247E-04 
1.27700E-03 
3.18456E-03 
8.02195E-03 
2.02842E-02 
2.04552E-04 
5.06767E-04 
1.26089E-03 
3.14368E-03 
7.89973E-03 
1.99185E-02 
5.07758E-02 
4.92668E-04 
1.23113E-03 
3.07649E-03 
7.72619E-03 
1.94534E-02 
4.93730E-02 
1.21833E-03 
3.04868E-03 
7.64975E-03 
1.92289E-02 
4.85934E-02 
1.24750E-01 
3.04320E-03 
7.62641E-03 
1.91369E-02 
4.81817E-02 
1.22450E-01 
3.19546E-01 
---
