PdfType: replica
Format: lhagrid1
---
4.34963E-04 7.77181E-04 7.77181E-04 1.38865E-03 1.38865E-03 2.48120E-03 2.48120E-03 2.48120E-03 4.43334E-03 4.43334E-03 4.43334E-03 4.43334E-03 7.92137E-03 7.92137E-03 7.92137E-03 7.92137E-03 1.41537E-02 1.41537E-02 1.41537E-02 1.41537E-02 1.41537E-02 2.52895E-02 2.52895E-02 2.52895E-02 2.52895E-02 2.52895E-02 4.51866E-02 4.51866E-02 4.51866E-02 4.51866E-02 4.51866E-02 4.51866E-02 8.07383E-02 8.07383E-02 8.07383E-02 8.07383E-02 8.07383E-02 8.07383E-02 8.07383E-02 1.44261E-01 1.44261E-01 1.44261E-01 1.44261E-01 1.44261E-01 1.44261E-01 2.57762E-01 2.57762E-01 2.57762E-01 2.57762E-01 2.57762E-01 2.57762E-01 4.60562E-01 4.60562E-01 4.60562E-01 4.60562E-01 4.60562E-01 4.60562E-01 
1.58489E+00 1.58489E+00 2.51189E+00 1.58489E+00 2.51189E+00 1.58489E+00 2.51189E+00 3.98107E+00 1.58489E+00 2.51189E+00 3.98107E+00 6.30957E+00 1.58489E+00 2.51189E+00 3.98107E+00 6.30957E+00 1.58489E+00 2.51189E+00 3.98107E+00 6.30957E+00 9.99999E+00 1.58489E+00 2.51189E+00 3.98107E+00 6.30957E+00 9.99999E+00 1.58489E+00 2.51189E+00 3.98107E+00 6.30957E+00 9.99999E+00 1.58489E+01 1.58489E+00 2.51189E+00 3.98107E+00 6.30957E+00 9.99999E+00 1.58489E+01 2.51189E+01 2.51189E+00 3.98107E+00 6.30957E+00 9.99999E+00 1.58489E+01 2.51189E+01 3.98107E+00 6.30957E+00 9.99999E+00 1.58489E+01 2.51189E+01 3.98107E+01 6.30957E+00 9.99999E+00 1.58489E+01 2.51189E+01 3.98107E+01 6.30957E+01 
90000 
3.21196E-05 
3.31415E-05 
7.14959E-05 
3.39812E-05 
7.48598E-05 
3.47274E-05 
7.78161E-05 
1.71877E-04 
3.55342E-05 
8.07602E-05 
1.82821E-04 
4.24701E-04 
3.66790E-05 
8.43637E-05 
1.94113E-04 
4.61962E-04 
3.87558E-05 
8.97509E-05 
2.08694E-04 
4.93167E-04 
9.74976E-04 
4.21800E-05 
9.75943E-05 
2.28292E-04 
5.30194E-04 
1.10704E-03 
4.47635E-05 
1.03393E-04 
2.42630E-04 
5.58214E-04 
1.20070E-03 
1.46730E-03 
4.09772E-05 
9.59884E-05 
2.27807E-04 
5.27655E-04 
1.15936E-03 
1.71715E-03 
-4.36227E-03 
8.01637E-05 
1.96452E-04 
4.66531E-04 
1.05285E-03 
1.76846E-03 
-1.79509E-03 
1.89502E-04 
4.63960E-04 
1.08394E-03 
2.11896E-03 
1.12531E-03 
-2.69537E-02 
4.92968E-04 
1.19398E-03 
2.64184E-03 
4.13721E-03 
-6.84908E-03 
-1.39935E-01 
---
