PdfType: replica
Format: lhagrid1
---
4.34963E-04 7.77181E-04 7.77181E-04 1.38865E-03 1.38865E-03 2.48120E-03 2.48120E-03 2.48120E-03 4.43334E-03 4.43334E-03 4.43334E-03 4.43334E-03 7.92137E-03 7.92137E-03 7.92137E-03 7.92137E-03 1.41537E-02 1.41537E-02 1.41537E-02 1.41537E-02 1.41537E-02 2.52895E-02 2.52895E-02 2.52895E-02 2.52895E-02 2.52895E-02 4.51866E-02 4.51866E-02 4.51866E-02 4.51866E-02 4.51866E-02 4.51866E-02 8.07383E-02 8.07383E-02 8.07383E-02 8.07383E-02 8.07383E-02 8.07383E-02 8.07383E-02 1.44261E-01 1.44261E-01 1.44261E-01 1.44261E-01 1.44261E-01 1.44261E-01 2.57762E-01 2.57762E-01 2.57762E-01 2.57762E-01 2.57762E-01 2.57762E-01 4.60562E-01 4.60562E-01 4.60562E-01 4.60562E-01 4.60562E-01 4.60562E-01 
1.58489E+00 1.58489E+00 2.51189E+00 1.58489E+00 2.51189E+00 1.58489E+00 2.51189E+00 3.98107E+00 1.58489E+00 2.51189E+00 3.98107E+00 6.30957E+00 1.58489E+00 2.51189E+00 3.98107E+00 6.30957E+00 1.58489E+00 2.51189E+00 3.98107E+00 6.30957E+00 9.99999E+00 1.58489E+00 2.51189E+00 3.98107E+00 6.30957E+00 9.99999E+00 1.58489E+00 2.51189E+00 3.98107E+00 6.30957E+00 9.99999E+00 1.58489E+01 1.58489E+00 2.51189E+00 3.98107E+00 6.30957E+00 9.99999E+00 1.58489E+01 2.51189E+01 2.51189E+00 3.98107E+00 6.30957E+00 9.99999E+00 1.58489E+01 2.51189E+01 3.98107E+00 6.30957E+00 9.99999E+00 1.58489E+01 2.51189E+01 3.98107E+01 6.30957E+00 9.99999E+00 1.58489E+01 2.51189E+01 3.98107E+01 6.30957E+01 
90000 
1.53494E-04 
1.52612E-04 
3.65998E-04 
1.51756E-04 
3.64988E-04 
1.50902E-04 
3.64477E-04 
8.96441E-04 
1.50086E-04 
3.64117E-04 
8.96551E-04 
2.26339E-03 
1.49349E-04 
3.63801E-04 
8.97220E-04 
2.25958E-03 
1.48661E-04 
3.63352E-04 
8.97638E-04 
2.25214E-03 
5.69568E-03 
1.47668E-04 
3.62011E-04 
8.95825E-04 
2.23845E-03 
5.65031E-03 
1.45258E-04 
3.57279E-04 
8.85487E-04 
2.20559E-03 
5.55186E-03 
1.40404E-02 
1.39579E-04 
3.44384E-04 
8.54582E-04 
2.12557E-03 
5.33395E-03 
1.34408E-02 
3.42940E-02 
3.21241E-04 
7.98511E-04 
1.98741E-03 
4.97850E-03 
1.25152E-02 
3.17595E-02 
7.35748E-04 
1.83521E-03 
4.59462E-03 
1.15351E-02 
2.91526E-02 
7.50439E-02 
1.68679E-03 
4.22158E-03 
1.05893E-02 
2.66804E-02 
6.79870E-02 
1.78749E-01 
---
