PdfType: replica
Format: lhagrid1
---
4.34963E-04 7.77181E-04 7.77181E-04 1.38865E-03 1.38865E-03 2.48120E-03 2.48120E-03 2.48120E-03 4.43334E-03 4.43334E-03 4.43334E-03 4.43334E-03 7.92137E-03 7.92137E-03 7.92137E-03 7.92137E-03 1.41537E-02 1.41537E-02 1.41537E-02 1.41537E-02 1.41537E-02 2.52895E-02 2.52895E-02 2.52895E-02 2.52895E-02 2.52895E-02 4.51866E-02 4.51866E-02 4.51866E-02 4.51866E-02 4.51866E-02 4.51866E-02 8.07383E-02 8.07383E-02 8.07383E-02 8.07383E-02 8.07383E-02 8.07383E-02 8.07383E-02 1.44261E-01 1.44261E-01 1.44261E-01 1.44261E-01 1.44261E-01 1.44261E-01 2.57762E-01 2.57762E-01 2.57762E-01 2.57762E-01 2.57762E-01 2.57762E-01 4.60562E-01 4.60562E-01 4.60562E-01 4.60562E-01 4.60562E-01 4.60562E-01 
1.58489E+00 1.58489E+00 2.51189E+00 1.58489E+00 2.51189E+00 1.58489E+00 2.51189E+00 3.98107E+00 1.58489E+00 2.51189E+00 3.98107E+00 6.30957E+00 1.58489E+00 2.51189E+00 3.98107E+00 6.30957E+00 1.58489E+00 2.51189E+00 3.98107E+00 6.30957E+00 9.99999E+00 1.58489E+00 2.51189E+00 3.98107E+00 6.30957E+00 9.99999E+00 1.58489E+00 2.51189E+00 3.98107E+00 6.30957E+00 9.99999E+00 1.58489E+01 1.58489E+00 2.51189E+00 3.98107E+00 6.30957E+00 9.99999E+00 1.58489E+01 2.51189E+01 2.51189E+00 3.98107E+00 6.30957E+00 9.99999E+00 1.58489E+01 2.51189E+01 3.98107E+00 6.30957E+00 9.99999E+00 1.58489E+01 2.51189E+01 3.98107E+01 6.30957E+00 9.99999E+00 1.58489E+01 2.51189E+01 3.98107E+01 6.30957E+01 
90000 
1.53612E-04 
1.52629E-04 
3.65900E-04 
1.51591E-04 
3.64574E-04 
1.50476E-04 
3.63599E-04 
8.94607E-04 
1.49362E-04 
3.62723E-04 
8.93765E-04 
2.25772E-03 
1.48417E-04 
3.62104E-04 
8.93958E-04 
2.25318E-03 
1.47837E-04 
3.61999E-04 
8.95245E-04 
2.24782E-03 
5.68830E-03 
1.47433E-04 
3.61852E-04 
8.95924E-04 
2.23949E-03 
5.65448E-03 
1.45712E-04 
3.58321E-04 
8.87867E-04 
2.21113E-03 
5.56519E-03 
1.40755E-02 
1.40107E-04 
3.45395E-04 
8.56608E-04 
2.12965E-03 
5.34276E-03 
1.34610E-02 
3.43488E-02 
3.21155E-04 
7.97690E-04 
1.98426E-03 
4.96874E-03 
1.24874E-02 
3.16860E-02 
7.30486E-04 
1.82243E-03 
4.56340E-03 
1.14588E-02 
2.89678E-02 
7.46074E-02 
1.67776E-03 
4.19748E-03 
1.05263E-02 
2.65175E-02 
6.75705E-02 
1.77698E-01 
---
