PdfType: replica
Format: lhagrid1
---
4.34963E-04 7.77181E-04 7.77181E-04 1.38865E-03 1.38865E-03 2.48120E-03 2.48120E-03 2.48120E-03 4.43334E-03 4.43334E-03 4.43334E-03 4.43334E-03 7.92137E-03 7.92137E-03 7.92137E-03 7.92137E-03 1.41537E-02 1.41537E-02 1.41537E-02 1.41537E-02 1.41537E-02 2.52895E-02 2.52895E-02 2.52895E-02 2.52895E-02 2.52895E-02 4.51866E-02 4.51866E-02 4.51866E-02 4.51866E-02 4.51866E-02 4.51866E-02 8.07383E-02 8.07383E-02 8.07383E-02 8.07383E-02 8.07383E-02 8.07383E-02 8.07383E-02 1.44261E-01 1.44261E-01 1.44261E-01 1.44261E-01 1.44261E-01 1.44261E-01 2.57762E-01 2.57762E-01 2.57762E-01 2.57762E-01 2.57762E-01 2.57762E-01 4.60562E-01 4.60562E-01 4.60562E-01 4.60562E-01 4.60562E-01 4.60562E-01 
1.58489E+00 1.58489E+00 2.51189E+00 1.58489E+00 2.51189E+00 1.58489E+00 2.51189E+00 3.98107E+00 1.58489E+00 2.51189E+00 3.98107E+00 6.30957E+00 1.58489E+00 2.51189E+00 3.98107E+00 6.30957E+00 1.58489E+00 2.51189E+00 3.98107E+00 6.30957E+00 9.99999E+00 1.58489E+00 2.51189E+00 3.98107E+00 6.30957E+00 9.99999E+00 1.58489E+00 2.51189E+00 3.98107E+00 6.30957E+00 9.99999E+00 1.58489E+01 1.58489E+00 2.51189E+00 3.98107E+00 6.30957E+00 9.99999E+00 1.58489E+01 2.51189E+01 2.51189E+00 3.98107E+00 6.30957E+00 9.99999E+00 1.58489E+01 2.51189E+01 3.98107E+00 6.30957E+00 9.99999E+00 1.58489E+01 2.51189E+01 3.98107E+01 6.30957E+00 9.99999E+00 1.58489E+01 2.51189E+01 3.98107E+01 6.30957E+01 
90000 
1.53955E-04 
1.53018E-04 
3.66535E-04 
1.52013E-04 
3.65295E-04 
1.50901E-04 
3.64357E-04 
8.95934E-04 
1.49733E-04 
3.63388E-04 
8.94912E-04 
2.25968E-03 
1.48648E-04 
3.62459E-04 
8.94449E-04 
2.25374E-03 
1.47844E-04 
3.61856E-04 
8.94697E-04 
2.24606E-03 
5.68281E-03 
1.47285E-04 
3.61404E-04 
8.94794E-04 
2.23641E-03 
5.64696E-03 
1.45673E-04 
3.58064E-04 
8.87000E-04 
2.20836E-03 
5.55747E-03 
1.40546E-02 
1.39775E-04 
3.44194E-04 
8.53077E-04 
2.11989E-03 
5.31700E-03 
1.33951E-02 
3.41878E-02 
3.17408E-04 
7.88969E-04 
1.96354E-03 
4.91960E-03 
1.23707E-02 
3.14124E-02 
7.27664E-04 
1.81645E-03 
4.54971E-03 
1.14276E-02 
2.88980E-02 
7.44653E-02 
1.68296E-03 
4.21177E-03 
1.05644E-02 
2.66177E-02 
6.78334E-02 
1.78403E-01 
---
