PdfType: replica
Format: lhagrid1
---
4.34963E-04 7.77181E-04 7.77181E-04 1.38865E-03 1.38865E-03 2.48120E-03 2.48120E-03 2.48120E-03 4.43334E-03 4.43334E-03 4.43334E-03 4.43334E-03 7.92137E-03 7.92137E-03 7.92137E-03 7.92137E-03 1.41537E-02 1.41537E-02 1.41537E-02 1.41537E-02 1.41537E-02 2.52895E-02 2.52895E-02 2.52895E-02 2.52895E-02 2.52895E-02 4.51866E-02 4.51866E-02 4.51866E-02 4.51866E-02 4.51866E-02 4.51866E-02 8.07383E-02 8.07383E-02 8.07383E-02 8.07383E-02 8.07383E-02 8.07383E-02 8.07383E-02 1.44261E-01 1.44261E-01 1.44261E-01 1.44261E-01 1.44261E-01 1.44261E-01 2.57762E-01 2.57762E-01 2.57762E-01 2.57762E-01 2.57762E-01 2.57762E-01 4.60562E-01 4.60562E-01 4.60562E-01 4.60562E-01 4.60562E-01 4.60562E-01 
1.58489E+00 1.58489E+00 2.51189E+00 1.58489E+00 2.51189E+00 1.58489E+00 2.51189E+00 3.98107E+00 1.58489E+00 2.51189E+00 3.98107E+00 6.30957E+00 1.58489E+00 2.51189E+00 3.98107E+00 6.30957E+00 1.58489E+00 2.51189E+00 3.98107E+00 6.30957E+00 9.99999E+00 1.58489E+00 2.51189E+00 3.98107E+00 6.30957E+00 9.99999E+00 1.58489E+00 2.51189E+00 3.98107E+00 6.30957E+00 9.99999E+00 1.58489E+01 1.58489E+00 2.51189E+00 3.98107E+00 6.30957E+00 9.99999E+00 1.58489E+01 2.51189E+01 2.51189E+00 3.98107E+00 6.30957E+00 9.99999E+00 1.58489E+01 2.51189E+01 3.98107E+00 6.30957E+00 9.99999E+00 1.58489E+01 2.51189E+01 3.98107E+01 6.30957E+00 9.99999E+00 1.58489E+01 2.51189E+01 3.98107E+01 6.30957E+01 
90000 
1.53938E-04 
1.53054E-04 
3.66695E-04 
1.52147E-04 
3.65610E-04 
1.51193E-04 
3.64937E-04 
8.97207E-04 
1.50254E-04 
3.64379E-04 
8.96987E-04 
2.26417E-03 
1.49440E-04 
3.63951E-04 
8.97492E-04 
2.26020E-03 
1.48806E-04 
3.63607E-04 
8.98118E-04 
2.25312E-03 
5.69842E-03 
1.47941E-04 
3.62381E-04 
8.96317E-04 
2.23889E-03 
5.65094E-03 
1.45228E-04 
3.56785E-04 
8.83712E-04 
2.20023E-03 
5.53759E-03 
1.40057E-02 
1.38508E-04 
3.41671E-04 
8.47809E-04 
2.10884E-03 
5.29265E-03 
1.33402E-02 
3.40584E-02 
3.17665E-04 
7.89943E-04 
1.96684E-03 
4.92859E-03 
1.23944E-02 
3.14720E-02 
7.28158E-04 
1.81662E-03 
4.54952E-03 
1.14255E-02 
2.88881E-02 
7.44243E-02 
1.67255E-03 
4.18607E-03 
1.05008E-02 
2.64608E-02 
6.74491E-02 
1.77485E-01 
---
