PdfType: replica
Format: lhagrid1
---
4.34963E-04 7.77181E-04 7.77181E-04 1.38865E-03 1.38865E-03 2.48120E-03 2.48120E-03 2.48120E-03 4.43334E-03 4.43334E-03 4.43334E-03 4.43334E-03 7.92137E-03 7.92137E-03 7.92137E-03 7.92137E-03 1.41537E-02 1.41537E-02 1.41537E-02 1.41537E-02 1.41537E-02 2.52895E-02 2.52895E-02 2.52895E-02 2.52895E-02 2.52895E-02 4.51866E-02 4.51866E-02 4.51866E-02 4.51866E-02 4.51866E-02 4.51866E-02 8.07383E-02 8.07383E-02 8.07383E-02 8.07383E-02 8.07383E-02 8.07383E-02 8.07383E-02 1.44261E-01 1.44261E-01 1.44261E-01 1.44261E-01 1.44261E-01 1.44261E-01 2.57762E-01 2.57762E-01 2.57762E-01 2.57762E-01 2.57762E-01 2.57762E-01 4.60562E-01 4.60562E-01 4.60562E-01 4.60562E-01 4.60562E-01 4.60562E-01 
1.58489E+00 1.58489E+00 2.51189E+00 1.58489E+00 2.51189E+00 1.58489E+00 2.51189E+00 3.98107E+00 1.58489E+00 2.51189E+00 3.98107E+00 6.30957E+00 1.58489E+00 2.51189E+00 3.98107E+00 6.30957E+00 1.58489E+00 2.51189E+00 3.98107E+00 6.30957E+00 9.99999E+00 1.58489E+00 2.51189E+00 3.98107E+00 6.30957E+00 9.99999E+00 1.58489E+00 2.51189E+00 3.98107E+00 6.30957E+00 9.99999E+00 1.58489E+01 1.58489E+00 2.51189E+00 3.98107E+00 6.30957E+00 9.99999E+00 1.58489E+01 2.51189E+01 2.51189E+00 3.98107E+00 6.30957E+00 9.99999E+00 1.58489E+01 2.51189E+01 3.98107E+00 6.30957E+00 9.99999E+00 1.58489E+01 2.51189E+01 3.98107E+01 6.30957E+00 9.99999E+00 1.58489E+01 2.51189E+01 3.98107E+01 6.30957E+01 
90000 
1.54130E-04 
1.53268E-04 
3.67211E-04 
1.52363E-04 
3.66132E-04 
1.51373E-04 
3.65389E-04 
8.98168E-04 
1.50329E-04 
3.64616E-04 
8.97495E-04 
2.26515E-03 
1.49314E-04 
3.63768E-04 
8.97117E-04 
2.25933E-03 
1.48401E-04 
3.62870E-04 
8.96617E-04 
2.25002E-03 
5.69126E-03 
1.47367E-04 
3.61375E-04 
8.94366E-04 
2.23515E-03 
5.64303E-03 
1.44933E-04 
3.56378E-04 
8.83092E-04 
2.19946E-03 
5.53681E-03 
1.40062E-02 
1.38705E-04 
3.42135E-04 
8.48961E-04 
2.11145E-03 
5.29974E-03 
1.33590E-02 
3.41083E-02 
3.18130E-04 
7.91397E-04 
1.97056E-03 
4.93891E-03 
1.24222E-02 
3.15467E-02 
7.33001E-04 
1.82914E-03 
4.58029E-03 
1.15018E-02 
2.90804E-02 
7.49285E-02 
1.68484E-03 
4.21516E-03 
1.05705E-02 
2.66297E-02 
6.78659E-02 
1.78555E-01 
---
