PdfType: replica
Format: lhagrid1
---
4.34963E-04 7.77181E-04 7.77181E-04 1.38865E-03 1.38865E-03 2.48120E-03 2.48120E-03 2.48120E-03 4.43334E-03 4.43334E-03 4.43334E-03 4.43334E-03 7.92137E-03 7.92137E-03 7.92137E-03 7.92137E-03 1.41537E-02 1.41537E-02 1.41537E-02 1.41537E-02 1.41537E-02 2.52895E-02 2.52895E-02 2.52895E-02 2.52895E-02 2.52895E-02 4.51866E-02 4.51866E-02 4.51866E-02 4.51866E-02 4.51866E-02 4.51866E-02 8.07383E-02 8.07383E-02 8.07383E-02 8.07383E-02 8.07383E-02 8.07383E-02 8.07383E-02 1.44261E-01 1.44261E-01 1.44261E-01 1.44261E-01 1.44261E-01 1.44261E-01 2.57762E-01 2.57762E-01 2.57762E-01 2.57762E-01 2.57762E-01 2.57762E-01 4.60562E-01 4.60562E-01 4.60562E-01 4.60562E-01 4.60562E-01 4.60562E-01 
1.58489E+00 1.58489E+00 2.51189E+00 1.58489E+00 2.51189E+00 1.58489E+00 2.51189E+00 3.98107E+00 1.58489E+00 2.51189E+00 3.98107E+00 6.30957E+00 1.58489E+00 2.51189E+00 3.98107E+00 6.30957E+00 1.58489E+00 2.51189E+00 3.98107E+00 6.30957E+00 9.99999E+00 1.58489E+00 2.51189E+00 3.98107E+00 6.30957E+00 9.99999E+00 1.58489E+00 2.51189E+00 3.98107E+00 6.30957E+00 9.99999E+00 1.58489E+01 1.58489E+00 2.51189E+00 3.98107E+00 6.30957E+00 9.99999E+00 1.58489E+01 2.51189E+01 2.51189E+00 3.98107E+00 6.30957E+00 9.99999E+00 1.58489E+01 2.51189E+01 3.98107E+00 6.30957E+00 9.99999E+00 1.58489E+01 2.51189E+01 3.98107E+01 6.30957E+00 9.99999E+00 1.58489E+01 2.51189E+01 3.98107E+01 6.30957E+01 
90000 
1.54075E-04 
1.53204E-04 
3.67062E-04 
1.52289E-04 
3.65950E-04 
1.51288E-04 
3.65178E-04 
8.97707E-04 
1.50227E-04 
3.64385E-04 
8.97003E-04 
2.26413E-03 
1.49191E-04 
3.63543E-04 
8.96675E-04 
2.25854E-03 
1.48282E-04 
3.62716E-04 
8.96371E-04 
2.24974E-03 
5.69041E-03 
1.47362E-04 
3.61450E-04 
8.94599E-04 
2.23577E-03 
5.64440E-03 
1.45202E-04 
3.56897E-04 
8.84187E-04 
2.20168E-03 
5.54192E-03 
1.40171E-02 
1.39069E-04 
3.42744E-04 
8.50009E-04 
2.11353E-03 
5.30319E-03 
1.33642E-02 
3.41149E-02 
3.17306E-04 
7.88933E-04 
1.96458E-03 
4.92317E-03 
1.23820E-02 
3.14448E-02 
7.28732E-04 
1.81894E-03 
4.55763E-03 
1.14502E-02 
2.89587E-02 
7.46200E-02 
1.67795E-03 
4.19872E-03 
1.05306E-02 
2.65313E-02 
6.76198E-02 
1.77922E-01 
---
