PdfType: central
Format: lhagrid1
---
4.34963E-04 7.77181E-04 7.77181E-04 1.38865E-03 1.38865E-03 2.48120E-03 2.48120E-03 2.48120E-03 4.43334E-03 4.43334E-03 4.43334E-03 4.43334E-03 7.92137E-03 7.92137E-03 7.92137E-03 7.92137E-03 1.41537E-02 1.41537E-02 1.41537E-02 1.41537E-02 1.41537E-02 2.52895E-02 2.52895E-02 2.52895E-02 2.52895E-02 2.52895E-02 4.51866E-02 4.51866E-02 4.51866E-02 4.51866E-02 4.51866E-02 4.51866E-02 8.07383E-02 8.07383E-02 8.07383E-02 8.07383E-02 8.07383E-02 8.07383E-02 8.07383E-02 1.44261E-01 1.44261E-01 1.44261E-01 1.44261E-01 1.44261E-01 1.44261E-01 2.57762E-01 2.57762E-01 2.57762E-01 2.57762E-01 2.57762E-01 2.57762E-01 4.60562E-01 4.60562E-01 4.60562E-01 4.60562E-01 4.60562E-01 4.60562E-01 
1.58489E+00 1.58489E+00 2.51189E+00 1.58489E+00 2.51189E+00 1.58489E+00 2.51189E+00 3.98107E+00 1.58489E+00 2.51189E+00 3.98107E+00 6.30957E+00 1.58489E+00 2.51189E+00 3.98107E+00 6.30957E+00 1.58489E+00 2.51189E+00 3.98107E+00 6.30957E+00 9.99999E+00 1.58489E+00 2.51189E+00 3.98107E+00 6.30957E+00 9.99999E+00 1.58489E+00 2.51189E+00 3.98107E+00 6.30957E+00 9.99999E+00 1.58489E+01 1.58489E+00 2.51189E+00 3.98107E+00 6.30957E+00 9.99999E+00 1.58489E+01 2.51189E+01 2.51189E+00 3.98107E+00 6.30957E+00 9.99999E+00 1.58489E+01 2.51189E+01 3.98107E+00 6.30957E+00 9.99999E+00 1.58489E+01 2.51189E+01 3.98107E+01 6.30957E+00 9.99999E+00 1.58489E+01 2.51189E+01 3.98107E+01 6.30957E+01 
90000 
1.53995E-04 
1.53134E-04 
3.66888E-04 
1.52247E-04 
3.65847E-04 
1.51304E-04 
3.65207E-04 
8.97807E-04 
1.50348E-04 
3.64632E-04 
8.97567E-04 
2.26548E-03 
1.49468E-04 
3.64101E-04 
8.97891E-04 
2.26117E-03 
1.48736E-04 
3.63611E-04 
8.98300E-04 
2.25384E-03 
5.70005E-03 
1.47890E-04 
3.62525E-04 
8.96987E-04 
2.24106E-03 
5.65674E-03 
1.45645E-04 
3.57975E-04 
8.86847E-04 
2.20815E-03 
5.55760E-03 
1.40559E-02 
1.39689E-04 
3.44392E-04 
8.54238E-04 
2.12398E-03 
5.32914E-03 
1.34287E-02 
3.42755E-02 
3.20024E-04 
7.95433E-04 
1.97987E-03 
4.95960E-03 
1.24690E-02 
3.16527E-02 
7.33006E-04 
1.82902E-03 
4.58045E-03 
1.15027E-02 
2.90804E-02 
7.48977E-02 
1.68622E-03 
4.22022E-03 
1.05861E-02 
2.66732E-02 
6.79733E-02 
1.78739E-01 
---
