PdfType: replica
Format: lhagrid1
---
4.34963E-04 7.77181E-04 7.77181E-04 1.38865E-03 1.38865E-03 2.48120E-03 2.48120E-03 2.48120E-03 4.43334E-03 4.43334E-03 4.43334E-03 4.43334E-03 7.92137E-03 7.92137E-03 7.92137E-03 7.92137E-03 1.41537E-02 1.41537E-02 1.41537E-02 1.41537E-02 1.41537E-02 2.52895E-02 2.52895E-02 2.52895E-02 2.52895E-02 2.52895E-02 4.51866E-02 4.51866E-02 4.51866E-02 4.51866E-02 4.51866E-02 4.51866E-02 8.07383E-02 8.07383E-02 8.07383E-02 8.07383E-02 8.07383E-02 8.07383E-02 8.07383E-02 1.44261E-01 1.44261E-01 1.44261E-01 1.44261E-01 1.44261E-01 1.44261E-01 2.57762E-01 2.57762E-01 2.57762E-01 2.57762E-01 2.57762E-01 2.57762E-01 4.60562E-01 4.60562E-01 4.60562E-01 4.60562E-01 4.60562E-01 4.60562E-01 
1.58489E+00 1.58489E+00 2.51189E+00 1.58489E+00 2.51189E+00 1.58489E+00 2.51189E+00 3.98107E+00 1.58489E+00 2.51189E+00 3.98107E+00 6.30957E+00 1.58489E+00 2.51189E+00 3.98107E+00 6.30957E+00 1.58489E+00 2.51189E+00 3.98107E+00 6.30957E+00 9.99999E+00 1.58489E+00 2.51189E+00 3.98107E+00 6.30957E+00 9.99999E+00 1.58489E+00 2.51189E+00 3.98107E+00 6.30957E+00 9.99999E+00 1.58489E+01 1.58489E+00 2.51189E+00 3.98107E+00 6.30957E+00 9.99999E+00 1.58489E+01 2.51189E+01 2.51189E+00 3.98107E+00 6.30957E+00 9.99999E+00 1.58489E+01 2.51189E+01 3.98107E+00 6.30957E+00 9.99999E+00 1.58489E+01 2.51189E+01 3.98107E+01 6.30957E+00 9.99999E+00 1.58489E+01 2.51189E+01 3.98107E+01 6.30957E+01 
90000 
1.54148E-04 
1.53349E-04 
3.67255E-04 
1.52537E-04 
3.66352E-04 
1.51669E-04 
3.65866E-04 
8.99144E-04 
1.50769E-04 
3.65416E-04 
8.99149E-04 
2.26909E-03 
1.49897E-04 
3.64918E-04 
8.99556E-04 
2.26488E-03 
1.49106E-04 
3.64345E-04 
8.99861E-04 
2.25736E-03 
5.70845E-03 
1.48222E-04 
3.63275E-04 
8.98782E-04 
2.24529E-03 
5.66739E-03 
1.46254E-04 
3.59457E-04 
8.90529E-04 
2.21701E-03 
5.57968E-03 
1.41109E-02 
1.40934E-04 
3.47265E-04 
8.60995E-04 
2.13997E-03 
5.36701E-03 
1.35191E-02 
3.44930E-02 
3.22479E-04 
8.00823E-04 
1.99224E-03 
4.98773E-03 
1.25339E-02 
3.18033E-02 
7.34822E-04 
1.83339E-03 
4.59111E-03 
1.15286E-02 
2.91428E-02 
7.50449E-02 
1.68718E-03 
4.22073E-03 
1.05835E-02 
2.66588E-02 
6.79238E-02 
1.78619E-01 
---
