PdfType: replica
Format: lhagrid1
---
4.34963E-04 7.77181E-04 7.77181E-04 1.38865E-03 1.38865E-03 2.48120E-03 2.48120E-03 2.48120E-03 4.43334E-03 4.43334E-03 4.43334E-03 4.43334E-03 7.92137E-03 7.92137E-03 7.92137E-03 7.92137E-03 1.41537E-02 1.41537E-02 1.41537E-02 1.41537E-02 1.41537E-02 2.52895E-02 2.52895E-02 2.52895E-02 2.52895E-02 2.52895E-02 4.51866E-02 4.51866E-02 4.51866E-02 4.51866E-02 4.51866E-02 4.51866E-02 8.07383E-02 8.07383E-02 8.07383E-02 8.07383E-02 8.07383E-02 8.07383E-02 8.07383E-02 1.44261E-01 1.44261E-01 1.44261E-01 1.44261E-01 1.44261E-01 1.44261E-01 2.57762E-01 2.57762E-01 2.57762E-01 2.57762E-01 2.57762E-01 2.57762E-01 4.60562E-01 4.60562E-01 4.60562E-01 4.60562E-01 4.60562E-01 4.60562E-01 
1.58489E+00 1.58489E+00 2.51189E+00 1.58489E+00 2.51189E+00 1.58489E+00 2.51189E+00 3.98107E+00 1.58489E+00 2.51189E+00 3.98107E+00 6.30957E+00 1.58489E+00 2.51189E+00 3.98107E+00 6.30957E+00 1.58489E+00 2.51189E+00 3.98107E+00 6.30957E+00 9.99999E+00 1.58489E+00 2.51189E+00 3.98107E+00 6.30957E+00 9.99999E+00 1.58489E+00 2.51189E+00 3.98107E+00 6.30957E+00 9.99999E+00 1.58489E+01 1.58489E+00 2.51189E+00 3.98107E+00 6.30957E+00 9.99999E+00 1.58489E+01 2.51189E+01 2.51189E+00 3.98107E+00 6.30957E+00 9.99999E+00 1.58489E+01 2.51189E+01 3.98107E+00 6.30957E+00 9.99999E+00 1.58489E+01 2.51189E+01 3.98107E+01 6.30957E+00 9.99999E+00 1.58489E+01 2.51189E+01 3.98107E+01 6.30957E+01 
90000 
1.54114E-04 
1.53113E-04 
3.67091E-04 
1.51987E-04 
3.65617E-04 
1.50701E-04 
3.64328E-04 
8.96168E-04 
1.49340E-04 
3.62946E-04 
8.94278E-04 
2.25890E-03 
1.48123E-04 
3.61691E-04 
8.93096E-04 
2.25141E-03 
1.47383E-04 
3.61105E-04 
8.93320E-04 
2.24350E-03 
5.67822E-03 
1.47146E-04 
3.61176E-04 
8.94449E-04 
2.23591E-03 
5.64700E-03 
1.45770E-04 
3.58327E-04 
8.87741E-04 
2.21048E-03 
5.56318E-03 
1.40702E-02 
1.39849E-04 
3.44633E-04 
8.54594E-04 
2.12440E-03 
5.32965E-03 
1.34287E-02 
3.42701E-02 
3.19682E-04 
7.94902E-04 
1.97850E-03 
4.95742E-03 
1.24652E-02 
3.16446E-02 
7.34799E-04 
1.83441E-03 
4.59428E-03 
1.15387E-02 
2.91766E-02 
7.51709E-02 
1.70341E-03 
4.26286E-03 
1.06924E-02 
2.69390E-02 
6.86411E-02 
1.80433E-01 
---
