PdfType: replica
Format: lhagrid1
---
4.34963E-04 7.77181E-04 7.77181E-04 1.38865E-03 1.38865E-03 2.48120E-03 2.48120E-03 2.48120E-03 4.43334E-03 4.43334E-03 4.43334E-03 4.43334E-03 7.92137E-03 7.92137E-03 7.92137E-03 7.92137E-03 1.41537E-02 1.41537E-02 1.41537E-02 1.41537E-02 1.41537E-02 2.52895E-02 2.52895E-02 2.52895E-02 2.52895E-02 2.52895E-02 4.51866E-02 4.51866E-02 4.51866E-02 4.51866E-02 4.51866E-02 4.51866E-02 8.07383E-02 8.07383E-02 8.07383E-02 8.07383E-02 8.07383E-02 8.07383E-02 8.07383E-02 1.44261E-01 1.44261E-01 1.44261E-01 1.44261E-01 1.44261E-01 1.44261E-01 2.57762E-01 2.57762E-01 2.57762E-01 2.57762E-01 2.57762E-01 2.57762E-01 4.60562E-01 4.60562E-01 4.60562E-01 4.60562E-01 4.60562E-01 4.60562E-01 
1.58489E+00 1.58489E+00 2.51189E+00 1.58489E+00 2.51189E+00 1.58489E+00 2.51189E+00 3.98107E+00 1.58489E+00 2.51189E+00 3.98107E+00 6.30957E+00 1.58489E+00 2.51189E+00 3.98107E+00 6.30957E+00 1.58489E+00 2.51189E+00 3.98107E+00 6.30957E+00 9.99999E+00 1.58489E+00 2.51189E+00 3.98107E+00 6.30957E+00 9.99999E+00 1.58489E+00 2.51189E+00 3.98107E+00 6.30957E+00 9.99999E+00 1.58489E+01 1.58489E+00 2.51189E+00 3.98107E+00 6.30957E+00 9.99999E+00 1.58489E+01 2.51189E+01 2.51189E+00 3.98107E+00 6.30957E+00 9.99999E+00 1.58489E+01 2.51189E+01 3.98107E+00 6.30957E+00 9.99999E+00 1.58489E+01 2.51189E+01 3.98107E+01 6.30957E+00 9.99999E+00 1.58489E+01 2.51189E+01 3.98107E+01 6.30957E+01 
90000 
1.54105E-04 
1.53067E-04 
3.66904E-04 
1.51883E-04 
3.65330E-04 
1.50518E-04 
3.63912E-04 
8.95226E-04 
1.49078E-04 
3.62420E-04 
8.93178E-04 
2.25644E-03 
1.47851E-04 
3.61204E-04 
8.92162E-04 
2.24946E-03 
1.47279E-04 
3.60988E-04 
8.93187E-04 
2.24324E-03 
5.67757E-03 
1.47372E-04 
3.61599E-04 
8.95260E-04 
2.23732E-03 
5.64944E-03 
1.45905E-04 
3.58318E-04 
8.87258E-04 
2.20846E-03 
5.55675E-03 
1.40515E-02 
1.39049E-04 
3.42741E-04 
8.50133E-04 
2.11388E-03 
5.30441E-03 
1.33680E-02 
3.41221E-02 
3.18180E-04 
7.91950E-04 
1.97253E-03 
4.94482E-03 
1.24381E-02 
3.15839E-02 
7.36014E-04 
1.83734E-03 
4.60141E-03 
1.15558E-02 
2.92147E-02 
7.52321E-02 
1.70985E-03 
4.28061E-03 
1.07395E-02 
2.70600E-02 
6.89342E-02 
1.81029E-01 
---
