PdfType: replica
Format: lhagrid1
---
4.34963E-04 7.77181E-04 7.77181E-04 1.38865E-03 1.38865E-03 2.48120E-03 2.48120E-03 2.48120E-03 4.43334E-03 4.43334E-03 4.43334E-03 4.43334E-03 7.92137E-03 7.92137E-03 7.92137E-03 7.92137E-03 1.41537E-02 1.41537E-02 1.41537E-02 1.41537E-02 1.41537E-02 2.52895E-02 2.52895E-02 2.52895E-02 2.52895E-02 2.52895E-02 4.51866E-02 4.51866E-02 4.51866E-02 4.51866E-02 4.51866E-02 4.51866E-02 8.07383E-02 8.07383E-02 8.07383E-02 8.07383E-02 8.07383E-02 8.07383E-02 8.07383E-02 1.44261E-01 1.44261E-01 1.44261E-01 1.44261E-01 1.44261E-01 1.44261E-01 2.57762E-01 2.57762E-01 2.57762E-01 2.57762E-01 2.57762E-01 2.57762E-01 4.60562E-01 4.60562E-01 4.60562E-01 4.60562E-01 4.60562E-01 4.60562E-01 
1.58489E+00 1.58489E+00 2.51189E+00 1.58489E+00 2.51189E+00 1.58489E+00 2.51189E+00 3.98107E+00 1.58489E+00 2.51189E+00 3.98107E+00 6.30957E+00 1.58489E+00 2.51189E+00 3.98107E+00 6.30957E+00 1.58489E+00 2.51189E+00 3.98107E+00 6.30957E+00 9.99999E+00 1.58489E+00 2.51189E+00 3.98107E+00 6.30957E+00 9.99999E+00 1.58489E+00 2.51189E+00 3.98107E+00 6.30957E+00 9.99999E+00 1.58489E+01 1.58489E+00 2.51189E+00 3.98107E+00 6.30957E+00 9.99999E+00 1.58489E+01 2.51189E+01 2.51189E+00 3.98107E+00 6.30957E+00 9.99999E+00 1.58489E+01 2.51189E+01 3.98107E+00 6.30957E+00 9.99999E+00 1.58489E+01 2.51189E+01 3.98107E+01 6.30957E+00 9.99999E+00 1.58489E+01 2.51189E+01 3.98107E+01 6.30957E+01 
90000 
1.53848E-04 
1.52944E-04 
3.66652E-04 
1.51994E-04 
3.65464E-04 
1.50947E-04 
3.64580E-04 
8.96553E-04 
1.49818E-04 
3.63605E-04 
8.95396E-04 
2.26078E-03 
1.48651E-04 
3.62430E-04 
8.94269E-04 
2.25327E-03 
1.47485E-04 
3.61021E-04 
8.92667E-04 
2.24143E-03 
5.67129E-03 
1.46197E-04 
3.59077E-04 
8.89581E-04 
2.22465E-03 
5.61950E-03 
1.44044E-04 
3.54815E-04 
8.80219E-04 
2.19355E-03 
5.52509E-03 
1.39805E-02 
1.39039E-04 
3.43153E-04 
8.51683E-04 
2.11848E-03 
5.31674E-03 
1.34000E-02 
3.42062E-02 
3.19482E-04 
7.94057E-04 
1.97668E-03 
4.95181E-03 
1.24502E-02 
3.16064E-02 
7.32657E-04 
1.82895E-03 
4.58221E-03 
1.15105E-02 
2.91050E-02 
7.49587E-02 
1.69193E-03 
4.23336E-03 
1.06164E-02 
2.67431E-02 
6.81327E-02 
1.79091E-01 
---
