PdfType: replica
Format: lhagrid1
---
4.34963E-04 7.77181E-04 7.77181E-04 1.38865E-03 1.38865E-03 2.48120E-03 2.48120E-03 2.48120E-03 4.43334E-03 4.43334E-03 4.43334E-03 4.43334E-03 7.92137E-03 7.92137E-03 7.92137E-03 7.92137E-03 1.41537E-02 1.41537E-02 1.41537E-02 1.41537E-02 1.41537E-02 2.52895E-02 2.52895E-02 2.52895E-02 2.52895E-02 2.52895E-02 4.51866E-02 4.51866E-02 4.51866E-02 4.51866E-02 4.51866E-02 4.51866E-02 8.07383E-02 8.07383E-02 8.07383E-02 8.07383E-02 8.07383E-02 8.07383E-02 8.07383E-02 1.44261E-01 1.44261E-01 1.44261E-01 1.44261E-01 1.44261E-01 1.44261E-01 2.57762E-01 2.57762E-01 2.57762E-01 2.57762E-01 2.57762E-01 2.57762E-01 4.60562E-01 4.60562E-01 4.60562E-01 4.60562E-01 4.60562E-01 4.60562E-01 
1.58489E+00 1.58489E+00 2.51189E+00 1.58489E+00 2.51189E+00 1.58489E+00 2.51189E+00 3.98107E+00 1.58489E+00 2.51189E+00 3.98107E+00 6.30957E+00 1.58489E+00 2.51189E+00 3.98107E+00 6.30957E+00 1.58489E+00 2.51189E+00 3.98107E+00 6.30957E+00 9.99999E+00 1.58489E+00 2.51189E+00 3.98107E+00 6.30957E+00 9.99999E+00 1.58489E+00 2.51189E+00 3.98107E+00 6.30957E+00 9.99999E+00 1.58489E+01 1.58489E+00 2.51189E+00 3.98107E+00 6.30957E+00 9.99999E+00 1.58489E+01 2.51189E+01 2.51189E+00 3.98107E+00 6.30957E+00 9.99999E+00 1.58489E+01 2.51189E+01 3.98107E+00 6.30957E+00 9.99999E+00 1.58489E+01 2.51189E+01 3.98107E+01 6.30957E+00 9.99999E+00 1.58489E+01 2.51189E+01 3.98107E+01 6.30957E+01 
90000 
1.53691E-04 
1.52828E-04 
3.66351E-04 
1.51982E-04 
3.65387E-04 
1.51124E-04 
3.64896E-04 
8.97323E-04 
1.50267E-04 
3.64488E-04 
8.97362E-04 
2.26493E-03 
1.49420E-04 
3.63974E-04 
8.97630E-04 
2.26015E-03 
1.48489E-04 
3.63052E-04 
8.97035E-04 
2.25056E-03 
5.69215E-03 
1.47092E-04 
3.60899E-04 
8.93460E-04 
2.23319E-03 
5.63798E-03 
1.44306E-04 
3.55407E-04 
8.81500E-04 
2.19703E-03 
5.53228E-03 
1.39967E-02 
1.38781E-04 
3.42856E-04 
8.51420E-04 
2.11911E-03 
5.31991E-03 
1.34110E-02 
3.42380E-02 
3.21068E-04 
7.98177E-04 
1.98684E-03 
4.97778E-03 
1.25155E-02 
3.17694E-02 
7.34570E-04 
1.83162E-03 
4.58545E-03 
1.15120E-02 
2.90969E-02 
7.49268E-02 
1.67636E-03 
4.19822E-03 
1.05371E-02 
2.65644E-02 
6.77327E-02 
1.78208E-01 
---
