PdfType: replica
Format: lhagrid1
---
4.34963E-04 7.77181E-04 7.77181E-04 1.38865E-03 1.38865E-03 2.48120E-03 2.48120E-03 2.48120E-03 4.43334E-03 4.43334E-03 4.43334E-03 4.43334E-03 7.92137E-03 7.92137E-03 7.92137E-03 7.92137E-03 1.41537E-02 1.41537E-02 1.41537E-02 1.41537E-02 1.41537E-02 2.52895E-02 2.52895E-02 2.52895E-02 2.52895E-02 2.52895E-02 4.51866E-02 4.51866E-02 4.51866E-02 4.51866E-02 4.51866E-02 4.51866E-02 8.07383E-02 8.07383E-02 8.07383E-02 8.07383E-02 8.07383E-02 8.07383E-02 8.07383E-02 1.44261E-01 1.44261E-01 1.44261E-01 1.44261E-01 1.44261E-01 1.44261E-01 2.57762E-01 2.57762E-01 2.57762E-01 2.57762E-01 2.57762E-01 2.57762E-01 4.60562E-01 4.60562E-01 4.60562E-01 4.60562E-01 4.60562E-01 4.60562E-01 
1.58489E+00 1.58489E+00 2.51189E+00 1.58489E+00 2.51189E+00 1.58489E+00 2.51189E+00 3.98107E+00 1.58489E+00 2.51189E+00 3.98107E+00 6.30957E+00 1.58489E+00 2.51189E+00 3.98107E+00 6.30957E+00 1.58489E+00 2.51189E+00 3.98107E+00 6.30957E+00 9.99999E+00 1.58489E+00 2.51189E+00 3.98107E+00 6.30957E+00 9.99999E+00 1.58489E+00 2.51189E+00 3.98107E+00 6.30957E+00 9.99999E+00 1.58489E+01 1.58489E+00 2.51189E+00 3.98107E+00 6.30957E+00 9.99999E+00 1.58489E+01 2.51189E+01 2.51189E+00 3.98107E+00 6.30957E+00 9.99999E+00 1.58489E+01 2.51189E+01 3.98107E+00 6.30957E+00 9.99999E+00 1.58489E+01 2.51189E+01 3.98107E+01 6.30957E+00 9.99999E+00 1.58489E+01 2.51189E+01 3.98107E+01 6.30957E+01 
90000 
1.53997E-04 
1.53161E-04 
3.66978E-04 
1.52295E-04 
3.65948E-04 
1.51349E-04 
3.65258E-04 
8.97842E-04 
1.50318E-04 
3.64476E-04 
8.97076E-04 
2.26427E-03 
1.49209E-04 
3.63408E-04 
8.96158E-04 
2.25716E-03 
1.47982E-04 
3.61871E-04 
8.94260E-04 
2.24472E-03 
5.67853E-03 
1.46426E-04 
3.59405E-04 
8.90055E-04 
2.22558E-03 
5.62117E-03 
1.43870E-04 
3.54357E-04 
8.79010E-04 
2.19064E-03 
5.51798E-03 
1.39641E-02 
1.38672E-04 
3.42253E-04 
8.49485E-04 
2.11277E-03 
5.30336E-03 
1.33684E-02 
3.41343E-02 
3.18494E-04 
7.91579E-04 
1.96997E-03 
4.93502E-03 
1.24080E-02 
3.15024E-02 
7.29209E-04 
1.82059E-03 
4.56077E-03 
1.14564E-02 
2.89711E-02 
7.46381E-02 
1.69110E-03 
4.23182E-03 
1.06138E-02 
2.67392E-02 
6.81308E-02 
1.79115E-01 
---
