PdfType: replica
Format: lhagrid1
---
4.34963E-04 7.77181E-04 7.77181E-04 1.38865E-03 1.38865E-03 2.48120E-03 2.48120E-03 2.48120E-03 4.43334E-03 4.43334E-03 4.43334E-03 4.43334E-03 7.92137E-03 7.92137E-03 7.92137E-03 7.92137E-03 1.41537E-02 1.41537E-02 1.41537E-02 1.41537E-02 1.41537E-02 2.52895E-02 2.52895E-02 2.52895E-02 2.52895E-02 2.52895E-02 4.51866E-02 4.51866E-02 4.51866E-02 4.51866E-02 4.51866E-02 4.51866E-02 8.07383E-02 8.07383E-02 8.07383E-02 8.07383E-02 8.07383E-02 8.07383E-02 8.07383E-02 1.44261E-01 1.44261E-01 1.44261E-01 1.44261E-01 1.44261E-01 1.44261E-01 2.57762E-01 2.57762E-01 2.57762E-01 2.57762E-01 2.57762E-01 2.57762E-01 4.60562E-01 4.60562E-01 4.60562E-01 4.60562E-01 4.60562E-01 4.60562E-01 
1.58489E+00 1.58489E+00 2.51189E+00 1.58489E+00 2.51189E+00 1.58489E+00 2.51189E+00 3.98107E+00 1.58489E+00 2.51189E+00 3.98107E+00 6.30957E+00 1.58489E+00 2.51189E+00 3.98107E+00 6.30957E+00 1.58489E+00 2.51189E+00 3.98107E+00 6.30957E+00 9.99999E+00 1.58489E+00 2.51189E+00 3.98107E+00 6.30957E+00 9.99999E+00 1.58489E+00 2.51189E+00 3.98107E+00 6.30957E+00 9.99999E+00 1.58489E+01 1.58489E+00 2.51189E+00 3.98107E+00 6.30957E+00 9.99999E+00 1.58489E+01 2.51189E+01 2.51189E+00 3.98107E+00 6.30957E+00 9.99999E+00 1.58489E+01 2.51189E+01 3.98107E+00 6.30957E+00 9.99999E+00 1.58489E+01 2.51189E+01 3.98107E+01 6.30957E+00 9.99999E+00 1.58489E+01 2.51189E+01 3.98107E+01 6.30957E+01 
90000 
1.53776E-04 
1.53005E-04 
3.66745E-04 
1.52306E-04 
3.66057E-04 
1.51675E-04 
3.66010E-04 
8.99644E-04 
1.51157E-04 
3.66292E-04 
9.01166E-04 
2.27317E-03 
1.50788E-04 
3.66780E-04 
9.03605E-04 
2.27338E-03 
1.50468E-04 
3.67110E-04 
9.05688E-04 
2.26986E-03 
5.73549E-03 
1.49625E-04 
3.65981E-04 
9.04195E-04 
2.25688E-03 
5.69124E-03 
1.46761E-04 
3.60141E-04 
8.91316E-04 
2.21804E-03 
5.57937E-03 
1.41038E-02 
1.40048E-04 
3.45198E-04 
8.56191E-04 
2.12883E-03 
5.34147E-03 
1.34592E-02 
3.43441E-02 
3.21483E-04 
7.99264E-04 
1.98964E-03 
4.98430E-03 
1.25306E-02 
3.18029E-02 
7.37562E-04 
1.83924E-03 
4.60382E-03 
1.15565E-02 
2.92045E-02 
7.51822E-02 
1.68106E-03 
4.20750E-03 
1.05551E-02 
2.65984E-02 
6.77978E-02 
1.78365E-01 
---
