PdfType: replica
Format: lhagrid1
---
4.34963E-04 7.77181E-04 7.77181E-04 1.38865E-03 1.38865E-03 2.48120E-03 2.48120E-03 2.48120E-03 4.43334E-03 4.43334E-03 4.43334E-03 4.43334E-03 7.92137E-03 7.92137E-03 7.92137E-03 7.92137E-03 1.41537E-02 1.41537E-02 1.41537E-02 1.41537E-02 1.41537E-02 2.52895E-02 2.52895E-02 2.52895E-02 2.52895E-02 2.52895E-02 4.51866E-02 4.51866E-02 4.51866E-02 4.51866E-02 4.51866E-02 4.51866E-02 8.07383E-02 8.07383E-02 8.07383E-02 8.07383E-02 8.07383E-02 8.07383E-02 8.07383E-02 1.44261E-01 1.44261E-01 1.44261E-01 1.44261E-01 1.44261E-01 1.44261E-01 2.57762E-01 2.57762E-01 2.57762E-01 2.57762E-01 2.57762E-01 2.57762E-01 4.60562E-01 4.60562E-01 4.60562E-01 4.60562E-01 4.60562E-01 4.60562E-01 
1.58489E+00 1.58489E+00 2.51189E+00 1.58489E+00 2.51189E+00 1.58489E+00 2.51189E+00 3.98107E+00 1.58489E+00 2.51189E+00 3.98107E+00 6.30957E+00 1.58489E+00 2.51189E+00 3.98107E+00 6.30957E+00 1.58489E+00 2.51189E+00 3.98107E+00 6.30957E+00 9.99999E+00 1.58489E+00 2.51189E+00 3.98107E+00 6.30957E+00 9.99999E+00 1.58489E+00 2.51189E+00 3.98107E+00 6.30957E+00 9.99999E+00 1.58489E+01 1.58489E+00 2.51189E+00 3.98107E+00 6.30957E+00 9.99999E+00 1.58489E+01 2.51189E+01 2.51189E+00 3.98107E+00 6.30957E+00 9.99999E+00 1.58489E+01 2.51189E+01 3.98107E+00 6.30957E+00 9.99999E+00 1.58489E+01 2.51189E+01 3.98107E+01 6.30957E+00 9.99999E+00 1.58489E+01 2.51189E+01 3.98107E+01 6.30957E+01 
90000 
1.54149E-04 
1.53354E-04 
3.67194E-04 
1.52594E-04 
3.66446E-04 
1.51870E-04 
3.66300E-04 
9.00079E-04 
1.51268E-04 
3.66488E-04 
9.01504E-04 
2.27407E-03 
1.50905E-04 
3.67011E-04 
9.04092E-04 
2.27453E-03 
1.50783E-04 
3.67699E-04 
9.06970E-04 
2.27252E-03 
5.74261E-03 
1.50291E-04 
3.67243E-04 
9.06935E-04 
2.26270E-03 
5.70551E-03 
1.47525E-04 
3.61683E-04 
8.94675E-04 
2.22551E-03 
5.59655E-03 
1.41469E-02 
1.40382E-04 
3.45895E-04 
8.57731E-04 
2.13233E-03 
5.34956E-03 
1.34797E-02 
3.44067E-02 
3.21774E-04 
8.00334E-04 
1.99256E-03 
4.99265E-03 
1.25539E-02 
3.18702E-02 
7.41505E-04 
1.84915E-03 
4.62749E-03 
1.16138E-02 
2.93464E-02 
7.55499E-02 
1.68918E-03 
4.22694E-03 
1.06022E-02 
2.67134E-02 
6.80789E-02 
1.79044E-01 
---
