PdfType: replica
Format: lhagrid1
---
4.34963E-04 7.77181E-04 7.77181E-04 1.38865E-03 1.38865E-03 2.48120E-03 2.48120E-03 2.48120E-03 4.43334E-03 4.43334E-03 4.43334E-03 4.43334E-03 7.92137E-03 7.92137E-03 7.92137E-03 7.92137E-03 1.41537E-02 1.41537E-02 1.41537E-02 1.41537E-02 1.41537E-02 2.52895E-02 2.52895E-02 2.52895E-02 2.52895E-02 2.52895E-02 4.51866E-02 4.51866E-02 4.51866E-02 4.51866E-02 4.51866E-02 4.51866E-02 8.07383E-02 8.07383E-02 8.07383E-02 8.07383E-02 8.07383E-02 8.07383E-02 8.07383E-02 1.44261E-01 1.44261E-01 1.44261E-01 1.44261E-01 1.44261E-01 1.44261E-01 2.57762E-01 2.57762E-01 2.57762E-01 2.57762E-01 2.57762E-01 2.57762E-01 4.60562E-01 4.60562E-01 4.60562E-01 4.60562E-01 4.60562E-01 4.60562E-01 
1.58489E+00 1.58489E+00 2.51189E+00 1.58489E+00 2.51189E+00 1.58489E+00 2.51189E+00 3.98107E+00 1.58489E+00 2.51189E+00 3.98107E+00 6.30957E+00 1.58489E+00 2.51189E+00 3.98107E+00 6.30957E+00 1.58489E+00 2.51189E+00 3.98107E+00 6.30957E+00 9.99999E+00 1.58489E+00 2.51189E+00 3.98107E+00 6.30957E+00 9.99999E+00 1.58489E+00 2.51189E+00 3.98107E+00 6.30957E+00 9.99999E+00 1.58489E+01 1.58489E+00 2.51189E+00 3.98107E+00 6.30957E+00 9.99999E+00 1.58489E+01 2.51189E+01 2.51189E+00 3.98107E+00 6.30957E+00 9.99999E+00 1.58489E+01 2.51189E+01 3.98107E+00 6.30957E+00 9.99999E+00 1.58489E+01 2.51189E+01 3.98107E+01 6.30957E+00 9.99999E+00 1.58489E+01 2.51189E+01 3.98107E+01 6.30957E+01 
90000 
1.57205E-04 
1.56086E-04 
3.74879E-04 
1.54901E-04 
3.73280E-04 
1.53660E-04 
3.72097E-04 
9.16679E-04 
1.52512E-04 
3.71184E-04 
9.15768E-04 
2.31529E-03 
1.51741E-04 
3.70891E-04 
9.16639E-04 
2.31191E-03 
1.51661E-04 
3.71678E-04 
9.19735E-04 
2.31003E-03 
5.85197E-03 
1.51980E-04 
3.72806E-04 
9.22937E-04 
2.30678E-03 
5.82858E-03 
1.50455E-04 
3.69548E-04 
9.15208E-04 
2.27877E-03 
5.73776E-03 
1.45447E-02 
1.43914E-04 
3.54752E-04 
8.79983E-04 
2.18838E-03 
5.49419E-03 
1.38715E-02 
3.56016E-02 
3.30430E-04 
8.21651E-04 
2.04554E-03 
5.12679E-03 
1.29078E-02 
3.28988E-02 
7.58451E-04 
1.89266E-03 
4.73958E-03 
1.19116E-02 
3.01961E-02 
7.83777E-02 
1.74598E-03 
4.36997E-03 
1.09677E-02 
2.76822E-02 
7.08803E-02 
1.88751E-01 
---
