PdfType: replica
Format: lhagrid1
---
4.34963E-04 7.77181E-04 7.77181E-04 1.38865E-03 1.38865E-03 2.48120E-03 2.48120E-03 2.48120E-03 4.43334E-03 4.43334E-03 4.43334E-03 4.43334E-03 7.92137E-03 7.92137E-03 7.92137E-03 7.92137E-03 1.41537E-02 1.41537E-02 1.41537E-02 1.41537E-02 1.41537E-02 2.52895E-02 2.52895E-02 2.52895E-02 2.52895E-02 2.52895E-02 4.51866E-02 4.51866E-02 4.51866E-02 4.51866E-02 4.51866E-02 4.51866E-02 8.07383E-02 8.07383E-02 8.07383E-02 8.07383E-02 8.07383E-02 8.07383E-02 8.07383E-02 1.44261E-01 1.44261E-01 1.44261E-01 1.44261E-01 1.44261E-01 1.44261E-01 2.57762E-01 2.57762E-01 2.57762E-01 2.57762E-01 2.57762E-01 2.57762E-01 4.60562E-01 4.60562E-01 4.60562E-01 4.60562E-01 4.60562E-01 4.60562E-01 
1.58489E+00 1.58489E+00 2.51189E+00 1.58489E+00 2.51189E+00 1.58489E+00 2.51189E+00 3.98107E+00 1.58489E+00 2.51189E+00 3.98107E+00 6.30957E+00 1.58489E+00 2.51189E+00 3.98107E+00 6.30957E+00 1.58489E+00 2.51189E+00 3.98107E+00 6.30957E+00 9.99999E+00 1.58489E+00 2.51189E+00 3.98107E+00 6.30957E+00 9.99999E+00 1.58489E+00 2.51189E+00 3.98107E+00 6.30957E+00 9.99999E+00 1.58489E+01 1.58489E+00 2.51189E+00 3.98107E+00 6.30957E+00 9.99999E+00 1.58489E+01 2.51189E+01 2.51189E+00 3.98107E+00 6.30957E+00 9.99999E+00 1.58489E+01 2.51189E+01 3.98107E+00 6.30957E+00 9.99999E+00 1.58489E+01 2.51189E+01 3.98107E+01 6.30957E+00 9.99999E+00 1.58489E+01 2.51189E+01 3.98107E+01 6.30957E+01 
90000 
1.57425E-04 
1.56539E-04 
3.75388E-04 
1.55626E-04 
3.74256E-04 
1.54648E-04 
3.73530E-04 
9.18982E-04 
1.53644E-04 
3.72863E-04 
9.18478E-04 
2.31990E-03 
1.52708E-04 
3.72244E-04 
9.18605E-04 
2.31482E-03 
1.51934E-04 
3.71727E-04 
9.18992E-04 
2.30727E-03 
5.84295E-03 
1.51140E-04 
3.70814E-04 
9.18104E-04 
2.29535E-03 
5.80033E-03 
1.49140E-04 
3.66773E-04 
9.09028E-04 
2.26463E-03 
5.70482E-03 
1.44648E-02 
1.43393E-04 
3.53484E-04 
8.76797E-04 
2.18075E-03 
5.47489E-03 
1.38227E-02 
3.54784E-02 
3.28039E-04 
8.15523E-04 
2.03074E-03 
5.09063E-03 
1.28198E-02 
3.26821E-02 
7.53777E-04 
1.88173E-03 
4.71555E-03 
1.18566E-02 
3.00630E-02 
7.80183E-02 
1.73634E-03 
4.34531E-03 
1.09044E-02 
2.75187E-02 
7.04500E-02 
1.87562E-01 
---
