PdfType: replica
Format: lhagrid1
---
4.34963E-04 7.77181E-04 7.77181E-04 1.38865E-03 1.38865E-03 2.48120E-03 2.48120E-03 2.48120E-03 4.43334E-03 4.43334E-03 4.43334E-03 4.43334E-03 7.92137E-03 7.92137E-03 7.92137E-03 7.92137E-03 1.41537E-02 1.41537E-02 1.41537E-02 1.41537E-02 1.41537E-02 2.52895E-02 2.52895E-02 2.52895E-02 2.52895E-02 2.52895E-02 4.51866E-02 4.51866E-02 4.51866E-02 4.51866E-02 4.51866E-02 4.51866E-02 8.07383E-02 8.07383E-02 8.07383E-02 8.07383E-02 8.07383E-02 8.07383E-02 8.07383E-02 1.44261E-01 1.44261E-01 1.44261E-01 1.44261E-01 1.44261E-01 1.44261E-01 2.57762E-01 2.57762E-01 2.57762E-01 2.57762E-01 2.57762E-01 2.57762E-01 4.60562E-01 4.60562E-01 4.60562E-01 4.60562E-01 4.60562E-01 4.60562E-01 
1.58489E+00 1.58489E+00 2.51189E+00 1.58489E+00 2.51189E+00 1.58489E+00 2.51189E+00 3.98107E+00 1.58489E+00 2.51189E+00 3.98107E+00 6.30957E+00 1.58489E+00 2.51189E+00 3.98107E+00 6.30957E+00 1.58489E+00 2.51189E+00 3.98107E+00 6.30957E+00 9.99999E+00 1.58489E+00 2.51189E+00 3.98107E+00 6.30957E+00 9.99999E+00 1.58489E+00 2.51189E+00 3.98107E+00 6.30957E+00 9.99999E+00 1.58489E+01 1.58489E+00 2.51189E+00 3.98107E+00 6.30957E+00 9.99999E+00 1.58489E+01 2.51189E+01 2.51189E+00 3.98107E+00 6.30957E+00 9.99999E+00 1.58489E+01 2.51189E+01 3.98107E+00 6.30957E+00 9.99999E+00 1.58489E+01 2.51189E+01 3.98107E+01 6.30957E+00 9.99999E+00 1.58489E+01 2.51189E+01 3.98107E+01 6.30957E+01 
90000 
1.51332E-04 
1.50619E-04 
3.60018E-04 
1.49888E-04 
3.59308E-04 
1.49106E-04 
3.59024E-04 
8.81184E-04 
1.48312E-04 
3.58825E-04 
8.81841E-04 
2.22337E-03 
1.47582E-04 
3.58645E-04 
8.82996E-04 
2.22124E-03 
1.46930E-04 
3.58339E-04 
8.83841E-04 
2.21509E-03 
5.59402E-03 
1.45975E-04 
3.56988E-04 
8.81967E-04 
2.20106E-03 
5.54874E-03 
1.43302E-04 
3.51547E-04 
8.69986E-04 
2.16407E-03 
5.44145E-03 
1.37313E-02 
1.36789E-04 
3.36944E-04 
8.35351E-04 
2.07585E-03 
5.20479E-03 
1.30922E-02 
3.32533E-02 
3.11964E-04 
7.75185E-04 
1.92913E-03 
4.83004E-03 
1.21276E-02 
3.06761E-02 
7.12482E-04 
1.77817E-03 
4.45326E-03 
1.11767E-02 
2.81936E-02 
7.21316E-02 
1.64180E-03 
4.10893E-03 
1.03026E-02 
2.59208E-02 
6.57756E-02 
1.70955E-01 
---
