PdfType: replica
Format: lhagrid1
---
4.34963E-04 7.77181E-04 7.77181E-04 1.38865E-03 1.38865E-03 2.48120E-03 2.48120E-03 2.48120E-03 4.43334E-03 4.43334E-03 4.43334E-03 4.43334E-03 7.92137E-03 7.92137E-03 7.92137E-03 7.92137E-03 1.41537E-02 1.41537E-02 1.41537E-02 1.41537E-02 1.41537E-02 2.52895E-02 2.52895E-02 2.52895E-02 2.52895E-02 2.52895E-02 4.51866E-02 4.51866E-02 4.51866E-02 4.51866E-02 4.51866E-02 4.51866E-02 8.07383E-02 8.07383E-02 8.07383E-02 8.07383E-02 8.07383E-02 8.07383E-02 8.07383E-02 1.44261E-01 1.44261E-01 1.44261E-01 1.44261E-01 1.44261E-01 1.44261E-01 2.57762E-01 2.57762E-01 2.57762E-01 2.57762E-01 2.57762E-01 2.57762E-01 4.60562E-01 4.60562E-01 4.60562E-01 4.60562E-01 4.60562E-01 4.60562E-01 
1.58489E+00 1.58489E+00 2.51189E+00 1.58489E+00 2.51189E+00 1.58489E+00 2.51189E+00 3.98107E+00 1.58489E+00 2.51189E+00 3.98107E+00 6.30957E+00 1.58489E+00 2.51189E+00 3.98107E+00 6.30957E+00 1.58489E+00 2.51189E+00 3.98107E+00 6.30957E+00 9.99999E+00 1.58489E+00 2.51189E+00 3.98107E+00 6.30957E+00 9.99999E+00 1.58489E+00 2.51189E+00 3.98107E+00 6.30957E+00 9.99999E+00 1.58489E+01 1.58489E+00 2.51189E+00 3.98107E+00 6.30957E+00 9.99999E+00 1.58489E+01 2.51189E+01 2.51189E+00 3.98107E+00 6.30957E+00 9.99999E+00 1.58489E+01 2.51189E+01 3.98107E+00 6.30957E+00 9.99999E+00 1.58489E+01 2.51189E+01 3.98107E+01 6.30957E+00 9.99999E+00 1.58489E+01 2.51189E+01 3.98107E+01 6.30957E+01 
90000 
3.08740E-05 
3.05459E-05 
5.70883E-05 
3.00031E-05 
5.79386E-05 
2.92973E-05 
5.84864E-05 
1.19520E-04 
2.85283E-05 
5.87297E-05 
1.24108E-04 
2.70297E-04 
2.78303E-05 
5.88458E-05 
1.27678E-04 
2.87439E-04 
2.72773E-05 
5.88947E-05 
1.30443E-04 
2.94038E-04 
5.14831E-04 
2.64786E-05 
5.80040E-05 
1.30458E-04 
2.90599E-04 
5.45909E-04 
2.38354E-05 
5.27631E-05 
1.19786E-04 
2.63071E-04 
5.05572E-04 
7.74565E-05 
1.71851E-05 
3.80140E-05 
8.59217E-05 
1.83655E-04 
3.35664E-04 
-5.97080E-05 
-6.71652E-03 
1.43004E-05 
2.98220E-05 
5.26017E-05 
4.12405E-05 
-5.33326E-04 
-5.83384E-03 
-3.05069E-05 
-8.82166E-05 
-2.77055E-04 
-1.09903E-03 
-5.58396E-03 
-3.41630E-02 
-2.24620E-04 
-5.91237E-04 
-1.70390E-03 
-5.87103E-03 
-2.59543E-02 
-1.45585E-01 
---
