PdfType: replica
Format: lhagrid1
---
4.34963E-04 7.77181E-04 7.77181E-04 1.38865E-03 1.38865E-03 2.48120E-03 2.48120E-03 2.48120E-03 4.43334E-03 4.43334E-03 4.43334E-03 4.43334E-03 7.92137E-03 7.92137E-03 7.92137E-03 7.92137E-03 1.41537E-02 1.41537E-02 1.41537E-02 1.41537E-02 1.41537E-02 2.52895E-02 2.52895E-02 2.52895E-02 2.52895E-02 2.52895E-02 4.51866E-02 4.51866E-02 4.51866E-02 4.51866E-02 4.51866E-02 4.51866E-02 8.07383E-02 8.07383E-02 8.07383E-02 8.07383E-02 8.07383E-02 8.07383E-02 8.07383E-02 1.44261E-01 1.44261E-01 1.44261E-01 1.44261E-01 1.44261E-01 1.44261E-01 2.57762E-01 2.57762E-01 2.57762E-01 2.57762E-01 2.57762E-01 2.57762E-01 4.60562E-01 4.60562E-01 4.60562E-01 4.60562E-01 4.60562E-01 4.60562E-01 
1.58489E+00 1.58489E+00 2.51189E+00 1.58489E+00 2.51189E+00 1.58489E+00 2.51189E+00 3.98107E+00 1.58489E+00 2.51189E+00 3.98107E+00 6.30957E+00 1.58489E+00 2.51189E+00 3.98107E+00 6.30957E+00 1.58489E+00 2.51189E+00 3.98107E+00 6.30957E+00 9.99999E+00 1.58489E+00 2.51189E+00 3.98107E+00 6.30957E+00 9.99999E+00 1.58489E+00 2.51189E+00 3.98107E+00 6.30957E+00 9.99999E+00 1.58489E+01 1.58489E+00 2.51189E+00 3.98107E+00 6.30957E+00 9.99999E+00 1.58489E+01 2.51189E+01 2.51189E+00 3.98107E+00 6.30957E+00 9.99999E+00 1.58489E+01 2.51189E+01 3.98107E+00 6.30957E+00 9.99999E+00 1.58489E+01 2.51189E+01 3.98107E+01 6.30957E+00 9.99999E+00 1.58489E+01 2.51189E+01 3.98107E+01 6.30957E+01 
90000 
2.53703E-05 
2.49988E-05 
4.31312E-05 
2.43458E-05 
4.39291E-05 
2.34711E-05 
4.42601E-05 
8.38458E-05 
2.25066E-05 
4.42028E-05 
8.81974E-05 
1.79540E-04 
2.16790E-05 
4.41321E-05 
9.16438E-05 
1.97708E-04 
2.12650E-05 
4.45414E-05 
9.53936E-05 
2.06951E-04 
2.91319E-04 
2.11690E-05 
4.51676E-05 
9.88416E-05 
2.11198E-04 
3.40723E-04 
1.97816E-05 
4.25409E-05 
9.39112E-05 
1.96522E-04 
3.30202E-04 
-4.20568E-04 
1.40308E-05 
2.95591E-05 
6.38130E-05 
1.25460E-04 
1.81311E-04 
-4.92396E-04 
-8.10252E-03 
4.83098E-06 
5.46065E-06 
-1.02102E-05 
-1.22000E-04 
-9.72000E-04 
-7.12093E-03 
-5.66519E-05 
-1.53380E-04 
-4.42978E-04 
-1.53024E-03 
-6.76956E-03 
-3.78869E-02 
-2.83653E-04 
-7.40407E-04 
-2.08537E-03 
-6.87929E-03 
-2.88441E-02 
-1.55423E-01 
---
