PdfType: replica
Format: lhagrid1
---
4.34963E-04 7.77181E-04 7.77181E-04 1.38865E-03 1.38865E-03 2.48120E-03 2.48120E-03 2.48120E-03 4.43334E-03 4.43334E-03 4.43334E-03 4.43334E-03 7.92137E-03 7.92137E-03 7.92137E-03 7.92137E-03 1.41537E-02 1.41537E-02 1.41537E-02 1.41537E-02 1.41537E-02 2.52895E-02 2.52895E-02 2.52895E-02 2.52895E-02 2.52895E-02 4.51866E-02 4.51866E-02 4.51866E-02 4.51866E-02 4.51866E-02 4.51866E-02 8.07383E-02 8.07383E-02 8.07383E-02 8.07383E-02 8.07383E-02 8.07383E-02 8.07383E-02 1.44261E-01 1.44261E-01 1.44261E-01 1.44261E-01 1.44261E-01 1.44261E-01 2.57762E-01 2.57762E-01 2.57762E-01 2.57762E-01 2.57762E-01 2.57762E-01 4.60562E-01 4.60562E-01 4.60562E-01 4.60562E-01 4.60562E-01 4.60562E-01 
1.58489E+00 1.58489E+00 2.51189E+00 1.58489E+00 2.51189E+00 1.58489E+00 2.51189E+00 3.98107E+00 1.58489E+00 2.51189E+00 3.98107E+00 6.30957E+00 1.58489E+00 2.51189E+00 3.98107E+00 6.30957E+00 1.58489E+00 2.51189E+00 3.98107E+00 6.30957E+00 9.99999E+00 1.58489E+00 2.51189E+00 3.98107E+00 6.30957E+00 9.99999E+00 1.58489E+00 2.51189E+00 3.98107E+00 6.30957E+00 9.99999E+00 1.58489E+01 1.58489E+00 2.51189E+00 3.98107E+00 6.30957E+00 9.99999E+00 1.58489E+01 2.51189E+01 2.51189E+00 3.98107E+00 6.30957E+00 9.99999E+00 1.58489E+01 2.51189E+01 3.98107E+00 6.30957E+00 9.99999E+00 1.58489E+01 2.51189E+01 3.98107E+01 6.30957E+00 9.99999E+00 1.58489E+01 2.51189E+01 3.98107E+01 6.30957E+01 
90000 
3.49070E-05 
3.46818E-05 
6.75356E-05 
3.42546E-05 
6.87807E-05 
3.36907E-05 
6.96886E-05 
1.47688E-04 
3.30720E-05 
7.02603E-05 
1.53289E-04 
3.44862E-04 
3.24701E-05 
7.05723E-05 
1.57443E-04 
3.64362E-04 
3.18730E-05 
7.05601E-05 
1.60208E-04 
3.71576E-04 
7.28759E-04 
3.09487E-05 
6.95596E-05 
1.60208E-04 
3.68496E-04 
7.59347E-04 
2.86028E-05 
6.51509E-05 
1.51617E-04 
3.45660E-04 
7.26588E-04 
7.23602E-04 
2.29851E-05 
5.25780E-05 
1.22522E-04 
2.76310E-04 
5.75914E-04 
6.00574E-04 
-4.63824E-03 
2.97041E-05 
6.80830E-05 
1.48282E-04 
2.85008E-04 
1.13154E-04 
-3.94775E-03 
6.68937E-06 
4.90691E-06 
-4.18876E-05 
-4.88949E-04 
-3.89735E-03 
-2.87906E-02 
-1.36357E-04 
-3.68863E-04 
-1.13522E-03 
-4.36240E-03 
-2.15882E-02 
-1.30458E-01 
---
