PdfType: replica
Format: lhagrid1
---
4.34963E-04 7.77181E-04 7.77181E-04 1.38865E-03 1.38865E-03 2.48120E-03 2.48120E-03 2.48120E-03 4.43334E-03 4.43334E-03 4.43334E-03 4.43334E-03 7.92137E-03 7.92137E-03 7.92137E-03 7.92137E-03 1.41537E-02 1.41537E-02 1.41537E-02 1.41537E-02 1.41537E-02 2.52895E-02 2.52895E-02 2.52895E-02 2.52895E-02 2.52895E-02 4.51866E-02 4.51866E-02 4.51866E-02 4.51866E-02 4.51866E-02 4.51866E-02 8.07383E-02 8.07383E-02 8.07383E-02 8.07383E-02 8.07383E-02 8.07383E-02 8.07383E-02 1.44261E-01 1.44261E-01 1.44261E-01 1.44261E-01 1.44261E-01 1.44261E-01 2.57762E-01 2.57762E-01 2.57762E-01 2.57762E-01 2.57762E-01 2.57762E-01 4.60562E-01 4.60562E-01 4.60562E-01 4.60562E-01 4.60562E-01 4.60562E-01 
1.58489E+00 1.58489E+00 2.51189E+00 1.58489E+00 2.51189E+00 1.58489E+00 2.51189E+00 3.98107E+00 1.58489E+00 2.51189E+00 3.98107E+00 6.30957E+00 1.58489E+00 2.51189E+00 3.98107E+00 6.30957E+00 1.58489E+00 2.51189E+00 3.98107E+00 6.30957E+00 9.99999E+00 1.58489E+00 2.51189E+00 3.98107E+00 6.30957E+00 9.99999E+00 1.58489E+00 2.51189E+00 3.98107E+00 6.30957E+00 9.99999E+00 1.58489E+01 1.58489E+00 2.51189E+00 3.98107E+00 6.30957E+00 9.99999E+00 1.58489E+01 2.51189E+01 2.51189E+00 3.98107E+00 6.30957E+00 9.99999E+00 1.58489E+01 2.51189E+01 3.98107E+00 6.30957E+00 9.99999E+00 1.58489E+01 2.51189E+01 3.98107E+01 6.30957E+00 9.99999E+00 1.58489E+01 2.51189E+01 3.98107E+01 6.30957E+01 
90000 
2.81829E-05 
2.79089E-05 
5.06242E-05 
2.73593E-05 
5.14789E-05 
2.65573E-05 
5.18147E-05 
1.03315E-04 
2.55425E-05 
5.15385E-05 
1.06790E-04 
2.29704E-04 
2.43672E-05 
5.06860E-05 
1.08280E-04 
2.42315E-04 
2.30717E-05 
4.92812E-05 
1.07959E-04 
2.42124E-04 
3.99815E-04 
2.15438E-05 
4.70370E-05 
1.05156E-04 
2.32043E-04 
4.11658E-04 
1.91312E-05 
4.23798E-05 
9.58413E-05 
2.06462E-04 
3.69619E-04 
-2.61630E-04 
1.42426E-05 
3.12198E-05 
6.96178E-05 
1.43094E-04 
2.30087E-04 
-3.64562E-04 
-7.79407E-03 
9.55659E-06 
1.73150E-05 
2.01235E-05 
-4.72733E-05 
-7.92045E-04 
-6.71266E-03 
-4.58952E-05 
-1.27310E-04 
-3.76338E-04 
-1.35801E-03 
-6.30414E-03 
-3.64668E-02 
-2.75680E-04 
-7.19982E-04 
-2.03361E-03 
-6.74725E-03 
-2.84950E-02 
-1.54412E-01 
---
