PdfType: replica
Format: lhagrid1
---
4.34963E-04 7.77181E-04 7.77181E-04 1.38865E-03 1.38865E-03 2.48120E-03 2.48120E-03 2.48120E-03 4.43334E-03 4.43334E-03 4.43334E-03 4.43334E-03 7.92137E-03 7.92137E-03 7.92137E-03 7.92137E-03 1.41537E-02 1.41537E-02 1.41537E-02 1.41537E-02 1.41537E-02 2.52895E-02 2.52895E-02 2.52895E-02 2.52895E-02 2.52895E-02 4.51866E-02 4.51866E-02 4.51866E-02 4.51866E-02 4.51866E-02 4.51866E-02 8.07383E-02 8.07383E-02 8.07383E-02 8.07383E-02 8.07383E-02 8.07383E-02 8.07383E-02 1.44261E-01 1.44261E-01 1.44261E-01 1.44261E-01 1.44261E-01 1.44261E-01 2.57762E-01 2.57762E-01 2.57762E-01 2.57762E-01 2.57762E-01 2.57762E-01 4.60562E-01 4.60562E-01 4.60562E-01 4.60562E-01 4.60562E-01 4.60562E-01 
1.58489E+00 1.58489E+00 2.51189E+00 1.58489E+00 2.51189E+00 1.58489E+00 2.51189E+00 3.98107E+00 1.58489E+00 2.51189E+00 3.98107E+00 6.30957E+00 1.58489E+00 2.51189E+00 3.98107E+00 6.30957E+00 1.58489E+00 2.51189E+00 3.98107E+00 6.30957E+00 9.99999E+00 1.58489E+00 2.51189E+00 3.98107E+00 6.30957E+00 9.99999E+00 1.58489E+00 2.51189E+00 3.98107E+00 6.30957E+00 9.99999E+00 1.58489E+01 1.58489E+00 2.51189E+00 3.98107E+00 6.30957E+00 9.99999E+00 1.58489E+01 2.51189E+01 2.51189E+00 3.98107E+00 6.30957E+00 9.99999E+00 1.58489E+01 2.51189E+01 3.98107E+00 6.30957E+00 9.99999E+00 1.58489E+01 2.51189E+01 3.98107E+01 6.30957E+00 9.99999E+00 1.58489E+01 2.51189E+01 3.98107E+01 6.30957E+01 
90000 
1.55942E-04 
1.55134E-04 
3.71766E-04 
1.54305E-04 
3.70813E-04 
1.53411E-04 
3.70262E-04 
9.10322E-04 
1.52478E-04 
3.69737E-04 
9.10132E-04 
2.29761E-03 
1.51577E-04 
3.69170E-04 
9.10355E-04 
2.29291E-03 
1.50777E-04 
3.68546E-04 
9.10467E-04 
2.28483E-03 
5.78160E-03 
1.49862E-04 
3.67294E-04 
9.08769E-04 
2.27095E-03 
5.73518E-03 
1.47561E-04 
3.62563E-04 
8.98173E-04 
2.23653E-03 
5.63193E-03 
1.42634E-02 
1.41378E-04 
3.48525E-04 
8.64624E-04 
2.15004E-03 
5.39747E-03 
1.36171E-02 
3.48630E-02 
3.23978E-04 
8.05736E-04 
2.00642E-03 
5.02885E-03 
1.26560E-02 
3.22054E-02 
7.45915E-04 
1.86199E-03 
4.66425E-03 
1.17208E-02 
2.96798E-02 
7.67651E-02 
1.72349E-03 
4.31456E-03 
1.08276E-02 
2.73083E-02 
6.97583E-02 
1.84561E-01 
---
