PdfType: replica
Format: lhagrid1
---
4.34963E-04 7.77181E-04 7.77181E-04 1.38865E-03 1.38865E-03 2.48120E-03 2.48120E-03 2.48120E-03 4.43334E-03 4.43334E-03 4.43334E-03 4.43334E-03 7.92137E-03 7.92137E-03 7.92137E-03 7.92137E-03 1.41537E-02 1.41537E-02 1.41537E-02 1.41537E-02 1.41537E-02 2.52895E-02 2.52895E-02 2.52895E-02 2.52895E-02 2.52895E-02 4.51866E-02 4.51866E-02 4.51866E-02 4.51866E-02 4.51866E-02 4.51866E-02 8.07383E-02 8.07383E-02 8.07383E-02 8.07383E-02 8.07383E-02 8.07383E-02 8.07383E-02 1.44261E-01 1.44261E-01 1.44261E-01 1.44261E-01 1.44261E-01 1.44261E-01 2.57762E-01 2.57762E-01 2.57762E-01 2.57762E-01 2.57762E-01 2.57762E-01 4.60562E-01 4.60562E-01 4.60562E-01 4.60562E-01 4.60562E-01 4.60562E-01 
1.58489E+00 1.58489E+00 2.51189E+00 1.58489E+00 2.51189E+00 1.58489E+00 2.51189E+00 3.98107E+00 1.58489E+00 2.51189E+00 3.98107E+00 6.30957E+00 1.58489E+00 2.51189E+00 3.98107E+00 6.30957E+00 1.58489E+00 2.51189E+00 3.98107E+00 6.30957E+00 9.99999E+00 1.58489E+00 2.51189E+00 3.98107E+00 6.30957E+00 9.99999E+00 1.58489E+00 2.51189E+00 3.98107E+00 6.30957E+00 9.99999E+00 1.58489E+01 1.58489E+00 2.51189E+00 3.98107E+00 6.30957E+00 9.99999E+00 1.58489E+01 2.51189E+01 2.51189E+00 3.98107E+00 6.30957E+00 9.99999E+00 1.58489E+01 2.51189E+01 3.98107E+00 6.30957E+00 9.99999E+00 1.58489E+01 2.51189E+01 3.98107E+01 6.30957E+00 9.99999E+00 1.58489E+01 2.51189E+01 3.98107E+01 6.30957E+01 
90000 
3.18958E-05 
3.17105E-05 
6.00505E-05 
3.13957E-05 
6.13954E-05 
3.10244E-05 
6.26314E-05 
1.29403E-04 
3.06860E-05 
6.37635E-05 
1.36007E-04 
2.98189E-04 
3.04426E-05 
6.48384E-05 
1.41734E-04 
3.20800E-04 
3.02113E-05 
6.55950E-05 
1.46131E-04 
3.31915E-04 
6.10684E-04 
2.94375E-05 
6.48160E-05 
1.46531E-04 
3.30130E-04 
6.46997E-04 
2.66401E-05 
5.93194E-05 
1.35526E-04 
3.02097E-04 
6.06052E-04 
3.61296E-04 
1.99910E-05 
4.47179E-05 
1.02325E-04 
2.24214E-04 
4.39367E-04 
2.19786E-04 
-5.86441E-03 
2.12880E-05 
4.71162E-05 
9.56578E-05 
1.49763E-04 
-2.50834E-04 
-5.03936E-03 
-1.31625E-05 
-4.55581E-05 
-1.71407E-04 
-8.31290E-04 
-4.87037E-03 
-3.20284E-02 
-1.96321E-04 
-5.19958E-04 
-1.52216E-03 
-5.39498E-03 
-2.46231E-02 
-1.41276E-01 
---
