PdfType: replica
Format: lhagrid1
---
4.34963E-04 7.77181E-04 7.77181E-04 1.38865E-03 1.38865E-03 2.48120E-03 2.48120E-03 2.48120E-03 4.43334E-03 4.43334E-03 4.43334E-03 4.43334E-03 7.92137E-03 7.92137E-03 7.92137E-03 7.92137E-03 1.41537E-02 1.41537E-02 1.41537E-02 1.41537E-02 1.41537E-02 2.52895E-02 2.52895E-02 2.52895E-02 2.52895E-02 2.52895E-02 4.51866E-02 4.51866E-02 4.51866E-02 4.51866E-02 4.51866E-02 4.51866E-02 8.07383E-02 8.07383E-02 8.07383E-02 8.07383E-02 8.07383E-02 8.07383E-02 8.07383E-02 1.44261E-01 1.44261E-01 1.44261E-01 1.44261E-01 1.44261E-01 1.44261E-01 2.57762E-01 2.57762E-01 2.57762E-01 2.57762E-01 2.57762E-01 2.57762E-01 4.60562E-01 4.60562E-01 4.60562E-01 4.60562E-01 4.60562E-01 4.60562E-01 
1.58489E+00 1.58489E+00 2.51189E+00 1.58489E+00 2.51189E+00 1.58489E+00 2.51189E+00 3.98107E+00 1.58489E+00 2.51189E+00 3.98107E+00 6.30957E+00 1.58489E+00 2.51189E+00 3.98107E+00 6.30957E+00 1.58489E+00 2.51189E+00 3.98107E+00 6.30957E+00 9.99999E+00 1.58489E+00 2.51189E+00 3.98107E+00 6.30957E+00 9.99999E+00 1.58489E+00 2.51189E+00 3.98107E+00 6.30957E+00 9.99999E+00 1.58489E+01 1.58489E+00 2.51189E+00 3.98107E+00 6.30957E+00 9.99999E+00 1.58489E+01 2.51189E+01 2.51189E+00 3.98107E+00 6.30957E+00 9.99999E+00 1.58489E+01 2.51189E+01 3.98107E+00 6.30957E+00 9.99999E+00 1.58489E+01 2.51189E+01 3.98107E+01 6.30957E+00 9.99999E+00 1.58489E+01 2.51189E+01 3.98107E+01 6.30957E+01 
90000 
2.40154E-05 
2.37613E-05 
3.98026E-05 
2.33289E-05 
4.10473E-05 
2.27603E-05 
4.19941E-05 
7.67249E-05 
2.21107E-05 
4.25682E-05 
8.26346E-05 
1.58759E-04 
2.14105E-05 
4.27500E-05 
8.68010E-05 
1.80286E-04 
2.05861E-05 
4.23404E-05 
8.89784E-05 
1.88024E-04 
2.32653E-04 
1.92716E-05 
4.05997E-05 
8.76113E-05 
1.83598E-04 
2.70231E-04 
1.65606E-05 
3.54886E-05 
7.77101E-05 
1.59271E-04 
2.41760E-04 
-6.29348E-04 
1.11036E-05 
2.32966E-05 
4.96532E-05 
9.33045E-05 
1.04806E-04 
-6.80280E-04 
-8.59956E-03 
1.80456E-06 
-1.78387E-06 
-2.77238E-05 
-1.65505E-04 
-1.08751E-03 
-7.47162E-03 
-6.38545E-05 
-1.73030E-04 
-4.93927E-04 
-1.66748E-03 
-7.17032E-03 
-3.92642E-02 
-3.20222E-04 
-8.29247E-04 
-2.30524E-03 
-7.44581E-03 
-3.04429E-02 
-1.60849E-01 
---
