PdfType: replica
Format: lhagrid1
---
4.34963E-04 7.77181E-04 7.77181E-04 1.38865E-03 1.38865E-03 2.48120E-03 2.48120E-03 2.48120E-03 4.43334E-03 4.43334E-03 4.43334E-03 4.43334E-03 7.92137E-03 7.92137E-03 7.92137E-03 7.92137E-03 1.41537E-02 1.41537E-02 1.41537E-02 1.41537E-02 1.41537E-02 2.52895E-02 2.52895E-02 2.52895E-02 2.52895E-02 2.52895E-02 4.51866E-02 4.51866E-02 4.51866E-02 4.51866E-02 4.51866E-02 4.51866E-02 8.07383E-02 8.07383E-02 8.07383E-02 8.07383E-02 8.07383E-02 8.07383E-02 8.07383E-02 1.44261E-01 1.44261E-01 1.44261E-01 1.44261E-01 1.44261E-01 1.44261E-01 2.57762E-01 2.57762E-01 2.57762E-01 2.57762E-01 2.57762E-01 2.57762E-01 4.60562E-01 4.60562E-01 4.60562E-01 4.60562E-01 4.60562E-01 4.60562E-01 
1.58489E+00 1.58489E+00 2.51189E+00 1.58489E+00 2.51189E+00 1.58489E+00 2.51189E+00 3.98107E+00 1.58489E+00 2.51189E+00 3.98107E+00 6.30957E+00 1.58489E+00 2.51189E+00 3.98107E+00 6.30957E+00 1.58489E+00 2.51189E+00 3.98107E+00 6.30957E+00 9.99999E+00 1.58489E+00 2.51189E+00 3.98107E+00 6.30957E+00 9.99999E+00 1.58489E+00 2.51189E+00 3.98107E+00 6.30957E+00 9.99999E+00 1.58489E+01 1.58489E+00 2.51189E+00 3.98107E+00 6.30957E+00 9.99999E+00 1.58489E+01 2.51189E+01 2.51189E+00 3.98107E+00 6.30957E+00 9.99999E+00 1.58489E+01 2.51189E+01 3.98107E+00 6.30957E+00 9.99999E+00 1.58489E+01 2.51189E+01 3.98107E+01 6.30957E+00 9.99999E+00 1.58489E+01 2.51189E+01 3.98107E+01 6.30957E+01 
90000 
2.74944E-05 
2.71608E-05 
4.84387E-05 
2.65888E-05 
4.92460E-05 
2.58144E-05 
4.96967E-05 
9.72182E-05 
2.49275E-05 
4.97504E-05 
1.01483E-04 
2.12646E-04 
2.40711E-05 
4.95803E-05 
1.04530E-04 
2.28866E-04 
2.33746E-05 
4.93621E-05 
1.06831E-04 
2.34502E-04 
3.59834E-04 
2.26200E-05 
4.86381E-05 
1.07399E-04 
2.32336E-04 
3.94311E-04 
2.05278E-05 
4.47050E-05 
9.98380E-05 
2.12107E-04 
3.70536E-04 
-3.18453E-04 
1.48588E-05 
3.20052E-05 
7.03839E-05 
1.42841E-04 
2.24178E-04 
-3.91711E-04 
-7.90081E-03 
7.84176E-06 
1.28994E-05 
8.62602E-06 
-7.52632E-05 
-8.56121E-04 
-6.83429E-03 
-4.95993E-05 
-1.35495E-04 
-3.96299E-04 
-1.40785E-03 
-6.43731E-03 
-3.68903E-02 
-2.62540E-04 
-6.87340E-04 
-1.95123E-03 
-6.53324E-03 
-2.79013E-02 
-1.52499E-01 
---
