PdfType: replica
Format: lhagrid1
---
4.34963E-04 7.77181E-04 7.77181E-04 1.38865E-03 1.38865E-03 2.48120E-03 2.48120E-03 2.48120E-03 4.43334E-03 4.43334E-03 4.43334E-03 4.43334E-03 7.92137E-03 7.92137E-03 7.92137E-03 7.92137E-03 1.41537E-02 1.41537E-02 1.41537E-02 1.41537E-02 1.41537E-02 2.52895E-02 2.52895E-02 2.52895E-02 2.52895E-02 2.52895E-02 4.51866E-02 4.51866E-02 4.51866E-02 4.51866E-02 4.51866E-02 4.51866E-02 8.07383E-02 8.07383E-02 8.07383E-02 8.07383E-02 8.07383E-02 8.07383E-02 8.07383E-02 1.44261E-01 1.44261E-01 1.44261E-01 1.44261E-01 1.44261E-01 1.44261E-01 2.57762E-01 2.57762E-01 2.57762E-01 2.57762E-01 2.57762E-01 2.57762E-01 4.60562E-01 4.60562E-01 4.60562E-01 4.60562E-01 4.60562E-01 4.60562E-01 
1.58489E+00 1.58489E+00 2.51189E+00 1.58489E+00 2.51189E+00 1.58489E+00 2.51189E+00 3.98107E+00 1.58489E+00 2.51189E+00 3.98107E+00 6.30957E+00 1.58489E+00 2.51189E+00 3.98107E+00 6.30957E+00 1.58489E+00 2.51189E+00 3.98107E+00 6.30957E+00 9.99999E+00 1.58489E+00 2.51189E+00 3.98107E+00 6.30957E+00 9.99999E+00 1.58489E+00 2.51189E+00 3.98107E+00 6.30957E+00 9.99999E+00 1.58489E+01 1.58489E+00 2.51189E+00 3.98107E+00 6.30957E+00 9.99999E+00 1.58489E+01 2.51189E+01 2.51189E+00 3.98107E+00 6.30957E+00 9.99999E+00 1.58489E+01 2.51189E+01 3.98107E+00 6.30957E+00 9.99999E+00 1.58489E+01 2.51189E+01 3.98107E+01 6.30957E+00 9.99999E+00 1.58489E+01 2.51189E+01 3.98107E+01 6.30957E+01 
90000 
2.97462E-05 
2.94928E-05 
5.44369E-05 
2.90083E-05 
5.54946E-05 
2.83681E-05 
5.62402E-05 
1.13949E-04 
2.77081E-05 
5.67408E-05 
1.19151E-04 
2.59028E-04 
2.72177E-05 
5.72619E-05 
1.23566E-04 
2.77600E-04 
2.70233E-05 
5.79594E-05 
1.27626E-04 
2.86428E-04 
4.97609E-04 
2.66741E-05 
5.79115E-05 
1.29366E-04 
2.86326E-04 
5.32512E-04 
2.42555E-05 
5.31686E-05 
1.19769E-04 
2.61126E-04 
4.95832E-04 
3.75363E-05 
1.73027E-05 
3.77583E-05 
8.44440E-05 
1.78191E-04 
3.18943E-04 
-1.10140E-04 
-6.88000E-03 
1.25748E-05 
2.53441E-05 
4.06290E-05 
1.02409E-05 
-6.16041E-04 
-6.07336E-03 
-3.44731E-05 
-9.74795E-05 
-3.01000E-04 
-1.16273E-03 
-5.76914E-03 
-3.48151E-02 
-2.25547E-04 
-5.94230E-04 
-1.71312E-03 
-5.90089E-03 
-2.60659E-02 
-1.46101E-01 
---
