PdfType: replica
Format: lhagrid1
---
4.34963E-04 7.77181E-04 7.77181E-04 1.38865E-03 1.38865E-03 2.48120E-03 2.48120E-03 2.48120E-03 4.43334E-03 4.43334E-03 4.43334E-03 4.43334E-03 7.92137E-03 7.92137E-03 7.92137E-03 7.92137E-03 1.41537E-02 1.41537E-02 1.41537E-02 1.41537E-02 1.41537E-02 2.52895E-02 2.52895E-02 2.52895E-02 2.52895E-02 2.52895E-02 4.51866E-02 4.51866E-02 4.51866E-02 4.51866E-02 4.51866E-02 4.51866E-02 8.07383E-02 8.07383E-02 8.07383E-02 8.07383E-02 8.07383E-02 8.07383E-02 8.07383E-02 1.44261E-01 1.44261E-01 1.44261E-01 1.44261E-01 1.44261E-01 1.44261E-01 2.57762E-01 2.57762E-01 2.57762E-01 2.57762E-01 2.57762E-01 2.57762E-01 4.60562E-01 4.60562E-01 4.60562E-01 4.60562E-01 4.60562E-01 4.60562E-01 
1.58489E+00 1.58489E+00 2.51189E+00 1.58489E+00 2.51189E+00 1.58489E+00 2.51189E+00 3.98107E+00 1.58489E+00 2.51189E+00 3.98107E+00 6.30957E+00 1.58489E+00 2.51189E+00 3.98107E+00 6.30957E+00 1.58489E+00 2.51189E+00 3.98107E+00 6.30957E+00 9.99999E+00 1.58489E+00 2.51189E+00 3.98107E+00 6.30957E+00 9.99999E+00 1.58489E+00 2.51189E+00 3.98107E+00 6.30957E+00 9.99999E+00 1.58489E+01 1.58489E+00 2.51189E+00 3.98107E+00 6.30957E+00 9.99999E+00 1.58489E+01 2.51189E+01 2.51189E+00 3.98107E+00 6.30957E+00 9.99999E+00 1.58489E+01 2.51189E+01 3.98107E+00 6.30957E+00 9.99999E+00 1.58489E+01 2.51189E+01 3.98107E+01 6.30957E+00 9.99999E+00 1.58489E+01 2.51189E+01 3.98107E+01 6.30957E+01 
90000 
2.80599E-05 
2.78674E-05 
5.01737E-05 
2.74721E-05 
5.14134E-05 
2.69162E-05 
5.23414E-05 
1.03175E-04 
2.62698E-05 
5.29185E-05 
1.08831E-04 
2.28605E-04 
2.56170E-05 
5.32364E-05 
1.13179E-04 
2.49169E-04 
2.50058E-05 
5.33325E-05 
1.16467E-04 
2.58492E-04 
4.22291E-04 
2.42635E-05 
5.28460E-05 
1.17982E-04 
2.59731E-04 
4.68192E-04 
2.25961E-05 
5.00378E-05 
1.13448E-04 
2.46994E-04 
4.63154E-04 
-5.09153E-05 
1.82391E-05 
4.03573E-05 
9.11329E-05 
1.94175E-04 
3.53074E-04 
-6.07165E-05 
-7.00007E-03 
1.81329E-05 
3.74900E-05 
6.82294E-05 
6.89485E-05 
-5.02270E-04 
-5.94167E-03 
-3.15133E-05 
-9.22715E-05 
-2.91798E-04 
-1.14935E-03 
-5.76773E-03 
-3.49629E-02 
-2.53340E-04 
-6.68067E-04 
-1.91050E-03 
-6.44818E-03 
-2.77363E-02 
-1.52297E-01 
---
