PdfType: replica
Format: lhagrid1
---
4.34963E-04 7.77181E-04 7.77181E-04 1.38865E-03 1.38865E-03 2.48120E-03 2.48120E-03 2.48120E-03 4.43334E-03 4.43334E-03 4.43334E-03 4.43334E-03 7.92137E-03 7.92137E-03 7.92137E-03 7.92137E-03 1.41537E-02 1.41537E-02 1.41537E-02 1.41537E-02 1.41537E-02 2.52895E-02 2.52895E-02 2.52895E-02 2.52895E-02 2.52895E-02 4.51866E-02 4.51866E-02 4.51866E-02 4.51866E-02 4.51866E-02 4.51866E-02 8.07383E-02 8.07383E-02 8.07383E-02 8.07383E-02 8.07383E-02 8.07383E-02 8.07383E-02 1.44261E-01 1.44261E-01 1.44261E-01 1.44261E-01 1.44261E-01 1.44261E-01 2.57762E-01 2.57762E-01 2.57762E-01 2.57762E-01 2.57762E-01 2.57762E-01 4.60562E-01 4.60562E-01 4.60562E-01 4.60562E-01 4.60562E-01 4.60562E-01 
1.58489E+00 1.58489E+00 2.51189E+00 1.58489E+00 2.51189E+00 1.58489E+00 2.51189E+00 3.98107E+00 1.58489E+00 2.51189E+00 3.98107E+00 6.30957E+00 1.58489E+00 2.51189E+00 3.98107E+00 6.30957E+00 1.58489E+00 2.51189E+00 3.98107E+00 6.30957E+00 9.99999E+00 1.58489E+00 2.51189E+00 3.98107E+00 6.30957E+00 9.99999E+00 1.58489E+00 2.51189E+00 3.98107E+00 6.30957E+00 9.99999E+00 1.58489E+01 1.58489E+00 2.51189E+00 3.98107E+00 6.30957E+00 9.99999E+00 1.58489E+01 2.51189E+01 2.51189E+00 3.98107E+00 6.30957E+00 9.99999E+00 1.58489E+01 2.51189E+01 3.98107E+00 6.30957E+00 9.99999E+00 1.58489E+01 2.51189E+01 3.98107E+01 6.30957E+00 9.99999E+00 1.58489E+01 2.51189E+01 3.98107E+01 6.30957E+01 
90000 
2.45729E-05 
2.44039E-05 
4.15177E-05 
2.39778E-05 
4.27353E-05 
2.33535E-05 
4.35076E-05 
8.16867E-05 
2.26122E-05 
4.38387E-05 
8.66273E-05 
1.75835E-04 
2.18489E-05 
4.38529E-05 
9.00655E-05 
1.93042E-04 
2.11168E-05 
4.36010E-05 
9.22878E-05 
1.98664E-04 
2.74123E-04 
2.01741E-05 
4.25444E-05 
9.21240E-05 
1.95000E-04 
3.03711E-04 
1.78888E-05 
3.81358E-05 
8.34009E-05 
1.71737E-04 
2.71794E-04 
-5.50910E-04 
1.20539E-05 
2.49524E-05 
5.27672E-05 
9.90434E-05 
1.16009E-04 
-6.59800E-04 
-8.57276E-03 
6.25787E-07 
-4.74060E-06 
-3.48900E-05 
-1.83101E-04 
-1.13003E-03 
-7.57166E-03 
-6.40341E-05 
-1.71640E-04 
-4.87071E-04 
-1.64124E-03 
-7.07100E-03 
-3.88409E-02 
-3.02208E-04 
-7.86719E-04 
-2.20382E-03 
-7.19854E-03 
-2.98089E-02 
-1.59031E-01 
---
