PdfType: replica
Format: lhagrid1
---
4.34963E-04 7.77181E-04 7.77181E-04 1.38865E-03 1.38865E-03 2.48120E-03 2.48120E-03 2.48120E-03 4.43334E-03 4.43334E-03 4.43334E-03 4.43334E-03 7.92137E-03 7.92137E-03 7.92137E-03 7.92137E-03 1.41537E-02 1.41537E-02 1.41537E-02 1.41537E-02 1.41537E-02 2.52895E-02 2.52895E-02 2.52895E-02 2.52895E-02 2.52895E-02 4.51866E-02 4.51866E-02 4.51866E-02 4.51866E-02 4.51866E-02 4.51866E-02 8.07383E-02 8.07383E-02 8.07383E-02 8.07383E-02 8.07383E-02 8.07383E-02 8.07383E-02 1.44261E-01 1.44261E-01 1.44261E-01 1.44261E-01 1.44261E-01 1.44261E-01 2.57762E-01 2.57762E-01 2.57762E-01 2.57762E-01 2.57762E-01 2.57762E-01 4.60562E-01 4.60562E-01 4.60562E-01 4.60562E-01 4.60562E-01 4.60562E-01 
1.58489E+00 1.58489E+00 2.51189E+00 1.58489E+00 2.51189E+00 1.58489E+00 2.51189E+00 3.98107E+00 1.58489E+00 2.51189E+00 3.98107E+00 6.30957E+00 1.58489E+00 2.51189E+00 3.98107E+00 6.30957E+00 1.58489E+00 2.51189E+00 3.98107E+00 6.30957E+00 9.99999E+00 1.58489E+00 2.51189E+00 3.98107E+00 6.30957E+00 9.99999E+00 1.58489E+00 2.51189E+00 3.98107E+00 6.30957E+00 9.99999E+00 1.58489E+01 1.58489E+00 2.51189E+00 3.98107E+00 6.30957E+00 9.99999E+00 1.58489E+01 2.51189E+01 2.51189E+00 3.98107E+00 6.30957E+00 9.99999E+00 1.58489E+01 2.51189E+01 3.98107E+00 6.30957E+00 9.99999E+00 1.58489E+01 2.51189E+01 3.98107E+01 6.30957E+00 9.99999E+00 1.58489E+01 2.51189E+01 3.98107E+01 6.30957E+01 
90000 
3.28677E-05 
3.26641E-05 
6.23694E-05 
3.22257E-05 
6.34997E-05 
3.16048E-05 
6.42618E-05 
1.34264E-04 
3.08907E-05 
6.46572E-05 
1.39225E-04 
3.10959E-04 
3.02182E-05 
6.48849E-05 
1.43098E-04 
3.28342E-04 
2.97391E-05 
6.52007E-05 
1.46579E-04 
3.36323E-04 
6.34857E-04 
2.93375E-05 
6.53118E-05 
1.48993E-04 
3.38213E-04 
6.73587E-04 
2.77353E-05 
6.23301E-05 
1.43353E-04 
3.21788E-04 
6.54907E-04 
4.81680E-04 
2.20435E-05 
4.93874E-05 
1.13117E-04 
2.49680E-04 
4.98903E-04 
3.60009E-04 
-5.53357E-03 
2.37416E-05 
5.25544E-05 
1.08130E-04 
1.79391E-04 
-1.77938E-04 
-4.84712E-03 
-1.04837E-05 
-3.81388E-05 
-1.51418E-04 
-7.76834E-04 
-4.71353E-03 
-3.15096E-02 
-1.81470E-04 
-4.84943E-04 
-1.43757E-03 
-5.17965E-03 
-2.40071E-02 
-1.39074E-01 
---
