PdfType: replica
Format: lhagrid1
---
1.00000E-06 1.28121E-06 1.64152E-06 2.10317E-06 2.69463E-06 3.45242E-06 4.42329E-06 5.66715E-06 7.26076E-06 9.30241E-06 1.19180E-05 1.52689E-05 1.95617E-05 2.50609E-05 3.21053E-05 4.11287E-05 5.26863E-05 6.74889E-05 8.64459E-05 1.10720E-04 1.41800E-04 1.81585E-04 2.32503E-04 2.97652E-04 3.80981E-04 4.87518E-04 6.26039E-04 8.00452E-04 1.02297E-03 1.30657E-03 1.66759E-03 2.12729E-03 2.71054E-03 3.44865E-03 4.37927E-03 5.54908E-03 7.01192E-03 8.83064E-03 1.10763E-02 1.38266E-02 1.71641E-02 2.11717E-02 2.59364E-02 3.15062E-02 3.79623E-02 4.53425E-02 5.36750E-02 6.29705E-02 7.32221E-02 8.44039E-02 9.64793E-02 1.09332E-01 1.23067E-01 1.37507E-01 1.52639E-01 1.68416E-01 1.84794E-01 2.01731E-01 2.19016E-01 2.36948E-01 2.55242E-01 2.73927E-01 2.92954E-01 3.12340E-01 3.32036E-01 3.52019E-01 3.72282E-01 3.92772E-01 4.13533E-01 4.34326E-01 4.55495E-01 4.76836E-01 4.98342E-01 5.20006E-01 5.41818E-01 5.63773E-01 5.85861E-01 6.08077E-01 6.30459E-01 6.52800E-01 6.75387E-01 6.98063E-01 7.20830E-01 7.43683E-01 7.66623E-01 7.89636E-01 8.12791E-01 8.35940E-01 8.59175E-01 8.82485E-01 9.05866E-01 9.29311E-01 9.52817E-01 9.76387E-01 1.00000E+00 
1.14018E+00 1.22539E+00 1.32482E+00 1.44156E+00 1.57954E+00 1.74381E+00 1.94091E+00 2.12132E+00 2.17945E+00 2.49622E+00 2.89383E+00 3.39925E+00 4.05063E+00 4.90286E+00 6.03623E+00 7.57063E+00 9.68869E+00 1.26749E+01 1.69835E+01 2.33578E+01 3.30501E+01 4.82334E+01 7.28041E+01 1.13998E+02 1.85779E+02 3.16228E+02 
900 901 902 903 904 905 906 907 908 909 910 
8.02463E-01 4.65738E-02 8.44771E-01 4.90189E-02 2.38098E+03 1.22513E+00 7.10862E-02 1.04968E+03 8.02468E-01 4.65741E-02 2.73047E-01 
8.18171E-01 5.56362E-02 8.61469E-01 5.85368E-02 2.42504E+03 1.24912E+00 8.48631E-02 1.06930E+03 8.18177E-01 5.56366E-02 3.21098E-01 
8.52146E-01 7.19324E-02 8.92763E-01 7.31889E-02 2.46924E+03 1.29271E+00 1.05263E-01 1.08901E+03 8.52153E-01 7.19330E-02 3.81763E-01 
9.14353E-01 9.68374E-02 9.45167E-01 9.38691E-02 2.51359E+03 1.36401E+00 1.33386E-01 1.10880E+03 9.14363E-01 9.68384E-02 4.60045E-01 
9.98207E-01 1.26998E-01 1.01608E+00 1.19061E-01 2.55912E+03 1.46063E+00 1.67684E-01 1.12915E+03 9.98219E-01 1.26999E-01 5.61644E-01 
1.10801E+00 1.63288E-01 1.10927E+00 1.49546E-01 2.60508E+03 1.58771E+00 2.09228E-01 1.14973E+03 1.10803E+00 1.63290E-01 6.97019E-01 
1.24762E+00 2.06410E-01 1.22808E+00 1.85933E-01 2.65256E+03 1.74980E+00 2.58840E-01 1.17104E+03 1.24764E+00 2.06413E-01 8.78086E-01 
1.37891E+00 2.44981E-01 1.34003E+00 2.18586E-01 2.69015E+03 1.90255E+00 3.03371E-01 1.18795E+03 1.37894E+00 2.44986E-01 1.06219E+00 
1.42169E+00 2.57212E-01 1.37654E+00 2.28961E-01 2.70039E+03 1.95236E+00 3.17519E-01 1.19256E+03 1.42172E+00 2.57217E-01 1.12548E+00 
1.65459E+00 3.21611E-01 1.57559E+00 2.83686E-01 2.75394E+03 2.22392E+00 3.92143E-01 1.21673E+03 1.65464E+00 3.21620E-01 1.50395E+00 
1.94216E+00 3.97053E-01 1.82191E+00 3.48038E-01 2.80836E+03 2.55983E+00 4.79880E-01 1.24139E+03 1.94224E+00 3.97068E-01 2.06135E+00 
2.29189E+00 4.83910E-01 2.12188E+00 4.22046E-01 2.86364E+03 2.96858E+00 5.80594E-01 1.26656E+03 2.29202E+00 4.83936E-01 2.89429E+00 
2.71407E+00 5.83876E-01 2.48516E+00 5.08062E-01 2.92008E+03 3.46337E+00 6.97802E-01 1.29240E+03 2.71429E+00 5.83920E-01 4.17794E+00 
3.21808E+00 7.54293E-01 2.97641E+00 7.24017E-01 2.97692E+03 4.15548E+00 1.02094E+00 1.31863E+03 3.21846E+00 7.54388E-01 6.23045E+00 
3.81919E+00 8.95070E-01 3.56385E+00 8.62422E-01 3.03503E+03 4.98240E+00 1.21609E+00 1.34566E+03 3.81992E+00 8.95247E-01 9.58286E+00 
4.54834E+00 1.05186E+00 4.27730E+00 1.01596E+00 3.09495E+03 5.98535E+00 1.43187E+00 1.37375E+03 4.54979E+00 1.05221E+00 1.53061E+01 
5.42514E+00 1.22572E+00 5.13687E+00 1.18672E+00 3.15636E+03 7.19196E+00 1.67145E+00 1.40280E+03 5.42822E+00 1.22643E+00 2.54246E+01 
6.47193E+00 1.41686E+00 6.16529E+00 1.37495E+00 3.21939E+03 8.63331E+00 1.93499E+00 1.43291E+03 6.47895E+00 1.41843E+00 4.38819E+01 
7.71673E+00 1.62546E+00 7.39126E+00 1.58107E+00 3.28404E+03 1.03485E+01 2.22290E+00 1.46411E+03 7.73448E+00 1.62927E+00 7.90443E+01 
9.18739E+00 1.85091E+00 8.84345E+00 1.80460E+00 3.35028E+03 1.23765E+01 2.53439E+00 1.49639E+03 9.23799E+00 1.86125E+00 1.47812E+02 
1.09175E+01 2.09274E+00 1.05561E+01 2.04518E+00 3.41810E+03 1.47642E+01 2.86887E+00 1.52967E+03 1.10799E+01 2.12425E+00 2.83735E+02 
1.29458E+01 2.35009E+00 1.25675E+01 2.30184E+00 3.48764E+03 1.75649E+01 3.22509E+00 1.56383E+03 1.35092E+01 2.45346E+00 5.45431E+02 
1.53132E+01 2.62158E+00 1.49147E+01 2.57247E+00 3.55892E+03 2.08335E+01 3.60077E+00 1.59830E+03 1.71922E+01 2.94623E+00 9.94665E+02 
1.80654E+01 2.90552E+00 1.76294E+01 2.85320E+00 3.63189E+03 2.46263E+01 3.99253E+00 1.63181E+03 2.31578E+01 3.73095E+00 1.59844E+03 
2.12520E+01 3.19989E+00 2.07276E+01 3.13743E+00 3.70659E+03 2.89955E+01 4.39530E+00 1.66208E+03 3.13138E+01 4.72486E+00 2.16048E+03 
2.49289E+01 3.50262E+00 2.42126E+01 3.41723E+00 3.78307E+03 3.39930E+01 4.80338E+00 1.68678E+03 3.99833E+01 5.62970E+00 2.51640E+03 
1.49616E+00 8.62706E-02 1.57501E+00 9.08016E-02 4.02491E+03 2.28415E+00 1.31679E-01 1.77197E+03 1.49617E+00 8.62711E-02 4.61348E-01 
1.52617E+00 1.03436E-01 1.60701E+00 1.08895E-01 4.10010E+03 2.33016E+00 1.57891E-01 1.80544E+03 1.52619E+00 1.03436E-01 5.42619E-01 
1.59165E+00 1.34645E-01 1.66728E+00 1.36933E-01 4.17525E+03 2.41412E+00 1.96919E-01 1.83892E+03 1.59166E+00 1.34646E-01 6.45462E-01 
1.70969E+00 1.81914E-01 1.76670E+00 1.76187E-01 4.25055E+03 2.54940E+00 2.50305E-01 1.87251E+03 1.70970E+00 1.81916E-01 7.77593E-01 
1.86861E+00 2.39102E-01 1.90114E+00 2.23983E-01 4.32750E+03 2.73260E+00 3.15390E-01 1.90689E+03 1.86863E+00 2.39104E-01 9.49834E-01 
2.07542E+00 3.07631E-01 2.07668E+00 2.81564E-01 4.40607E+03 2.97201E+00 3.93866E-01 1.94204E+03 2.07545E+00 3.07635E-01 1.17786E+00 
2.33775E+00 3.88952E-01 2.29993E+00 3.50192E-01 4.48626E+03 3.27659E+00 4.87442E-01 1.97800E+03 2.33779E+00 3.88959E-01 1.48442E+00 
2.58424E+00 4.61583E-01 2.51011E+00 4.11688E-01 4.54958E+03 3.56338E+00 5.71308E-01 2.00646E+03 2.58430E+00 4.61592E-01 1.79680E+00 
2.66423E+00 4.84537E-01 2.57839E+00 4.31156E-01 4.56801E+03 3.65653E+00 5.97858E-01 2.01476E+03 2.66429E+00 4.84547E-01 1.90393E+00 
3.09931E+00 6.05232E-01 2.95025E+00 5.33733E-01 4.65799E+03 4.16383E+00 7.37737E-01 2.05534E+03 3.09941E+00 6.05249E-01 2.54355E+00 
3.63417E+00 7.45929E-01 3.40834E+00 6.53697E-01 4.74981E+03 4.78852E+00 9.01269E-01 2.09692E+03 3.63431E+00 7.45957E-01 3.48111E+00 
4.28443E+00 9.08105E-01 3.96636E+00 7.92284E-01 4.84350E+03 5.54898E+00 1.09003E+00 2.13955E+03 4.28467E+00 9.08152E-01 4.89027E+00 
5.06775E+00 1.09323E+00 4.64001E+00 9.51007E-01 4.93886E+03 6.46631E+00 1.30606E+00 2.18318E+03 5.06815E+00 1.09331E+00 7.06484E+00 
6.00282E+00 1.41034E+00 5.55186E+00 1.35473E+00 5.03502E+03 7.75112E+00 1.91069E+00 2.22754E+03 6.00354E+00 1.41052E+00 1.05283E+01 
7.11708E+00 1.66871E+00 6.64063E+00 1.60768E+00 5.13326E+03 9.28363E+00 2.26691E+00 2.27321E+03 7.11844E+00 1.66904E+00 1.62116E+01 
8.46342E+00 1.95632E+00 7.95814E+00 1.88950E+00 5.23429E+03 1.11357E+01 2.66302E+00 2.32056E+03 8.46612E+00 1.95696E+00 2.58847E+01 
1.00783E+01 2.27418E+00 9.54143E+00 2.20173E+00 5.33796E+03 1.33582E+01 3.10104E+00 2.36959E+03 1.00840E+01 2.27549E+00 4.29558E+01 
1.20031E+01 2.62257E+00 1.14326E+01 2.54493E+00 5.44424E+03 1.60085E+01 3.58150E+00 2.42037E+03 1.20161E+01 2.62547E+00 7.41952E+01 
1.42849E+01 3.00126E+00 1.36802E+01 2.91920E+00 5.55330E+03 1.91529E+01 4.10423E+00 2.47301E+03 1.43177E+01 3.00827E+00 1.33559E+02 
1.69762E+01 3.40941E+00 1.63380E+01 3.32400E+00 5.66506E+03 2.28644E+01 4.66823E+00 2.52749E+03 1.70694E+01 3.42841E+00 2.49724E+02 
2.01361E+01 3.84567E+00 1.94665E+01 3.75817E+00 5.77956E+03 2.72255E+01 5.27173E+00 2.58370E+03 2.04351E+01 3.90350E+00 4.79791E+02 
2.38305E+01 4.30802E+00 2.31307E+01 4.21947E+00 5.89687E+03 3.23272E+01 5.91181E+00 2.64134E+03 2.48670E+01 4.49745E+00 9.22299E+02 
2.81326E+01 4.79392E+00 2.73967E+01 4.70401E+00 6.01701E+03 3.82673E+01 6.58431E+00 2.69950E+03 3.15833E+01 5.38745E+00 1.68162E+03 
3.31231E+01 5.30021E+00 3.23196E+01 5.20465E+00 6.14009E+03 4.51450E+01 7.28290E+00 2.75605E+03 4.24569E+01 6.80566E+00 2.70205E+03 
3.88903E+01 5.82323E+00 3.79261E+01 5.70947E+00 6.26613E+03 5.30523E+01 7.99846E+00 2.80718E+03 5.73010E+01 8.59855E+00 3.65255E+03 
4.55305E+01 6.35892E+00 4.42170E+01 6.20376E+00 6.39517E+03 6.20762E+01 8.72019E+00 2.84888E+03 7.30222E+01 1.02205E+01 4.25380E+03 
1.42100E+00 8.12978E-02 1.49583E+00 8.55636E-02 3.39571E+03 2.16931E+00 1.24082E-01 1.49259E+03 1.42101E+00 8.12983E-02 3.89201E-01 
1.45080E+00 9.80984E-02 1.52762E+00 1.03293E-01 3.45885E+03 2.21504E+00 1.49774E-01 1.52066E+03 1.45081E+00 9.80991E-02 4.57689E-01 
1.51535E+00 1.28642E-01 1.58701E+00 1.30735E-01 3.52239E+03 2.29779E+00 1.87975E-01 1.54893E+03 1.51536E+00 1.28643E-01 5.44569E-01 
1.63015E+00 1.74595E-01 1.68374E+00 1.68918E-01 3.58558E+03 2.42943E+00 2.39915E-01 1.57708E+03 1.63017E+00 1.74597E-01 6.55905E-01 
1.78398E+00 2.30048E-01 1.81391E+00 2.15289E-01 3.65028E+03 2.60684E+00 3.03069E-01 1.60594E+03 1.78400E+00 2.30051E-01 8.01118E-01 
1.98320E+00 2.96298E-01 1.98303E+00 2.70972E-01 3.71661E+03 2.83750E+00 3.78966E-01 1.63559E+03 1.98323E+00 2.96302E-01 9.93425E-01 
2.23464E+00 3.74619E-01 2.19702E+00 3.37080E-01 3.78369E+03 3.12947E+00 4.69111E-01 1.66563E+03 2.23469E+00 3.74626E-01 1.25171E+00 
2.47031E+00 4.44382E-01 2.39799E+00 3.96155E-01 3.83662E+03 3.40367E+00 5.49678E-01 1.68940E+03 2.47036E+00 4.44391E-01 1.51517E+00 
2.54664E+00 4.66388E-01 2.46314E+00 4.14820E-01 3.85266E+03 3.49257E+00 5.75133E-01 1.69661E+03 2.54670E+00 4.66398E-01 1.60571E+00 
2.96090E+00 5.81802E-01 2.81723E+00 5.12916E-01 3.92808E+03 3.97562E+00 7.08900E-01 1.73058E+03 2.96099E+00 5.81818E-01 2.14516E+00 
3.46818E+00 7.15738E-01 3.25170E+00 6.27105E-01 4.00496E+03 4.56808E+00 8.64554E-01 1.76536E+03 3.46832E+00 7.15764E-01 2.93469E+00 
4.08317E+00 8.69592E-01 3.77952E+00 7.58683E-01 4.08358E+03 5.28739E+00 1.04380E+00 1.80109E+03 4.08339E+00 8.69637E-01 4.12253E+00 
4.82180E+00 1.04428E+00 4.41472E+00 9.08385E-01 4.16356E+03 6.15229E+00 1.24751E+00 1.83765E+03 4.82218E+00 1.04436E+00 5.95573E+00 
5.70443E+00 1.34365E+00 5.27558E+00 1.29090E+00 4.24416E+03 7.36528E+00 1.82075E+00 1.87481E+03 5.70512E+00 1.34382E+00 8.87220E+00 
6.75371E+00 1.58490E+00 6.30090E+00 1.52690E+00 4.32657E+03 8.80842E+00 2.15300E+00 1.91311E+03 6.75500E+00 1.58521E+00 1.36640E+01 
8.01721E+00 1.85254E+00 7.53747E+00 1.78923E+00 4.41122E+03 1.05466E+01 2.52168E+00 1.95278E+03 8.01977E+00 1.85315E+00 2.18138E+01 
9.52815E+00 2.14712E+00 9.01900E+00 2.07866E+00 4.49811E+03 1.26261E+01 2.92767E+00 1.99388E+03 9.53353E+00 2.14836E+00 3.61922E+01 
1.13236E+01 2.46855E+00 1.07834E+01 2.39539E+00 4.58723E+03 1.50986E+01 3.37102E+00 2.03646E+03 1.13358E+01 2.47128E+00 6.25202E+01 
1.34456E+01 2.81640E+00 1.28739E+01 2.73929E+00 4.67864E+03 1.80230E+01 3.85126E+00 2.08060E+03 1.34765E+01 2.82298E+00 1.12511E+02 
1.59415E+01 3.18971E+00 1.53392E+01 3.10969E+00 4.77228E+03 2.14654E+01 4.36721E+00 2.12627E+03 1.60290E+01 3.20747E+00 2.10314E+02 
1.88641E+01 3.58691E+00 1.82332E+01 3.50518E+00 4.86833E+03 2.54993E+01 4.91680E+00 2.17347E+03 1.91441E+01 3.64083E+00 4.04127E+02 
2.22715E+01 4.00594E+00 2.16135E+01 3.92347E+00 4.96672E+03 3.02052E+01 5.49704E+00 2.22186E+03 2.32398E+01 4.18206E+00 7.76810E+02 
2.62285E+01 4.44423E+00 2.55379E+01 4.36074E+00 5.06751E+03 3.56692E+01 6.10378E+00 2.27071E+03 2.94453E+01 4.99450E+00 1.41625E+03 
3.08061E+01 4.89871E+00 3.00537E+01 4.81026E+00 5.17076E+03 4.19779E+01 6.73097E+00 2.31821E+03 3.94847E+01 6.29002E+00 2.27535E+03 
3.60821E+01 5.36596E+00 3.51820E+01 5.26099E+00 5.27655E+03 4.92117E+01 7.37013E+00 2.36118E+03 5.31603E+01 7.92333E+00 3.07568E+03 
4.21404E+01 5.84207E+00 4.09188E+01 5.69938E+00 5.38492E+03 5.74436E+01 8.01116E+00 2.39625E+03 6.75807E+01 9.38969E+00 3.58169E+03 
1.34390E+00 7.62225E-02 1.41461E+00 8.02139E-02 2.85095E+03 2.05149E+00 1.16321E-01 1.25108E+03 1.34391E+00 7.62230E-02 3.26823E-01 
1.37362E+00 9.26983E-02 1.44627E+00 9.75876E-02 2.90378E+03 2.09706E+00 1.41495E-01 1.27453E+03 1.37363E+00 9.26990E-02 3.84280E-01 
1.43668E+00 1.22353E-01 1.50431E+00 1.24263E-01 2.95645E+03 2.17794E+00 1.78642E-01 1.29792E+03 1.43669E+00 1.22354E-01 4.57024E-01 
1.54812E+00 1.66892E-01 1.59823E+00 1.61293E-01 3.00936E+03 2.30579E+00 2.29023E-01 1.32145E+03 1.54813E+00 1.66893E-01 5.50484E-01 
1.69632E+00 2.20434E-01 1.72366E+00 2.06083E-01 3.06315E+03 2.47676E+00 2.90033E-01 1.34542E+03 1.69634E+00 2.20437E-01 6.72166E-01 
1.88730E+00 2.84193E-01 1.88580E+00 2.59686E-01 3.11815E+03 2.69790E+00 3.63101E-01 1.36996E+03 1.88732E+00 2.84197E-01 8.33470E-01 
2.12750E+00 3.59327E-01 2.09024E+00 3.23116E-01 3.17431E+03 2.97685E+00 4.49600E-01 1.39508E+03 2.12754E+00 3.59333E-01 1.05034E+00 
2.35161E+00 4.25978E-01 2.28135E+00 3.79564E-01 3.21818E+03 3.23761E+00 5.26585E-01 1.41475E+03 2.35166E+00 4.25987E-01 1.27093E+00 
2.42407E+00 4.46960E-01 2.34320E+00 3.97362E-01 3.23157E+03 3.32201E+00 5.50858E-01 1.42076E+03 2.42412E+00 4.46969E-01 1.34674E+00 
2.81657E+00 5.56766E-01 2.67870E+00 4.90695E-01 3.29436E+03 3.77969E+00 6.78131E-01 1.44901E+03 2.81665E+00 5.56781E-01 1.79904E+00 
3.29559E+00 6.83656E-01 3.08898E+00 5.98885E-01 3.35840E+03 4.33915E+00 8.25603E-01 1.47795E+03 3.29573E+00 6.83681E-01 2.46134E+00 
3.87426E+00 8.28734E-01 3.58565E+00 7.22963E-01 3.42374E+03 5.01598E+00 9.94628E-01 1.50762E+03 3.87448E+00 8.28777E-01 3.45636E+00 
4.56739E+00 9.92929E-01 4.18188E+00 8.63894E-01 3.49045E+03 5.82784E+00 1.18648E+00 1.53809E+03 4.56775E+00 9.93004E-01 4.99375E+00 
5.39633E+00 1.27379E+00 4.99036E+00 1.22393E+00 3.55734E+03 6.96697E+00 1.72635E+00 1.56892E+03 5.39697E+00 1.27395E+00 7.43580E+00 
6.37941E+00 1.49786E+00 5.95107E+00 1.44306E+00 3.62607E+03 8.31912E+00 2.03478E+00 1.60085E+03 6.38063E+00 1.49816E+00 1.14526E+01 
7.55909E+00 1.74545E+00 7.10572E+00 1.68576E+00 3.69652E+03 9.94213E+00 2.37584E+00 1.63387E+03 7.56149E+00 1.74603E+00 1.82799E+01 
8.96519E+00 2.01674E+00 8.48463E+00 1.95237E+00 3.76886E+03 1.18775E+01 2.74979E+00 1.66810E+03 8.97025E+00 2.01791E+00 3.03222E+01 
---
