PdfType: replica
Format: lhagrid1
---
1.00000E-06 1.28121E-06 1.64152E-06 2.10317E-06 2.69463E-06 3.45242E-06 4.42329E-06 5.66715E-06 7.26076E-06 9.30241E-06 1.19180E-05 1.52689E-05 1.95617E-05 2.50609E-05 3.21053E-05 4.11287E-05 5.26863E-05 6.74889E-05 8.64459E-05 1.10720E-04 1.41800E-04 1.81585E-04 2.32503E-04 2.97652E-04 3.80981E-04 4.87518E-04 6.26039E-04 8.00452E-04 1.02297E-03 1.30657E-03 1.66759E-03 2.12729E-03 2.71054E-03 3.44865E-03 4.37927E-03 5.54908E-03 7.01192E-03 8.83064E-03 1.10763E-02 1.38266E-02 1.71641E-02 2.11717E-02 2.59364E-02 3.15062E-02 3.79623E-02 4.53425E-02 5.36750E-02 6.29705E-02 7.32221E-02 8.44039E-02 9.64793E-02 1.09332E-01 1.23067E-01 1.37507E-01 1.52639E-01 1.68416E-01 1.84794E-01 2.01731E-01 2.19016E-01 2.36948E-01 2.55242E-01 2.73927E-01 2.92954E-01 3.12340E-01 3.32036E-01 3.52019E-01 3.72282E-01 3.92772E-01 4.13533E-01 4.34326E-01 4.55495E-01 4.76836E-01 4.98342E-01 5.20006E-01 5.41818E-01 5.63773E-01 5.85861E-01 6.08077E-01 6.30459E-01 6.52800E-01 6.75387E-01 6.98063E-01 7.20830E-01 7.43683E-01 7.66623E-01 7.89636E-01 8.12791E-01 8.35940E-01 8.59175E-01 8.82485E-01 9.05866E-01 9.29311E-01 9.52817E-01 9.76387E-01 1.00000E+00 
1.14018E+00 1.22539E+00 1.32482E+00 1.44156E+00 1.57954E+00 1.74381E+00 1.94091E+00 2.12132E+00 2.17945E+00 2.49622E+00 2.89383E+00 3.39925E+00 4.05063E+00 4.90286E+00 6.03623E+00 7.57063E+00 9.68869E+00 1.26749E+01 1.69835E+01 2.33578E+01 3.30501E+01 4.82334E+01 7.28041E+01 1.13998E+02 1.85779E+02 3.16228E+02 
900 901 902 903 904 905 906 907 908 909 910 
8.10928E-01 4.71806E-02 8.53542E-01 4.96450E-02 3.31516E+03 1.23780E+00 7.19901E-02 1.56920E+03 8.10933E-01 4.71809E-02 3.80186E-01 
8.26266E-01 5.61209E-02 8.69854E-01 5.90353E-02 3.36919E+03 1.26123E+00 8.55821E-02 1.59453E+03 8.26272E-01 5.61213E-02 4.46109E-01 
8.59764E-01 7.22540E-02 9.00688E-01 7.35335E-02 3.42291E+03 1.30417E+00 1.05764E-01 1.61971E+03 8.59771E-01 7.22546E-02 5.29207E-01 
9.21372E-01 9.69558E-02 9.52549E-01 9.40347E-02 3.47636E+03 1.37471E+00 1.33639E-01 1.64476E+03 9.21382E-01 9.69567E-02 6.36243E-01 
1.00457E+00 1.26896E-01 1.02287E+00 1.19033E-01 3.53099E+03 1.47049E+00 1.67670E-01 1.67039E+03 1.00458E+00 1.26897E-01 7.74925E-01 
1.11365E+00 1.62950E-01 1.11541E+00 1.49312E-01 3.58562E+03 1.59667E+00 2.08929E-01 1.69603E+03 1.11367E+00 1.62953E-01 9.59416E-01 
1.25249E+00 2.05826E-01 1.23353E+00 1.85484E-01 3.64204E+03 1.75780E+00 2.58244E-01 1.72257E+03 1.25251E+00 2.05830E-01 1.20562E+00 
1.38314E+00 2.44201E-01 1.34490E+00 2.17966E-01 3.68655E+03 1.90975E+00 3.02538E-01 1.74354E+03 1.38317E+00 2.44206E-01 1.45559E+00 
1.42573E+00 2.56373E-01 1.38124E+00 2.28289E-01 3.69834E+03 1.95932E+00 3.16617E-01 1.74909E+03 1.42576E+00 2.56379E-01 1.54137E+00 
1.65766E+00 3.20493E-01 1.57943E+00 2.82770E-01 3.76130E+03 2.22967E+00 3.90905E-01 1.77883E+03 1.65771E+00 3.20502E-01 2.05408E+00 
1.94419E+00 3.95657E-01 1.82482E+00 3.46879E-01 3.82481E+03 2.56430E+00 4.78308E-01 1.80894E+03 1.94427E+00 3.95672E-01 2.80762E+00 
2.29282E+00 4.82247E-01 2.12381E+00 4.20653E-01 3.88896E+03 2.97169E+00 5.78701E-01 1.83947E+03 2.29295E+00 4.82272E-01 3.93057E+00 
2.71383E+00 5.81956E-01 2.48605E+00 5.06444E-01 3.95406E+03 3.46503E+00 6.95600E-01 1.87060E+03 2.71405E+00 5.82000E-01 5.65733E+00 
3.21645E+00 7.51952E-01 2.97593E+00 7.21790E-01 4.01889E+03 4.15520E+00 1.01781E+00 1.90182E+03 3.21684E+00 7.52046E-01 8.41114E+00 
3.81612E+00 8.92513E-01 3.56194E+00 8.59976E-01 4.08473E+03 4.98010E+00 1.21265E+00 1.93375E+03 3.81685E+00 8.92689E-01 1.28966E+01 
4.54375E+00 1.04913E+00 4.27389E+00 1.01333E+00 4.15226E+03 5.98093E+00 1.42818E+00 1.96677E+03 4.54520E+00 1.04947E+00 2.05355E+01 
5.41901E+00 1.22285E+00 5.13192E+00 1.18395E+00 4.22111E+03 7.18537E+00 1.66756E+00 2.00073E+03 5.42208E+00 1.22356E+00 3.40020E+01 
6.46424E+00 1.41390E+00 6.15879E+00 1.37209E+00 4.29139E+03 8.62453E+00 1.93097E+00 2.03575E+03 6.47125E+00 1.41546E+00 5.84967E+01 
7.70748E+00 1.62247E+00 7.38321E+00 1.57817E+00 4.36307E+03 1.03376E+01 2.21884E+00 2.07183E+03 7.72521E+00 1.62626E+00 1.05028E+02 
9.17664E+00 1.84794E+00 8.83389E+00 1.80172E+00 4.43614E+03 1.23635E+01 2.53036E+00 2.10896E+03 9.22718E+00 1.85827E+00 1.95751E+02 
1.09054E+01 2.08987E+00 1.05451E+01 2.04239E+00 4.51049E+03 1.47492E+01 2.86496E+00 2.14700E+03 1.10675E+01 2.12133E+00 3.74526E+02 
1.29324E+01 2.34738E+00 1.25553E+01 2.29920E+00 4.58634E+03 1.75481E+01 3.22139E+00 2.18577E+03 1.34952E+01 2.45063E+00 7.17689E+02 
1.52987E+01 2.61910E+00 1.49014E+01 2.57005E+00 4.66366E+03 2.08151E+01 3.59739E+00 2.22455E+03 1.71761E+01 2.94345E+00 1.30486E+03 
1.80501E+01 2.90335E+00 1.76153E+01 2.85108E+00 4.74239E+03 2.46068E+01 3.98956E+00 2.26162E+03 2.31385E+01 3.72816E+00 2.09073E+03 
2.12364E+01 3.19808E+00 2.07131E+01 3.13567E+00 4.82256E+03 2.89755E+01 4.39284E+00 2.29408E+03 3.12913E+01 4.72220E+00 2.81696E+03 
2.49135E+01 3.50126E+00 2.41983E+01 3.41591E+00 4.90417E+03 3.39732E+01 4.80153E+00 2.31889E+03 3.99591E+01 5.62752E+00 3.26942E+03 
1.51020E+00 8.72825E-02 1.58951E+00 9.18415E-02 5.54985E+03 2.30509E+00 1.33179E-01 2.62041E+03 1.51021E+00 8.72831E-02 6.36140E-01 
1.53952E+00 1.04215E-01 1.62079E+00 1.09691E-01 5.64105E+03 2.35005E+00 1.59038E-01 2.66306E+03 1.53953E+00 1.04216E-01 7.46552E-01 
1.60410E+00 1.35111E-01 1.68019E+00 1.37435E-01 5.73144E+03 2.43278E+00 1.97651E-01 2.70530E+03 1.60411E+00 1.35112E-01 8.86037E-01 
1.72101E+00 1.81991E-01 1.77860E+00 1.76349E-01 5.82119E+03 2.56663E+00 2.50566E-01 2.74724E+03 1.72103E+00 1.81993E-01 1.06492E+00 
1.87871E+00 2.38761E-01 1.91194E+00 2.23780E-01 5.91246E+03 2.74829E+00 3.15146E-01 2.78993E+03 1.87873E+00 2.38764E-01 1.29772E+00 
2.08419E+00 3.06849E-01 2.08628E+00 2.80975E-01 6.00517E+03 2.98603E+00 3.93090E-01 2.83333E+03 2.08422E+00 3.06853E-01 1.60535E+00 
2.34509E+00 3.87709E-01 2.30824E+00 3.49201E-01 6.09934E+03 3.28882E+00 4.86113E-01 2.87748E+03 2.34513E+00 3.87716E-01 2.01816E+00 
2.59040E+00 4.59976E-01 2.51737E+00 4.10380E-01 6.17341E+03 3.57413E+00 5.69541E-01 2.91227E+03 2.59045E+00 4.59985E-01 2.43811E+00 
2.67002E+00 4.82822E-01 2.58532E+00 4.29754E-01 6.19481E+03 3.66684E+00 5.95963E-01 2.92233E+03 2.67008E+00 4.82832E-01 2.58198E+00 
3.10333E+00 6.03005E-01 2.95560E+00 5.31885E-01 6.29936E+03 4.17193E+00 7.35228E-01 2.97157E+03 3.10342E+00 6.03022E-01 3.43984E+00 
3.63628E+00 7.43198E-01 3.41200E+00 6.51409E-01 6.40545E+03 4.79427E+00 8.98156E-01 3.02170E+03 3.63643E+00 7.43226E-01 4.69454E+00 
4.28453E+00 9.04890E-01 3.96822E+00 7.89573E-01 6.51310E+03 5.55225E+00 1.08634E+00 3.07278E+03 4.28477E+00 9.04937E-01 6.57598E+00 
5.06572E+00 1.08956E+00 4.63998E+00 9.47900E-01 6.62196E+03 6.46696E+00 1.30183E+00 3.12470E+03 5.06612E+00 1.08964E+00 9.47251E+00 
5.99829E+00 1.40591E+00 5.54935E+00 1.35051E+00 6.73063E+03 7.74825E+00 1.90474E+00 3.17688E+03 5.99901E+00 1.40609E+00 1.40739E+01 
7.10992E+00 1.66391E+00 6.63552E+00 1.60308E+00 6.84083E+03 9.27708E+00 2.26044E+00 3.23019E+03 7.11128E+00 1.66424E+00 2.16045E+01 
8.45355E+00 1.95123E+00 7.95034E+00 1.88461E+00 6.95361E+03 1.11254E+01 2.65613E+00 3.28518E+03 8.45625E+00 1.95187E+00 3.43878E+01 
1.00657E+01 2.26887E+00 9.53089E+00 2.19662E+00 7.06871E+03 1.33439E+01 3.09385E+00 3.34182E+03 1.00714E+01 2.27018E+00 5.68850E+01 
1.19877E+01 2.61714E+00 1.14193E+01 2.53969E+00 7.18603E+03 1.59905E+01 3.57412E+00 3.40014E+03 1.20007E+01 2.62003E+00 9.79378E+01 
1.42668E+01 2.99581E+00 1.36642E+01 2.91392E+00 7.30581E+03 1.91309E+01 4.09682E+00 3.46030E+03 1.42996E+01 3.00281E+00 1.75724E+02 
1.69555E+01 3.40406E+00 1.63194E+01 3.31881E+00 7.42788E+03 2.28388E+01 4.66095E+00 3.52221E+03 1.70486E+01 3.42303E+00 3.27486E+02 
2.01129E+01 3.84054E+00 1.94454E+01 3.75318E+00 7.55222E+03 2.71965E+01 5.26473E+00 3.58570E+03 2.04116E+01 3.89829E+00 6.27149E+02 
2.38052E+01 4.30323E+00 2.31075E+01 4.21480E+00 7.67894E+03 3.22953E+01 5.90528E+00 3.65037E+03 2.48407E+01 4.49245E+00 1.20175E+03 
2.81057E+01 4.78959E+00 2.73718E+01 4.69979E+00 7.80801E+03 3.82329E+01 6.57841E+00 3.71498E+03 3.15533E+01 5.38260E+00 2.18451E+03 
3.30951E+01 5.29648E+00 3.22935E+01 5.20101E+00 7.93952E+03 4.51090E+01 7.27782E+00 3.77680E+03 4.24215E+01 6.80088E+00 3.49969E+03 
3.88620E+01 5.82022E+00 3.78996E+01 5.70654E+00 8.07348E+03 5.30158E+01 7.99436E+00 3.83091E+03 5.72599E+01 8.59412E+00 4.71583E+03 
4.55027E+01 6.35674E+00 4.41912E+01 6.20166E+00 8.20989E+03 6.20404E+01 8.71724E+00 3.87224E+03 7.29786E+01 1.02170E+01 5.47273E+03 
1.43231E+00 8.21184E-02 1.50745E+00 8.64013E-02 4.62462E+03 2.18606E+00 1.25288E-01 2.17666E+03 1.43232E+00 8.21189E-02 5.30051E-01 
1.46146E+00 9.86926E-02 1.53855E+00 1.03893E-01 4.70021E+03 2.23080E+00 1.50637E-01 2.21186E+03 1.46147E+00 9.86934E-02 6.21951E-01 
1.52515E+00 1.28928E-01 1.59712E+00 1.31048E-01 4.77582E+03 2.31238E+00 1.88433E-01 2.24708E+03 1.52516E+00 1.28929E-01 7.38353E-01 
1.63888E+00 1.74501E-01 1.69289E+00 1.68900E-01 4.85019E+03 2.44267E+00 2.39915E-01 2.28170E+03 1.63890E+00 1.74503E-01 8.87242E-01 
1.79155E+00 2.29551E-01 1.82202E+00 2.14920E-01 4.92603E+03 2.61862E+00 3.02585E-01 2.31703E+03 1.79157E+00 2.29553E-01 1.08111E+00 
1.98952E+00 2.95378E-01 1.99001E+00 2.70235E-01 5.00353E+03 2.84772E+00 3.77975E-01 2.35318E+03 1.98955E+00 2.95382E-01 1.33740E+00 
2.23962E+00 3.73262E-01 2.20280E+00 3.35963E-01 5.08126E+03 3.13801E+00 4.67597E-01 2.38948E+03 2.23966E+00 3.73268E-01 1.68096E+00 
2.47418E+00 4.42682E-01 2.40278E+00 3.94741E-01 5.14237E+03 3.41085E+00 5.47755E-01 2.41807E+03 2.47424E+00 4.42691E-01 2.03085E+00 
2.55018E+00 4.64587E-01 2.46763E+00 4.13318E-01 5.16099E+03 3.49933E+00 5.73090E-01 2.42680E+03 2.55023E+00 4.64597E-01 2.15101E+00 
2.96279E+00 5.79527E-01 2.82025E+00 5.11001E-01 5.24757E+03 3.98033E+00 7.06291E-01 2.46742E+03 2.96288E+00 5.79543E-01 2.86574E+00 
3.46832E+00 7.13000E-01 3.25316E+00 6.24789E-01 5.33531E+03 4.57063E+00 8.61393E-01 2.50872E+03 3.46846E+00 7.13027E-01 3.90950E+00 
4.08146E+00 8.66417E-01 3.77934E+00 7.55985E-01 5.42460E+03 5.28766E+00 1.04012E+00 2.55094E+03 4.08168E+00 8.66462E-01 5.47637E+00 
4.81815E+00 1.04070E+00 4.41281E+00 9.05337E-01 5.51485E+03 6.15018E+00 1.24335E+00 2.59383E+03 4.81853E+00 1.04078E+00 7.88873E+00 
5.69851E+00 1.33938E+00 5.27142E+00 1.28682E+00 5.60487E+03 7.35997E+00 1.81500E+00 2.63692E+03 5.69919E+00 1.33955E+00 1.17168E+01 
6.74541E+00 1.58032E+00 6.29439E+00 1.52251E+00 5.69626E+03 8.79979E+00 2.14682E+00 2.68098E+03 6.74670E+00 1.58064E+00 1.79901E+01 
8.00648E+00 1.84773E+00 7.52855E+00 1.78460E+00 5.78966E+03 1.05346E+01 2.51516E+00 2.72639E+03 8.00903E+00 1.84834E+00 2.86308E+01 
9.51497E+00 2.14215E+00 9.00764E+00 2.07386E+00 5.88500E+03 1.26107E+01 2.92093E+00 2.77317E+03 9.52035E+00 2.14339E+00 4.73528E+01 
1.13080E+01 2.46352E+00 1.07696E+01 2.39053E+00 5.98225E+03 1.50797E+01 3.36417E+00 2.82139E+03 1.13202E+01 2.46624E+00 8.15372E+01 
1.34276E+01 2.81140E+00 1.28578E+01 2.73445E+00 6.08146E+03 1.80008E+01 3.84445E+00 2.87110E+03 1.34585E+01 2.81796E+00 1.46258E+02 
1.59214E+01 3.18485E+00 1.53209E+01 3.10497E+00 6.18252E+03 2.14401E+01 4.36059E+00 2.92224E+03 1.60087E+01 3.20258E+00 2.72507E+02 
1.88419E+01 3.58230E+00 1.82128E+01 3.50069E+00 6.28563E+03 2.54712E+01 4.91051E+00 2.97479E+03 1.91216E+01 3.63616E+00 5.21941E+02 
2.22477E+01 4.00170E+00 2.15914E+01 3.91934E+00 6.39066E+03 3.01747E+01 5.49126E+00 3.02829E+03 2.32151E+01 4.17763E+00 1.00010E+03 
2.62035E+01 4.44048E+00 2.55146E+01 4.35707E+00 6.49768E+03 3.56370E+01 6.09866E+00 3.08176E+03 2.94174E+01 4.99028E+00 1.81783E+03 
3.07804E+01 4.89555E+00 3.00296E+01 4.80717E+00 6.60671E+03 4.19447E+01 6.72666E+00 3.13292E+03 3.94522E+01 6.28597E+00 2.91184E+03 
3.60566E+01 5.36351E+00 3.51581E+01 5.25860E+00 6.71782E+03 4.91785E+01 7.36678E+00 3.17769E+03 5.31232E+01 7.91972E+00 3.92363E+03 
4.21159E+01 5.84042E+00 4.08959E+01 5.69779E+00 6.83105E+03 5.74118E+01 8.00892E+00 3.21188E+03 6.75420E+01 9.38705E+00 4.55305E+03 
1.35267E+00 7.68641E-02 1.42354E+00 8.08624E-02 3.83438E+03 2.06434E+00 1.17253E-01 1.79873E+03 1.35268E+00 7.68646E-02 4.39563E-01 
1.38177E+00 9.31203E-02 1.45455E+00 9.80064E-02 3.89702E+03 2.10897E+00 1.42094E-01 1.82779E+03 1.38178E+00 9.31210E-02 5.15723E-01 
1.44401E+00 1.22475E-01 1.51181E+00 1.24403E-01 3.95889E+03 2.18875E+00 1.78848E-01 1.85649E+03 1.44402E+00 1.22476E-01 6.11986E-01 
1.55444E+00 1.66645E-01 1.60483E+00 1.61114E-01 4.02057E+03 2.31533E+00 2.28789E-01 1.88510E+03 1.55446E+00 1.66647E-01 7.35456E-01 
1.70156E+00 2.19800E-01 1.72928E+00 2.05568E-01 4.08289E+03 2.48493E+00 2.89337E-01 1.91402E+03 1.70158E+00 2.19803E-01 8.95924E-01 
1.89136E+00 2.83157E-01 1.89036E+00 2.58823E-01 4.14631E+03 2.70462E+00 3.61926E-01 1.94348E+03 1.89139E+00 2.83161E-01 1.10830E+00 
2.13031E+00 3.57880E-01 2.09369E+00 3.21898E-01 4.21078E+03 2.98201E+00 4.47936E-01 1.97348E+03 2.13035E+00 3.57886E-01 1.39330E+00 
2.35339E+00 4.24212E-01 2.28388E+00 3.78069E-01 4.26080E+03 3.24150E+00 5.24542E-01 1.99678E+03 2.35344E+00 4.24221E-01 1.68268E+00 
2.42555E+00 4.45101E-01 2.34547E+00 3.95787E-01 4.27620E+03 3.32552E+00 5.48705E-01 2.00398E+03 2.42560E+00 4.45110E-01 1.78208E+00 
2.81653E+00 5.54470E-01 2.67960E+00 4.88742E-01 4.34745E+03 3.78131E+00 6.75458E-01 2.03728E+03 2.81661E+00 5.54486E-01 2.37413E+00 
3.29395E+00 6.80942E-01 3.08845E+00 5.96568E-01 4.41973E+03 4.33879E+00 8.22433E-01 2.07118E+03 3.29408E+00 6.80967E-01 3.23921E+00 
3.87093E+00 8.25630E-01 3.58362E+00 7.20307E-01 4.49306E+03 5.01354E+00 9.90995E-01 2.10572E+03 3.87114E+00 8.25673E-01 4.53591E+00 
4.56230E+00 9.89475E-01 4.17828E+00 8.60932E-01 4.56755E+03 5.82324E+00 1.18243E+00 2.14100E+03 4.56266E+00 9.89550E-01 6.53478E+00 
5.38918E+00 1.26972E+00 4.98473E+00 1.22003E+00 4.64132E+03 6.95949E+00 1.72084E+00 2.17620E+03 5.38983E+00 1.26988E+00 9.70165E+00 
6.37013E+00 1.49354E+00 5.94333E+00 1.43890E+00 4.71671E+03 8.30865E+00 2.02892E+00 2.21244E+03 6.37135E+00 1.49383E+00 1.48975E+01 
7.54764E+00 1.74095E+00 7.09583E+00 1.68142E+00 4.79351E+03 9.92862E+00 2.36973E+00 2.24968E+03 7.55004E+00 1.74152E+00 2.37051E+01 
8.95158E+00 2.01213E+00 8.47259E+00 1.94792E+00 4.87196E+03 1.18610E+01 2.74352E+00 2.28807E+03 8.95664E+00 2.01329E+00 3.91982E+01 
---
