PdfType: replica
Format: lhagrid1
---
1.00000E-06 1.28121E-06 1.64152E-06 2.10317E-06 2.69463E-06 3.45242E-06 4.42329E-06 5.66715E-06 7.26076E-06 9.30241E-06 1.19180E-05 1.52689E-05 1.95617E-05 2.50609E-05 3.21053E-05 4.11287E-05 5.26863E-05 6.74889E-05 8.64459E-05 1.10720E-04 1.41800E-04 1.81585E-04 2.32503E-04 2.97652E-04 3.80981E-04 4.87518E-04 6.26039E-04 8.00452E-04 1.02297E-03 1.30657E-03 1.66759E-03 2.12729E-03 2.71054E-03 3.44865E-03 4.37927E-03 5.54908E-03 7.01192E-03 8.83064E-03 1.10763E-02 1.38266E-02 1.71641E-02 2.11717E-02 2.59364E-02 3.15062E-02 3.79623E-02 4.53425E-02 5.36750E-02 6.29705E-02 7.32221E-02 8.44039E-02 9.64793E-02 1.09332E-01 1.23067E-01 1.37507E-01 1.52639E-01 1.68416E-01 1.84794E-01 2.01731E-01 2.19016E-01 2.36948E-01 2.55242E-01 2.73927E-01 2.92954E-01 3.12340E-01 3.32036E-01 3.52019E-01 3.72282E-01 3.92772E-01 4.13533E-01 4.34326E-01 4.55495E-01 4.76836E-01 4.98342E-01 5.20006E-01 5.41818E-01 5.63773E-01 5.85861E-01 6.08077E-01 6.30459E-01 6.52800E-01 6.75387E-01 6.98063E-01 7.20830E-01 7.43683E-01 7.66623E-01 7.89636E-01 8.12791E-01 8.35940E-01 8.59175E-01 8.82485E-01 9.05866E-01 9.29311E-01 9.52817E-01 9.76387E-01 1.00000E+00 
1.14018E+00 1.22539E+00 1.32482E+00 1.44156E+00 1.57954E+00 1.74381E+00 1.94091E+00 2.12132E+00 2.17945E+00 2.49622E+00 2.89383E+00 3.39925E+00 4.05063E+00 4.90286E+00 6.03623E+00 7.57063E+00 9.68869E+00 1.26749E+01 1.69835E+01 2.33578E+01 3.30501E+01 4.82334E+01 7.28041E+01 1.13998E+02 1.85779E+02 3.16228E+02 
900 901 902 903 904 905 906 907 908 909 910 
8.37986E-01 4.89754E-02 8.82196E-01 5.15497E-02 1.74253E+03 1.27941E+00 7.47573E-02 8.20268E+02 8.37991E-01 4.89757E-02 1.99824E-01 
8.53250E-01 5.79741E-02 8.98436E-01 6.10006E-02 1.78024E+03 1.30273E+00 8.84364E-02 8.38402E+02 8.53256E-01 5.79745E-02 2.35724E-01 
8.86756E-01 7.42269E-02 9.29241E-01 7.55932E-02 1.81846E+03 1.34560E+00 1.08744E-01 8.56805E+02 8.86764E-01 7.42276E-02 2.81147E-01 
9.48390E-01 9.90848E-02 9.81076E-01 9.62069E-02 1.85719E+03 1.41607E+00 1.36765E-01 8.75490E+02 9.48400E-01 9.90857E-02 3.39916E-01 
1.03156E+00 1.29165E-01 1.05133E+00 1.21306E-01 1.89714E+03 1.51173E+00 1.70924E-01 8.94792E+02 1.03158E+00 1.29167E-01 4.16372E-01 
1.14055E+00 1.65335E-01 1.14373E+00 1.51664E-01 1.93790E+03 1.63769E+00 2.12283E-01 9.14530E+02 1.14056E+00 1.65338E-01 5.18476E-01 
1.27917E+00 2.08290E-01 1.26162E+00 1.87885E-01 1.98003E+03 1.79847E+00 2.61657E-01 9.34968E+02 1.27920E+00 2.08294E-01 6.55472E-01 
1.40957E+00 2.46695E-01 1.37274E+00 2.20379E-01 2.01355E+03 1.95004E+00 3.05961E-01 9.51257E+02 1.40960E+00 2.46700E-01 7.95059E-01 
1.45205E+00 2.58869E-01 1.40898E+00 2.30700E-01 2.02293E+03 1.99948E+00 3.20035E-01 9.55834E+02 1.45209E+00 2.58874E-01 8.43152E-01 
1.68340E+00 3.22955E-01 1.60662E+00 2.85135E-01 2.07102E+03 2.26903E+00 3.94251E-01 9.79288E+02 1.68345E+00 3.22964E-01 1.13100E+00 
1.96907E+00 3.97999E-01 1.85122E+00 3.49125E-01 2.12030E+03 2.60253E+00 4.81481E-01 1.00341E+03 1.96915E+00 3.98013E-01 1.55618E+00 
2.31649E+00 4.84363E-01 2.14914E+00 4.22691E-01 2.17067E+03 3.00841E+00 5.81581E-01 1.02817E+03 2.31662E+00 4.84388E-01 2.19394E+00 
2.73589E+00 5.83730E-01 2.50994E+00 5.08173E-01 2.22245E+03 3.49976E+00 6.98050E-01 1.05375E+03 2.73611E+00 5.83774E-01 3.17982E+00 
3.23676E+00 7.53266E-01 2.99806E+00 7.23156E-01 2.27519E+03 4.18739E+00 1.01977E+00 1.07997E+03 3.23715E+00 7.53360E-01 4.76194E+00 
3.83417E+00 8.93124E-01 3.58188E+00 8.60657E-01 2.32951E+03 5.00916E+00 1.21364E+00 1.10715E+03 3.83491E+00 8.93300E-01 7.35584E+00 
4.55873E+00 1.04886E+00 4.29085E+00 1.01315E+00 2.38581E+03 6.00575E+00 1.42795E+00 1.13550E+03 4.56019E+00 1.04920E+00 1.17993E+01 
5.42992E+00 1.22151E+00 5.14492E+00 1.18273E+00 2.44385E+03 7.20458E+00 1.66586E+00 1.16495E+03 5.43300E+00 1.22222E+00 1.96861E+01 
6.46989E+00 1.41129E+00 6.16666E+00 1.36962E+00 2.50375E+03 8.63649E+00 1.92752E+00 1.19558E+03 6.47692E+00 1.41285E+00 3.41295E+01 
7.70645E+00 1.61838E+00 7.38454E+00 1.57425E+00 2.56555E+03 1.03403E+01 2.21335E+00 1.22745E+03 7.72419E+00 1.62217E+00 6.17549E+01 
9.16725E+00 1.84217E+00 8.82701E+00 1.79614E+00 2.62921E+03 1.23547E+01 2.52254E+00 1.26053E+03 9.21775E+00 1.85246E+00 1.16023E+02 
1.08856E+01 2.08220E+00 1.05281E+01 2.03493E+00 2.69477E+03 1.47261E+01 2.85452E+00 1.29481E+03 1.10475E+01 2.11354E+00 2.23784E+02 
1.29000E+01 2.33761E+00 1.25257E+01 2.28967E+00 2.76236E+03 1.75076E+01 3.20805E+00 1.33018E+03 1.34615E+01 2.44044E+00 4.32329E+02 
1.52510E+01 2.60704E+00 1.48567E+01 2.55825E+00 2.83200E+03 2.07534E+01 3.58089E+00 1.36621E+03 1.71228E+01 2.92990E+00 7.92547E+02 
1.79840E+01 2.88882E+00 1.75524E+01 2.83684E+00 2.90368E+03 2.45197E+01 3.96966E+00 1.40189E+03 2.30543E+01 3.70952E+00 1.28057E+03 
2.11482E+01 3.18094E+00 2.06287E+01 3.11889E+00 2.97744E+03 2.88581E+01 4.36935E+00 1.43537E+03 3.11623E+01 4.69691E+00 1.74006E+03 
2.47992E+01 3.48137E+00 2.40888E+01 3.39653E+00 3.05334E+03 3.38201E+01 4.77430E+00 1.46473E+03 3.97770E+01 5.59558E+00 2.03670E+03 
1.55897E+00 9.05032E-02 1.64118E+00 9.52618E-02 2.98548E+03 2.38013E+00 1.38149E-01 1.40570E+03 1.55898E+00 9.05038E-02 3.42204E-01 
1.58816E+00 1.07545E-01 1.67233E+00 1.13226E-01 3.05062E+03 2.42490E+00 1.64172E-01 1.43702E+03 1.58817E+00 1.07546E-01 4.03728E-01 
1.65277E+00 1.38667E-01 1.73170E+00 1.41147E-01 3.11639E+03 2.50752E+00 2.03022E-01 1.46869E+03 1.65279E+00 1.38668E-01 4.81770E-01 
1.76973E+00 1.85833E-01 1.83005E+00 1.80267E-01 3.18296E+03 2.64125E+00 2.56203E-01 1.50080E+03 1.76975E+00 1.85835E-01 5.82290E-01 
1.92736E+00 2.42856E-01 1.96324E+00 2.27878E-01 3.25139E+03 2.82265E+00 3.21014E-01 1.53386E+03 1.92738E+00 2.42858E-01 7.13637E-01 
2.13262E+00 3.11145E-01 2.13731E+00 2.85211E-01 3.32165E+03 3.05994E+00 3.99131E-01 1.56786E+03 2.13265E+00 3.11149E-01 8.87957E-01 
2.39308E+00 3.92136E-01 2.35881E+00 3.53517E-01 3.39377E+03 3.36204E+00 4.92247E-01 1.60285E+03 2.39312E+00 3.92143E-01 1.12294E+00 
2.63786E+00 4.64442E-01 2.56742E+00 4.14704E-01 3.45097E+03 3.64659E+00 5.75676E-01 1.63065E+03 2.63792E+00 4.64451E-01 1.36291E+00 
2.71730E+00 4.87287E-01 2.63518E+00 4.34071E-01 3.46774E+03 3.73903E+00 6.02083E-01 1.63882E+03 2.71736E+00 4.87297E-01 1.44535E+00 
3.14943E+00 6.07381E-01 3.00436E+00 5.36094E-01 3.54963E+03 4.24255E+00 7.41184E-01 1.67876E+03 3.14952E+00 6.07397E-01 1.93832E+00 
3.68069E+00 7.47318E-01 3.45922E+00 6.55369E-01 3.63371E+03 4.86270E+00 9.03756E-01 1.71992E+03 3.68083E+00 7.47345E-01 2.66313E+00 
4.32660E+00 9.08558E-01 4.01335E+00 7.93118E-01 3.72004E+03 5.61774E+00 1.09135E+00 1.76235E+03 4.32684E+00 9.08605E-01 3.75599E+00 
5.10468E+00 1.09255E+00 4.68236E+00 9.50838E-01 3.80850E+03 6.52860E+00 1.30600E+00 1.80605E+03 5.10509E+00 1.09263E+00 5.44793E+00 
6.03384E+00 1.40799E+00 5.58831E+00 1.35269E+00 3.89867E+03 7.80498E+00 1.90789E+00 1.85089E+03 6.03457E+00 1.40817E+00 8.15226E+00 
7.14112E+00 1.66464E+00 6.67025E+00 1.60396E+00 3.99149E+03 9.32779E+00 2.26173E+00 1.89734E+03 7.14248E+00 1.66497E+00 1.26059E+01 
8.47887E+00 1.95029E+00 7.97935E+00 1.88385E+00 4.08743E+03 1.11679E+01 2.65512E+00 1.94568E+03 8.48157E+00 1.95093E+00 2.02136E+01 
1.00833E+01 2.26592E+00 9.55237E+00 2.19389E+00 4.18643E+03 1.33759E+01 3.09005E+00 1.99593E+03 1.00890E+01 2.26723E+00 3.36905E+01 
1.19953E+01 2.61181E+00 1.14311E+01 2.53463E+00 4.28853E+03 1.60087E+01 3.56705E+00 2.04818E+03 1.20083E+01 2.61470E+00 5.84482E+01 
1.42619E+01 2.98773E+00 1.36637E+01 2.90616E+00 4.39385E+03 1.91319E+01 4.08595E+00 2.10252E+03 1.42947E+01 2.99471E+00 1.05685E+02 
1.69349E+01 3.39286E+00 1.63036E+01 3.30797E+00 4.50238E+03 2.28181E+01 4.64577E+00 2.15897E+03 1.70280E+01 3.41176E+00 1.98511E+02 
2.00731E+01 3.82584E+00 1.94106E+01 3.73890E+00 4.61419E+03 2.71493E+01 5.24472E+00 2.21747E+03 2.03713E+01 3.88338E+00 3.83195E+02 
2.37420E+01 4.28469E+00 2.30496E+01 4.19671E+00 4.72935E+03 3.22156E+01 5.87996E+00 2.27778E+03 2.47749E+01 4.47310E+00 7.40243E+02 
2.80141E+01 4.76688E+00 2.72858E+01 4.67756E+00 4.84792E+03 3.81141E+01 6.54732E+00 2.33921E+03 3.14509E+01 5.35708E+00 1.35670E+03 
3.29695E+01 5.26930E+00 3.21740E+01 5.17438E+00 4.97002E+03 4.49433E+01 7.24057E+00 2.40003E+03 4.22616E+01 6.76600E+00 2.19172E+03 
3.86960E+01 5.78832E+00 3.77406E+01 5.67531E+00 5.09569E+03 5.27946E+01 7.95063E+00 2.45711E+03 5.70171E+01 8.54705E+00 2.97825E+03 
4.52889E+01 6.31992E+00 4.39865E+01 6.16577E+00 5.22500E+03 6.17540E+01 8.66681E+00 2.50714E+03 7.26380E+01 1.01579E+01 3.48535E+03 
1.47652E+00 8.50311E-02 1.55432E+00 8.94973E-02 2.56153E+03 2.25414E+00 1.29788E-01 1.20636E+03 1.47653E+00 8.50317E-02 2.93594E-01 
1.50555E+00 1.01712E-01 1.58531E+00 1.07101E-01 2.61707E+03 2.29871E+00 1.55297E-01 1.23306E+03 1.50556E+00 1.01713E-01 3.46300E-01 
1.56930E+00 1.32166E-01 1.64386E+00 1.34428E-01 2.67338E+03 2.38021E+00 1.93322E-01 1.26016E+03 1.56931E+00 1.32168E-01 4.13309E-01 
1.68305E+00 1.78005E-01 1.73955E+00 1.72472E-01 2.73006E+03 2.51035E+00 2.45052E-01 1.28749E+03 1.68306E+00 1.78006E-01 4.99403E-01 
1.83562E+00 2.33284E-01 1.86851E+00 2.18654E-01 2.78837E+03 2.68602E+00 3.07931E-01 1.31565E+03 1.83564E+00 2.33286E-01 6.11956E-01 
2.03332E+00 2.99288E-01 2.03620E+00 2.74090E-01 2.84840E+03 2.91464E+00 3.83471E-01 1.34470E+03 2.03335E+00 2.99292E-01 7.61368E-01 
2.28293E+00 3.77277E-01 2.24849E+00 3.39877E-01 2.90963E+03 3.20418E+00 4.73161E-01 1.37440E+03 2.28297E+00 3.77283E-01 9.62556E-01 
2.51692E+00 4.46716E-01 2.44791E+00 3.98649E-01 2.95816E+03 3.47621E+00 5.53300E-01 1.39799E+03 2.51697E+00 4.46725E-01 1.16824E+00 
2.59271E+00 4.68615E-01 2.51257E+00 4.17215E-01 2.97279E+03 3.56442E+00 5.78616E-01 1.40511E+03 2.59276E+00 4.68624E-01 1.23899E+00 
3.00408E+00 5.83437E-01 2.86404E+00 5.14769E-01 3.04237E+03 4.04378E+00 7.11625E-01 1.43904E+03 3.00417E+00 5.83453E-01 1.66147E+00 
3.50786E+00 7.16632E-01 3.29537E+00 6.28291E-01 3.11375E+03 4.63184E+00 8.66349E-01 1.47399E+03 3.50800E+00 7.16659E-01 2.28167E+00 
4.11862E+00 8.69581E-01 3.81942E+00 7.59061E-01 3.18715E+03 5.34590E+00 1.04448E+00 1.51007E+03 4.11885E+00 8.69626E-01 3.21755E+00 
4.85218E+00 1.04318E+00 4.45012E+00 9.07802E-01 3.26230E+03 6.20455E+00 1.24686E+00 1.54721E+03 4.85256E+00 1.04326E+00 4.66656E+00 
5.72907E+00 1.34093E+00 5.30526E+00 1.28848E+00 3.33887E+03 7.40937E+00 1.81741E+00 1.58530E+03 5.72976E+00 1.34110E+00 6.97982E+00 
6.77158E+00 1.58056E+00 6.32396E+00 1.52289E+00 3.41771E+03 8.84310E+00 2.14740E+00 1.62478E+03 6.77287E+00 1.58087E+00 1.07938E+01 
8.02679E+00 1.84635E+00 7.55241E+00 1.78340E+00 3.49914E+03 1.05698E+01 2.51351E+00 1.66584E+03 8.02935E+00 1.84695E+00 1.73039E+01 
9.52766E+00 2.13883E+00 9.02408E+00 2.07077E+00 3.58319E+03 1.26354E+01 2.91661E+00 1.70854E+03 9.53304E+00 2.14007E+00 2.88315E+01 
1.13109E+01 2.45793E+00 1.07765E+01 2.38521E+00 3.66987E+03 1.50911E+01 3.35673E+00 1.75294E+03 1.13232E+01 2.46065E+00 5.00202E+01 
1.34185E+01 2.80321E+00 1.28528E+01 2.72657E+00 3.75925E+03 1.79954E+01 3.83342E+00 1.79911E+03 1.34493E+01 2.80976E+00 9.04125E+01 
1.58971E+01 3.17372E+00 1.53011E+01 3.09420E+00 3.85135E+03 2.14138E+01 4.34550E+00 1.84707E+03 1.59844E+01 3.19139E+00 1.69763E+02 
1.87993E+01 3.56792E+00 1.81749E+01 3.48670E+00 3.94628E+03 2.54195E+01 4.89092E+00 1.89681E+03 1.90783E+01 3.62156E+00 3.27714E+02 
2.21827E+01 3.98375E+00 2.15314E+01 3.90181E+00 4.04405E+03 3.00921E+01 5.46673E+00 1.94809E+03 2.31474E+01 4.15889E+00 6.32979E+02 
2.61116E+01 4.41867E+00 2.54281E+01 4.33573E+00 4.14473E+03 3.55173E+01 6.06881E+00 2.00032E+03 2.93146E+01 4.96578E+00 1.15994E+03 
3.06565E+01 4.86966E+00 2.99115E+01 4.78179E+00 4.24839E+03 4.17809E+01 6.69116E+00 2.05203E+03 3.92944E+01 6.25274E+00 1.87346E+03 
3.58947E+01 5.33331E+00 3.50029E+01 5.22904E+00 4.35512E+03 4.89625E+01 7.32539E+00 2.10057E+03 5.28864E+01 7.87516E+00 2.54552E+03 
4.19094E+01 5.80577E+00 4.06980E+01 5.66402E+00 4.46498E+03 5.71349E+01 7.96148E+00 2.14308E+03 6.72130E+01 9.33139E+00 2.97842E+03 
1.39255E+00 7.94787E-02 1.46586E+00 8.36442E-02 2.18696E+03 2.12582E+00 1.21297E-01 1.03003E+03 1.39256E+00 7.94792E-02 2.50704E-01 
1.42157E+00 9.58405E-02 1.49678E+00 1.00898E-01 2.23399E+03 2.17031E+00 1.46297E-01 1.05263E+03 1.42158E+00 9.58412E-02 2.95641E-01 
1.48387E+00 1.25408E-01 1.55403E+00 1.27461E-01 2.28135E+03 2.25002E+00 1.83272E-01 1.07541E+03 1.48388E+00 1.25409E-01 3.52664E-01 
1.59431E+00 1.69824E-01 1.64697E+00 1.64351E-01 2.32935E+03 2.37646E+00 2.33445E-01 1.09856E+03 1.59433E+00 1.69825E-01 4.26098E-01 
1.74130E+00 2.23187E-01 1.77124E+00 2.08953E-01 2.37849E+03 2.54576E+00 2.94182E-01 1.12229E+03 1.74133E+00 2.23189E-01 5.21936E-01 
1.93081E+00 2.86697E-01 1.93200E+00 2.62312E-01 2.42901E+03 2.76494E+00 3.66900E-01 1.14673E+03 1.93084E+00 2.86701E-01 6.49263E-01 
2.16924E+00 3.61502E-01 2.13480E+00 3.25428E-01 2.48085E+03 3.04156E+00 4.52954E-01 1.17188E+03 2.16928E+00 3.61508E-01 8.20878E-01 
2.39173E+00 4.27834E-01 2.32442E+00 3.81580E-01 2.52165E+03 3.30023E+00 5.29523E-01 1.19171E+03 2.39178E+00 4.27843E-01 9.95853E-01 
2.46367E+00 4.48711E-01 2.38581E+00 3.99282E-01 2.53400E+03 3.38397E+00 5.53662E-01 1.19772E+03 2.46373E+00 4.48721E-01 1.05604E+00 
2.85339E+00 5.57941E-01 2.71878E+00 4.92091E-01 2.59268E+03 3.83811E+00 6.80202E-01 1.22635E+03 2.85348E+00 5.57956E-01 1.41586E+00 
3.32905E+00 6.84115E-01 3.12605E+00 5.99638E-01 2.65291E+03 4.39336E+00 8.26781E-01 1.25584E+03 3.32918E+00 6.84140E-01 1.94428E+00 
3.90367E+00 8.28323E-01 3.61911E+00 7.22942E-01 2.71472E+03 5.06516E+00 9.94736E-01 1.28624E+03 3.90388E+00 8.28366E-01 2.74059E+00 
4.59195E+00 9.91483E-01 4.21104E+00 8.62957E-01 2.77818E+03 5.87106E+00 1.18532E+00 1.31761E+03 4.59231E+00 9.91557E-01 3.97474E+00 
5.41539E+00 1.27079E+00 5.01406E+00 1.22121E+00 2.84261E+03 7.00239E+00 1.72257E+00 1.34969E+03 5.41604E+00 1.27094E+00 5.94186E+00 
6.39200E+00 1.49332E+00 5.96843E+00 1.43884E+00 2.90916E+03 8.34555E+00 2.02888E+00 1.38304E+03 6.39323E+00 1.49362E+00 9.18845E+00 
7.56379E+00 1.73918E+00 7.11536E+00 1.67983E+00 2.97780E+03 9.95761E+00 2.36754E+00 1.41768E+03 7.56620E+00 1.73975E+00 1.47260E+01 
8.96036E+00 2.00851E+00 8.48493E+00 1.94453E+00 3.04866E+03 1.18798E+01 2.73878E+00 1.45373E+03 8.96543E+00 2.00968E+00 2.45288E+01 
---
