PdfType: replica
Format: lhagrid1
---
1.00000E-06 1.28121E-06 1.64152E-06 2.10317E-06 2.69463E-06 3.45242E-06 4.42329E-06 5.66715E-06 7.26076E-06 9.30241E-06 1.19180E-05 1.52689E-05 1.95617E-05 2.50609E-05 3.21053E-05 4.11287E-05 5.26863E-05 6.74889E-05 8.64459E-05 1.10720E-04 1.41800E-04 1.81585E-04 2.32503E-04 2.97652E-04 3.80981E-04 4.87518E-04 6.26039E-04 8.00452E-04 1.02297E-03 1.30657E-03 1.66759E-03 2.12729E-03 2.71054E-03 3.44865E-03 4.37927E-03 5.54908E-03 7.01192E-03 8.83064E-03 1.10763E-02 1.38266E-02 1.71641E-02 2.11717E-02 2.59364E-02 3.15062E-02 3.79623E-02 4.53425E-02 5.36750E-02 6.29705E-02 7.32221E-02 8.44039E-02 9.64793E-02 1.09332E-01 1.23067E-01 1.37507E-01 1.52639E-01 1.68416E-01 1.84794E-01 2.01731E-01 2.19016E-01 2.36948E-01 2.55242E-01 2.73927E-01 2.92954E-01 3.12340E-01 3.32036E-01 3.52019E-01 3.72282E-01 3.92772E-01 4.13533E-01 4.34326E-01 4.55495E-01 4.76836E-01 4.98342E-01 5.20006E-01 5.41818E-01 5.63773E-01 5.85861E-01 6.08077E-01 6.30459E-01 6.52800E-01 6.75387E-01 6.98063E-01 7.20830E-01 7.43683E-01 7.66623E-01 7.89636E-01 8.12791E-01 8.35940E-01 8.59175E-01 8.82485E-01 9.05866E-01 9.29311E-01 9.52817E-01 9.76387E-01 1.00000E+00 
1.14018E+00 1.22539E+00 1.32482E+00 1.44156E+00 1.57954E+00 1.74381E+00 1.94091E+00 2.12132E+00 2.17945E+00 2.49622E+00 2.89383E+00 3.39925E+00 4.05063E+00 4.90286E+00 6.03623E+00 7.57063E+00 9.68869E+00 1.26749E+01 1.69835E+01 2.33578E+01 3.30501E+01 4.82334E+01 7.28041E+01 1.13998E+02 1.85779E+02 3.16228E+02 
900 901 902 903 904 905 906 907 908 909 910 
8.25409E-01 4.82398E-02 8.68903E-01 5.07705E-02 2.53981E+03 1.26012E+00 7.36257E-02 1.14468E+03 8.25415E-01 4.82401E-02 2.91261E-01 
8.40582E-01 5.71549E-02 8.85045E-01 6.01340E-02 2.58636E+03 1.28330E+00 8.71784E-02 1.16585E+03 8.40588E-01 5.71553E-02 3.42458E-01 
8.73846E-01 7.32575E-02 9.15663E-01 7.45985E-02 2.63302E+03 1.32592E+00 1.07310E-01 1.18708E+03 8.73853E-01 7.32581E-02 4.07084E-01 
9.35189E-01 9.79262E-02 9.67282E-01 9.50606E-02 2.67980E+03 1.39612E+00 1.35128E-01 1.20839E+03 9.35199E-01 9.79271E-02 4.90463E-01 
1.01808E+00 1.27814E-01 1.03733E+00 1.20004E-01 2.72778E+03 1.49152E+00 1.69077E-01 1.23027E+03 1.01810E+00 1.27815E-01 5.98659E-01 
1.12683E+00 1.63795E-01 1.12956E+00 1.50211E-01 2.77620E+03 1.61726E+00 2.10233E-01 1.25240E+03 1.12684E+00 1.63798E-01 7.42803E-01 
1.26528E+00 2.06578E-01 1.24733E+00 1.86292E-01 2.82618E+03 1.77790E+00 2.59421E-01 1.27528E+03 1.26530E+00 2.06581E-01 9.35559E-01 
1.39560E+00 2.44867E-01 1.35842E+00 2.18693E-01 2.86574E+03 1.92944E+00 3.03600E-01 1.29343E+03 1.39563E+00 2.44872E-01 1.13152E+00 
1.43808E+00 2.57011E-01 1.39466E+00 2.28991E-01 2.87650E+03 1.97888E+00 3.17643E-01 1.29838E+03 1.43812E+00 2.57017E-01 1.19887E+00 
1.66950E+00 3.20988E-01 1.59239E+00 2.83340E-01 2.93280E+03 2.24858E+00 3.91745E-01 1.32429E+03 1.66955E+00 3.20996E-01 1.60163E+00 
1.95544E+00 3.95987E-01 1.83726E+00 3.47299E-01 2.98998E+03 2.58248E+00 4.78938E-01 1.35072E+03 1.95552E+00 3.96002E-01 2.19467E+00 
2.30342E+00 4.82394E-01 2.13568E+00 4.20908E-01 3.04800E+03 2.98906E+00 5.79102E-01 1.37765E+03 2.30354E+00 4.82419E-01 3.08063E+00 
2.72369E+00 5.81906E-01 2.49726E+00 5.06520E-01 3.10721E+03 3.48151E+00 6.95753E-01 1.40528E+03 2.72391E+00 5.81949E-01 4.44569E+00 
3.22546E+00 7.51635E-01 2.98627E+00 7.21552E-01 3.16671E+03 4.17041E+00 1.01750E+00 1.43326E+03 3.22585E+00 7.51729E-01 6.62769E+00 
3.82420E+00 8.91967E-01 3.57138E+00 8.59511E-01 3.22749E+03 4.99403E+00 1.21202E+00 1.46204E+03 3.82493E+00 8.92143E-01 1.01905E+01 
4.55078E+00 1.04835E+00 4.28232E+00 1.01263E+00 3.29010E+03 5.99341E+00 1.42721E+00 1.49192E+03 4.55223E+00 1.04869E+00 1.62713E+01 
5.42486E+00 1.22183E+00 5.13920E+00 1.18302E+00 3.35421E+03 7.19622E+00 1.66626E+00 1.52279E+03 5.42793E+00 1.22254E+00 2.70185E+01 
6.46875E+00 1.41264E+00 6.16477E+00 1.37093E+00 3.41995E+03 8.63354E+00 1.92935E+00 1.55475E+03 6.47577E+00 1.41421E+00 4.66164E+01 
7.71051E+00 1.62099E+00 7.38773E+00 1.57677E+00 3.48730E+03 1.03445E+01 2.21689E+00 1.58782E+03 7.72826E+00 1.62478E+00 8.39394E+01 
9.17803E+00 1.84625E+00 8.83680E+00 1.80011E+00 3.55625E+03 1.23681E+01 2.52811E+00 1.62197E+03 9.22858E+00 1.85656E+00 1.56908E+02 
1.09049E+01 2.08797E+00 1.05462E+01 2.04058E+00 3.62675E+03 1.47513E+01 2.86243E+00 1.65715E+03 1.10671E+01 2.11941E+00 3.01087E+02 
1.29300E+01 2.34531E+00 1.25544E+01 2.29721E+00 3.69897E+03 1.75475E+01 3.21861E+00 1.69318E+03 1.34928E+01 2.44847E+00 5.78598E+02 
1.52941E+01 2.61687E+00 1.48984E+01 2.56790E+00 3.77290E+03 2.08115E+01 3.59440E+00 1.72951E+03 1.71712E+01 2.94095E+00 1.05486E+03 
1.80432E+01 2.90099E+00 1.76100E+01 2.84880E+00 3.84850E+03 2.46000E+01 3.98639E+00 1.76473E+03 2.31302E+01 3.72515E+00 1.69473E+03 
2.12270E+01 3.19564E+00 2.07053E+01 3.13330E+00 3.92581E+03 2.89652E+01 4.38953E+00 1.79647E+03 3.12782E+01 4.71860E+00 2.28990E+03 
2.49014E+01 3.49875E+00 2.41879E+01 3.41348E+00 4.00484E+03 3.39593E+01 4.79813E+00 1.82223E+03 3.99408E+01 5.62350E+00 2.66593E+03 
1.53701E+00 8.92518E-02 1.61796E+00 9.39352E-02 4.29168E+03 2.34641E+00 1.36222E-01 1.93188E+03 1.53702E+00 8.92524E-02 4.91925E-01 
1.56600E+00 1.06128E-01 1.64889E+00 1.11725E-01 4.37100E+03 2.39088E+00 1.61994E-01 1.96790E+03 1.56601E+00 1.06129E-01 5.78470E-01 
1.63010E+00 1.36951E-01 1.70786E+00 1.39392E-01 4.45021E+03 2.47299E+00 2.00495E-01 2.00391E+03 1.63011E+00 1.36952E-01 6.87968E-01 
1.74648E+00 1.83754E-01 1.80579E+00 1.78219E-01 4.52948E+03 2.60616E+00 2.53281E-01 2.03998E+03 1.74650E+00 1.83755E-01 8.28621E-01 
1.90358E+00 2.40409E-01 1.93858E+00 2.25532E-01 4.61046E+03 2.78705E+00 3.17692E-01 2.07687E+03 1.90360E+00 2.40411E-01 1.01194E+00 
2.10838E+00 3.08344E-01 2.11232E+00 2.82579E-01 4.69308E+03 3.02393E+00 3.95423E-01 2.11458E+03 2.10842E+00 3.08348E-01 1.25458E+00 
2.36853E+00 3.89014E-01 2.33361E+00 3.50625E-01 4.77737E+03 3.32577E+00 4.88190E-01 2.15312E+03 2.36857E+00 3.89021E-01 1.58074E+00 
2.61319E+00 4.61109E-01 2.54216E+00 4.11643E-01 4.84388E+03 3.61028E+00 5.71393E-01 2.18360E+03 2.61325E+00 4.61118E-01 1.91303E+00 
2.69262E+00 4.83901E-01 2.60994E+00 4.30967E-01 4.86323E+03 3.70273E+00 5.97744E-01 2.19248E+03 2.69268E+00 4.83911E-01 2.02698E+00 
3.12492E+00 6.03803E-01 2.97932E+00 5.32839E-01 4.95768E+03 4.20657E+00 7.36646E-01 2.23591E+03 3.12501E+00 6.03820E-01 2.70719E+00 
3.65674E+00 7.43679E-01 3.43472E+00 6.52074E-01 5.05397E+03 4.82752E+00 8.99171E-01 2.28035E+03 3.65689E+00 7.43707E-01 3.70403E+00 
4.30373E+00 9.05023E-01 3.98983E+00 7.89924E-01 5.15216E+03 5.58394E+00 1.08692E+00 2.32588E+03 4.30397E+00 9.05070E-01 5.20191E+00 
5.08353E+00 1.08932E+00 4.66036E+00 9.47916E-01 5.25200E+03 6.49694E+00 1.30194E+00 2.37242E+03 5.08393E+00 1.08940E+00 7.51279E+00 
6.01445E+00 1.40517E+00 5.56805E+00 1.34991E+00 5.35250E+03 7.77580E+00 1.90395E+00 2.41962E+03 6.01517E+00 1.40534E+00 1.11922E+01 
7.12432E+00 1.66274E+00 6.65252E+00 1.60207E+00 5.45505E+03 9.30221E+00 2.25905E+00 2.46814E+03 7.12568E+00 1.66307E+00 1.72279E+01 
8.46597E+00 1.94963E+00 7.96541E+00 1.88317E+00 5.56041E+03 1.11477E+01 2.65414E+00 2.51839E+03 8.46867E+00 1.95027E+00 2.74976E+01 
1.00759E+01 2.26684E+00 9.54379E+00 2.19475E+00 5.66842E+03 1.33632E+01 3.09126E+00 2.57036E+03 1.00816E+01 2.26815E+00 4.56156E+01 
1.19954E+01 2.61469E+00 1.14298E+01 2.53740E+00 5.77904E+03 1.60063E+01 3.57095E+00 2.62411E+03 1.20084E+01 2.61758E+00 7.87593E+01 
1.42717E+01 2.99296E+00 1.36720E+01 2.91123E+00 5.89244E+03 1.91430E+01 4.09307E+00 2.67975E+03 1.43045E+01 2.99995E+00 1.41720E+02 
1.69574E+01 3.40083E+00 1.63242E+01 3.31574E+00 6.00852E+03 2.28466E+01 4.65667E+00 2.73725E+03 1.70505E+01 3.41979E+00 2.64879E+02 
2.01115E+01 3.83697E+00 1.94469E+01 3.74977E+00 6.12730E+03 2.71997E+01 5.25997E+00 2.79649E+03 2.04102E+01 3.89467E+00 5.08713E+02 
2.38002E+01 4.29936E+00 2.31054E+01 4.21108E+00 6.24886E+03 3.22934E+01 5.90009E+00 2.85715E+03 2.48356E+01 4.48842E+00 9.77552E+02 
2.80967E+01 4.78547E+00 2.73658E+01 4.69581E+00 6.37320E+03 3.82257E+01 6.57287E+00 2.91824E+03 3.15436E+01 5.37798E+00 1.78182E+03 
3.30819E+01 5.29216E+00 3.22833E+01 5.19683E+00 6.50043E+03 4.50959E+01 7.27199E+00 2.97752E+03 4.24055E+01 6.79536E+00 2.86224E+03 
3.88442E+01 5.81576E+00 3.78850E+01 5.70221E+00 6.63056E+03 5.29964E+01 7.98833E+00 3.03093E+03 5.72354E+01 8.58756E+00 3.86773E+03 
4.54802E+01 6.35219E+00 4.41720E+01 6.19727E+00 6.76360E+03 6.20145E+01 8.71108E+00 3.07424E+03 7.29446E+01 1.02098E+01 4.50224E+03 
1.45753E+00 8.39830E-02 1.53423E+00 8.83851E-02 3.61830E+03 2.22497E+00 1.28172E-01 1.62633E+03 1.45754E+00 8.39836E-02 4.14713E-01 
1.48634E+00 1.00492E-01 1.56498E+00 1.05808E-01 3.68479E+03 2.26920E+00 1.53419E-01 1.65647E+03 1.48635E+00 1.00492E-01 4.87586E-01 
1.54953E+00 1.30638E-01 1.62310E+00 1.32872E-01 3.75165E+03 2.35014E+00 1.91085E-01 1.68681E+03 1.54954E+00 1.30639E-01 5.80013E-01 
1.66271E+00 1.76117E-01 1.71837E+00 1.70625E-01 3.81805E+03 2.47973E+00 2.42422E-01 1.71697E+03 1.66273E+00 1.76119E-01 6.98431E-01 
1.81477E+00 2.31037E-01 1.84694E+00 2.16516E-01 3.88600E+03 2.65490E+00 3.04907E-01 1.74788E+03 1.81479E+00 2.31040E-01 8.52853E-01 
2.01205E+00 2.96700E-01 2.01433E+00 2.71673E-01 3.95564E+03 2.88313E+00 3.80073E-01 1.77960E+03 2.01208E+00 2.96704E-01 1.05732E+00 
2.26139E+00 3.74386E-01 2.22644E+00 3.37214E-01 4.02600E+03 3.17247E+00 4.69431E-01 1.81172E+03 2.26143E+00 3.74392E-01 1.33187E+00 
2.49531E+00 4.43630E-01 2.42584E+00 3.95829E-01 4.08150E+03 3.44450E+00 5.49360E-01 1.83711E+03 2.49536E+00 4.43639E-01 1.61188E+00 
2.57111E+00 4.65481E-01 2.49052E+00 4.14356E-01 4.09831E+03 3.53273E+00 5.74624E-01 1.84481E+03 2.57116E+00 4.65490E-01 1.70809E+00 
2.98272E+00 5.80138E-01 2.84225E+00 5.11781E-01 4.17732E+03 4.01249E+00 7.07463E-01 1.88107E+03 2.98281E+00 5.80154E-01 2.28127E+00 
3.48713E+00 7.13299E-01 3.27417E+00 6.25284E-01 4.25778E+03 4.60141E+00 8.62169E-01 1.91815E+03 3.48727E+00 7.13326E-01 3.11995E+00 
4.09903E+00 8.66378E-01 3.79926E+00 7.56175E-01 4.34000E+03 5.31693E+00 1.04047E+00 1.95621E+03 4.09926E+00 8.66423E-01 4.38140E+00 
4.83436E+00 1.04031E+00 4.43153E+00 9.05206E-01 4.42355E+03 6.17777E+00 1.24325E+00 1.99510E+03 4.83474E+00 1.04039E+00 6.32765E+00 
5.71311E+00 1.33849E+00 5.28850E+00 1.28608E+00 4.50760E+03 7.38519E+00 1.81400E+00 2.03453E+03 5.71380E+00 1.33866E+00 9.42292E+00 
6.75830E+00 1.57904E+00 6.30981E+00 1.52139E+00 4.59342E+03 8.82264E+00 2.14527E+00 2.07510E+03 6.75959E+00 1.57935E+00 1.45069E+01 
8.01745E+00 1.84605E+00 7.54210E+00 1.78308E+00 4.68150E+03 1.05548E+01 2.51306E+00 2.11707E+03 8.02001E+00 1.84666E+00 2.31505E+01 
9.52381E+00 2.14008E+00 9.01911E+00 2.07196E+00 4.77182E+03 1.26279E+01 2.91827E+00 2.16050E+03 9.52919E+00 2.14132E+00 3.83948E+01 
1.13144E+01 2.46107E+00 1.07787E+01 2.38824E+00 4.86435E+03 1.50937E+01 3.36099E+00 2.20543E+03 1.13267E+01 2.46379E+00 6.62981E+01 
1.34315E+01 2.80860E+00 1.28644E+01 2.73181E+00 4.95914E+03 1.80112E+01 3.84077E+00 2.25194E+03 1.34624E+01 2.81516E+00 1.19260E+02 
1.59224E+01 3.18172E+00 1.53247E+01 3.10200E+00 5.05615E+03 2.14465E+01 4.35645E+00 2.29999E+03 1.60098E+01 3.19944E+00 2.22836E+02 
1.88398E+01 3.57889E+00 1.82136E+01 3.49743E+00 5.15553E+03 2.54733E+01 4.90596E+00 2.34956E+03 1.91195E+01 3.63269E+00 4.28013E+02 
2.22422E+01 3.99804E+00 2.15888E+01 3.91582E+00 5.25720E+03 3.01721E+01 5.48635E+00 2.40030E+03 2.32095E+01 4.17381E+00 8.22409E+02 
2.61944E+01 4.43661E+00 2.55084E+01 4.35334E+00 5.36122E+03 3.56293E+01 6.09346E+00 2.45143E+03 2.94076E+01 4.98595E+00 1.49888E+03 
3.07675E+01 4.89154E+00 3.00196E+01 4.80328E+00 5.46765E+03 4.19318E+01 6.72124E+00 2.50103E+03 3.94366E+01 6.28083E+00 2.40734E+03 
3.60395E+01 5.35939E+00 3.51440E+01 5.25462E+00 5.57654E+03 4.91599E+01 7.36123E+00 2.54572E+03 5.30997E+01 7.91367E+00 3.25285E+03 
4.20945E+01 5.83626E+00 4.08778E+01 5.69378E+00 5.68795E+03 5.73873E+01 8.00331E+00 2.58195E+03 6.75098E+01 9.38041E+00 3.78605E+03 
1.37628E+00 7.86208E-02 1.44863E+00 8.27329E-02 3.03534E+03 2.10081E+00 1.19973E-01 1.36211E+03 1.37629E+00 7.86213E-02 3.47961E-01 
1.40504E+00 9.48028E-02 1.47929E+00 9.97979E-02 3.09090E+03 2.14492E+00 1.44698E-01 1.38724E+03 1.40505E+00 9.48035E-02 4.09042E-01 
1.46676E+00 1.24052E-01 1.53608E+00 1.26092E-01 3.14621E+03 2.22404E+00 1.81306E-01 1.41229E+03 1.46677E+00 1.24053E-01 4.86358E-01 
1.57664E+00 1.68114E-01 1.62860E+00 1.62692E-01 3.20172E+03 2.34991E+00 2.31087E-01 1.43746E+03 1.57665E+00 1.68115E-01 5.85672E-01 
1.72313E+00 2.21127E-01 1.75249E+00 2.07008E-01 3.25811E+03 2.51872E+00 2.91436E-01 1.46306E+03 1.72315E+00 2.21130E-01 7.14948E-01 
1.91224E+00 2.84310E-01 1.91296E+00 2.60098E-01 3.31574E+03 2.73754E+00 3.63792E-01 1.48926E+03 1.91227E+00 2.84314E-01 8.86287E-01 
2.15043E+00 3.58829E-01 2.11561E+00 3.22982E-01 3.37455E+03 3.01398E+00 4.49533E-01 1.51605E+03 2.15047E+00 3.58834E-01 1.11660E+00 
2.37288E+00 4.24983E-01 2.30523E+00 3.78989E-01 3.42045E+03 3.27268E+00 5.25909E-01 1.53701E+03 2.37293E+00 4.24992E-01 1.35081E+00 
2.44483E+00 4.45817E-01 2.36664E+00 3.96656E-01 3.43447E+03 3.35646E+00 5.50001E-01 1.54342E+03 2.44489E+00 4.45826E-01 1.43130E+00 
2.83483E+00 5.54907E-01 2.69990E+00 4.89355E-01 3.50010E+03 3.81102E+00 6.76397E-01 1.57350E+03 2.83491E+00 5.54922E-01 1.91139E+00 
3.31115E+00 6.81073E-01 3.10779E+00 5.96905E-01 3.56700E+03 4.36716E+00 8.22986E-01 1.60428E+03 3.31129E+00 6.81098E-01 2.61422E+00 
3.88694E+00 8.25437E-01 3.60190E+00 7.20350E-01 3.63518E+03 5.04043E+00 9.91140E-01 1.63579E+03 3.88715E+00 8.25480E-01 3.66982E+00 
4.57699E+00 9.88944E-01 4.19540E+00 8.60670E-01 3.70472E+03 5.84852E+00 1.18215E+00 1.66812E+03 4.57735E+00 9.89018E-01 5.30032E+00 
5.40230E+00 1.26871E+00 5.00026E+00 1.21917E+00 3.77431E+03 6.98248E+00 1.71967E+00 1.70073E+03 5.40296E+00 1.26887E+00 7.88933E+00 
6.38161E+00 1.49216E+00 5.95725E+00 1.43768E+00 3.84572E+03 8.32935E+00 2.02724E+00 1.73446E+03 6.38283E+00 1.49246E+00 1.21464E+01 
7.55728E+00 1.73922E+00 7.10797E+00 1.67984E+00 3.91884E+03 9.94678E+00 2.36754E+00 1.76928E+03 7.55969E+00 1.73978E+00 1.93794E+01 
8.95919E+00 2.01005E+00 8.48275E+00 1.94600E+00 3.99384E+03 1.18763E+01 2.74084E+00 1.80533E+03 8.96426E+00 2.01121E+00 3.21326E+01 
---
