PdfType: replica
Format: lhagrid1
---
1.00000E-06 1.28121E-06 1.64152E-06 2.10317E-06 2.69463E-06 3.45242E-06 4.42329E-06 5.66715E-06 7.26076E-06 9.30241E-06 1.19180E-05 1.52689E-05 1.95617E-05 2.50609E-05 3.21053E-05 4.11287E-05 5.26863E-05 6.74889E-05 8.64459E-05 1.10720E-04 1.41800E-04 1.81585E-04 2.32503E-04 2.97652E-04 3.80981E-04 4.87518E-04 6.26039E-04 8.00452E-04 1.02297E-03 1.30657E-03 1.66759E-03 2.12729E-03 2.71054E-03 3.44865E-03 4.37927E-03 5.54908E-03 7.01192E-03 8.83064E-03 1.10763E-02 1.38266E-02 1.71641E-02 2.11717E-02 2.59364E-02 3.15062E-02 3.79623E-02 4.53425E-02 5.36750E-02 6.29705E-02 7.32221E-02 8.44039E-02 9.64793E-02 1.09332E-01 1.23067E-01 1.37507E-01 1.52639E-01 1.68416E-01 1.84794E-01 2.01731E-01 2.19016E-01 2.36948E-01 2.55242E-01 2.73927E-01 2.92954E-01 3.12340E-01 3.32036E-01 3.52019E-01 3.72282E-01 3.92772E-01 4.13533E-01 4.34326E-01 4.55495E-01 4.76836E-01 4.98342E-01 5.20006E-01 5.41818E-01 5.63773E-01 5.85861E-01 6.08077E-01 6.30459E-01 6.52800E-01 6.75387E-01 6.98063E-01 7.20830E-01 7.43683E-01 7.66623E-01 7.89636E-01 8.12791E-01 8.35940E-01 8.59175E-01 8.82485E-01 9.05866E-01 9.29311E-01 9.52817E-01 9.76387E-01 1.00000E+00 
1.14018E+00 1.22539E+00 1.32482E+00 1.44156E+00 1.57954E+00 1.74381E+00 1.94091E+00 2.12132E+00 2.17945E+00 2.49622E+00 2.89383E+00 3.39925E+00 4.05063E+00 4.90286E+00 6.03623E+00 7.57063E+00 9.68869E+00 1.26749E+01 1.69835E+01 2.33578E+01 3.30501E+01 4.82334E+01 7.28041E+01 1.13998E+02 1.85779E+02 3.16228E+02 
900 901 902 903 904 905 906 907 908 909 910 
7.82575E-01 4.51450E-02 8.24191E-01 4.75469E-02 1.31310E+03 1.19540E+00 6.89620E-02 8.74588E+01 7.82580E-01 4.51453E-02 1.50570E-01 
7.98340E-01 5.41704E-02 8.40945E-01 5.70244E-02 1.34694E+03 1.21948E+00 8.26802E-02 9.72666E+01 7.98346E-01 5.41708E-02 1.78351E-01 
8.32230E-01 7.03520E-02 8.72177E-01 7.15798E-02 1.38149E+03 1.26299E+00 1.02948E-01 1.07609E+02 8.32237E-01 7.03526E-02 2.13587E-01 
8.94114E-01 9.50458E-02 9.24336E-01 9.20946E-02 1.41674E+03 1.33398E+00 1.30851E-01 1.18473E+02 8.94123E-01 9.50467E-02 2.59307E-01 
9.77452E-01 1.24938E-01 9.94839E-01 1.17072E-01 1.45321E+03 1.43005E+00 1.64861E-01 1.29874E+02 9.77464E-01 1.24939E-01 3.18947E-01 
1.08651E+00 1.60893E-01 1.08742E+00 1.47285E-01 1.49073E+03 1.55633E+00 2.06038E-01 1.41984E+02 1.08653E+00 1.60895E-01 3.98800E-01 
1.22512E+00 2.03605E-01 1.20540E+00 1.83333E-01 1.52946E+03 1.71731E+00 2.55193E-01 1.54491E+02 1.22514E+00 2.03609E-01 5.06318E-01 
1.35543E+00 2.41802E-01 1.31653E+00 2.15676E-01 1.56034E+03 1.86896E+00 2.99303E-01 1.64590E+02 1.35546E+00 2.41807E-01 6.16118E-01 
1.39788E+00 2.53913E-01 1.35278E+00 2.25951E-01 1.56920E+03 1.91841E+00 3.13316E-01 1.67719E+02 1.39791E+00 2.53918E-01 6.54054E-01 
1.62898E+00 3.17675E-01 1.55032E+00 2.80142E-01 1.61373E+03 2.18793E+00 3.87216E-01 1.82606E+02 1.62903E+00 3.17684E-01 8.81250E-01 
1.91429E+00 3.92361E-01 1.79473E+00 3.43857E-01 1.65961E+03 2.52125E+00 4.74088E-01 1.98305E+02 1.91436E+00 3.92376E-01 1.21790E+00 
2.26122E+00 4.78344E-01 2.09233E+00 4.17126E-01 1.70665E+03 2.92679E+00 5.73798E-01 2.14697E+02 2.26135E+00 4.78368E-01 1.72490E+00 
2.67999E+00 5.77299E-01 2.45270E+00 5.02278E-01 1.75521E+03 3.41765E+00 6.89833E-01 2.31948E+02 2.68021E+00 5.77342E-01 2.51117E+00 
3.18000E+00 7.45970E-01 2.94009E+00 7.16010E-01 1.80497E+03 4.10434E+00 1.00964E+00 2.50192E+02 3.18038E+00 7.46064E-01 3.77754E+00 
3.77630E+00 8.85324E-01 3.52285E+00 8.53016E-01 1.85640E+03 4.92470E+00 1.20282E+00 2.69441E+02 3.77702E+00 8.85499E-01 5.86166E+00 
4.49958E+00 1.04055E+00 4.23057E+00 1.00501E+00 1.90985E+03 5.91963E+00 1.41644E+00 2.89797E+02 4.50101E+00 1.04089E+00 9.44344E+00 
5.36931E+00 1.21269E+00 5.08321E+00 1.17409E+00 1.96509E+03 7.11655E+00 1.65365E+00 3.11222E+02 5.37235E+00 1.21339E+00 1.58245E+01 
6.40764E+00 1.40196E+00 6.10334E+00 1.36048E+00 2.02225E+03 8.54629E+00 1.91463E+00 3.33800E+02 6.41459E+00 1.40351E+00 2.75509E+01 
7.64237E+00 1.60856E+00 7.31941E+00 1.56462E+00 2.08137E+03 1.02477E+01 2.19978E+00 3.57602E+02 7.65995E+00 1.61233E+00 5.00493E+01 
9.10116E+00 1.83188E+00 8.75989E+00 1.78604E+00 2.14239E+03 1.22594E+01 2.50833E+00 3.82596E+02 9.15128E+00 1.84212E+00 9.43721E+01 
1.08174E+01 2.07148E+00 1.04588E+01 2.02440E+00 2.20541E+03 1.46279E+01 2.83972E+00 4.08823E+02 1.09782E+01 2.10266E+00 1.82532E+02 
1.28294E+01 2.32650E+00 1.24541E+01 2.27873E+00 2.27051E+03 1.74062E+01 3.19271E+00 4.36184E+02 1.33877E+01 2.42884E+00 3.53096E+02 
1.51778E+01 2.59559E+00 1.47825E+01 2.54697E+00 2.33772E+03 2.06487E+01 3.56508E+00 4.64334E+02 1.70402E+01 2.91703E+00 6.46887E+02 
1.79082E+01 2.87710E+00 1.74757E+01 2.82529E+00 2.40704E+03 2.44114E+01 3.95347E+00 4.92441E+02 2.29562E+01 3.69445E+00 1.04341E+03 
2.10698E+01 3.16901E+00 2.05495E+01 3.10715E+00 2.47850E+03 2.87463E+01 4.35288E+00 5.18965E+02 3.10451E+01 4.67926E+00 1.41760E+03 
2.47179E+01 3.46929E+00 2.40074E+01 3.38471E+00 2.55219E+03 3.37048E+01 4.75767E+00 5.42289E+02 3.96447E+01 5.57613E+00 1.66479E+03 
1.46072E+00 8.37426E-02 1.53841E+00 8.82042E-02 2.29217E+03 2.23130E+00 1.27933E-01 2.07197E+02 1.46073E+00 8.37431E-02 2.62734E-01 
1.49082E+00 1.00837E-01 1.57049E+00 1.06220E-01 2.35110E+03 2.27745E+00 1.54032E-01 2.24921E+02 1.49083E+00 1.00838E-01 3.11151E-01 
1.55610E+00 1.31828E-01 1.63061E+00 1.34073E-01 2.41100E+03 2.36122E+00 1.92807E-01 2.43460E+02 1.55611E+00 1.31829E-01 3.72720E-01 
1.67350E+00 1.78699E-01 1.72955E+00 1.73013E-01 2.47202E+03 2.49587E+00 2.45774E-01 2.62880E+02 1.67351E+00 1.78701E-01 4.52231E-01 
1.83141E+00 2.35379E-01 1.86318E+00 2.20401E-01 2.53499E+03 2.67801E+00 3.10311E-01 2.83243E+02 1.83143E+00 2.35382E-01 5.56389E-01 
2.03679E+00 3.03275E-01 2.03756E+00 2.77465E-01 2.59986E+03 2.91585E+00 3.88090E-01 3.04538E+02 2.03682E+00 3.03279E-01 6.94991E-01 
2.29720E+00 3.83821E-01 2.25922E+00 3.45452E-01 2.66667E+03 3.21830E+00 4.80799E-01 3.26805E+02 2.29724E+00 3.83827E-01 8.82345E-01 
2.54182E+00 4.55744E-01 2.46784E+00 4.06360E-01 2.71978E+03 3.50299E+00 5.63867E-01 3.44716E+02 2.54187E+00 4.55753E-01 1.07412E+00 
2.62119E+00 4.78472E-01 2.53560E+00 4.25639E-01 2.73544E+03 3.59545E+00 5.90161E-01 3.50101E+02 2.62125E+00 4.78482E-01 1.14011E+00 
3.05287E+00 5.97969E-01 2.90462E+00 5.27211E-01 2.81181E+03 4.09890E+00 7.28674E-01 3.76375E+02 3.05297E+00 5.97985E-01 1.53539E+00 
3.58347E+00 7.37252E-01 3.35912E+00 6.45981E-01 2.89049E+03 4.71873E+00 8.90585E-01 4.03907E+02 3.58361E+00 7.37279E-01 2.11836E+00 
4.22850E+00 8.97787E-01 3.91269E+00 7.83177E-01 2.97152E+03 5.47317E+00 1.07746E+00 4.32746E+02 4.22873E+00 8.97834E-01 3.00015E+00 
5.00545E+00 1.08103E+00 4.58092E+00 9.40302E-01 3.05487E+03 6.38316E+00 1.29132E+00 4.62982E+02 5.00584E+00 1.08111E+00 4.36964E+00 
5.93304E+00 1.39490E+00 5.48552E+00 1.33988E+00 3.14028E+03 7.65781E+00 1.88973E+00 4.94855E+02 5.93375E+00 1.39508E+00 6.56594E+00 
7.03832E+00 1.65065E+00 6.56556E+00 1.59026E+00 3.22853E+03 9.17807E+00 2.24234E+00 5.28494E+02 7.03966E+00 1.65098E+00 1.01951E+01 
8.37377E+00 1.93539E+00 7.87244E+00 1.86927E+00 3.31996E+03 1.10152E+01 2.63449E+00 5.63911E+02 8.37644E+00 1.93602E+00 1.64152E+01 
9.97558E+00 2.25010E+00 9.44292E+00 2.17841E+00 3.41453E+03 1.32198E+01 3.06819E+00 6.01207E+02 9.98122E+00 2.25140E+00 2.74703E+01 
1.18847E+01 2.59510E+00 1.13188E+01 2.51827E+00 3.51231E+03 1.58487E+01 3.54397E+00 6.40490E+02 1.18976E+01 2.59797E+00 4.78443E+01 
1.41480E+01 2.97016E+00 1.35482E+01 2.88894E+00 3.61339E+03 1.89676E+01 4.06169E+00 6.81817E+02 1.41805E+01 2.97710E+00 8.68322E+01 
1.68175E+01 3.37448E+00 1.61845E+01 3.28994E+00 3.71779E+03 2.26492E+01 4.62039E+00 7.25250E+02 1.69099E+01 3.39328E+00 1.63641E+02 
1.99519E+01 3.80672E+00 1.92877E+01 3.72011E+00 3.82557E+03 2.69752E+01 5.21833E+00 7.70781E+02 2.02482E+01 3.86397E+00 3.16685E+02 
2.36167E+01 4.26491E+00 2.29226E+01 4.17725E+00 3.93682E+03 3.20361E+01 5.85266E+00 8.18220E+02 2.46438E+01 4.45245E+00 6.12485E+02 
2.78844E+01 4.74655E+00 2.71545E+01 4.65753E+00 4.05159E+03 3.79288E+01 6.51925E+00 8.66997E+02 3.13046E+01 5.33422E+00 1.12182E+03 
3.28354E+01 5.24852E+00 3.20383E+01 5.15390E+00 4.16998E+03 4.47520E+01 7.21189E+00 9.15680E+02 4.20879E+01 6.73929E+00 1.80920E+03 
3.85572E+01 5.76722E+00 3.76008E+01 5.65455E+00 4.29206E+03 5.25972E+01 7.92154E+00 9.61630E+02 5.68098E+01 8.51585E+00 2.45795E+03 
4.51454E+01 6.29862E+00 4.38428E+01 6.14494E+00 4.41790E+03 6.15507E+01 8.63751E+00 1.00201E+03 7.24045E+01 1.01236E+01 2.88531E+03 
1.38982E+00 7.90579E-02 1.46374E+00 8.32714E-02 2.00979E+03 2.12300E+00 1.20779E-01 2.37130E+02 1.38983E+00 7.90584E-02 2.30356E-01 
1.41968E+00 9.57878E-02 1.49558E+00 1.00922E-01 2.06050E+03 2.16883E+00 1.46357E-01 2.53002E+02 1.41969E+00 9.57885E-02 2.72651E-01 
1.48401E+00 1.26118E-01 1.55481E+00 1.28182E-01 2.11213E+03 2.25136E+00 1.84308E-01 2.69454E+02 1.48403E+00 1.26119E-01 3.26536E-01 
1.59819E+00 1.71685E-01 1.65105E+00 1.66059E-01 2.16451E+03 2.38236E+00 2.35837E-01 2.86685E+02 1.59820E+00 1.71686E-01 3.95943E-01 
1.75104E+00 2.26645E-01 1.78044E+00 2.12031E-01 2.21853E+03 2.55874E+00 2.98456E-01 3.04661E+02 1.75107E+00 2.26648E-01 4.86890E-01 
1.94890E+00 2.92280E-01 1.94844E+00 2.67210E-01 2.27426E+03 2.78791E+00 3.73671E-01 3.23390E+02 1.94893E+00 2.92284E-01 6.07902E-01 
2.19853E+00 3.69850E-01 2.16094E+00 3.32695E-01 2.33141E+03 3.07786E+00 4.62973E-01 3.43032E+02 2.19857E+00 3.69857E-01 7.71263E-01 
2.43244E+00 4.38930E-01 2.36043E+00 3.91200E-01 2.37680E+03 3.35009E+00 5.42766E-01 3.58800E+02 2.43249E+00 4.38939E-01 9.38636E-01 
2.50819E+00 4.60718E-01 2.42510E+00 4.09683E-01 2.39041E+03 3.43833E+00 5.67974E-01 3.63458E+02 2.50824E+00 4.60727E-01 9.96245E-01 
2.91928E+00 5.74979E-01 2.77652E+00 5.06809E-01 2.45571E+03 3.91777E+00 7.00425E-01 3.86505E+02 2.91936E+00 5.74995E-01 1.34106E+00 
3.42260E+00 7.07562E-01 3.20766E+00 6.19855E-01 2.52291E+03 4.50571E+00 8.54524E-01 4.10623E+02 3.42274E+00 7.07588E-01 1.84869E+00 
4.03273E+00 8.59852E-01 3.73136E+00 7.50105E-01 2.59218E+03 5.21945E+00 1.03197E+00 4.35836E+02 4.03295E+00 8.59897E-01 2.61680E+00 
4.76549E+00 1.03276E+00 4.36155E+00 8.98292E-01 2.66334E+03 6.07757E+00 1.23362E+00 4.62211E+02 4.76586E+00 1.03284E+00 3.80958E+00 
5.64119E+00 1.32906E+00 5.21570E+00 1.27688E+00 2.73621E+03 7.28114E+00 1.80097E+00 4.89981E+02 5.64187E+00 1.32923E+00 5.71958E+00 
6.68218E+00 1.56787E+00 6.23296E+00 1.51049E+00 2.81151E+03 8.71297E+00 2.12985E+00 5.19248E+02 6.68346E+00 1.56818E+00 8.87819E+00 
7.93566E+00 1.83284E+00 7.45975E+00 1.77019E+00 2.88944E+03 1.04375E+01 2.49484E+00 5.50036E+02 7.93819E+00 1.83344E+00 1.42864E+01 
9.43458E+00 2.12450E+00 8.92953E+00 2.05676E+00 2.97006E+03 1.25006E+01 2.89682E+00 5.82449E+02 9.43992E+00 2.12573E+00 2.38912E+01 
1.12157E+01 2.44281E+00 1.06799E+01 2.37041E+00 3.05339E+03 1.49535E+01 3.33586E+00 6.16544E+02 1.12279E+01 2.44551E+00 4.15974E+01 
1.33209E+01 2.78733E+00 1.27538E+01 2.71103E+00 3.13950E+03 1.78547E+01 3.81151E+00 6.52401E+02 1.33515E+01 2.79385E+00 7.54429E+01 
1.57970E+01 3.15715E+00 1.51996E+01 3.07795E+00 3.22842E+03 2.12698E+01 4.32264E+00 6.90080E+02 1.58837E+01 3.17473E+00 1.42079E+02 
1.86964E+01 3.55071E+00 1.80707E+01 3.46981E+00 3.32025E+03 2.52719E+01 4.86719E+00 7.29549E+02 1.89739E+01 3.60409E+00 2.74900E+02 
2.20770E+01 3.96600E+00 2.14244E+01 3.88436E+00 3.41501E+03 2.99408E+01 5.44225E+00 7.70662E+02 2.30369E+01 4.14036E+00 5.31509E+02 
2.60031E+01 4.40048E+00 2.53181E+01 4.31782E+00 3.51277E+03 3.53621E+01 6.04371E+00 8.12918E+02 2.91921E+01 4.94533E+00 9.73321E+02 
3.05450E+01 4.85112E+00 2.97988E+01 4.76354E+00 3.61360E+03 4.16218E+01 6.66560E+00 8.55081E+02 3.91500E+01 6.22892E+00 1.56944E+03 
3.57803E+01 5.31456E+00 3.48876E+01 5.21060E+00 3.71759E+03 4.87998E+01 7.29954E+00 8.94878E+02 5.27155E+01 7.84743E+00 2.13185E+03 
4.17922E+01 5.78691E+00 4.05806E+01 5.64558E+00 3.82480E+03 5.69688E+01 7.93555E+00 9.29844E+02 6.70221E+01 9.30105E+00 2.50141E+03 
1.31645E+00 7.42613E-02 1.38646E+00 7.82167E-02 1.75048E+03 2.01090E+00 1.13447E-01 2.50624E+02 1.31645E+00 7.42618E-02 2.00665E-01 
1.34619E+00 9.06640E-02 1.41814E+00 9.55097E-02 1.79369E+03 2.05651E+00 1.38503E-01 2.64490E+02 1.34620E+00 9.06647E-02 2.37371E-01 
1.40901E+00 1.20112E-01 1.47598E+00 1.22005E-01 1.83747E+03 2.13715E+00 1.75402E-01 2.78903E+02 1.40902E+00 1.20113E-01 2.84046E-01 
1.51981E+00 1.64275E-01 1.56941E+00 1.58735E-01 1.88205E+03 2.26435E+00 2.25381E-01 2.93885E+02 1.51983E+00 1.64276E-01 3.44276E-01 
1.66706E+00 2.17339E-01 1.69407E+00 2.03136E-01 1.92788E+03 2.43428E+00 2.85866E-01 3.09538E+02 1.66708E+00 2.17341E-01 4.23058E-01 
1.85671E+00 2.80502E-01 1.85511E+00 2.56249E-01 1.97512E+03 2.65397E+00 3.58271E-01 3.25885E+02 1.85673E+00 2.80506E-01 5.27935E-01 
2.09516E+00 3.54910E-01 2.05810E+00 3.19076E-01 2.02372E+03 2.93096E+00 4.43952E-01 3.42904E+02 2.09519E+00 3.54916E-01 6.69608E-01 
2.31758E+00 4.20904E-01 2.24781E+00 3.74973E-01 2.06213E+03 3.18982E+00 5.20190E-01 3.56588E+02 2.31763E+00 4.20912E-01 8.14370E-01 
2.38949E+00 4.41676E-01 2.30920E+00 3.92596E-01 2.07368E+03 3.27360E+00 5.44225E-01 3.60622E+02 2.38954E+00 4.41685E-01 8.64194E-01 
2.77897E+00 5.50377E-01 2.64215E+00 4.84999E-01 2.12904E+03 3.72783E+00 6.70233E-01 3.80599E+02 2.77905E+00 5.50393E-01 1.16265E+00 
3.25424E+00 6.75977E-01 3.04927E+00 5.92097E-01 2.18602E+03 4.28301E+00 8.16220E-01 4.01474E+02 3.25437E+00 6.76002E-01 1.60204E+00 
3.82834E+00 8.19573E-01 3.54205E+00 7.14914E-01 2.24465E+03 4.95458E+00 9.83532E-01 4.23284E+02 3.82855E+00 8.19616E-01 2.26595E+00 
4.51594E+00 9.82091E-01 4.13358E+00 8.54412E-01 2.30498E+03 5.76007E+00 1.17343E+00 4.46063E+02 4.51630E+00 9.82164E-01 3.29758E+00 
5.33836E+00 1.26007E+00 4.93574E+00 1.21075E+00 2.36661E+03 6.89033E+00 1.70775E+00 4.70055E+02 5.33900E+00 1.26023E+00 4.94655E+00 
6.31368E+00 1.48187E+00 5.88889E+00 1.42765E+00 2.43040E+03 8.23188E+00 2.01306E+00 4.95290E+02 6.31488E+00 1.48216E+00 7.67551E+00 
7.48400E+00 1.72698E+00 7.03442E+00 1.66793E+00 2.49636E+03 9.84210E+00 2.35071E+00 5.21849E+02 7.48638E+00 1.72755E+00 1.23431E+01 
8.87893E+00 1.99559E+00 8.40241E+00 1.93191E+00 2.56459E+03 1.17622E+01 2.72096E+00 5.49786E+02 8.88395E+00 1.99675E+00 2.06286E+01 
---
