PdfType: replica
Format: lhagrid1
---
1.00000E-06 1.28121E-06 1.64152E-06 2.10317E-06 2.69463E-06 3.45242E-06 4.42329E-06 5.66715E-06 7.26076E-06 9.30241E-06 1.19180E-05 1.52689E-05 1.95617E-05 2.50609E-05 3.21053E-05 4.11287E-05 5.26863E-05 6.74889E-05 8.64459E-05 1.10720E-04 1.41800E-04 1.81585E-04 2.32503E-04 2.97652E-04 3.80981E-04 4.87518E-04 6.26039E-04 8.00452E-04 1.02297E-03 1.30657E-03 1.66759E-03 2.12729E-03 2.71054E-03 3.44865E-03 4.37927E-03 5.54908E-03 7.01192E-03 8.83064E-03 1.10763E-02 1.38266E-02 1.71641E-02 2.11717E-02 2.59364E-02 3.15062E-02 3.79623E-02 4.53425E-02 5.36750E-02 6.29705E-02 7.32221E-02 8.44039E-02 9.64793E-02 1.09332E-01 1.23067E-01 1.37507E-01 1.52639E-01 1.68416E-01 1.84794E-01 2.01731E-01 2.19016E-01 2.36948E-01 2.55242E-01 2.73927E-01 2.92954E-01 3.12340E-01 3.32036E-01 3.52019E-01 3.72282E-01 3.92772E-01 4.13533E-01 4.34326E-01 4.55495E-01 4.76836E-01 4.98342E-01 5.20006E-01 5.41818E-01 5.63773E-01 5.85861E-01 6.08077E-01 6.30459E-01 6.52800E-01 6.75387E-01 6.98063E-01 7.20830E-01 7.43683E-01 7.66623E-01 7.89636E-01 8.12791E-01 8.35940E-01 8.59175E-01 8.82485E-01 9.05866E-01 9.29311E-01 9.52817E-01 9.76387E-01 1.00000E+00 
1.14018E+00 1.22539E+00 1.32482E+00 1.44156E+00 1.57954E+00 1.74381E+00 1.94091E+00 2.12132E+00 2.17945E+00 2.49622E+00 2.89383E+00 3.39925E+00 4.05063E+00 4.90286E+00 6.03623E+00 7.57063E+00 9.68869E+00 1.26749E+01 1.69835E+01 2.33578E+01 3.30501E+01 4.82334E+01 7.28041E+01 1.13998E+02 1.85779E+02 3.16228E+02 
900 901 902 903 904 905 906 907 908 909 910 
8.54311E-01 4.99132E-02 8.99400E-01 5.25388E-02 2.42402E+03 1.30437E+00 7.61925E-02 9.86685E+02 8.54317E-01 4.99135E-02 2.77989E-01 
8.69262E-01 5.88226E-02 9.15317E-01 6.18963E-02 2.46405E+03 1.32721E+00 8.97358E-02 1.00342E+03 8.69269E-01 5.88230E-02 3.26260E-01 
9.02406E-01 7.49518E-02 9.45785E-01 7.63726E-02 2.50392E+03 1.36961E+00 1.09879E-01 1.02014E+03 9.02414E-01 7.49524E-02 3.87124E-01 
9.63760E-01 9.96716E-02 9.97346E-01 9.68600E-02 2.54371E+03 1.43968E+00 1.37723E-01 1.03687E+03 9.63769E-01 9.96726E-02 4.65548E-01 
1.04673E+00 1.29602E-01 1.06739E+00 1.21822E-01 2.58442E+03 1.53503E+00 1.71690E-01 1.05403E+03 1.04674E+00 1.29603E-01 5.67187E-01 
1.15560E+00 1.65614E-01 1.15967E+00 1.52037E-01 2.62518E+03 1.66080E+00 2.12850E-01 1.07128E+03 1.15562E+00 1.65616E-01 7.02429E-01 
1.29424E+00 2.08410E-01 1.27754E+00 1.88115E-01 2.66736E+03 1.82153E+00 2.62025E-01 1.08918E+03 1.29427E+00 2.08413E-01 8.82975E-01 
1.42475E+00 2.46696E-01 1.38873E+00 2.20502E-01 2.70069E+03 1.97318E+00 3.06180E-01 1.10336E+03 1.42478E+00 2.46701E-01 1.06633E+00 
1.46729E+00 2.58837E-01 1.42501E+00 2.30793E-01 2.70952E+03 2.02266E+00 3.20212E-01 1.10715E+03 1.46732E+00 2.58843E-01 1.12926E+00 
1.69903E+00 3.22779E-01 1.62295E+00 2.85097E-01 2.75676E+03 2.29261E+00 3.94245E-01 1.12737E+03 1.69908E+00 3.22788E-01 1.50549E+00 
1.98535E+00 3.97710E-01 1.86807E+00 3.48982E-01 2.80451E+03 2.62680E+00 4.81329E-01 1.14793E+03 1.98543E+00 3.97725E-01 2.05865E+00 
2.33373E+00 4.84007E-01 2.16678E+00 4.22483E-01 2.85287E+03 3.03373E+00 5.81337E-01 1.16890E+03 2.33386E+00 4.84032E-01 2.88337E+00 
2.75445E+00 5.83361E-01 2.52869E+00 5.07948E-01 2.90206E+03 3.52656E+00 6.97780E-01 1.19040E+03 2.75467E+00 5.83405E-01 4.15213E+00 
3.25692E+00 7.52909E-01 3.01836E+00 7.22865E-01 2.95136E+03 4.21635E+00 1.01938E+00 1.21220E+03 3.25732E+00 7.53004E-01 6.17684E+00 
3.85647E+00 8.92933E-01 3.60427E+00 8.60522E-01 3.00162E+03 5.04107E+00 1.21347E+00 1.23466E+03 3.85721E+00 8.93109E-01 9.47678E+00 
4.58385E+00 1.04893E+00 4.31601E+00 1.01327E+00 3.05332E+03 6.04154E+00 1.42814E+00 1.25802E+03 4.58531E+00 1.04927E+00 1.51000E+01 
5.45866E+00 1.22196E+00 5.17364E+00 1.18321E+00 3.10620E+03 7.24537E+00 1.66655E+00 1.28219E+03 5.46176E+00 1.22267E+00 2.50197E+01 
6.50320E+00 1.41223E+00 6.19988E+00 1.37059E+00 3.16038E+03 8.68358E+00 1.92889E+00 1.30727E+03 6.51027E+00 1.41380E+00 4.30751E+01 
7.74545E+00 1.61995E+00 7.42336E+00 1.57582E+00 3.21584E+03 1.03952E+01 2.21557E+00 1.33328E+03 7.76328E+00 1.62374E+00 7.73971E+01 
9.21323E+00 1.84451E+00 8.87274E+00 1.79846E+00 3.27259E+03 1.24192E+01 2.52581E+00 1.36022E+03 9.26399E+00 1.85481E+00 1.44357E+02 
1.09401E+01 2.08544E+00 1.05822E+01 2.03814E+00 3.33059E+03 1.48024E+01 2.85903E+00 1.38801E+03 1.11028E+01 2.11683E+00 2.76367E+02 
1.29646E+01 2.34189E+00 1.25900E+01 2.29390E+00 3.39000E+03 1.75979E+01 3.21399E+00 1.41654E+03 1.35291E+01 2.44491E+00 5.29797E+02 
1.53278E+01 2.61249E+00 1.49330E+01 2.56364E+00 3.45085E+03 2.08606E+01 3.58844E+00 1.44526E+03 1.72093E+01 2.93603E+00 9.63305E+02 
1.80753E+01 2.89557E+00 1.76431E+01 2.84351E+00 3.51308E+03 2.46468E+01 3.97900E+00 1.47295E+03 2.31719E+01 3.71820E+00 1.54330E+03 
2.12567E+01 3.18911E+00 2.07359E+01 3.12693E+00 3.57677E+03 2.90087E+01 4.38062E+00 1.49744E+03 3.13230E+01 4.70898E+00 2.07995E+03 
2.49276E+01 3.49105E+00 2.42150E+01 3.40600E+00 3.64194E+03 3.39979E+01 4.78762E+00 1.51649E+03 3.99841E+01 5.61115E+00 2.41660E+03 
1.58877E+00 9.22383E-02 1.67260E+00 9.70930E-02 4.05550E+03 2.42571E+00 1.40806E-01 1.64943E+03 1.58879E+00 9.22389E-02 4.64852E-01 
1.61736E+00 1.09101E-01 1.70313E+00 1.14869E-01 4.12343E+03 2.46957E+00 1.66556E-01 1.67789E+03 1.61737E+00 1.09101E-01 5.45705E-01 
1.68124E+00 1.39969E-01 1.76182E+00 1.42554E-01 4.19090E+03 2.55124E+00 2.05073E-01 1.70621E+03 1.68126E+00 1.39970E-01 6.47881E-01 
1.79763E+00 1.86857E-01 1.85962E+00 1.81421E-01 4.25809E+03 2.68418E+00 2.57901E-01 1.73451E+03 1.79765E+00 1.86859E-01 7.78970E-01 
1.95483E+00 2.43581E-01 1.99239E+00 2.28762E-01 4.32649E+03 2.86495E+00 3.22334E-01 1.76339E+03 1.95485E+00 2.43584E-01 9.49614E-01 
2.15984E+00 3.11561E-01 2.16618E+00 2.85817E-01 4.39609E+03 3.10184E+00 4.00063E-01 1.79286E+03 2.15987E+00 3.11566E-01 1.17519E+00 
2.42028E+00 3.92247E-01 2.38761E+00 3.53846E-01 4.46689E+03 3.40379E+00 4.92794E-01 1.82295E+03 2.42033E+00 3.92253E-01 1.47801E+00 
2.66525E+00 4.64327E-01 2.59633E+00 4.14831E-01 4.52266E+03 3.68846E+00 5.75941E-01 1.84673E+03 2.66530E+00 4.64336E-01 1.78616E+00 
2.74477E+00 4.87110E-01 2.66416E+00 4.34141E-01 4.53880E+03 3.78098E+00 6.02269E-01 1.85364E+03 2.74483E+00 4.87120E-01 1.89176E+00 
3.17757E+00 6.06934E-01 3.03385E+00 5.35918E-01 4.61771E+03 4.28516E+00 7.41028E-01 1.88747E+03 3.17767E+00 6.06951E-01 2.52155E+00 
3.70999E+00 7.46666E-01 3.48964E+00 6.55004E-01 4.69796E+03 4.90654E+00 9.03335E-01 1.92207E+03 3.71013E+00 7.46694E-01 3.44311E+00 
4.35762E+00 9.07790E-01 4.04519E+00 7.92640E-01 4.77960E+03 5.66347E+00 1.09077E+00 1.95752E+03 4.35786E+00 9.07837E-01 4.82571E+00 
5.13809E+00 1.09178E+00 4.71620E+00 9.50344E-01 4.86239E+03 6.57701E+00 1.30539E+00 1.99375E+03 5.13850E+00 1.09186E+00 6.95543E+00 
6.07016E+00 1.40726E+00 5.62494E+00 1.35208E+00 4.94557E+03 7.85729E+00 1.90707E+00 2.03059E+03 6.07089E+00 1.40743E+00 1.03412E+01 
7.18132E+00 1.66424E+00 6.71070E+00 1.60366E+00 5.03027E+03 9.38546E+00 2.26135E+00 2.06851E+03 7.18269E+00 1.66457E+00 1.58861E+01 
8.52420E+00 1.95041E+00 8.02484E+00 1.88406E+00 5.11722E+03 1.12327E+01 2.65544E+00 2.10786E+03 8.52692E+00 1.95105E+00 2.53053E+01 
1.01352E+01 2.26676E+00 9.60436E+00 2.19480E+00 5.20627E+03 1.34497E+01 3.09136E+00 2.14864E+03 1.01410E+01 2.26807E+00 4.18947E+01 
1.20556E+01 2.61361E+00 1.14913E+01 2.53646E+00 5.29739E+03 1.60940E+01 3.56966E+00 2.19090E+03 1.20687E+01 2.61650E+00 7.21901E+01 
1.43325E+01 2.99072E+00 1.37341E+01 2.90915E+00 5.39077E+03 1.92315E+01 4.09018E+00 2.23479E+03 1.43655E+01 2.99771E+00 1.29638E+02 
1.70183E+01 3.39729E+00 1.63865E+01 3.31237E+00 5.48634E+03 2.29353E+01 4.65197E+00 2.28025E+03 1.71118E+01 3.41622E+00 2.41802E+02 
2.01720E+01 3.83196E+00 1.95089E+01 3.74495E+00 5.58411E+03 2.72878E+01 5.25324E+00 2.32722E+03 2.04716E+01 3.88959E+00 4.63405E+02 
2.38594E+01 4.29274E+00 2.31663E+01 4.20467E+00 5.68421E+03 3.23798E+01 5.89113E+00 2.37539E+03 2.48976E+01 4.48151E+00 8.88449E+02 
2.81537E+01 4.77710E+00 2.74245E+01 4.68765E+00 5.78664E+03 3.83090E+01 6.56148E+00 2.42390E+03 3.16081E+01 5.36858E+00 1.61533E+03 
3.31354E+01 5.28190E+00 3.23387E+01 5.18681E+00 5.89154E+03 4.51744E+01 7.25800E+00 2.47074E+03 4.24753E+01 6.78221E+00 2.58798E+03 
3.88928E+01 5.80350E+00 3.79354E+01 5.69025E+00 5.99894E+03 5.30681E+01 7.97159E+00 2.51227E+03 5.73089E+01 8.56949E+00 3.48879E+03 
4.55220E+01 6.33784E+00 4.42156E+01 6.18331E+00 6.10888E+03 6.20768E+01 8.69149E+00 2.54471E+03 7.30140E+01 1.01867E+01 4.05363E+03 
1.50497E+00 8.66635E-02 1.58434E+00 9.12218E-02 3.37974E+03 2.29769E+00 1.32291E-01 1.37370E+03 1.50498E+00 8.66641E-02 3.87368E-01 
1.53341E+00 1.03157E-01 1.61470E+00 1.08628E-01 3.43634E+03 2.34135E+00 1.57514E-01 1.39742E+03 1.53342E+00 1.03158E-01 4.54710E-01 
1.59641E+00 1.33341E-01 1.67258E+00 1.35706E-01 3.49308E+03 2.42190E+00 1.95189E-01 1.42126E+03 1.59643E+00 1.33342E-01 5.40038E-01 
1.70962E+00 1.78892E-01 1.76775E+00 1.73490E-01 3.54907E+03 2.55130E+00 2.46557E-01 1.44487E+03 1.70964E+00 1.78893E-01 6.49228E-01 
1.86180E+00 2.33866E-01 1.89632E+00 2.19399E-01 3.60624E+03 2.72639E+00 3.09053E-01 1.46902E+03 1.86183E+00 2.33869E-01 7.91455E-01 
2.05931E+00 2.99560E-01 2.06379E+00 2.74555E-01 3.66475E+03 2.95467E+00 3.84205E-01 1.49382E+03 2.05934E+00 2.99564E-01 9.79554E-01 
2.30897E+00 3.77247E-01 2.27606E+00 3.40072E-01 3.72356E+03 3.24415E+00 4.73517E-01 1.51884E+03 2.30901E+00 3.77253E-01 1.23181E+00 
2.54320E+00 4.46467E-01 2.47564E+00 3.98646E-01 3.76986E+03 3.51637E+00 5.53381E-01 1.53861E+03 2.54325E+00 4.46476E-01 1.48881E+00 
2.61909E+00 4.68305E-01 2.54038E+00 4.17158E-01 3.78398E+03 3.60467E+00 5.78622E-01 1.54464E+03 2.61915E+00 4.68315E-01 1.57709E+00 
3.03124E+00 5.82873E-01 2.89244E+00 5.14480E-01 3.84975E+03 4.08481E+00 7.11308E-01 1.57287E+03 3.03133E+00 5.82889E-01 2.10237E+00 
3.53626E+00 7.15881E-01 3.32478E+00 6.27829E-01 3.91657E+03 4.67420E+00 8.65790E-01 1.60173E+03 3.53640E+00 7.15907E-01 2.86989E+00 
4.14883E+00 8.68733E-01 3.85034E+00 7.58503E-01 3.98475E+03 5.39027E+00 1.04378E+00 1.63137E+03 4.14906E+00 8.68778E-01 4.02275E+00 
4.88488E+00 1.04235E+00 4.48312E+00 9.07247E-01 4.05389E+03 6.25172E+00 1.24616E+00 1.66167E+03 4.88526E+00 1.04243E+00 5.79883E+00 
5.76478E+00 1.34015E+00 5.34117E+00 1.28783E+00 4.12333E+03 7.46060E+00 1.81652E+00 1.69249E+03 5.76548E+00 1.34032E+00 8.61954E+00 
6.81128E+00 1.58013E+00 6.36379E+00 1.52257E+00 4.19414E+03 8.89984E+00 2.14698E+00 1.72426E+03 6.81258E+00 1.58044E+00 1.32457E+01 
8.07170E+00 1.84645E+00 7.59736E+00 1.78358E+00 4.26676E+03 1.06337E+01 2.51380E+00 1.75720E+03 8.07428E+00 1.84705E+00 2.10991E+01 
9.57923E+00 2.13965E+00 9.07557E+00 2.07165E+00 4.34118E+03 1.27085E+01 2.91788E+00 1.79137E+03 9.58465E+00 2.14089E+00 3.49285E+01 
1.13708E+01 2.45969E+00 1.08362E+01 2.38700E+00 4.41740E+03 1.51757E+01 3.35928E+00 1.82682E+03 1.13832E+01 2.46241E+00 6.02023E+01 
1.34887E+01 2.80613E+00 1.29226E+01 2.72949E+00 4.49548E+03 1.80941E+01 3.83754E+00 1.86362E+03 1.35197E+01 2.81268E+00 1.08096E+02 
1.59799E+01 3.17802E+00 1.53834E+01 3.09847E+00 4.57538E+03 2.15299E+01 4.35152E+00 1.90176E+03 1.60676E+01 3.19572E+00 2.01600E+02 
1.88971E+01 3.57382E+00 1.82722E+01 3.49255E+00 4.65729E+03 2.55565E+01 4.89914E+00 1.94123E+03 1.91777E+01 3.62755E+00 3.86477E+02 
2.22987E+01 3.99148E+00 2.16467E+01 3.90946E+00 4.74113E+03 3.02542E+01 5.47747E+00 1.98173E+03 2.32686E+01 4.16697E+00 7.41050E+02 
2.62492E+01 4.42844E+00 2.55646E+01 4.34538E+00 4.82700E+03 3.57091E+01 6.08234E+00 2.02256E+03 2.94695E+01 4.97677E+00 1.34748E+03 
3.08194E+01 4.88164E+00 3.00732E+01 4.79362E+00 4.91496E+03 4.20077E+01 6.70774E+00 2.06204E+03 3.95042E+01 6.26815E+00 2.15895E+03 
3.60874E+01 5.34768E+00 3.51934E+01 5.24318E+00 5.00509E+03 4.92301E+01 7.34522E+00 2.09714E+03 5.31719E+01 7.89641E+00 2.91094E+03 
4.21367E+01 5.82265E+00 4.09214E+01 5.68054E+00 5.09746E+03 5.74495E+01 7.98472E+00 2.12473E+03 6.75796E+01 9.35856E+00 3.38257E+03 
1.41904E+00 8.10062E-02 1.49382E+00 8.52599E-02 2.80411E+03 2.16639E+00 1.23643E-01 1.13909E+03 1.41905E+00 8.10067E-02 3.21456E-01 
1.44746E+00 9.71727E-02 1.52413E+00 1.02309E-01 2.85121E+03 2.20999E+00 1.48344E-01 1.15883E+03 1.44747E+00 9.71734E-02 3.77322E-01 
1.50902E+00 1.26454E-01 1.58070E+00 1.28612E-01 2.89785E+03 2.28876E+00 1.84956E-01 1.17843E+03 1.50903E+00 1.26455E-01 4.47965E-01 
1.61892E+00 1.70574E-01 1.67313E+00 1.65236E-01 2.94451E+03 2.41446E+00 2.34758E-01 1.19811E+03 1.61893E+00 1.70576E-01 5.38620E-01 
1.76552E+00 2.23630E-01 1.79702E+00 2.09562E-01 2.99175E+03 2.58319E+00 2.95110E-01 1.21808E+03 1.76555E+00 2.23632E-01 6.56490E-01 
1.95484E+00 2.86831E-01 1.95755E+00 2.62644E-01 3.03989E+03 2.80204E+00 3.67444E-01 1.23850E+03 1.95487E+00 2.86835E-01 8.12554E-01 
2.19331E+00 3.61340E-01 2.16034E+00 3.25495E-01 3.08893E+03 3.07860E+00 4.53130E-01 1.25938E+03 2.19335E+00 3.61346E-01 1.02209E+00 
2.41602E+00 4.27462E-01 2.35011E+00 3.81457E-01 3.12707E+03 3.33745E+00 5.29435E-01 1.27568E+03 2.41608E+00 4.27470E-01 1.23494E+00 
2.48807E+00 4.48282E-01 2.41158E+00 3.99108E-01 3.13881E+03 3.42129E+00 5.53502E-01 1.28070E+03 2.48813E+00 4.48291E-01 1.30808E+00 
2.87852E+00 5.57272E-01 2.74512E+00 4.91699E-01 3.19328E+03 3.87617E+00 6.79740E-01 1.30411E+03 2.87861E+00 5.57288E-01 1.74383E+00 
3.35536E+00 6.83279E-01 3.15335E+00 5.99091E-01 3.24869E+03 4.43269E+00 8.26102E-01 1.32807E+03 3.35550E+00 6.83304E-01 2.38094E+00 
3.93171E+00 8.27413E-01 3.64784E+00 7.22320E-01 3.30508E+03 5.10641E+00 9.93949E-01 1.35262E+03 3.93193E+00 8.27456E-01 3.33658E+00 
4.62236E+00 9.90612E-01 4.24176E+00 8.62357E-01 3.36255E+03 5.91498E+00 1.18456E+00 1.37785E+03 4.62273E+00 9.90686E-01 4.81074E+00 
5.44867E+00 1.26999E+00 5.04755E+00 1.22053E+00 3.41993E+03 7.05018E+00 1.72164E+00 1.40338E+03 5.44933E+00 1.27015E+00 7.14850E+00 
6.42908E+00 1.49289E+00 6.00565E+00 1.43850E+00 3.47883E+03 8.39857E+00 2.02843E+00 1.42987E+03 6.43031E+00 1.49318E+00 1.09874E+01 
7.60580E+00 1.73927E+00 7.15743E+00 1.68001E+00 3.53908E+03 1.00174E+01 2.36781E+00 1.45728E+03 7.60823E+00 1.73984E+00 1.75010E+01 
9.00866E+00 2.00932E+00 8.53318E+00 1.94539E+00 3.60088E+03 1.19483E+01 2.74003E+00 1.48574E+03 9.01375E+00 2.01049E+00 2.89699E+01 
---
