PdfType: replica
Format: lhagrid1
---
1.00000E-06 1.28121E-06 1.64152E-06 2.10317E-06 2.69463E-06 3.45242E-06 4.42329E-06 5.66715E-06 7.26076E-06 9.30241E-06 1.19180E-05 1.52689E-05 1.95617E-05 2.50609E-05 3.21053E-05 4.11287E-05 5.26863E-05 6.74889E-05 8.64459E-05 1.10720E-04 1.41800E-04 1.81585E-04 2.32503E-04 2.97652E-04 3.80981E-04 4.87518E-04 6.26039E-04 8.00452E-04 1.02297E-03 1.30657E-03 1.66759E-03 2.12729E-03 2.71054E-03 3.44865E-03 4.37927E-03 5.54908E-03 7.01192E-03 8.83064E-03 1.10763E-02 1.38266E-02 1.71641E-02 2.11717E-02 2.59364E-02 3.15062E-02 3.79623E-02 4.53425E-02 5.36750E-02 6.29705E-02 7.32221E-02 8.44039E-02 9.64793E-02 1.09332E-01 1.23067E-01 1.37507E-01 1.52639E-01 1.68416E-01 1.84794E-01 2.01731E-01 2.19016E-01 2.36948E-01 2.55242E-01 2.73927E-01 2.92954E-01 3.12340E-01 3.32036E-01 3.52019E-01 3.72282E-01 3.92772E-01 4.13533E-01 4.34326E-01 4.55495E-01 4.76836E-01 4.98342E-01 5.20006E-01 5.41818E-01 5.63773E-01 5.85861E-01 6.08077E-01 6.30459E-01 6.52800E-01 6.75387E-01 6.98063E-01 7.20830E-01 7.43683E-01 7.66623E-01 7.89636E-01 8.12791E-01 8.35940E-01 8.59175E-01 8.82485E-01 9.05866E-01 9.29311E-01 9.52817E-01 9.76387E-01 1.00000E+00 
1.14018E+00 1.22539E+00 1.32482E+00 1.44156E+00 1.57954E+00 1.74381E+00 1.94091E+00 2.12132E+00 2.17945E+00 2.49622E+00 2.89383E+00 3.39925E+00 4.05063E+00 4.90286E+00 6.03623E+00 7.57063E+00 9.68869E+00 1.26749E+01 1.69835E+01 2.33578E+01 3.30501E+01 4.82334E+01 7.28041E+01 1.13998E+02 1.85779E+02 3.16228E+02 
900 901 902 903 904 905 906 907 908 909 910 
8.58992E-01 5.04417E-02 9.04128E-01 5.30765E-02 2.98361E+03 1.31116E+00 7.69662E-02 1.51511E+03 8.58998E-01 5.04420E-02 3.42160E-01 
8.73790E-01 5.93003E-02 9.19884E-01 6.23815E-02 3.03516E+03 1.33377E+00 9.04336E-02 1.54120E+03 8.73797E-01 5.93007E-02 4.01882E-01 
9.06658E-01 7.53521E-02 9.50104E-01 7.67852E-02 3.08660E+03 1.37581E+00 1.10474E-01 1.56725E+03 9.06666E-01 7.53527E-02 4.77211E-01 
9.67620E-01 9.99683E-02 1.00133E+00 9.71806E-02 3.13796E+03 1.44544E+00 1.38190E-01 1.59325E+03 9.67630E-01 9.99693E-02 5.74313E-01 
1.05012E+00 1.29774E-01 1.07098E+00 1.22033E-01 3.19054E+03 1.54024E+00 1.72005E-01 1.61990E+03 1.05013E+00 1.29775E-01 7.00215E-01 
1.15845E+00 1.65641E-01 1.16280E+00 1.52121E-01 3.24336E+03 1.66538E+00 2.12990E-01 1.64670E+03 1.15847E+00 1.65644E-01 8.67818E-01 
1.29647E+00 2.08276E-01 1.28014E+00 1.88057E-01 3.29787E+03 1.82538E+00 2.61968E-01 1.67440E+03 1.29650E+00 2.08279E-01 1.09170E+00 
1.42644E+00 2.46426E-01 1.39087E+00 2.20325E-01 3.34094E+03 1.97640E+00 3.05959E-01 1.69633E+03 1.42647E+00 2.46431E-01 1.31914E+00 
1.46881E+00 2.58526E-01 1.42701E+00 2.30581E-01 3.35251E+03 2.02569E+00 3.19942E-01 1.70222E+03 1.46885E+00 2.58532E-01 1.39725E+00 
1.69969E+00 3.22266E-01 1.62421E+00 2.84707E-01 3.41360E+03 2.29462E+00 3.93731E-01 1.73340E+03 1.69974E+00 3.22275E-01 1.86420E+00 
1.98504E+00 3.96986E-01 1.86851E+00 3.48409E-01 3.47542E+03 2.62769E+00 4.80563E-01 1.76505E+03 1.98512E+00 3.97001E-01 2.55108E+00 
2.33235E+00 4.83073E-01 2.16630E+00 4.21727E-01 3.53799E+03 3.03335E+00 5.80320E-01 1.79720E+03 2.33248E+00 4.83098E-01 3.57586E+00 
2.75188E+00 5.82223E-01 2.52718E+00 5.07011E-01 3.60164E+03 3.52479E+00 6.96516E-01 1.83005E+03 2.75210E+00 5.82267E-01 5.15313E+00 
3.25284E+00 7.51461E-01 3.01535E+00 7.21496E-01 3.66526E+03 4.21244E+00 1.01746E+00 1.86307E+03 3.25324E+00 7.51555E-01 7.67116E+00 
3.85074E+00 8.91314E-01 3.59965E+00 8.58983E-01 3.73004E+03 5.03488E+00 1.21131E+00 1.89690E+03 3.85148E+00 8.91490E-01 1.17773E+01 
4.57633E+00 1.04717E+00 4.30962E+00 1.01159E+00 3.79661E+03 6.03287E+00 1.42578E+00 1.93190E+03 4.57779E+00 1.04751E+00 1.87769E+01 
5.44919E+00 1.22009E+00 5.16534E+00 1.18142E+00 3.86458E+03 7.23399E+00 1.66404E+00 1.96792E+03 5.45228E+00 1.22080E+00 3.11313E+01 
6.49164E+00 1.41030E+00 6.18951E+00 1.36873E+00 3.93411E+03 8.66930E+00 1.92628E+00 2.00507E+03 6.49868E+00 1.41186E+00 5.36298E+01 
7.73165E+00 1.61800E+00 7.41079E+00 1.57394E+00 4.00514E+03 1.03779E+01 2.21294E+00 2.04337E+03 7.74945E+00 1.62179E+00 9.64218E+01 
9.19709E+00 1.84259E+00 8.85783E+00 1.79661E+00 4.07766E+03 1.23986E+01 2.52322E+00 2.08279E+03 9.24777E+00 1.85289E+00 1.79972E+02 
1.09215E+01 2.08362E+00 1.05649E+01 2.03638E+00 4.15160E+03 1.47784E+01 2.85657E+00 2.12321E+03 1.10840E+01 2.11499E+00 3.44870E+02 
1.29436E+01 2.34023E+00 1.25702E+01 2.29229E+00 4.22714E+03 1.75705E+01 3.21174E+00 2.16447E+03 1.35071E+01 2.44318E+00 6.62002E+02 
1.53043E+01 2.61106E+00 1.49107E+01 2.56224E+00 4.30428E+03 2.08297E+01 3.58650E+00 2.20590E+03 1.71829E+01 2.93442E+00 1.20600E+03 
1.80493E+01 2.89443E+00 1.76183E+01 2.84240E+00 4.38294E+03 2.46125E+01 3.97744E+00 2.24590E+03 2.31388E+01 3.71674E+00 1.93647E+03 
2.12283E+01 3.18831E+00 2.07089E+01 3.12616E+00 4.46315E+03 2.89711E+01 4.37955E+00 2.28178E+03 3.12815E+01 4.70781E+00 2.61427E+03 
2.48970E+01 3.49066E+00 2.41860E+01 3.40564E+00 4.54494E+03 3.39573E+01 4.78712E+00 2.31072E+03 3.99356E+01 5.61054E+00 3.03886E+03 
1.59794E+00 9.32609E-02 1.68184E+00 9.81313E-02 5.01858E+03 2.43897E+00 1.42300E-01 2.54441E+03 1.59795E+00 9.32615E-02 5.75245E-01 
1.62622E+00 1.10018E-01 1.71204E+00 1.15798E-01 5.10594E+03 2.48235E+00 1.67892E-01 2.58852E+03 1.62623E+00 1.10019E-01 6.75734E-01 
1.68954E+00 1.40726E-01 1.77023E+00 1.43334E-01 5.19282E+03 2.56333E+00 2.06198E-01 2.63238E+03 1.68956E+00 1.40727E-01 8.02771E-01 
1.80516E+00 1.87406E-01 1.86739E+00 1.82016E-01 5.27940E+03 2.69538E+00 2.58768E-01 2.67611E+03 1.80518E+00 1.87408E-01 9.65811E-01 
1.96147E+00 2.43882E-01 1.99939E+00 2.29139E-01 5.36763E+03 2.87511E+00 3.22899E-01 2.72070E+03 1.96149E+00 2.43885E-01 1.17813E+00 
2.16544E+00 3.11579E-01 2.17231E+00 2.85945E-01 5.45743E+03 3.11078E+00 4.00285E-01 2.76615E+03 2.16548E+00 3.11583E-01 1.45892E+00 
2.42471E+00 3.91950E-01 2.39273E+00 3.53700E-01 5.54882E+03 3.41136E+00 4.92636E-01 2.81247E+03 2.42475E+00 3.91957E-01 1.83601E+00 
2.66866E+00 4.63771E-01 2.60058E+00 4.14456E-01 5.62081E+03 3.69484E+00 5.75469E-01 2.84902E+03 2.66872E+00 4.63780E-01 2.21987E+00 
2.74787E+00 4.86475E-01 2.66815E+00 4.33698E-01 5.64168E+03 3.78699E+00 6.01703E-01 2.85962E+03 2.74793E+00 4.86485E-01 2.35144E+00 
3.17907E+00 6.05915E-01 3.03647E+00 5.35140E-01 5.74357E+03 4.28930E+00 7.39999E-01 2.91149E+03 3.17917E+00 6.05931E-01 3.13635E+00 
3.70969E+00 7.45254E-01 3.49073E+00 6.53882E-01 5.84717E+03 4.90857E+00 9.01834E-01 2.96438E+03 3.70984E+00 7.45281E-01 4.28538E+00 
4.35535E+00 9.05988E-01 4.04458E+00 7.91177E-01 5.95251E+03 5.66317E+00 1.08880E+00 3.01837E+03 4.35559E+00 9.06035E-01 6.01001E+00 
5.13363E+00 1.08960E+00 4.71370E+00 9.48553E-01 6.05930E+03 6.57415E+00 1.30297E+00 3.07335E+03 5.13404E+00 1.08969E+00 8.66769E+00 
6.06293E+00 1.40451E+00 5.61970E+00 1.34948E+00 6.16626E+03 7.85052E+00 1.90341E+00 3.12873E+03 6.06366E+00 1.40468E+00 1.28939E+01 
7.17109E+00 1.66119E+00 6.70251E+00 1.60076E+00 6.27502E+03 9.37453E+00 2.25728E+00 3.18538E+03 7.17246E+00 1.66152E+00 1.98179E+01 
8.51072E+00 1.94712E+00 8.01346E+00 1.88092E+00 6.38650E+03 1.12172E+01 2.65103E+00 3.24386E+03 8.51343E+00 1.94776E+00 3.15839E+01 
1.01182E+01 2.26330E+00 9.58951E+00 2.19148E+00 6.50046E+03 1.34294E+01 3.08670E+00 3.30411E+03 1.01240E+01 2.26461E+00 5.23141E+01 
1.20349E+01 2.61005E+00 1.14728E+01 2.53304E+00 6.61685E+03 1.60685E+01 3.56486E+00 3.36618E+03 1.20479E+01 2.61294E+00 9.01861E+01 
1.43078E+01 2.98716E+00 1.37116E+01 2.90572E+00 6.73587E+03 1.92005E+01 4.08537E+00 3.43022E+03 1.43407E+01 2.99414E+00 1.62033E+02 
1.69894E+01 3.39383E+00 1.63599E+01 3.30903E+00 6.85736E+03 2.28985E+01 4.64729E+00 3.49612E+03 1.70828E+01 3.41274E+00 3.02397E+02 
2.01388E+01 3.82871E+00 1.94780E+01 3.74180E+00 6.98133E+03 2.72451E+01 5.24884E+00 3.56376E+03 2.04380E+01 3.88629E+00 5.79979E+02 
2.38219E+01 4.28982E+00 2.31311E+01 4.20183E+00 7.10787E+03 3.23311E+01 5.88717E+00 3.63275E+03 2.48585E+01 4.47846E+00 1.11325E+03 
2.81119E+01 4.77462E+00 2.73850E+01 4.68524E+00 7.23695E+03 3.82542E+01 6.55812E+00 3.70194E+03 3.15613E+01 5.36579E+00 2.02760E+03 
3.30894E+01 5.27998E+00 3.22949E+01 5.18495E+00 7.36867E+03 4.51138E+01 7.25540E+00 3.76879E+03 4.24167E+01 6.77975E+00 3.25519E+03 
3.88428E+01 5.80225E+00 3.78878E+01 5.68904E+00 7.50303E+03 5.30020E+01 7.96991E+00 3.82872E+03 5.72359E+01 8.56766E+00 4.39489E+03 
4.54684E+01 6.33736E+00 4.41647E+01 6.18287E+00 7.64004E+03 6.20058E+01 8.69087E+00 3.87696E+03 7.29290E+01 1.01860E+01 5.10796E+03 
1.51390E+00 8.76793E-02 1.59329E+00 9.22504E-02 4.20641E+03 2.31054E+00 1.33769E-01 2.12802E+03 1.51391E+00 8.76799E-02 4.82119E-01 
1.54201E+00 1.04059E-01 1.62332E+00 1.09539E-01 4.27918E+03 2.35370E+00 1.58822E-01 2.16464E+03 1.54202E+00 1.04060E-01 5.66238E-01 
1.60443E+00 1.34071E-01 1.68068E+00 1.36458E-01 4.35213E+03 2.43353E+00 1.96273E-01 2.20137E+03 1.60444E+00 1.34072E-01 6.72849E-01 
1.71686E+00 1.79403E-01 1.77519E+00 1.74049E-01 4.42420E+03 2.56201E+00 2.47372E-01 2.23765E+03 1.71688E+00 1.79405E-01 8.09315E-01 
1.86813E+00 2.34123E-01 1.90299E+00 2.19734E-01 4.49781E+03 2.73604E+00 3.09559E-01 2.27475E+03 1.86816E+00 2.34126E-01 9.87129E-01 
2.06460E+00 2.99532E-01 2.06957E+00 2.74640E-01 4.57313E+03 2.96310E+00 3.84365E-01 2.31275E+03 2.06463E+00 2.99536E-01 1.22236E+00 
2.31309E+00 3.76906E-01 2.28084E+00 3.39883E-01 4.64893E+03 3.25122E+00 4.73299E-01 2.35105E+03 2.31313E+00 3.76913E-01 1.53794E+00 
2.54631E+00 4.45871E-01 2.47956E+00 3.98234E-01 4.70860E+03 3.52225E+00 5.52856E-01 2.38125E+03 2.54637E+00 4.45880E-01 1.85954E+00 
2.62190E+00 4.67633E-01 2.54404E+00 4.16678E-01 4.72673E+03 3.61020E+00 5.78004E-01 2.39044E+03 2.62196E+00 4.67643E-01 1.97001E+00 
3.03246E+00 5.81829E-01 2.89475E+00 5.13676E-01 4.81145E+03 4.08848E+00 7.10243E-01 2.43343E+03 3.03255E+00 5.81845E-01 2.62758E+00 
3.53572E+00 7.14462E-01 3.32558E+00 6.26697E-01 4.89749E+03 4.67582E+00 8.64274E-01 2.47723E+03 3.53587E+00 7.14489E-01 3.58871E+00 
4.14636E+00 8.66949E-01 3.84948E+00 7.57051E-01 4.98519E+03 5.38961E+00 1.04183E+00 2.52204E+03 4.14659E+00 8.66994E-01 5.03278E+00 
4.88028E+00 1.04023E+00 4.48043E+00 9.05493E-01 5.07405E+03 6.24856E+00 1.24379E+00 2.56765E+03 4.88067E+00 1.04030E+00 7.25822E+00 
5.75751E+00 1.33749E+00 5.33581E+00 1.28530E+00 5.16297E+03 7.45365E+00 1.81297E+00 2.61356E+03 5.75820E+00 1.33766E+00 1.07931E+01 
6.80111E+00 1.57720E+00 6.35558E+00 1.51978E+00 5.25347E+03 8.88887E+00 2.14307E+00 2.66057E+03 6.80241E+00 1.57751E+00 1.65918E+01 
8.05839E+00 1.84332E+00 7.58608E+00 1.78059E+00 5.34610E+03 1.06184E+01 2.50960E+00 2.70904E+03 8.06096E+00 1.84392E+00 2.64379E+01 
9.56254E+00 2.13639E+00 9.06097E+00 2.06852E+00 5.44083E+03 1.26885E+01 2.91348E+00 2.75900E+03 9.56795E+00 2.13762E+00 4.37803E+01 
1.13506E+01 2.45637E+00 1.08181E+01 2.38381E+00 5.53762E+03 1.51507E+01 3.35480E+00 2.81049E+03 1.13629E+01 2.45909E+00 7.54816E+01 
1.34646E+01 2.80284E+00 1.29008E+01 2.72632E+00 5.63651E+03 1.80639E+01 3.83310E+00 2.86358E+03 1.34956E+01 2.80939E+00 1.35573E+02 
1.59519E+01 3.17487E+00 1.53576E+01 3.09542E+00 5.73742E+03 2.14943E+01 4.34725E+00 2.91820E+03 1.60395E+01 3.19255E+00 2.52942E+02 
1.88651E+01 3.57090E+00 1.82423E+01 3.48972E+00 5.84053E+03 2.55152E+01 4.89519E+00 2.97434E+03 1.91453E+01 3.62459E+00 4.85181E+02 
2.22626E+01 3.98891E+00 2.16127E+01 3.90696E+00 5.94572E+03 3.02072E+01 5.47398E+00 3.03157E+03 2.32309E+01 4.16428E+00 9.31211E+02 
2.62090E+01 4.42631E+00 2.55266E+01 4.34332E+00 6.05306E+03 3.56564E+01 6.07946E+00 3.08899E+03 2.94245E+01 4.97438E+00 1.69585E+03 
3.07753E+01 4.88007E+00 3.00312E+01 4.79210E+00 6.16258E+03 4.19495E+01 6.70562E+00 3.14443E+03 3.94480E+01 6.26613E+00 2.72211E+03 
3.60396E+01 5.34676E+00 3.51479E+01 5.24230E+00 6.27434E+03 4.91668E+01 7.34400E+00 3.19411E+03 5.31021E+01 7.89506E+00 3.67494E+03 
4.20855E+01 5.82247E+00 4.08728E+01 5.68039E+00 6.38837E+03 5.73817E+01 7.98452E+00 3.23405E+03 6.74983E+01 9.35830E+00 4.27070E+03 
1.42787E+00 8.20088E-02 1.50264E+00 8.62722E-02 3.50777E+03 2.17904E+00 1.25097E-01 1.77040E+03 1.42788E+00 8.20093E-02 4.02120E-01 
1.45594E+00 9.80535E-02 1.53259E+00 1.03195E-01 3.56828E+03 2.22211E+00 1.49616E-01 1.80077E+03 1.45596E+00 9.80542E-02 4.72218E-01 
1.51689E+00 1.27151E-01 1.58863E+00 1.29329E-01 3.62826E+03 2.30013E+00 1.85990E-01 1.83088E+03 1.51691E+00 1.27152E-01 5.60877E-01 
1.62601E+00 1.71045E-01 1.68040E+00 1.65753E-01 3.68823E+03 2.42492E+00 2.35514E-01 1.86099E+03 1.62603E+00 1.71046E-01 6.74666E-01 
1.77172E+00 2.23842E-01 1.80352E+00 2.09852E-01 3.74898E+03 2.59260E+00 2.95552E-01 1.89151E+03 1.77175E+00 2.23844E-01 8.22657E-01 
1.96002E+00 2.86757E-01 1.96319E+00 2.62683E-01 3.81090E+03 2.81026E+00 3.67539E-01 1.92266E+03 1.96005E+00 2.86761E-01 1.01864E+00 
2.19736E+00 3.60958E-01 2.16500E+00 3.25265E-01 3.87395E+03 3.08549E+00 4.52853E-01 1.95443E+03 2.19740E+00 3.60964E-01 1.28185E+00 
2.41910E+00 4.26830E-01 2.35395E+00 3.81009E-01 3.92301E+03 3.34320E+00 5.28858E-01 1.97917E+03 2.41915E+00 4.26839E-01 1.54928E+00 
2.49085E+00 4.47576E-01 2.41516E+00 3.98595E-01 3.93805E+03 3.42669E+00 5.52836E-01 1.98678E+03 2.49090E+00 4.47585E-01 1.64117E+00 
2.87979E+00 5.56210E-01 2.74741E+00 4.90875E-01 4.00803E+03 3.87979E+00 6.78644E-01 2.02219E+03 2.87987E+00 5.56225E-01 2.18878E+00 
3.35497E+00 6.81862E-01 3.15421E+00 5.97956E-01 4.07916E+03 4.43436E+00 8.24580E-01 2.05829E+03 3.35510E+00 6.81887E-01 2.98960E+00 
3.92949E+00 8.25656E-01 3.64713E+00 7.20887E-01 4.15146E+03 5.10593E+00 9.92017E-01 2.09513E+03 3.92971E+00 8.25699E-01 4.19106E+00 
4.61814E+00 9.88539E-01 4.23934E+00 8.60646E-01 4.22502E+03 5.91216E+00 1.18225E+00 2.13278E+03 4.61851E+00 9.88614E-01 6.04476E+00 
5.44194E+00 1.26742E+00 5.04262E+00 1.21809E+00 4.29818E+03 7.04380E+00 1.71821E+00 2.17045E+03 5.44260E+00 1.26758E+00 8.98448E+00 
6.41965E+00 1.49009E+00 5.99807E+00 1.43584E+00 4.37306E+03 8.38846E+00 2.02470E+00 2.20925E+03 6.42088E+00 1.49039E+00 1.38123E+01 
7.59348E+00 1.73631E+00 7.14701E+00 1.67718E+00 4.44949E+03 1.00033E+01 2.36384E+00 2.24914E+03 7.59590E+00 1.73688E+00 2.20043E+01 
8.99324E+00 2.00627E+00 8.51971E+00 1.94246E+00 4.52769E+03 1.19298E+01 2.73591E+00 2.29028E+03 8.99832E+00 2.00743E+00 3.64296E+01 
---
