PdfType: replica
Format: lhagrid1
---
1.00000E-06 1.28121E-06 1.64152E-06 2.10317E-06 2.69463E-06 3.45242E-06 4.42329E-06 5.66715E-06 7.26076E-06 9.30241E-06 1.19180E-05 1.52689E-05 1.95617E-05 2.50609E-05 3.21053E-05 4.11287E-05 5.26863E-05 6.74889E-05 8.64459E-05 1.10720E-04 1.41800E-04 1.81585E-04 2.32503E-04 2.97652E-04 3.80981E-04 4.87518E-04 6.26039E-04 8.00452E-04 1.02297E-03 1.30657E-03 1.66759E-03 2.12729E-03 2.71054E-03 3.44865E-03 4.37927E-03 5.54908E-03 7.01192E-03 8.83064E-03 1.10763E-02 1.38266E-02 1.71641E-02 2.11717E-02 2.59364E-02 3.15062E-02 3.79623E-02 4.53425E-02 5.36750E-02 6.29705E-02 7.32221E-02 8.44039E-02 9.64793E-02 1.09332E-01 1.23067E-01 1.37507E-01 1.52639E-01 1.68416E-01 1.84794E-01 2.01731E-01 2.19016E-01 2.36948E-01 2.55242E-01 2.73927E-01 2.92954E-01 3.12340E-01 3.32036E-01 3.52019E-01 3.72282E-01 3.92772E-01 4.13533E-01 4.34326E-01 4.55495E-01 4.76836E-01 4.98342E-01 5.20006E-01 5.41818E-01 5.63773E-01 5.85861E-01 6.08077E-01 6.30459E-01 6.52800E-01 6.75387E-01 6.98063E-01 7.20830E-01 7.43683E-01 7.66623E-01 7.89636E-01 8.12791E-01 8.35940E-01 8.59175E-01 8.82485E-01 9.05866E-01 9.29311E-01 9.52817E-01 9.76387E-01 1.00000E+00 
1.14018E+00 1.22539E+00 1.32482E+00 1.44156E+00 1.57954E+00 1.74381E+00 1.94091E+00 2.12132E+00 2.17945E+00 2.49622E+00 2.89383E+00 3.39925E+00 4.05063E+00 4.90286E+00 6.03623E+00 7.57063E+00 9.68869E+00 1.26749E+01 1.69835E+01 2.33578E+01 3.30501E+01 4.82334E+01 7.28041E+01 1.13998E+02 1.85779E+02 3.16228E+02 
900 901 902 903 904 905 906 907 908 909 910 
8.10663E-01 4.72146E-02 8.53404E-01 4.96934E-02 1.94107E+03 1.23765E+00 7.20644E-02 9.06934E+02 8.10669E-01 4.72149E-02 2.22592E-01 
8.25989E-01 5.61469E-02 8.69703E-01 5.90748E-02 1.98174E+03 1.26106E+00 8.56433E-02 9.26073E+02 8.25995E-01 5.61473E-02 2.62403E-01 
8.59371E-01 7.22441E-02 9.00438E-01 7.35401E-02 2.02285E+03 1.30386E+00 1.05779E-01 9.45432E+02 8.59379E-01 7.22447E-02 3.12748E-01 
9.20716E-01 9.68707E-02 9.52084E-01 9.39771E-02 2.06443E+03 1.37411E+00 1.33567E-01 9.65018E+02 9.20726E-01 9.68716E-02 3.77844E-01 
1.00351E+00 1.26696E-01 1.02207E+00 1.18878E-01 2.10726E+03 1.46944E+00 1.67463E-01 9.85217E+02 1.00353E+00 1.26698E-01 4.62485E-01 
1.11203E+00 1.62590E-01 1.11414E+00 1.49020E-01 2.15087E+03 1.59498E+00 2.08534E-01 1.00581E+03 1.11205E+00 1.62593E-01 5.75461E-01 
1.25012E+00 2.05253E-01 1.23162E+00 1.85008E-01 2.19592E+03 1.75524E+00 2.57598E-01 1.02712E+03 1.25014E+00 2.05256E-01 7.26935E-01 
1.38004E+00 2.43422E-01 1.34238E+00 2.17314E-01 2.23171E+03 1.90634E+00 3.01651E-01 1.04408E+03 1.38007E+00 2.43427E-01 8.81198E-01 
1.42238E+00 2.55527E-01 1.37851E+00 2.27580E-01 2.24169E+03 1.95564E+00 3.15651E-01 1.04881E+03 1.42241E+00 2.55532E-01 9.34322E-01 
1.65299E+00 3.19279E-01 1.57558E+00 2.81745E-01 2.29296E+03 2.22445E+00 3.89507E-01 1.07316E+03 1.65304E+00 3.19288E-01 1.25220E+00 
1.93785E+00 3.93991E-01 1.81954E+00 3.45466E-01 2.34540E+03 2.55713E+00 4.76378E-01 1.09815E+03 1.93792E+00 3.94006E-01 1.72142E+00 
2.28442E+00 4.80041E-01 2.11677E+00 4.18777E-01 2.39891E+03 2.96212E+00 5.76139E-01 1.12374E+03 2.28454E+00 4.80066E-01 2.42461E+00 
2.70292E+00 5.79115E-01 2.47686E+00 5.04018E-01 2.45383E+03 3.45254E+00 6.92288E-01 1.15012E+03 2.70313E+00 5.79158E-01 3.51086E+00 
3.20267E+00 7.48065E-01 2.96393E+00 7.18092E-01 2.50957E+03 4.13873E+00 1.01261E+00 1.17706E+03 3.20305E+00 7.48159E-01 5.25246E+00 
3.79891E+00 8.87698E-01 3.54660E+00 8.55367E-01 2.56687E+03 4.95893E+00 1.20616E+00 1.20491E+03 3.79963E+00 8.87873E-01 8.10523E+00 
4.52233E+00 1.04327E+00 4.25445E+00 1.00770E+00 2.62618E+03 5.95399E+00 1.42026E+00 1.23392E+03 4.52377E+00 1.04361E+00 1.29880E+01 
5.39247E+00 1.21584E+00 5.10748E+00 1.17719E+00 2.68720E+03 7.15141E+00 1.65805E+00 1.26400E+03 5.39553E+00 1.21655E+00 2.16462E+01 
6.43154E+00 1.40563E+00 6.12832E+00 1.36409E+00 2.75009E+03 8.58210E+00 1.91972E+00 1.29523E+03 6.43852E+00 1.40718E+00 3.74869E+01 
7.66743E+00 1.61283E+00 7.34550E+00 1.56881E+00 2.81485E+03 1.02850E+01 2.20569E+00 1.32767E+03 7.68507E+00 1.61660E+00 6.77548E+01 
9.12786E+00 1.83683E+00 8.78758E+00 1.79090E+00 2.88145E+03 1.22989E+01 2.51518E+00 1.36128E+03 9.17813E+00 1.84709E+00 1.27149E+02 
1.08463E+01 2.07720E+00 1.04886E+01 2.03002E+00 2.94991E+03 1.46704E+01 2.84762E+00 1.39604E+03 1.10076E+01 2.10847E+00 2.44950E+02 
1.28612E+01 2.33307E+00 1.24868E+01 2.28520E+00 3.02037E+03 1.74527E+01 3.20178E+00 1.43182E+03 1.34210E+01 2.43570E+00 4.72630E+02 
1.52135E+01 2.60309E+00 1.48190E+01 2.55436E+00 3.09284E+03 2.07003E+01 3.57543E+00 1.46816E+03 1.70805E+01 2.92545E+00 8.65280E+02 
1.79486E+01 2.88558E+00 1.75169E+01 2.83365E+00 3.16729E+03 2.44696E+01 3.96518E+00 1.50393E+03 2.30086E+01 3.70536E+00 1.39614E+03 
2.11161E+01 3.17854E+00 2.05964E+01 3.11653E+00 3.24377E+03 2.88125E+01 4.36603E+00 1.53714E+03 3.11143E+01 4.69335E+00 1.89449E+03 
2.47715E+01 3.47993E+00 2.40610E+01 3.39511E+00 3.32233E+03 3.37807E+01 4.77230E+00 1.56569E+03 3.97319E+01 5.59324E+00 2.21458E+03 
1.51057E+00 8.74158E-02 1.59017E+00 9.20064E-02 3.31746E+03 2.30613E+00 1.33426E-01 1.54822E+03 1.51058E+00 8.74163E-02 3.80258E-01 
1.53984E+00 1.04328E-01 1.62140E+00 1.09834E-01 3.38749E+03 2.35103E+00 1.59253E-01 1.58114E+03 1.53986E+00 1.04329E-01 4.48310E-01 
1.60417E+00 1.35147E-01 1.68059E+00 1.37507E-01 3.45802E+03 2.43346E+00 1.97767E-01 1.61430E+03 1.60418E+00 1.35148E-01 5.34583E-01 
1.72055E+00 1.81877E-01 1.77856E+00 1.76291E-01 3.52923E+03 2.56672E+00 2.50503E-01 1.64781E+03 1.72057E+00 1.81878E-01 6.45637E-01 
1.87745E+00 2.38420E-01 1.91123E+00 2.23527E-01 3.60234E+03 2.74748E+00 3.14816E-01 1.68225E+03 1.87748E+00 2.38422E-01 7.90667E-01 
2.08183E+00 3.06192E-01 2.08466E+00 2.80453E-01 3.67730E+03 2.98396E+00 3.92390E-01 1.71760E+03 2.08187E+00 3.06196E-01 9.83034E-01 
2.34128E+00 3.86638E-01 2.30539E+00 3.48323E-01 3.75415E+03 3.28507E+00 4.84924E-01 1.75390E+03 2.34132E+00 3.86645E-01 1.24218E+00 
2.58519E+00 4.58508E-01 2.51333E+00 4.09161E-01 3.81503E+03 3.56877E+00 5.67886E-01 1.78270E+03 2.58524E+00 4.58517E-01 1.50669E+00 
2.66435E+00 4.81225E-01 2.58089E+00 4.28425E-01 3.83285E+03 3.66094E+00 5.94155E-01 1.79114E+03 2.66441E+00 4.81235E-01 1.59752E+00 
3.09513E+00 6.00704E-01 2.94902E+00 5.29951E-01 3.91985E+03 4.16310E+00 7.32592E-01 1.83242E+03 3.09522E+00 6.00721E-01 2.14048E+00 
3.62492E+00 7.40039E-01 3.40273E+00 6.48737E-01 4.00903E+03 4.78176E+00 8.94511E-01 1.87486E+03 3.62507E+00 7.40066E-01 2.93820E+00 
4.26929E+00 9.00709E-01 3.95563E+00 7.86022E-01 4.10045E+03 5.53521E+00 1.08149E+00 1.91853E+03 4.26953E+00 9.00756E-01 4.14007E+00 
5.04577E+00 1.08419E+00 4.62336E+00 9.43320E-01 4.19397E+03 6.44443E+00 1.29558E+00 1.96340E+03 5.04617E+00 1.08427E+00 5.99932E+00 
5.97294E+00 1.39858E+00 5.52743E+00 1.34352E+00 4.28898E+03 7.71823E+00 1.89492E+00 2.00926E+03 5.97366E+00 1.39875E+00 8.96838E+00 
7.07815E+00 1.65485E+00 6.60735E+00 1.59442E+00 4.38657E+03 9.23826E+00 2.24825E+00 2.05666E+03 7.07950E+00 1.65518E+00 1.38536E+01 
8.41393E+00 1.94025E+00 7.91451E+00 1.87407E+00 4.48730E+03 1.10758E+01 2.64129E+00 2.10590E+03 8.41661E+00 1.94089E+00 2.21910E+01 
1.00166E+01 2.25577E+00 9.48577E+00 2.18400E+00 4.59107E+03 1.32813E+01 3.07609E+00 2.15700E+03 1.00222E+01 2.25708E+00 3.69465E+01 
1.19271E+01 2.60173E+00 1.13630E+01 2.52479E+00 4.69789E+03 1.59121E+01 3.55317E+00 2.21003E+03 1.19401E+01 2.60461E+00 6.40266E+01 
1.41927E+01 2.97791E+00 1.35945E+01 2.89655E+00 4.80790E+03 1.90339E+01 4.07242E+00 2.26510E+03 1.42253E+01 2.98487E+00 1.15641E+02 
1.68653E+01 3.38349E+00 1.62339E+01 3.29880E+00 4.92107E+03 2.27196E+01 4.63286E+00 2.32220E+03 1.69579E+01 3.40235E+00 2.16961E+02 
2.00039E+01 3.81716E+00 1.93412E+01 3.73037E+00 5.03743E+03 2.70514E+01 5.23275E+00 2.38126E+03 2.03010E+01 3.87456E+00 4.18307E+02 
2.36741E+01 4.27691E+00 2.29815E+01 4.18906E+00 5.15708E+03 3.21197E+01 5.86922E+00 2.44202E+03 2.47040E+01 4.46497E+00 8.07049E+02 
2.79489E+01 4.76023E+00 2.72204E+01 4.67101E+00 5.28006E+03 3.80220E+01 6.53814E+00 2.50369E+03 3.13775E+01 5.34961E+00 1.47715E+03 
3.29087E+01 5.26401E+00 3.21129E+01 5.16916E+00 5.40646E+03 4.48572E+01 7.23325E+00 2.56440E+03 4.21830E+01 6.75920E+00 2.38293E+03 
3.86414E+01 5.78460E+00 3.76858E+01 5.67164E+00 5.53632E+03 5.27172E+01 7.94549E+00 2.62076E+03 5.69357E+01 8.54154E+00 3.23356E+03 
4.52430E+01 6.31797E+00 4.39403E+01 6.16386E+00 5.66970E+03 6.16887E+01 8.66411E+00 2.66915E+03 7.25632E+01 1.01547E+01 3.77916E+03 
1.43374E+00 8.23278E-02 1.50924E+00 8.66464E-02 2.83700E+03 2.18874E+00 1.25652E-01 1.32203E+03 1.43375E+00 8.23283E-02 3.25166E-01 
1.46282E+00 9.88751E-02 1.54026E+00 1.04109E-01 2.89648E+03 2.23337E+00 1.50957E-01 1.34994E+03 1.46283E+00 9.88759E-02 3.83272E-01 
1.52623E+00 1.29025E-01 1.59859E+00 1.31185E-01 2.95666E+03 2.31461E+00 1.88643E-01 1.37819E+03 1.52624E+00 1.29026E-01 4.57105E-01 
1.63941E+00 1.74440E-01 1.69390E+00 1.68901E-01 3.01707E+03 2.44428E+00 2.39937E-01 1.40656E+03 1.63943E+00 1.74442E-01 5.51905E-01 
1.79128E+00 2.29257E-01 1.82236E+00 2.14720E-01 3.07914E+03 2.61932E+00 3.02331E-01 1.43575E+03 1.79130E+00 2.29259E-01 6.75772E-01 
1.98815E+00 2.94765E-01 1.98943E+00 2.69761E-01 3.14298E+03 2.84716E+00 3.77345E-01 1.46580E+03 1.98818E+00 2.94769E-01 8.40106E-01 
2.23682E+00 3.72236E-01 2.20101E+00 3.35133E-01 3.20797E+03 3.13580E+00 4.66479E-01 1.49644E+03 2.23687E+00 3.72242E-01 1.06125E+00 
2.47002E+00 4.41263E-01 2.39983E+00 3.93573E-01 3.25942E+03 3.40705E+00 5.46174E-01 1.52074E+03 2.47007E+00 4.41272E-01 1.28722E+00 
2.54557E+00 4.63041E-01 2.46431E+00 4.12041E-01 3.27493E+03 3.49502E+00 5.71358E-01 1.52808E+03 2.54562E+00 4.63050E-01 1.36492E+00 
2.95573E+00 5.77289E-01 2.81484E+00 5.09130E-01 3.34858E+03 3.97317E+00 7.03745E-01 1.56297E+03 2.95582E+00 5.77305E-01 1.82869E+00 
3.45823E+00 7.09929E-01 3.24516E+00 6.22200E-01 3.42401E+03 4.55994E+00 8.57864E-01 1.59881E+03 3.45836E+00 7.09955E-01 2.50901E+00 
4.06766E+00 8.62358E-01 3.76817E+00 7.52546E-01 3.50144E+03 5.27265E+00 1.03543E+00 1.63574E+03 4.06788E+00 8.62403E-01 3.53484E+00 
4.79987E+00 1.03550E+00 4.39780E+00 9.00913E-01 3.58059E+03 6.12993E+00 1.23731E+00 1.67366E+03 4.80025E+00 1.03558E+00 5.12184E+00 
5.67508E+00 1.33230E+00 5.25135E+00 1.28009E+00 3.66096E+03 7.33257E+00 1.80553E+00 1.71241E+03 5.67576E+00 1.33247E+00 7.65311E+00 
6.71589E+00 1.57163E+00 6.26839E+00 1.51419E+00 3.74354E+03 8.76403E+00 2.13511E+00 1.75248E+03 6.71717E+00 1.57194E+00 1.18228E+01 
7.96954E+00 1.83723E+00 7.49531E+00 1.77452E+00 3.82870E+03 1.04887E+01 2.50097E+00 1.79408E+03 7.97208E+00 1.83784E+00 1.89336E+01 
9.46908E+00 2.12968E+00 8.96566E+00 2.06184E+00 3.91644E+03 1.25525E+01 2.90401E+00 1.83726E+03 9.47443E+00 2.13091E+00 3.15127E+01 
1.12514E+01 2.44890E+00 1.07171E+01 2.37639E+00 4.00678E+03 1.50068E+01 3.34431E+00 1.88209E+03 1.12636E+01 2.45161E+00 5.46114E+01 
1.33584E+01 2.79448E+00 1.27929E+01 2.71804E+00 4.09976E+03 1.79105E+01 3.82140E+00 1.92863E+03 1.33891E+01 2.80101E+00 9.85992E+01 
1.58372E+01 3.16549E+00 1.52412E+01 3.08614E+00 4.19540E+03 2.13292E+01 4.33417E+00 1.97687E+03 1.59241E+01 3.18312E+00 1.84919E+02 
1.87403E+01 3.56039E+00 1.81159E+01 3.47932E+00 4.29381E+03 2.53362E+01 4.88054E+00 2.02683E+03 1.90185E+01 3.61391E+00 3.56539E+02 
2.21257E+01 3.97713E+00 2.14744E+01 3.89530E+00 4.39497E+03 3.00116E+01 5.45760E+00 2.07821E+03 2.30879E+01 4.15198E+00 6.87771E+02 
2.60580E+01 4.41316E+00 2.53742E+01 4.33031E+00 4.49896E+03 3.54414E+01 6.06120E+00 2.13036E+03 2.92542E+01 4.95959E+00 1.25861E+03 
3.06077E+01 4.86546E+00 2.98625E+01 4.77765E+00 4.60582E+03 4.17117E+01 6.68536E+00 2.18170E+03 3.92313E+01 6.24734E+00 2.02991E+03 
3.58527E+01 5.33062E+00 3.49606E+01 5.22638E+00 4.71565E+03 4.89028E+01 7.32166E+00 2.22933E+03 5.28236E+01 7.87117E+00 2.75418E+03 
4.18764E+01 5.80475E+00 4.06647E+01 5.66302E+00 4.82849E+03 5.70877E+01 7.96007E+00 2.27021E+03 6.71590E+01 9.32975E+00 3.21830E+03 
1.35500E+00 7.71414E-02 1.42626E+00 8.11788E-02 2.41390E+03 2.06839E+00 1.17720E-01 1.12304E+03 1.35500E+00 7.71419E-02 2.76719E-01 
1.38400E+00 9.33635E-02 1.45718E+00 9.82855E-02 2.46411E+03 2.11287E+00 1.42506E-01 1.14655E+03 1.38401E+00 9.33642E-02 3.26094E-01 
1.44593E+00 1.22625E-01 1.51417E+00 1.24596E-01 2.51454E+03 2.19227E+00 1.79140E-01 1.17018E+03 1.44594E+00 1.22626E-01 3.88713E-01 
1.55579E+00 1.66630E-01 1.60671E+00 1.61164E-01 2.56555E+03 2.31821E+00 2.28883E-01 1.19409E+03 1.55581E+00 1.66632E-01 4.69303E-01 
1.70210E+00 2.19547E-01 1.73048E+00 2.05413E-01 2.61767E+03 2.48687E+00 2.89148E-01 1.21855E+03 1.70212E+00 2.19550E-01 5.74421E-01 
1.89081E+00 2.82584E-01 1.89064E+00 2.58392E-01 2.67119E+03 2.70531E+00 3.61358E-01 1.24370E+03 1.89084E+00 2.82587E-01 7.13999E-01 
2.12836E+00 3.56895E-01 2.09278E+00 3.21112E-01 2.72604E+03 2.98107E+00 4.46881E-01 1.26952E+03 2.12839E+00 3.56901E-01 9.02010E-01 
2.35010E+00 4.22840E-01 2.28184E+00 3.76950E-01 2.76913E+03 3.23901E+00 5.23030E-01 1.28984E+03 2.35015E+00 4.22848E-01 1.09359E+00 
2.42182E+00 4.43603E-01 2.34305E+00 3.94560E-01 2.78219E+03 3.32253E+00 5.47045E-01 1.29601E+03 2.42188E+00 4.43613E-01 1.15947E+00 
2.81044E+00 5.52299E-01 2.67517E+00 4.86934E-01 2.84408E+03 3.77556E+00 6.73003E-01 1.32528E+03 2.81052E+00 5.52314E-01 1.55315E+00 
3.28494E+00 6.77963E-01 3.08154E+00 5.94065E-01 2.90749E+03 4.32965E+00 8.19026E-01 1.35536E+03 3.28507E+00 6.77988E-01 2.13085E+00 
3.85838E+00 8.21704E-01 3.57367E+00 7.16987E-01 2.97245E+03 5.00026E+00 9.86471E-01 1.38631E+03 3.85859E+00 8.21747E-01 3.00077E+00 
4.54550E+00 9.84459E-01 4.16469E+00 8.56670E-01 3.03904E+03 5.80498E+00 1.17662E+00 1.41817E+03 4.54586E+00 9.84533E-01 4.34795E+00 
5.36746E+00 1.26292E+00 4.96631E+00 1.21356E+00 3.10639E+03 6.93442E+00 1.71175E+00 1.45062E+03 5.36811E+00 1.26308E+00 6.49323E+00 
6.34263E+00 1.48522E+00 5.91927E+00 1.43095E+00 3.17584E+03 8.27564E+00 2.01773E+00 1.48429E+03 6.34384E+00 1.48551E+00 1.00307E+01 
7.51314E+00 1.73095E+00 7.06494E+00 1.67183E+00 3.24734E+03 9.88599E+00 2.35623E+00 1.51919E+03 7.51553E+00 1.73152E+00 1.60588E+01 
8.90868E+00 2.00031E+00 8.43349E+00 1.93653E+00 3.32102E+03 1.18068E+01 2.72749E+00 1.55544E+03 8.91371E+00 2.00146E+00 2.67198E+01 
---
